0.00268300000  0.0000000000000000  0.0000000000000000  0.0000000000000000
2.04344457143  0.0000000001669412  0.0000000000362856  0.0000000022780057
4.08420614286  0.0000000001502782  0.0000000000156265  0.0000000031082223
6.12496771429  0.0000000000488265  0.0000000000000000  0.0000000013359357
8.16572928571  0.0000000000242756  0.0000000000000000  0.0000000008704431
10.20649085714  0.0000000000136589  0.0000000000000000  0.0000000006481988
12.24725242857  0.0000000000068986  0.0000000000000000  0.0000000005169729
14.28801400000  0.0000000000000000  0.0000000000000000  0.0000000004301046
16.32877557143  0.0000000000000000  0.0000000000000000  0.0000000003682766
18.36953714286  0.0000000000000000  0.0000000000000000  0.0000000003219962
20.41029871429  0.0000000000000000  0.0000000000000000  0.0000000002860410
22.45106028571  0.0000000000000000  0.0000000000000000  0.0000000002572966
24.49182185714  0.0000000000000000  0.0000000000000000  0.0000000002337878
26.53258342857  0.0000000000000000  0.0000000000000000  0.0000000002142026
28.57334500000  0.0000000000000000  0.0000000000000000  0.0000000001976342
30.61410657143  0.0000000000000000  0.0000000000000000  0.0000000001834356
32.65486814286  0.0000000000000000  0.0000000000000000  0.0000000001711289
34.69562971429  0.0000000000000000  0.0000000000000000  0.0000000001603607
36.73639128571  0.0000000000000000  0.0000000000000000  0.0000000001508598
38.77715285714  0.0000000000000000  0.0000000000000000  0.0000000001424148
40.81791442857  0.0000000000000000  0.0000000000000000  0.0000000001348589
42.85867600000  0.0000000000000000  0.0000000000000000  0.0000000001280587
44.89943757143  0.0000000000000000  0.0000000000000000  0.0000000001219063
46.94019914286  0.0000000000000000  0.0000000000000000  0.0000000001163138
48.98096071429  0.0000000000000000  0.0000000000000000  0.0000000001112071
51.02172228571  0.0000000000000000  0.0000000000000000  0.0000000001065260
53.06248385714  0.0000000000000000  0.0000000000000000  0.0000000001022195
55.10324542857  0.0000000000000000  0.0000000000000000  0.0000000000982444
57.14400700000  0.0000000000000000  0.0000000000000000  0.0000000000945638
59.18476857143  0.0000000000000000  0.0000000000000000  0.0000000000911461
61.22553014286  0.0000000000000000  0.0000000000000000  0.0000000000869956
63.26629171429  0.0000000000000000  0.0000000000000000  0.0000000000840598
65.30705328571  0.0000000000000000  0.0000000000000000  0.0000000000813118
67.34781485714  0.0000000000000000  0.0000000000000000  0.0000000000787357
69.38857642857  0.0000000000000000  0.0000000000000000  0.0000000000763157
71.42933800000  0.0000000000000000  0.0000000000000000  0.0000000000740383
73.47009957143  0.0000000000000000  0.0000000000000000  0.0000000000718911
75.51086114286  0.0000000000000000  0.0000000000000000  0.0000000000698633
77.55162271429  0.0000000000000000  0.0000000000000000  0.0000000000679452
79.59238428571  0.0000000000000000  0.0000000000000000  0.0000000000661282
81.63314585714  0.0000000000000000  0.0000000000000000  0.0000000000644045
83.67390742857  0.0000000000000000  0.0000000000000000  0.0000000000627671
85.71466900000  0.0000000000000000  0.0000000000000000  0.0000000000612098
87.75543057143  0.0000000000000000  0.0000000000000000  0.0000000000597265
89.79619214286  0.0000000000000000  0.0000000000000000  0.0000000000583124
91.83695371429  0.0000000000000000  0.0000000000000000  0.0000000000569626
93.87771528571  0.0000000000000000  0.0000000000000000  0.0000000000556728
95.91847685714  0.0000000000000000  0.0000000000000000  0.0000000000544393
97.95923842857  0.0000000000000000  0.0000000000000000  0.0000000000532582
100.00000000000  0.0000000000000000  0.0000000000000000  0.0000000000511430
