0.00100000000  0.0000000000000000  0.0000000000000000  0.0000000000000000
2.04179591837  0.0000987211290039  0.0000220104309816  0.0000000000819609
4.08259183673  0.0002171411903996  0.0000262804843731  0.0000000282522729
6.12338775510  0.0001070901182928  0.0000098628739650  0.0000000227414216
8.16418367347  0.0000780158435473  0.0000061821655648  0.0000000227549965
10.20497959184  0.0000622744201731  0.0000043896368815  0.0000000225822197
12.24577551020  0.0000522651215285  0.0000033779224393  0.0000000225034168
14.28657142857  0.0000453577282771  0.0000027578093970  0.0000000227774960
16.32736734694  0.0000401911162259  0.0000023351771062  0.0000000228846317
18.36816326531  0.0000360818769153  0.0000020045483393  0.0000000227550343
20.40895918367  0.0000327504809388  0.0000017470742532  0.0000000225240947
22.44975510204  0.0000300232918069  0.0000015484816646  0.0000000223819870
24.49055102041  0.0000277330648973  0.0000013884906127  0.0000000222387917
26.53134693878  0.0000257623534346  0.0000012515227568  0.0000000219838803
28.57214285714  0.0000240480223363  0.0000011334528021  0.0000000216160882
30.61293877551  0.0000225576716892  0.0000010387801131  0.0000000214120447
32.65373469388  0.0000212691800907  0.0000009716077499  0.0000000212836104
34.69453061224  0.0000201512363582  0.0000009131831615  0.0000000212239764
36.73532653061  0.0000191630055226  0.0000008588402220  0.0000000212578145
38.77612244898  0.0000182707696860  0.0000008041656927  0.0000000212878341
40.81691836735  0.0000174468819537  0.0000007546404416  0.0000000212050426
42.85771428571  0.0000166770545764  0.0000007138944209  0.0000000209638971
44.89851020408  0.0000159593539610  0.0000006700115643  0.0000000206057750
46.93930612245  0.0000152933226053  0.0000006253081092  0.0000000201857090
48.98010204082  0.0000146791252949  0.0000005818206810  0.0000000197631207
51.02089795918  0.0000141172139726  0.0000005464310549  0.0000000193977732
53.06169387755  0.0000136051042144  0.0000005193568640  0.0000000191196684
55.10248979592  0.0000131369175563  0.0000004949399560  0.0000000189217606
57.14328571429  0.0000127073953290  0.0000004728328024  0.0000000187959822
59.18408163265  0.0000123120256632  0.0000004524463020  0.0000000187353243
61.22487755102  0.0000119468936111  0.0000004379211596  0.0000000187334556
63.26567346939  0.0000116086047345  0.0000004275399352  0.0000000187844291
65.30646938776  0.0000112941932385  0.0000004180339999  0.0000000188825011
67.34726530612  0.0000110010632491  0.0000004093018452  0.0000000190222035
69.38806122449  0.0000107269017414  0.0000004011443611  0.0000000191977225
71.42885714286  0.0000104696180544  0.0000003933619956  0.0000000194025090
73.46965306122  0.0000102272943269  0.0000003857512763  0.0000000196289855
75.51044897959  0.0000099981522053  0.0000003781025690  0.0000000198682604
77.55124489796  0.0000097805159276  0.0000003701994473  0.0000000201098713
79.59204081633  0.0000095727859370  0.0000003618201771  0.0000000203415943
81.63283673469  0.0000093734062710  0.0000003569126013  0.0000000205493447
83.67363265306  0.0000091808875940  0.0000003522080563  0.0000000207173392
85.71442857143  0.0000089937786217  0.0000003464331015  0.0000000208283947
87.75522448980  0.0000088106809602  0.0000003393591297  0.0000000208645862
89.79602040816  0.0000086302773673  0.0000003307879570  0.0000000208082433
91.83681632653  0.0000084513692181  0.0000003205716219  0.0000000206432565
93.87761224490  0.0000082729225621  0.0000003086325221  0.0000000203565959
95.91840816327  0.0000080941159826  0.0000002949805378  0.0000000199398527
97.95920408163  0.0000079143810511  0.0000002797233605  0.0000000193905453
100.00000000000  0.0000077334255994  0.0000002630667738  0.0000000187129146
