0.01930700000  0.0000000000000000  0.0000000000000000  0.0000000000000000
2.05972930612  0.0000000148598710  0.0000000033006133  0.0000002188673432
4.10015161224  0.0000000151177989  0.0000000018249599  0.0000003334106152
6.14057391837  0.0000000068326790  0.0000000006297507  0.0000001901277043
8.18099622449  0.0000000039923068  0.0000000003138714  0.0000001336011247
10.22141853061  0.0000000026614167  0.0000000001871633  0.0000001032710295
12.26184083673  0.0000000019182674  0.0000000001242185  0.0000000842459556
14.30226314286  0.0000000014653835  0.0000000000883274  0.0000000711629921
16.34268544898  0.0000000011399263  0.0000000000644063  0.0000000616065411
18.38310775510  0.0000000009232925  0.0000000000498933  0.0000000543105283
20.42353006122  0.0000000007622245  0.0000000000397877  0.0000000485573880
22.46395236735  0.0000000006381109  0.0000000000324615  0.0000000439035946
24.50437467347  0.0000000005516231  0.0000000000250690  0.0000000400591538
26.54479697959  0.0000000004828134  0.0000000000211553  0.0000000368308088
28.58521928571  0.0000000004234682  0.0000000000180909  0.0000000340819251
30.62564159184  0.0000000003721165  0.0000000000138750  0.0000000317129828
32.66606389796  0.0000000003292884  0.0000000000122697  0.0000000296499603
34.70648620408  0.0000000002951794  0.0000000000089767  0.0000000278368587
36.74690851020  0.0000000002683150  0.0000000000069632  0.0000000262307713
38.78733081633  0.0000000002456412  0.0000000000042557  0.0000000247983956
40.82775312245  0.0000000002251062  0.0000000000000000  0.0000000235132097
42.86817542857  0.0000000002055527  0.0000000000000000  0.0000000223537916
44.90859773469  0.0000000001873750  0.0000000000000000  0.0000000213024896
46.94902004082  0.0000000001725592  0.0000000000000000  0.0000000203445187
48.98944234694  0.0000000001620137  0.0000000000000000  0.0000000194677336
51.02986465306  0.0000000001535908  0.0000000000000000  0.0000000186624520
53.07028695918  0.0000000001448925  0.0000000000000000  0.0000000179206087
55.11070926531  0.0000000001351593  0.0000000000000000  0.0000000172351466
57.15113157143  0.0000000001252928  0.0000000000000000  0.0000000165997803
59.19155387755  0.0000000001161526  0.0000000000000000  0.0000000160090926
61.23197618367  0.0000000001082314  0.0000000000000000  0.0000000154584424
63.27239848980  0.0000000001017054  0.0000000000000000  0.0000000149438391
65.31282079592  0.0000000000967149  0.0000000000000000  0.0000000144618012
67.35324310204  0.0000000000930799  0.0000000000000000  0.0000000140093262
69.39366540816  0.0000000000900296  0.0000000000000000  0.0000000135838711
71.43408771429  0.0000000000858298  0.0000000000000000  0.0000000131832008
73.47451002041  0.0000000000818549  0.0000000000000000  0.0000000128053252
75.51493232653  0.0000000000771272  0.0000000000000000  0.0000000124483735
77.55535463265  0.0000000000721362  0.0000000000000000  0.0000000121105984
79.59577693878  0.0000000000673322  0.0000000000000000  0.0000000117904322
81.63619924490  0.0000000000631068  0.0000000000000000  0.0000000114864682
83.67662155102  0.0000000000595720  0.0000000000000000  0.0000000111974788
85.71704385714  0.0000000000566178  0.0000000000000000  0.0000000109223904
87.75746616327  0.0000000000541371  0.0000000000000000  0.0000000106602318
89.79788846939  0.0000000000510645  0.0000000000000000  0.0000000104101210
91.83831077551  0.0000000000492806  0.0000000000000000  0.0000000101712553
93.87873308163  0.0000000000477006  0.0000000000000000  0.0000000099429029
95.91915538776  0.0000000000462524  0.0000000000000000  0.0000000097243946
97.95957769388  0.0000000000448702  0.0000000000000000  0.0000000095151179
100.00000000000  0.0000000000434933  0.0000000000000000  0.0000000093145108
