0.00471500000  0.0000000000000000  0.0000000000000000  0.0000000000000000
2.04543510204  0.0000000001498210  0.0000000000316784  0.0000000020772404
4.08615520408  0.0000000001372454  0.0000000000134230  0.0000000028794689
6.12687530612  0.0000000000471030  0.0000000000000000  0.0000000012979597
8.16759540816  0.0000000000238665  0.0000000000000000  0.0000000008553957
10.20831551020  0.0000000000133865  0.0000000000000000  0.0000000006403126
12.24903561224  0.0000000000068247  0.0000000000000000  0.0000000005121924
14.28975571429  0.0000000000000000  0.0000000000000000  0.0000000004269339
16.33047581633  0.0000000000000000  0.0000000000000000  0.0000000003660397
18.37119591837  0.0000000000000000  0.0000000000000000  0.0000000003203454
20.41191602041  0.0000000000000000  0.0000000000000000  0.0000000002847812
22.45263612245  0.0000000000000000  0.0000000000000000  0.0000000002563088
24.49335622449  0.0000000000000000  0.0000000000000000  0.0000000002329962
26.53407632653  0.0000000000000000  0.0000000000000000  0.0000000002135567
28.57479642857  0.0000000000000000  0.0000000000000000  0.0000000001970988
30.61551653061  0.0000000000000000  0.0000000000000000  0.0000000001829861
32.65623663265  0.0000000000000000  0.0000000000000000  0.0000000001707478
34.69695673469  0.0000000000000000  0.0000000000000000  0.0000000001600348
36.73767683673  0.0000000000000000  0.0000000000000000  0.0000000001505786
38.77839693878  0.0000000000000000  0.0000000000000000  0.0000000001421704
40.81911704082  0.0000000000000000  0.0000000000000000  0.0000000001346449
42.85983714286  0.0000000000000000  0.0000000000000000  0.0000000001278702
44.90055724490  0.0000000000000000  0.0000000000000000  0.0000000001217391
46.94127734694  0.0000000000000000  0.0000000000000000  0.0000000001161647
48.98199744898  0.0000000000000000  0.0000000000000000  0.0000000001110736
51.02271755102  0.0000000000000000  0.0000000000000000  0.0000000001064059
53.06343765306  0.0000000000000000  0.0000000000000000  0.0000000001021110
55.10415775510  0.0000000000000000  0.0000000000000000  0.0000000000981460
57.14487785714  0.0000000000000000  0.0000000000000000  0.0000000000944743
59.18559795918  0.0000000000000000  0.0000000000000000  0.0000000000900693
61.22631806122  0.0000000000000000  0.0000000000000000  0.0000000000869282
63.26703816327  0.0000000000000000  0.0000000000000000  0.0000000000839979
65.30775826531  0.0000000000000000  0.0000000000000000  0.0000000000812548
67.34847836735  0.0000000000000000  0.0000000000000000  0.0000000000786831
69.38919846939  0.0000000000000000  0.0000000000000000  0.0000000000762671
71.42991857143  0.0000000000000000  0.0000000000000000  0.0000000000739932
73.47063867347  0.0000000000000000  0.0000000000000000  0.0000000000718492
75.51135877551  0.0000000000000000  0.0000000000000000  0.0000000000698242
77.55207887755  0.0000000000000000  0.0000000000000000  0.0000000000679087
79.59279897959  0.0000000000000000  0.0000000000000000  0.0000000000660939
81.63351908163  0.0000000000000000  0.0000000000000000  0.0000000000643722
83.67423918367  0.0000000000000000  0.0000000000000000  0.0000000000627365
85.71495928571  0.0000000000000000  0.0000000000000000  0.0000000000611808
87.75567938776  0.0000000000000000  0.0000000000000000  0.0000000000596991
89.79639948980  0.0000000000000000  0.0000000000000000  0.0000000000582863
91.83711959184  0.0000000000000000  0.0000000000000000  0.0000000000569379
93.87783969388  0.0000000000000000  0.0000000000000000  0.0000000000556495
95.91855979592  0.0000000000000000  0.0000000000000000  0.0000000000544172
97.95927989796  0.0000000000000000  0.0000000000000000  0.0000000000532375
100.00000000000  0.0000000000000000  0.0000000000000000  0.0000000000511238
