0.00202400000  0.0000000000000000  0.0000000000000000  0.0000000000000000
2.04279902041  0.0000663722058716  0.0000147980081098  0.0010689390469267
4.08357404082  0.0000796985736178  0.0000096454427059  0.0018593000046651
6.12434906122  0.0000296819399556  0.0000027456450393  0.0008765125071760
8.16512408163  0.0000171562692625  0.0000013553865714  0.0006084783124914
10.20589910204  0.0000115569373305  0.0000008142799430  0.0004726966473150
12.24667412245  0.0000084345900791  0.0000005462163500  0.0003888744843513
14.28744914286  0.0000064806596884  0.0000003926131236  0.0003313891727110
16.32822416327  0.0000051781898032  0.0000002966059170  0.0002890691873930
18.36899918367  0.0000042232925452  0.0000002321810029  0.0002569584830058
20.40977420408  0.0000035440652375  0.0000001865379002  0.0002311020143545
22.45054922449  0.0000030512580049  0.0000001529035617  0.0002097276708303
24.49132424490  0.0000026155206273  0.0000001282148943  0.0001926796924679
26.53209926531  0.0000022433165785  0.0000001093168481  0.0001785822366970
28.57287428571  0.0000019488973059  0.0000000942913140  0.0001663692930637
30.61364930612  0.0000017338195551  0.0000000823064575  0.0001554059266326
32.65442432653  0.0000015770043527  0.0000000729509824  0.0001455177812383
34.69519934694  0.0000014495162617  0.0000000646572290  0.0001367402244870
36.73597436735  0.0000013330797740  0.0000000573447568  0.0001290472367530
38.77674938776  0.0000012165781482  0.0000000509066760  0.0001223768526839
40.81752440816  0.0000010972437476  0.0000000457655574  0.0001166010809241
42.85829942857  0.0000009866645442  0.0000000419215075  0.0001114410760903
44.89907444898  0.0000008963793509  0.0000000383591345  0.0001066452686755
46.93984946939  0.0000008288111179  0.0000000350199321  0.0001021003865738
48.98062448980  0.0000007771780249  0.0000000319060591  0.0000978233293639
51.02139951020  0.0000007351474467  0.0000000292953967  0.0000938359264062
53.06217453061  0.0000006979945278  0.0000000271485841  0.0000901486238556
55.10294955102  0.0000006628937641  0.0000000251685349  0.0000867553288135
57.14372457143  0.0000006275372087  0.0000000233454842  0.0000836495069701
59.18449959184  0.0000005901100524  0.0000000216689411  0.0000808233679232
61.22527461224  0.0000005513984901  0.0000000203202785  0.0000782405131976
63.26604963265  0.0000005136645156  0.0000000191933363  0.0000758496394164
65.30682465306  0.0000004789659600  0.0000000181329442  0.0000736051896052
67.34759967347  0.0000004491036151  0.0000000171252090  0.0000714675164595
69.38837469388  0.0000004242720182  0.0000000161638715  0.0000694191964370
71.42914971429  0.0000004032242975  0.0000000152487154  0.0000674624788541
73.46992473469  0.0000003847726749  0.0000000143794879  0.0000656003176605
75.51069975510  0.0000003678465756  0.0000000135556467  0.0000638354735776
77.55147477551  0.0000003515577716  0.0000000127761354  0.0000621695499852
79.59224979592  0.0000003358076281  0.0000000120375076  0.0000605953280186
81.63302481633  0.0000003208829903  0.0000000114695890  0.0000591016756253
83.67379983673  0.0000003070497233  0.0000000109609576  0.0000576784964967
85.71457485714  0.0000002945513478  0.0000000104746097  0.0000563169088477
87.75534987755  0.0000002836108420  0.0000000100081631  0.0000550080760553
89.79612489796  0.0000002744316377  0.0000000095595453  0.0000537447239683
91.83689991837  0.0000002671978978  0.0000000091269431  0.0000525200013548
93.87767493878  0.0000002620742335  0.0000000087087887  0.0000513276944501
95.91844995918  0.0000002592049524  0.0000000083037477  0.0000501621847166
97.95922497959  0.0000002587129269  0.0000000079106843  0.0000490184160798
100.00000000000  0.0000002606982464  0.0000000075286542  0.0000478918693813
