0.00100000000  0.0000000000000000  0.0000000000000000  0.0000000000000000
2.04179591837  0.0000001882381572  0.0000000419813429  0.0000010869527548
4.08259183673  0.0000001664760825  0.0000000201669420  0.0000014671001544
6.12338775510  0.0000000515380683  0.0000000047327163  0.0000005900504082
8.16418367347  0.0000000270248864  0.0000000021334795  0.0000003804624799
10.20497959184  0.0000000171890716  0.0000000012110209  0.0000002823020162
12.24577551020  0.0000000120034023  0.0000000007802575  0.0000002248128709
14.28657142857  0.0000000089290045  0.0000000005438794  0.0000001869056531
16.32736734694  0.0000000068793538  0.0000000004013503  0.0000001599981122
18.36816326531  0.0000000055051324  0.0000000003077084  0.0000001398756418
20.40895918367  0.0000000045535763  0.0000000002434037  0.0000001242479375
22.44975510204  0.0000000038365619  0.0000000001973089  0.0000001117631081
24.49055102041  0.0000000032781102  0.0000000001631899  0.0000001015581625
26.53134693878  0.0000000028407099  0.0000000001371571  0.0000000930580700
28.57214285714  0.0000000024892722  0.0000000001168897  0.0000000858682262
30.61293877551  0.0000000021935378  0.0000000001012264  0.0000000797087258
32.65373469388  0.0000000019346556  0.0000000000893158  0.0000000743740921
34.69453061224  0.0000000017111887  0.0000000000780109  0.0000000697078443
36.73532653061  0.0000000015250277  0.0000000000689234  0.0000000655898670
38.77612244898  0.0000000013767861  0.0000000000608452  0.0000000619270349
40.81691836735  0.0000000012592976  0.0000000000542821  0.0000000586475139
42.85771428571  0.0000000011628644  0.0000000000483906  0.0000000556947127
44.89851020408  0.0000000010796022  0.0000000000439879  0.0000000530228698
46.93930612245  0.0000000010034362  0.0000000000399875  0.0000000505944884
48.98010204082  0.0000000009325137  0.0000000000363369  0.0000000483779404
51.02089795918  0.0000000008668788  0.0000000000333066  0.0000000463465535
53.06169387755  0.0000000008065814  0.0000000000308215  0.0000000444779257
55.10248979592  0.0000000007516635  0.0000000000275594  0.0000000427531098
57.14328571429  0.0000000007020820  0.0000000000255092  0.0000000411559840
59.18408163265  0.0000000006573759  0.0000000000226295  0.0000000396728278
61.22487755102  0.0000000006170066  0.0000000000211403  0.0000000382918435
63.26567346939  0.0000000005805065  0.0000000000198853  0.0000000370028090
65.30646938776  0.0000000005474688  0.0000000000187118  0.0000000357968231
67.34726530612  0.0000000005175374  0.0000000000176118  0.0000000346660986
69.38806122449  0.0000000004903988  0.0000000000146074  0.0000000336037935
71.42885714286  0.0000000004657727  0.0000000000137510  0.0000000326038724
73.46965306122  0.0000000004434097  0.0000000000129438  0.0000000316609906
75.51044897959  0.0000000004230885  0.0000000000121817  0.0000000307703980
77.55124489796  0.0000000004046117  0.0000000000104740  0.0000000299278584
79.59204081633  0.0000000003878025  0.0000000000088966  0.0000000291295820
81.63283673469  0.0000000003725024  0.0000000000084613  0.0000000283721678
83.67363265306  0.0000000003585688  0.0000000000080720  0.0000000276525554
85.71442857143  0.0000000003458729  0.0000000000057417  0.0000000269679831
87.75522448980  0.0000000003342985  0.0000000000054789  0.0000000263159526
89.79602040816  0.0000000003237399  0.0000000000042390  0.0000000256941979
91.83681632653  0.0000000003141012  0.0000000000030851  0.0000000251006593
93.87761224490  0.0000000003052950  0.0000000000000000  0.0000000245334602
95.91840816327  0.0000000002972417  0.0000000000000000  0.0000000239908873
97.95920408163  0.0000000002898682  0.0000000000000000  0.0000000234713732
100.00000000000  0.0000000002831080  0.0000000000000000  0.0000000229734814
