0.00100000000  0.0000000000000000  0.0000000000000000  0.0000000000000000
2.04179591837  0.0000777254819610  0.0000173310378416  0.0000000116358699
4.08259183673  0.0000906810798129  0.0000109757144106  0.0000000206639901
6.12338775510  0.0000317948425278  0.0000029283861304  0.0000000094401649
8.16418367347  0.0000180712238845  0.0000014320543510  0.0000000065992995
10.20497959184  0.0000121281368035  0.0000008549191174  0.0000000051480535
12.24577551020  0.0000088437424530  0.0000005715896415  0.0000000042531133
14.28657142857  0.0000067574306450  0.0000004108695137  0.0000000036455538
16.32736734694  0.0000053500308071  0.0000003108525864  0.0000000031989382
18.36816326531  0.0000043731684926  0.0000002429580824  0.0000000028505789
20.40895918367  0.0000036595288814  0.0000001952207608  0.0000000025717963
22.44975510204  0.0000031106554752  0.0000001604376580  0.0000000023451118
24.49055102041  0.0000026820484921  0.0000001342721672  0.0000000021561311
26.53134693878  0.0000023460132571  0.0000001139618211  0.0000000019949584
28.57214285714  0.0000020775974585  0.0000000979179496  0.0000000018558091
30.61293877551  0.0000018550284465  0.0000000854196506  0.0000000017352598
32.65373469388  0.0000016619923678  0.0000000759185831  0.0000000016308557
34.69453061224  0.0000014910363757  0.0000000675653896  0.0000000015398974
36.73532653061  0.0000013416888532  0.0000000601286469  0.0000000014593914
38.77612244898  0.0000012140312273  0.0000000534318606  0.0000000013869373
40.81691836735  0.0000011082019500  0.0000000479293223  0.0000000013206313
42.85771428571  0.0000010218250087  0.0000000437334362  0.0000000012593937
44.89851020408  0.0000009501903907  0.0000000398843153  0.0000000012028442
46.93930612245  0.0000008892116237  0.0000000363516028  0.0000000011507113
48.98010204082  0.0000008354498852  0.0000000331083186  0.0000000011027813
51.02089795918  0.0000007860231770  0.0000000304171935  0.0000000010588787
53.06169387755  0.0000007393788843  0.0000000282182939  0.0000000010187021
55.10248979592  0.0000006952842699  0.0000000261892820  0.0000000009818052
57.14328571429  0.0000006536100105  0.0000000243099916  0.0000000009477958
59.18408163265  0.0000006142479449  0.0000000225632408  0.0000000009163372
61.22487755102  0.0000005771078338  0.0000000211436288  0.0000000008871388
63.26567346939  0.0000005421148252  0.0000000199515365  0.0000000008599483
65.30646938776  0.0000005092040326  0.0000000188341733  0.0000000008345461
67.34726530612  0.0000004783116977  0.0000000177839526  0.0000000008107411
69.38806122449  0.0000004493828365  0.0000000167942616  0.0000000007883654
71.42885714286  0.0000004223719584  0.0000000158593116  0.0000000007672703
73.46965306122  0.0000003972416620  0.0000000149740210  0.0000000007473235
75.51044897959  0.0000003739613545  0.0000000141339195  0.0000000007284069
77.55124489796  0.0000003525061207  0.0000000133350671  0.0000000007104149
79.59204081633  0.0000003328557129  0.0000000125739868  0.0000000006932523
81.63283673469  0.0000003149935577  0.0000000119876998  0.0000000006768337
83.67363265306  0.0000002989059268  0.0000000114610779  0.0000000006610819
85.71442857143  0.0000002845810624  0.0000000109563349  0.0000000006459268
87.75522448980  0.0000002720083787  0.0000000104717526  0.0000000006313054
89.79602040816  0.0000002611777052  0.0000000100058043  0.0000000006171603
91.83681632653  0.0000002520785614  0.0000000095571356  0.0000000006034397
93.87761224490  0.0000002446994716  0.0000000091245467  0.0000000005900967
95.91840816327  0.0000002390273015  0.0000000087069773  0.0000000005770890
97.95920408163  0.0000002350466307  0.0000000083034936  0.0000000005643785
100.00000000000  0.0000002327391820  0.0000000079132725  0.0000000005519311
