0.00100000000  0.0000000000000000  0.0000000000000000  0.0000000000000000
2.04179591837  0.0000001867772932  0.0000000416471020  0.0000045115363590
4.08259183673  0.0000001658847510  0.0000000200433277  0.0000060734453089
6.12338775510  0.0000000509671981  0.0000000047096920  0.0000024401795659
8.16418367347  0.0000000270086661  0.0000000021234062  0.0000015717565166
10.20497959184  0.0000000171171029  0.0000000012055921  0.0000011655476740
12.24577551020  0.0000000118994885  0.0000000007768678  0.0000009277425971
14.28657142857  0.0000000089202705  0.0000000005414990  0.0000007709481041
16.32736734694  0.0000000069739671  0.0000000003995581  0.0000006596634641
18.36816326531  0.0000000055551460  0.0000000003063557  0.0000005765426426
20.40895918367  0.0000000045222494  0.0000000002423710  0.0000005120478861
22.44975510204  0.0000000037881446  0.0000000001964833  0.0000004605073534
24.49055102041  0.0000000032755456  0.0000000001624951  0.0000004183513852
26.53134693878  0.0000000028764596  0.0000000001365630  0.0000003832457464
28.57214285714  0.0000000024857107  0.0000000001163966  0.0000003535987063
30.61293877551  0.0000000020921727  0.0000000001008290  0.0000003282393292
32.65373469388  0.0000000017650936  0.0000000000889868  0.0000003062656347
34.69453061224  0.0000000015555936  0.0000000000777224  0.0000002870028639
36.73532653061  0.0000000014410693  0.0000000000686550  0.0000002699718640
38.77612244898  0.0000000013667544  0.0000000000605941  0.0000002548221863
40.81691836735  0.0000000012893774  0.0000000000530650  0.0000002412774852
42.85771428571  0.0000000011935960  0.0000000000482157  0.0000002291056036
44.89851020408  0.0000000010914556  0.0000000000438324  0.0000002181044465
46.93930612245  0.0000000009944282  0.0000000000398499  0.0000002081078169
48.98010204082  0.0000000009117815  0.0000000000362142  0.0000001989786119
51.02089795918  0.0000000008453475  0.0000000000331949  0.0000001906060850
53.06169387755  0.0000000007901797  0.0000000000307180  0.0000001829010346
55.10248979592  0.0000000007417513  0.0000000000274652  0.0000001757882109
57.14328571429  0.0000000006962094  0.0000000000254219  0.0000001692035268
59.18408163265  0.0000000006505479  0.0000000000225606  0.0000001630918999
61.22487755102  0.0000000006049723  0.0000000000210767  0.0000001574042191
63.26567346939  0.0000000005611975  0.0000000000198266  0.0000001520970335
65.30646938776  0.0000000005207324  0.0000000000186575  0.0000001471324971
67.34726530612  0.0000000004848971  0.0000000000175616  0.0000001424775014
69.38806122449  0.0000000004548508  0.0000000000145689  0.0000001381029565
71.42885714286  0.0000000004311898  0.0000000000137149  0.0000001339834479
73.46965306122  0.0000000004129254  0.0000000000129098  0.0000001300973551
75.51044897959  0.0000000003988403  0.0000000000121495  0.0000001264256597
77.55124489796  0.0000000003878497  0.0000000000104481  0.0000001229514010
79.59204081633  0.0000000003789835  0.0000000000088737  0.0000001196594049
81.63283673469  0.0000000003713723  0.0000000000084393  0.0000001165360540
83.67363265306  0.0000000003642347  0.0000000000080508  0.0000001135690935
85.71442857143  0.0000000003568666  0.0000000000057271  0.0000001107474643
87.75522448980  0.0000000003486319  0.0000000000054649  0.0000001080611608
89.79602040816  0.0000000003389548  0.0000000000042289  0.0000001055011083
91.83681632653  0.0000000003273122  0.0000000000030775  0.0000001030590571
93.87761224490  0.0000000003132284  0.0000000000000000  0.0000001007274910
95.91840816327  0.0000000002962689  0.0000000000000000  0.0000000984995475
97.95920408163  0.0000000002760360  0.0000000000000000  0.0000000963689487
100.00000000000  0.0000000002521646  0.0000000000000000  0.0000000943299401
