0.00152600000  0.0000000000000000  0.0000000000000000  0.0000000000000000
2.04231118367  0.0000652809694507  0.0000145449981004  0.0016089311135077
4.08309636735  0.0002250822741063  0.0000272323813041  0.0073217256373183
6.12388155102  0.0001346903175685  0.0000124064240050  0.0052662213464600
8.16466673469  0.0001043345005377  0.0000082271904479  0.0047490669615194
10.20545191837  0.0000850758876645  0.0000059905879537  0.0043691944700369
12.24623710204  0.0000714347602131  0.0000046481479170  0.0040819367918779
14.28702228571  0.0000610565157755  0.0000037196845431  0.0038191188457634
16.32780746939  0.0000530184122575  0.0000030908183214  0.0036174857437319
18.36859265306  0.0000464858179469  0.0000025718849298  0.0033904331614556
20.40937783673  0.0000411688330072  0.0000022093024786  0.0032298325238938
22.45016302041  0.0000367556925600  0.0000019158922500  0.0030757701293450
24.49094820408  0.0000331388519311  0.0000016584784804  0.0029045064689090
26.53173338776  0.0000300736829183  0.0000014546652237  0.0027586723525355
28.57251857143  0.0000274067661123  0.0000012948536926  0.0026403167980432
30.61330375510  0.0000250634958112  0.0000011699514526  0.0025397238215531
32.65408893878  0.0000230345789967  0.0000010704106601  0.0024429356190927
34.69487412245  0.0000213161974725  0.0000009715809692  0.0023422987387694
36.73565930612  0.0000198168355068  0.0000008788063876  0.0022476485884206
38.77644448980  0.0000184305346568  0.0000007966856351  0.0021697751585322
40.81722967347  0.0000171374339688  0.0000007317063664  0.0021053489826198
42.85801485714  0.0000159839078312  0.0000006823857197  0.0020432533293783
44.89880004082  0.0000150121999733  0.0000006319496744  0.0019755672306040
46.93958522449  0.0000141801896877  0.0000005823403757  0.0019064735881328
48.98037040816  0.0000134166740865  0.0000005363496917  0.0018434223012908
51.02115559184  0.0000126594848969  0.0000005004338375  0.0017922453908721
53.06194077551  0.0000119093699924  0.0000004731020688  0.0017507699555034
55.10272595918  0.0000112043092869  0.0000004473507250  0.0017129232568121
57.14351114286  0.0000105863508103  0.0000004214071543  0.0016730933820861
59.18429632653  0.0000100824393659  0.0000003944084078  0.0016279566864342
61.22508151020  0.0000096613089931  0.0000003711061641  0.0015805658323141
63.26586669388  0.0000092804405234  0.0000003512024369  0.0015349627705859
65.30665187755  0.0000089002280322  0.0000003331439266  0.0014947766652181
67.34743706122  0.0000084889759630  0.0000003175422397  0.0014626936371927
69.38822224490  0.0000080528267961  0.0000003039028391  0.0014373515391606
71.42900742857  0.0000076125451994  0.0000002914262512  0.0014160144963156
73.46979261224  0.0000071898065312  0.0000002794264494  0.0013961228384976
75.51057779592  0.0000068078023717  0.0000002673136511  0.0013752444967165
77.55136297959  0.0000064851870606  0.0000002547078045  0.0013515791511263
79.59214816327  0.0000062179003467  0.0000002417561774  0.0013254784730402
81.63293334694  0.0000059955363640  0.0000002314120112  0.0012978079873130
83.67371853061  0.0000058077299605  0.0000002217335655  0.0012693931370598
85.71450371429  0.0000056439567201  0.0000002122093559  0.0012410067691610
87.75528889796  0.0000054947651145  0.0000002029912595  0.0012133635615968
89.79607408163  0.0000053512416436  0.0000001942063413  0.0011871200367976
91.83685926531  0.0000052051380083  0.0000001859590378  0.0011628794773510
93.87764444898  0.0000050487090177  0.0000001783342625  0.0011412012200928
95.91842963265  0.0000048744373400  0.0000001714012099  0.0011226138514293
97.95921481633  0.0000046746503655  0.0000001652583405  0.0011076320944108
100.00000000000  0.0000044410219905  0.0000001598731276  0.0010967775789813
