0.00100000000  0.0000000000000000  0.0000000000000000  0.0000000000000000
2.04179591837  0.0000266700181836  0.0000059479738837  0.0001709213745782
4.08259183673  0.0000380797160035  0.0000046129647378  0.0003734293863183
6.12338775510  0.0000159856227322  0.0000014679476809  0.0002039359484295
8.16418367347  0.0000107391738834  0.0000008478016580  0.0001687161834348
10.20497959184  0.0000082744070289  0.0000005830297589  0.0001519242056574
12.24577551020  0.0000068578953337  0.0000004458412994  0.0001440279051871
14.28657142857  0.0000059599731150  0.0000003630782449  0.0001406256522239
16.32736734694  0.0000054113338133  0.0000003157449718  0.0001432259395108
18.36816326531  0.0000050810857407  0.0000002840434545  0.0001489262022097
20.40895918367  0.0000048905506484  0.0000002614493313  0.0001563294133770
22.44975510204  0.0000048488055521  0.0000002494617621  0.0001683905164035
24.49055102041  0.0000049483585711  0.0000002464251023  0.0001861217534408
26.53134693878  0.0000051503257135  0.0000002487524915  0.0002082876814139
28.57214285714  0.0000054478050653  0.0000002558913094  0.0002353686084211
30.61293877551  0.0000058996807662  0.0000002723301053  0.0002718994317816
32.65373469388  0.0000066066592669  0.0000003050802533  0.0003255566744365
34.69453061224  0.0000075675030084  0.0000003489995484  0.0003980713135875
36.73532653061  0.0000086592908638  0.0000003958932913  0.0004826897986653
38.77612244898  0.0000096380570297  0.0000004308732053  0.0005623965812169
40.81691836735  0.0000103797731069  0.0000004525982753  0.0006268655915687
42.85771428571  0.0000109318231123  0.0000004690304038  0.0006783105185194
44.89851020408  0.0000114158838301  0.0000004795845595  0.0007254469403229
46.93930612245  0.0000119899929499  0.0000004926613069  0.0007808860128485
48.98010204082  0.0000127069372810  0.0000005105486234  0.0008496144388539
51.02089795918  0.0000135486838491  0.0000005366957235  0.0009310393087015
53.06169387755  0.0000144881203393  0.0000005708050796  0.0010236910460356
55.10248979592  0.0000154865721361  0.0000006060238952  0.0011248372970643
57.14328571429  0.0000164976360571  0.0000006397717209  0.0012306439428956
59.18408163265  0.0000174984938535  0.0000006706702398  0.0013390786445911
61.22487755102  0.0000184764879244  0.0000007048569783  0.0014488807757152
63.26567346939  0.0000194193920823  0.0000007406928760  0.0015586940953401
65.30646938776  0.0000203156473583  0.0000007731725194  0.0016670966642431
67.34726530612  0.0000211545573863  0.0000008016242305  0.0017726331898449
69.38806122449  0.0000219266639465  0.0000008254590622  0.0018738700429381
71.42885714286  0.0000226243198113  0.0000008442102931  0.0019694815959031
73.46965306122  0.0000232415144779  0.0000008575331047  0.0020582597081712
75.51044897959  0.0000237738067231  0.0000008652073087  0.0021391333378362
77.55124489796  0.0000242183239607  0.0000008671408740  0.0022111958279920
79.59204081633  0.0000245737164467  0.0000008633683059  0.0022737240167103
81.63283673469  0.0000248399953536  0.0000008641404837  0.0023261847897895
83.67363265306  0.0000250186303124  0.0000008625980759  0.0023682595606373
85.71442857143  0.0000251121219791  0.0000008564631961  0.0023998278418127
87.75522448980  0.0000251243385733  0.0000008459980409  0.0024209607610742
89.79602040816  0.0000250596748620  0.0000008315312911  0.0024319092367279
91.83681632653  0.0000249233503550  0.0000008134442033  0.0024330858283267
93.87761224490  0.0000247211368315  0.0000007921562765  0.0024250431355457
95.91840816327  0.0000244592068775  0.0000007681110393  0.0024084499417914
97.95920408163  0.0000241439929794  0.0000007417626305  0.0023840662699900
100.00000000000  0.0000237820593809  0.0000007135635191  0.0023527184251880
