0.00100000000  0.0000000000000000  0.0000000000000000  0.0000000000000000
2.04179591837  0.0000000000000000  0.0000000000000000  0.0000000000791090
4.08259183673  0.0000000000000000  0.0000000000000000  0.0000000001070025
6.12338775510  0.0000000000000000  0.0000000000000000  0.0000000000412604
8.16418367347  0.0000000000000000  0.0000000000000000  0.0000000000248764
10.20497959184  0.0000000000000000  0.0000000000000000  0.0000000000148563
12.24577551020  0.0000000000000000  0.0000000000000000  0.0000000000072638
14.28657142857  0.0000000000000000  0.0000000000000000  0.0000000000060319
16.32736734694  0.0000000000000000  0.0000000000000000  0.0000000000051581
18.36816326531  0.0000000000000000  0.0000000000000000  0.0000000000045056
20.40895918367  0.0000000000000000  0.0000000000000000  0.0000000000039996
22.44975510204  0.0000000000000000  0.0000000000000000  0.0000000000035957
24.49055102041  0.0000000000000000  0.0000000000000000  0.0000000000032656
26.53134693878  0.0000000000000000  0.0000000000000000  0.0000000000029909
28.57214285714  0.0000000000000000  0.0000000000000000  0.0000000000027586
30.61293877551  0.0000000000000000  0.0000000000000000  0.0000000000025597
32.65373469388  0.0000000000000000  0.0000000000000000  0.0000000000023874
34.69453061224  0.0000000000000000  0.0000000000000000  0.0000000000022367
36.73532653061  0.0000000000000000  0.0000000000000000  0.0000000000021037
38.77612244898  0.0000000000000000  0.0000000000000000  0.0000000000019856
40.81691836735  0.0000000000000000  0.0000000000000000  0.0000000000018800
42.85771428571  0.0000000000000000  0.0000000000000000  0.0000000000017849
44.89851020408  0.0000000000000000  0.0000000000000000  0.0000000000016989
46.93930612245  0.0000000000000000  0.0000000000000000  0.0000000000016207
48.98010204082  0.0000000000000000  0.0000000000000000  0.0000000000015494
51.02089795918  0.0000000000000000  0.0000000000000000  0.0000000000014840
53.06169387755  0.0000000000000000  0.0000000000000000  0.0000000000014238
55.10248979592  0.0000000000000000  0.0000000000000000  0.0000000000013683
57.14328571429  0.0000000000000000  0.0000000000000000  0.0000000000013169
59.18408163265  0.0000000000000000  0.0000000000000000  0.0000000000012692
61.22487755102  0.0000000000000000  0.0000000000000000  0.0000000000012247
63.26567346939  0.0000000000000000  0.0000000000000000  0.0000000000011833
65.30646938776  0.0000000000000000  0.0000000000000000  0.0000000000011445
67.34726530612  0.0000000000000000  0.0000000000000000  0.0000000000011082
69.38806122449  0.0000000000000000  0.0000000000000000  0.0000000000010740
71.42885714286  0.0000000000000000  0.0000000000000000  0.0000000000010419
73.46965306122  0.0000000000000000  0.0000000000000000  0.0000000000010116
75.51044897959  0.0000000000000000  0.0000000000000000  0.0000000000000000
77.55124489796  0.0000000000000000  0.0000000000000000  0.0000000000000000
79.59204081633  0.0000000000000000  0.0000000000000000  0.0000000000000000
81.63283673469  0.0000000000000000  0.0000000000000000  0.0000000000000000
83.67363265306  0.0000000000000000  0.0000000000000000  0.0000000000000000
85.71442857143  0.0000000000000000  0.0000000000000000  0.0000000000000000
87.75522448980  0.0000000000000000  0.0000000000000000  0.0000000000000000
89.79602040816  0.0000000000000000  0.0000000000000000  0.0000000000000000
91.83681632653  0.0000000000000000  0.0000000000000000  0.0000000000000000
93.87761224490  0.0000000000000000  0.0000000000000000  0.0000000000000000
95.91840816327  0.0000000000000000  0.0000000000000000  0.0000000000000000
97.95920408163  0.0000000000000000  0.0000000000000000  0.0000000000000000
100.00000000000  0.0000000000000000  0.0000000000000000  0.0000000000000000
