0.00100000000  0.0000000000000000  0.0000000000000000  0.0000000000000000
2.04179591837  0.0000569705303151  0.0000127069842723  0.0011116916237918
4.08259183673  0.0001357789050870  0.0000164444595219  0.0041236816212275
6.12338775510  0.0000773995857546  0.0000071389293248  0.0031576313914825
8.16418367347  0.0000567872610911  0.0000044856295831  0.0028508772739713
10.20497959184  0.0000452253986712  0.0000031875829733  0.0026500128093402
12.24577551020  0.0000377388605397  0.0000024668348467  0.0025344171379145
14.28657142857  0.0000323330793249  0.0000019802329562  0.0024256087017394
16.32736734694  0.0000282344609002  0.0000016274111377  0.0023113708008719
18.36816326531  0.0000250023953870  0.0000013609625402  0.0022036202965152
20.40895918367  0.0000224641813723  0.0000011812911680  0.0021472829330343
22.44975510204  0.0000203823981766  0.0000010458095794  0.0021088619859763
24.49055102041  0.0000186277854880  0.0000009319010410  0.0020639674688305
26.53134693878  0.0000171332680033  0.0000008341362366  0.0020134935272948
28.57214285714  0.0000158497415390  0.0000007529943949  0.0019673775187925
30.61293877551  0.0000147349427774  0.0000006919140752  0.0019371604213636
32.65373469388  0.0000137546721442  0.0000006462622167  0.0019127789643345
34.69453061224  0.0000128911363034  0.0000005966358499  0.0018730440565105
36.73532653061  0.0000121322952672  0.0000005425383226  0.0018133116660351
38.77612244898  0.0000114593266480  0.0000004900901570  0.0017513000487507
40.81691836735  0.0000108523264014  0.0000004494766484  0.0017044594102305
42.85771428571  0.0000102981838665  0.0000004227034845  0.0016747465689366
44.89851020408  0.0000097909499495  0.0000003986808608  0.0016537135386416
46.93930612245  0.0000093281756934  0.0000003751447014  0.0016327839074138
48.98010204082  0.0000089072503466  0.0000003512297432  0.0016080080481900
51.02089795918  0.0000085222627746  0.0000003307457646  0.0015820620660045
53.06169387755  0.0000081670297570  0.0000003142367951  0.0015582400361312
55.10248979592  0.0000078355638015  0.0000002991061978  0.0015397435240469
57.14328571429  0.0000075243266344  0.0000002852789820  0.0015268032161369
59.18408163265  0.0000072321259070  0.0000002722553239  0.0015173195996299
61.22487755102  0.0000069585115098  0.0000002621709667  0.0015090651906154
63.26567346939  0.0000067037069944  0.0000002537076200  0.0014997048134039
65.30646938776  0.0000064675554541  0.0000002449087147  0.0014878148194683
67.34726530612  0.0000062479439836  0.0000002359560396  0.0014743145535779
69.38806122449  0.0000060424105796  0.0000002270787095  0.0014605360621191
71.42885714286  0.0000058484634311  0.0000002184916863  0.0014478790196513
73.46965306122  0.0000056635854713  0.0000002103935721  0.0014378064707450
75.51044897959  0.0000054856384981  0.0000002029063422  0.0014314297718263
77.55124489796  0.0000053140491644  0.0000001959264064  0.0014283630668804
79.59204081633  0.0000051487258141  0.0000001893104708  0.0014278677437746
81.63283673469  0.0000049897354238  0.0000001850874179  0.0014291711781789
83.67363265306  0.0000048373309605  0.0000001815176921  0.0014314490871427
85.71442857143  0.0000046919468084  0.0000001779429286  0.0014338081489001
87.75522448980  0.0000045541953236  0.0000001742450037  0.0014352793513036
89.79602040816  0.0000044248477740  0.0000001703078280  0.0014348222319548
91.83681632653  0.0000043047941157  0.0000001660204053  0.0014313428408677
93.87761224490  0.0000041949792674  0.0000001612814896  0.0014237284428285
95.91840816327  0.0000040963147907  0.0000001560056628  0.0014109002580118
97.95920408163  0.0000040095690896  0.0000001501303445  0.0013918828581834
100.00000000000  0.0000039352449189  0.0000001436228729  0.0013658850287739
