0.01456300000  0.0000000000000000  0.0000000000000000  0.0000000000000000
2.05508212245  0.0000000005587504  0.0000000001233597  0.0000000081038929
4.09560124490  0.0000000005497665  0.0000000000649822  0.0000000119753877
6.13612036735  0.0000000002316788  0.0000000000185908  0.0000000063978550
8.17663948980  0.0000000001331532  0.0000000000042750  0.0000000044120470
10.21715861224  0.0000000000871189  0.0000000000000000  0.0000000033775147
12.25767773469  0.0000000000608092  0.0000000000000000  0.0000000027385480
14.29819685714  0.0000000000465524  0.0000000000000000  0.0000000023035187
16.33871597959  0.0000000000362096  0.0000000000000000  0.0000000019878788
18.37923510204  0.0000000000296503  0.0000000000000000  0.0000000017482276
20.41975422449  0.0000000000222432  0.0000000000000000  0.0000000015600537
22.46027334694  0.0000000000185048  0.0000000000000000  0.0000000014083268
24.50079246939  0.0000000000142987  0.0000000000000000  0.0000000012833681
26.54131159184  0.0000000000124035  0.0000000000000000  0.0000000011786870
28.58183071429  0.0000000000086598  0.0000000000000000  0.0000000010897229
30.62234983673  0.0000000000057220  0.0000000000000000  0.0000000010131573
32.66286895918  0.0000000000042973  0.0000000000000000  0.0000000009465670
34.70338808163  0.0000000000010099  0.0000000000000000  0.0000000008881380
36.74390720408  0.0000000000000000  0.0000000000000000  0.0000000008364583
38.78442632653  0.0000000000000000  0.0000000000000000  0.0000000007904199
40.82494544898  0.0000000000000000  0.0000000000000000  0.0000000007491425
42.86546457143  0.0000000000000000  0.0000000000000000  0.0000000007119205
44.90598369388  0.0000000000000000  0.0000000000000000  0.0000000006781873
46.94650281633  0.0000000000000000  0.0000000000000000  0.0000000006474794
48.98702193878  0.0000000000000000  0.0000000000000000  0.0000000006194084
51.02754106122  0.0000000000000000  0.0000000000000000  0.0000000005936464
53.06806018367  0.0000000000000000  0.0000000000000000  0.0000000005699180
55.10857930612  0.0000000000000000  0.0000000000000000  0.0000000005479918
57.14909842857  0.0000000000000000  0.0000000000000000  0.0000000005276710
59.18961755102  0.0000000000000000  0.0000000000000000  0.0000000005087866
61.23013667347  0.0000000000000000  0.0000000000000000  0.0000000004911914
63.27065579592  0.0000000000000000  0.0000000000000000  0.0000000004747576
65.31117491837  0.0000000000000000  0.0000000000000000  0.0000000004593737
67.35169404082  0.0000000000000000  0.0000000000000000  0.0000000004449426
69.39221316327  0.0000000000000000  0.0000000000000000  0.0000000004313790
71.43273228571  0.0000000000000000  0.0000000000000000  0.0000000004186077
73.47325140816  0.0000000000000000  0.0000000000000000  0.0000000004065619
75.51377053061  0.0000000000000000  0.0000000000000000  0.0000000003951811
77.55428965306  0.0000000000000000  0.0000000000000000  0.0000000003844113
79.59480877551  0.0000000000000000  0.0000000000000000  0.0000000003742040
81.63532789796  0.0000000000000000  0.0000000000000000  0.0000000003645159
83.67584702041  0.0000000000000000  0.0000000000000000  0.0000000003553083
85.71636614286  0.0000000000000000  0.0000000000000000  0.0000000003465464
87.75688526531  0.0000000000000000  0.0000000000000000  0.0000000003381990
89.79740438776  0.0000000000000000  0.0000000000000000  0.0000000003302375
91.83792351020  0.0000000000000000  0.0000000000000000  0.0000000003226359
93.87844263265  0.0000000000000000  0.0000000000000000  0.0000000003153707
95.91896175510  0.0000000000000000  0.0000000000000000  0.0000000003084202
97.95948087755  0.0000000000000000  0.0000000000000000  0.0000000003017646
100.00000000000  0.0000000000000000  0.0000000000000000  0.0000000002953858
