0.00100000000  0.0000000000000000  0.0000000000000000  0.0000000000000000
2.04179591837  0.0000076675873589  0.0000017104325316  0.0001855986290857
4.08259183673  0.0000457475785984  0.0000055408982454  0.0019532983277839
6.12338775510  0.0000485577170819  0.0000044789835950  0.0025209849769533
8.16418367347  0.0000557564144729  0.0000044043770842  0.0033240700585995
10.20497959184  0.0000591855988650  0.0000041716939026  0.0039177660393936
12.24577551020  0.0000612109017903  0.0000040012695013  0.0044555486360630
14.28657142857  0.0000609009415665  0.0000037300253907  0.0047975532835102
16.32736734694  0.0000589990899544  0.0000034008135312  0.0049525305660177
18.36816326531  0.0000564410021193  0.0000030724162282  0.0050041430499926
20.40895918367  0.0000547080438355  0.0000028769989136  0.0051558868601950
22.44975510204  0.0000529968703064  0.0000027193883035  0.0053061880414545
24.49055102041  0.0000509317617074  0.0000025481346568  0.0053773212171428
26.53134693878  0.0000486979545236  0.0000023710129816  0.0053842311498036
28.57214285714  0.0000465402160586  0.0000022111880643  0.0053733229537946
30.61293877551  0.0000446170323562  0.0000020952468125  0.0053932960963503
32.65373469388  0.0000427811481699  0.0000020102195152  0.0054110774361788
34.69453061224  0.0000408582907929  0.0000018911774372  0.0053554181186202
36.73532653061  0.0000388873717886  0.0000017391255128  0.0052162324136062
38.77612244898  0.0000370380431982  0.0000015841655816  0.0050598345431626
40.81691836735  0.0000354146851288  0.0000014669127366  0.0049481760672686
42.85771428571  0.0000339881541238  0.0000013952132552  0.0048877206702210
44.89851020408  0.0000326760438478  0.0000013306664275  0.0048494265420870
46.93930612245  0.0000314269177010  0.0000012639920771  0.0048053028619979
48.98010204082  0.0000302305390643  0.0000011921615878  0.0047438591321834
51.02089795918  0.0000290985505873  0.0000011294554252  0.0046750042257738
53.06169387755  0.0000280350208533  0.0000010788301242  0.0046098311449078
55.10248979592  0.0000270362704221  0.0000010321961218  0.0045583824814712
57.14328571429  0.0000260910467704  0.0000009894363773  0.0045210596684964
59.18408163265  0.0000251890231915  0.0000009484567291  0.0044912846097948
61.22487755102  0.0000243254298731  0.0000009166976290  0.0044625269726598
63.26567346939  0.0000235008128538  0.0000008896110542  0.0044284352882930
65.30646938776  0.0000227182342965  0.0000008604760236  0.0043856375331151
67.34726530612  0.0000219771413463  0.0000008301689920  0.0043372965927141
69.38806122449  0.0000212740553259  0.0000007996850170  0.0042874158916007
71.42885714286  0.0000206034936325  0.0000007699472643  0.0042398852832393
73.46965306122  0.0000199582881765  0.0000007416386058  0.0041984765874698
75.51044897959  0.0000193310443464  0.0000007152418700  0.0041657779817734
77.55124489796  0.0000187188364009  0.0000006904274453  0.0041404401322888
79.59204081633  0.0000181208661059  0.0000006665412718  0.0041203131094799
81.63283673469  0.0000175375757624  0.0000006507941314  0.0041033079094489
83.67363265306  0.0000169707172972  0.0000006371168399  0.0040873795204402
85.71442857143  0.0000164232942359  0.0000006231532956  0.0040705093467088
87.75522448980  0.0000158994578560  0.0000006086101086  0.0040507048064424
89.79602040816  0.0000154043112673  0.0000005931818207  0.0040260100114511
91.83681632653  0.0000149436084999  0.0000005766590497  0.0039945267994805
93.87761224490  0.0000145233479710  0.0000005587427401  0.0039544462907275
95.91840816327  0.0000141492661399  0.0000005393233216  0.0039040900358720
97.95920408163  0.0000138262496871  0.0000005181416619  0.0038419591235145
100.00000000000  0.0000135577004566  0.0000004952349347  0.0037667887706062
