0.07906000000  0.0000000000000000  0.0000000000000000  0.0000000000000000
2.11826285714  0.0000005591251953  0.0000001225634741  0.0000114702670785
4.15746571429  0.0000025982210077  0.0000003115850235  0.0000818421747742
6.19666857143  0.0000042128931681  0.0000003870913307  0.0001726667143309
8.23587142857  0.0000048649230002  0.0000003804311900  0.0002394817882564
10.27507428571  0.0000051923627161  0.0000003645512807  0.0002967043487658
12.31427714286  0.0000053367271153  0.0000003448105170  0.0003439322926935
14.35348000000  0.0000053759720508  0.0000003221169969  0.0003805710694682
16.39268285714  0.0000053841878046  0.0000003096006141  0.0004218451091350
18.43188571429  0.0000053304317332  0.0000002898538452  0.0004483131453168
20.47108857143  0.0000052760049742  0.0000002813815473  0.0004868988406575
22.51029142857  0.0000051959100531  0.0000002686285966  0.0005140774601190
24.54949428571  0.0000051087934088  0.0000002585564781  0.0005420482856820
26.58869714286  0.0000050143296199  0.0000002466971970  0.0005623468693032
28.62790000000  0.0000049178294303  0.0000002331684339  0.0005740701099144
30.66710285714  0.0000048221305432  0.0000002262372114  0.0005955687315362
32.70630571429  0.0000047283110554  0.0000002170589997  0.0006031664111027
34.74550857143  0.0000046367008631  0.0000002078261028  0.0006117533040463
36.78471142857  0.0000045441191787  0.0000002010504257  0.0006294112323791
38.82391428571  0.0000044559773828  0.0000001910191616  0.0006387476952314
40.86311714286  0.0000043700591219  0.0000001828359642  0.0006477988088412
42.90232000000  0.0000042799998114  0.0000001803754964  0.0006672794676491
44.94152285714  0.0000041908174048  0.0000001772707106  0.0006862040969153
46.98072571429  0.0000041093962654  0.0000001714014249  0.0006958152773233
49.01992857143  0.0000040332529835  0.0000001642684534  0.0007011201580188
51.05913142857  0.0000039592214090  0.0000001585462285  0.0007064802099243
53.09833428571  0.0000038882826946  0.0000001538827300  0.0007106180126578
55.13753714286  0.0000038217032028  0.0000001485832904  0.0007120926008941
57.17674000000  0.0000037584434977  0.0000001429620380  0.0007121562798441
59.21594285714  0.0000036966210540  0.0000001374480370  0.0007128669035643
61.25514571429  0.0000036340877458  0.0000001337874584  0.0007164150935860
63.29434857143  0.0000035682804591  0.0000001318752257  0.0007252235995479
65.33355142857  0.0000034967017612  0.0000001311415288  0.0007412852721563
67.37275428571  0.0000034223911912  0.0000001308396184  0.0007608480962715
69.41195714286  0.0000033528495380  0.0000001297039268  0.0007765854675805
71.45116000000  0.0000032962031123  0.0000001266522966  0.0007814132321840
73.49036285714  0.0000032506866443  0.0000001221607987  0.0007773507415075
75.52956571429  0.0000032098505414  0.0000001172566729  0.0007703298698024
77.56876857143  0.0000031674447696  0.0000001128176806  0.0007660528115652
79.60797142857  0.0000031217636297  0.0000001090190596  0.0007660400988022
81.64717428571  0.0000030740486503  0.0000001068896548  0.0007690506570901
83.68637714286  0.0000030256228075  0.0000001052710176  0.0007737813539005
85.72558000000  0.0000029778452762  0.0000001036781784  0.0007789344572234
87.76478285714  0.0000029319586768  0.0000001019594185  0.0007833619682848
89.80398571429  0.0000028892896265  0.0000000999709659  0.0007858726170683
91.84318857143  0.0000028512350394  0.0000000975763403  0.0007852215534422
93.88239142857  0.0000028191420845  0.0000000946556041  0.0007801811117048
95.92159428571  0.0000027941342566  0.0000000911175769  0.0007696475624675
97.96079714286  0.0000027769045833  0.0000000869129915  0.0007527723586449
100.00000000000  0.0000027675159919  0.0000000820454654  0.0007290939693697
