0.0000000000000000
0.0037376337629567
0.0049837315134793
0.0019934983698924
0.0012810347754252
0.0009484994316536
0.0007541470080840
0.0006262350679477
0.0005355319694057
0.0004678117121163
0.0004152985842256
0.0003733763678363
0.0003391288576328
0.0003106221079917
0.0002865224578600
0.0002658801349604
0.0002480002651959
0.0002323626624303
0.0002185701366219
0.0002063141445094
0.0001953513499677
0.0001854872524638
0.0001765645147411
0.0001684544871750
0.0001610509515618
0.0001542654343774
0.0001480236484230
0.0001422627580227
0.0001369292535908
0.0001319772827817
0.0001273673277161
0.0001230651473318
0.0001190409248496
0.0001152685753897
0.0001117251796970
0.0001083905179618
0.0001052466836807
0.0001022777619689
0.0000994695601089
0.0000968093807008
0.0000942858297546
0.0000918886536031
0.0000896085997075
0.0000874372973691
0.0000853671551025
0.0000833912720164
0.0000815033610224
0.0000796976820671
0.0000779689838961
0.0000763124531031
