0.0000000000000000
8669184.9055773466825485
35825600.4050430655479431
73114291.2861106693744659
110763894.1588737666606903
148475869.2842562794685364
186210690.9375573992729187
223956529.7960918247699738
261708548.2077565491199493
299464387.0706433057785034
337222755.3037837743759155
374982885.7824931740760803
412744293.6065259575843811
450506657.0690203905105591
488269754.2514918446540833
526033427.0785067081451416
563797559.8795641660690308
601562066.0526061058044434
639326879.4663389921188354
677091948.7455561161041260
714857233.3706842660903931
752622700.9529694318771362
790388325.2915769815444946
828154084.9625965356826782
865919962.2774423360824585
903685942.5024862289428711
941452013.2665947675704956
979218164.1056782007217407
1016984386.1087752580642700
1054750671.6401618719100952
1092517014.1189994812011719
1130283407.8432898521423340
1168049847.8477959632873535
1205816329.7888095378875732
1243582849.8497965335845947
1281349404.6637818813323975
1319115991.2490396499633789
1356882606.9554903507232666
1394649249.4198741912841797
1432415916.5279426574707031
1470182606.3824696540832520
1507949317.2761824131011963
1545716047.6684632301330566
1583482796.1655550003051758
1621249561.5034775733947754
1659016342.5332350730895996
1696783138.2080359458923340
1734549947.5721859931945801
1772316769.7513818740844727
1810083603.9442083835601807
