0.0000000000000000
0.0000050717203816
0.0000088913670650
0.0000066481018089
0.0000050631125932
0.0000040800078244
0.0000034165626664
0.0000029390684007
0.0000025788747784
0.0000022973890578
0.0000020712858715
0.0000018856404817
0.0000017304578826
0.0000015987909743
0.0000014856598062
0.0000013874004772
0.0000013012567693
0.0000012251150805
0.0000011573272037
0.0000010965887466
0.0000010418538097
0.0000009922738978
0.0000009471533906
0.0000009059165582
0.0000008680827729
0.0000008332476311
0.0000008010684058
0.0000007712527103
0.0000007435495760
0.0000007177423643
0.0000006936430871
0.0000006710878193
0.0000006499329661
0.0000006300522047
0.0000006113339620
0.0000005936793224
0.0000005770002818
0.0000005612182829
0.0000005462629806
0.0000005320711962
0.0000005185860269
0.0000005057560858
0.0000004935348492
0.0000004818800945
0.0000004707534142
0.0000004601197952
0.0000004499472510
0.0000004402065024
0.0000004308706966
0.0000004219151613
