0.0000000000000000
0.0000001181544594
0.0000001575472495
0.0000000630203562
0.0000000404973453
0.0000000299849205
0.0000000238408601
0.0000000197971800
0.0000000169297824
0.0000000147889411
0.0000000131288429
0.0000000118035552
0.0000000107208880
0.0000000098197036
0.0000000090578409
0.0000000084052748
0.0000000078400381
0.0000000073456862
0.0000000069096628
0.0000000065222138
0.0000000061756468
0.0000000058638129
0.0000000055817381
0.0000000053253557
0.0000000050913075
0.0000000048767968
0.0000000046794751
0.0000000044973559
0.0000000043287477
0.0000000041722010
0.0000000040264663
0.0000000038904614
0.0000000037632436
0.0000000036439882
0.0000000035319708
0.0000000034265520
0.0000000033271659
0.0000000032333093
0.0000000031445336
0.0000000030604373
0.0000000029806602
0.0000000029048782
0.0000000028327988
0.0000000027641574
0.0000000026987139
0.0000000026362503
0.0000000025765677
0.0000000025194847
0.0000000024648353
0.0000000024124674
