0.0000000000000000
280282.5935804470209405
373726.5655912481597625
149491.0035458637285046
96063.8702773618279025
71127.2850543458043830
56552.9374557732880930
46960.9137052586738719
40159.1540664261701750
35080.8610535498228273
31142.9396593449164357
27999.2230450297502102
25431.0270857477007667
23293.3266000800831534
21486.1113119544570509
19938.1584865462500602
18597.3600189385724661
17424.7075278249685653
16390.4160199072612158
15471.3480596824574604
14649.2560475577265606
13909.5545295708379854
13240.4448989366683236
12632.2798135854700377
12077.0940474316430482
11568.2530350700490089
11100.1860333166641794
10668.1810404160023609
10268.2254113339658943
9896.8807119128559862
9551.1835250638996513
9228.5661383491624292
8926.7926131224485289
8643.9068631677764643
8378.1901901627825282
8128.1263252375183583
7892.3724727024782624
7669.7351868771529553
7459.1501661796874032
7259.6652417869454439
7070.4259866565189441
6890.6634857238323093
6719.6838978184914595
6556.8595103123998342
6401.6210432130264962
6253.4510037065765573
6111.8779275733550094
5976.4713723793656754
5846.8375503707375174
5722.6155076919831117
