0.0000000000000000
0.0000000001353602
0.0000000005593449
0.0000000011412069
0.0000000017283552
0.0000000023164026
0.0000000029047781
0.0000000034933117
0.0000000040819339
0.0000000046706108
0.0000000052593240
0.0000000058480624
0.0000000064368190
0.0000000070255894
0.0000000076143702
0.0000000082031593
0.0000000087919550
0.0000000093807560
0.0000000099695614
0.0000000105583705
0.0000000111471827
0.0000000117359975
0.0000000123248145
0.0000000129136334
0.0000000135024541
0.0000000140912762
0.0000000146800996
0.0000000152689242
0.0000000158577498
0.0000000164465763
0.0000000170354036
0.0000000176242316
0.0000000182130603
0.0000000188018896
0.0000000193907194
0.0000000199795498
0.0000000205683806
0.0000000211572118
0.0000000217460434
0.0000000223348754
0.0000000229237076
0.0000000235125402
0.0000000241013731
0.0000000246902062
0.0000000252790395
0.0000000258678731
0.0000000264567069
0.0000000270455409
0.0000000276343751
0.0000000282232094
