0.0000000000000000
1.5661933076448098
3.0224612973527689
3.2120950672506661
3.9191511189043036
4.7743509881372175
5.6880636860930753
6.6297637520141839
7.5868768649699829
8.5533913316685641
9.5260589823768758
10.5029713288507800
11.4829313499257566
12.4651430715421245
13.4490559349861130
14.4342782872005380
15.4205253385263852
16.4075863357241261
17.3953028169226194
18.3835538061351649
19.3722456035806516
20.3613046394785968
21.3506724066259075
22.3403018391757300
23.3301546972772478
24.3201996416662602
25.3104107851349163
26.3007665845011616
27.2912489837388073
28.2818427461547017
29.2725349307882325
30.2633144798816325
31.2541718921354246
32.2450989620615474
33.2360885702043944
34.2271345127032376
35.2182313616025269
36.2093743495304849
37.2005592739381896
38.1917824172111864
39.1830404797607343
40.1743305237787709
41.1656499257711346
42.1569963363335489
43.1483676459013807
44.1397619554506733
45.1311775513148845
46.1226128834472178
47.1140665465919071
48.1055372639274594
