0.0000000000000000
0.2336866080577911
0.8620889765438732
1.6509299218733333
2.4396016246253001
3.2289330125696609
4.0186405637226015
4.8085716837075152
5.5986454034929887
6.3888155672855973
7.1790540319728979
7.9693426605612121
8.7596692294542091
9.5500251944086898
10.3404044001147515
11.1308022984174233
11.9212154552710636
12.7116412289983902
13.5020775540985802
14.2925227922437550
15.0829756272743865
15.8734349897305460
16.6639000016555414
17.4543699355858024
18.2448441836470643
19.0353222339646351
19.8258036524454972
20.6162880685544287
21.4067751641028465
22.1972646643272036
22.9877563307306048
23.7782499552970599
24.5687453557761728
25.3592423718168654
26.1497408617775235
26.9402407000772826
27.7307417749830236
28.5212439867553478
29.3117472460816657
30.1022514727495114
30.8927565945177598
31.6832625461509991
32.4737692685922426
33.2642767082466690
34.0547848163675013
34.8452935485192938
35.6358028641122289
36.4263127259951105
37.2168231001000507
38.0073339551278195
