0.0000000000000000
0.0078072266443566
0.0106538807410345
0.0045844873434633
0.0029874599831989
0.0022247298326536
0.0017743267420730
0.0014761660881690
0.0012639523028112
0.0011051047363960
0.0009816986508681
0.0008830429269559
0.0008023600735045
0.0007351432959331
0.0006782779936855
0.0006295422090601
0.0005873079530002
0.0005503550198074
0.0005177507503471
0.0004887699941076
0.0004628404097037
0.0004395042097589
0.0004183908551872
0.0003991972076135
0.0003816728659464
0.0003656091727004
0.0003508308611563
0.0003371896315445
0.0003245591556359
0.0003128311523348
0.0003019122755657
0.0002917216248011
0.0002821887375582
0.0002732519583879
0.0002648571044615
0.0002569563666735
0.0002495073991440
0.0002424725604798
0.0002358182780780
0.0002295145128039
0.0002235343060244
0.0002178533945853
0.0002124498821301
0.0002073039573703
0.0002023976516651
0.0001977146296548
0.0001932400078078
0.0001889601966329
0.0001848627630335
0.0001809363098643
