0.0000000000000000
0.0214493368161871
0.1068254065396189
0.2394509951293675
0.3631572371695401
0.4565636996598073
0.5197584042742096
0.5594889410130020
0.5825213944989419
0.5940510461382087
0.5977509087246763
0.5961490836662173
0.5909762169563236
0.5834208286151804
0.5743042825734388
0.5641980522581520
0.5535020658678390
0.5424973276936281
0.5313815842126088
0.5202937555130588
0.5093308550358475
0.4985598330201808
0.4880259508103559
0.4777587577854198
0.4677763936340346
0.4580887088182580
0.4486995430112108
0.4396083982481956
0.4308116733946862
0.4223035782890676
0.4140768123917453
0.4061230692479660
0.3984334114133986
0.3909985485924735
0.3838090431704854
0.3768554611019594
0.3701284815723374
0.3636189755055712
0.3573180605130469
0.3512171380346029
0.3453079170405500
0.3395824276238066
0.3340330270245396
0.3286524000326778
0.3234335552581837
0.3183698184108748
0.3134548234640082
0.3086825023705163
0.3040470738419100
0.2995430315777061
