0.0000000000000000
3655764.9614943973720074
15107530.4208814036101103
30832040.9795733541250229
46708746.8631767854094505
62611754.9076153039932251
78524397.2529907375574112
94441685.5152892023324966
110361579.6735351979732513
126283084.9027031809091568
142205656.7584625184535980
158128971.7470159232616425
174052825.3876248598098755
189977082.0176338851451874
205901648.0547900795936584
221826456.8392371237277985
237751459.5931311845779419
253676619.7966820895671844
269601909.5625619888305664
285527307.2260212898254395
301452795.7000963091850281
317378361.3265671133995056
333303993.0566291213035583
349229681.8558963537216187
365155420.2651525139808655
381081202.0712823867797852
397007022.0574191808700562
412932875.8108874559402466
428858759.5739769935607910
444784670.1267243027687073
460710604.6940101385116577
476636560.8713240623474121
492562536.5648452043533325
508488529.9428426027297974
524414539.3959000110626221
540340563.5041767358779907
556266601.0102887153625488
572192650.7966994047164917
588118711.8668446540832520
604044783.3291425704956055
619970864.3835451602935791
635896954.3100944757461548
651823052.4591202735900879
667749158.2428851127624512
683675271.1283696889877319
699601390.6310486793518066
715527516.3094829320907593
731453647.7606730461120605
747379784.6159261465072632
763305926.5372775793075562
