0.0000000000000000
0.0000000000001496
0.0000000000006536
0.0000000000011744
0.0000000000013888
0.0000000000014350
0.0000000000014116
0.0000000000013610
0.0000000000013011
0.0000000000012398
0.0000000000011803
0.0000000000011242
0.0000000000010718
0.0000000000010232
0.0000000000009782
0.0000000000009367
0.0000000000008982
0.0000000000008626
0.0000000000008296
0.0000000000007988
0.0000000000007702
0.0000000000007435
0.0000000000007185
0.0000000000006951
0.0000000000006732
0.0000000000006525
0.0000000000006331
0.0000000000006147
0.0000000000005974
0.0000000000005810
0.0000000000005655
0.0000000000005507
0.0000000000005367
0.0000000000005234
0.0000000000005107
0.0000000000004986
0.0000000000004871
0.0000000000004760
0.0000000000004655
0.0000000000004554
0.0000000000004457
0.0000000000004364
0.0000000000004275
0.0000000000004190
0.0000000000004107
0.0000000000004028
0.0000000000003952
0.0000000000003878
0.0000000000003808
0.0000000000003739
