0.0000000000000000
0.0000000498190461
0.0000000664304992
0.0000000265749902
0.0000000170773915
0.0000000126444124
0.0000000100535166
0.0000000083483296
0.0000000071391701
0.0000000062363933
0.0000000055363421
0.0000000049774778
0.0000000045209247
0.0000000041409016
0.0000000038196295
0.0000000035444469
0.0000000033060905
0.0000000030976258
0.0000000029137577
0.0000000027503731
0.0000000026042282
0.0000000024727300
0.0000000023537810
0.0000000022456663
0.0000000021469698
0.0000000020565121
0.0000000019733029
0.0000000018965045
0.0000000018254035
0.0000000017593888
0.0000000016979335
0.0000000016405812
0.0000000015869343
0.0000000015366451
0.0000000014894081
0.0000000014449537
0.0000000014030433
0.0000000013634646
0.0000000013260285
0.0000000012905656
0.0000000012569242
0.0000000012249674
0.0000000011945720
0.0000000011656264
0.0000000011380294
0.0000000011116889
0.0000000010865211
0.0000000010624496
0.0000000010394044
0.0000000010173212
