0.0000000000000000
0.0000002733749488
0.0000003663071104
0.0000001488420997
0.0000000958719945
0.0000000710456320
0.0000000565110942
0.0000000469368341
0.0000000401441422
0.0000000350709375
0.0000000311360807
0.0000000279943141
0.0000000254274146
0.0000000232906077
0.0000000214840270
0.0000000199365362
0.0000000185960815
0.0000000174236895
0.0000000163895987
0.0000000154706874
0.0000000146487194
0.0000000139091170
0.0000000132400874
0.0000000126319875
0.0000000120768553
0.0000000115680586
0.0000000111000284
0.0000000106680542
0.0000000102681245
0.0000000098968017
0.0000000095511231
0.0000000092285216
0.0000000089267616
0.0000000086438874
0.0000000083781807
0.0000000081281254
0.0000000078923790
0.0000000076697481
0.0000000074591686
0.0000000072596885
0.0000000070704534
0.0000000068906945
0.0000000067197180
0.0000000065568963
0.0000000064016602
0.0000000062534921
0.0000000061119208
0.0000000059765157
0.0000000058468832
0.0000000057226622
