0.0000000000000000
0.0000887685560708
0.0001244942619139
0.0000580788696207
0.0000386070005311
0.0000290167037588
0.0000232652617361
0.0000194220659404
0.0000166695007190
0.0000145998986583
0.0000129866801066
0.0000116936766246
0.0000106340607807
0.0000097498273131
0.0000090007384366
0.0000083579992579
0.0000078004573058
0.0000073122233850
0.0000068811296121
0.0000064976997998
0.0000061544439084
0.0000058453634471
0.0000055655977107
0.0000053111661679
0.0000050787778273
0.0000048656881024
0.0000046695899156
0.0000044885298518
0.0000043208428847
0.0000041651010465
0.0000040200726867
0.0000038846898528
0.0000037580219681
0.0000036392544294
0.0000035276710857
0.0000034226398005
0.0000033236004825
0.0000032300551059
0.0000031415593449
0.0000030577155260
0.0000029781666617
0.0000029025913769
0.0000028306995765
0.0000027622287301
0.0000026969406739
0.0000026346188480
0.0000025750659013
0.0000025181016079
0.0000024635610490
0.0000024112930218
