0.0000000000000000
920.2632821912870895
2556.1371544928588264
3198.6911207516154718
2964.6317453107858455
2653.5802480112215562
2376.5685371594740900
2143.7381623673072681
1949.2012381088095481
1785.5579486208391700
1646.5249310103758944
1527.1779341096937515
1423.7276895508207417
1333.2551443500619825
1253.4934668799392057
1182.6637805285024569
1119.3545868669966694
1062.4336446547290507
1010.9832712283342744
964.2524358647334566
921.6209275206465463
882.5722687951878243
846.6730247005189085
813.5568345121773746
782.9119680096931688
754.4715383485149687
728.0057371151517600
703.3156230865241696
680.2281154048686176
658.5919283021491992
638.2742477690513851
619.1579973002067163
601.1395746856645701
584.1269680110968920
568.0381788834878307
552.7998960671011446
538.3463743893520359
524.6184828262953488
511.5628927405199988
499.1313827923490294
487.2802414303986893
475.9697513532960329
465.1637431215609695
454.8292073384253627
444.9359566282263927
435.4563301097375074
426.3649342601137846
417.6384150468011853
409.2552570121953863
401.1956056632295713
