0.0000000000000000
0.0000000448921434
0.0000001854460583
0.0000003784304891
0.0000005733256982
0.0000007685550259
0.0000009639070447
0.0000011593182878
0.0000013547627670
0.0000015502278004
0.0000017457064445
0.0000019411945726
0.0000021366895759
0.0000023321897231
0.0000025276938199
0.0000027232010155
0.0000029187106873
0.0000031142223691
0.0000033097357049
0.0000035052504181
0.0000037007662907
0.0000038962831482
0.0000040918008496
0.0000042873192795
0.0000044828383428
0.0000046783579601
0.0000048738780648
0.0000050693986005
0.0000052649195193
0.0000054604407801
0.0000056559623475
0.0000058514841907
0.0000060470062831
0.0000062425286012
0.0000064380511244
0.0000066335738348
0.0000068290967162
0.0000070246197543
0.0000072201429365
0.0000074156662513
0.0000076111896885
0.0000078067132390
0.0000080022368944
0.0000081977606473
0.0000083932844908
0.0000085888084188
0.0000087843324256
0.0000089798565061
0.0000091753806556
0.0000093709048697
