0.0000000000000000
1.5761381629229685
2.1016119853135407
0.8406493886670734
0.5402067680422998
0.3999780886554244
0.3180205237301532
0.2640806163973222
0.2258315141539373
0.1972741756116975
0.1751296172647953
0.1574512002340469
0.1430091734676967
0.1309880005212841
0.1208252823300758
0.1121205040513936
0.1045806402950893
0.0979863308241419
0.0921700823200881
0.0870017834266698
0.0823788203541329
0.0782191730699568
0.0744564931342656
0.0710365295571993
0.0679144905818707
0.0650530673060460
0.0624209331392859
0.0599915905489450
0.0577424747741322
0.0556542500789322
0.0537102519446498
0.0518960410633232
0.0501990438280914
0.0486082603579306
0.0471140257020214
0.0457078132539922
0.0443820719188388
0.0431300904583655
0.0419458838650025
0.0408240977000141
0.0397599271670827
0.0387490483390752
0.0377875594603857
0.0368719306435251
0.0359989605918586
0.0351657392294568
0.0343696153181929
0.0336081683023921
0.0328791837507919
0.0321806318707080
