0.0000000000000000
118.1841109645459369
157.5887323670357603
63.0393775115349939
40.5096874560342073
29.9940837957664748
23.8481543177184037
19.8032407470172593
16.9349671165938105
14.7934712723987243
13.1328651254319517
11.8071717986100726
10.7241731944055818
9.8227128261784564
9.0606167816586485
8.4078507254313521
7.8424408786013053
7.3479375604703723
6.9117805550460458
6.5242128945736217
6.1775396356382117
5.8656101472553086
5.5834490010749933
5.3269879488074361
5.0928680840612897
4.8782916350194450
4.6809094396962401
4.4987344641567812
4.3300745905947080
4.1734798438044765
4.0277005615269559
3.8916539487005060
3.7643971180564426
3.6451051950740747
3.5330534108430225
3.4276023602175010
3.3281857910631807
3.2343004316042383
3.1454974696648565
3.0613753790494207
2.9815738509194931
2.9057686365302708
2.8336671455287648
2.7650046737311804
2.6995411577868786
2.6370583728133719
2.5773575040217342
2.5202570353636458
2.4655909079386626
2.4132069087843160
