0.0000000000000000
499.1872606936897228
700.0896750796538299
326.6047473726947601
217.1052869592713819
163.1745463133262888
130.8314879661450902
109.2193939265459619
93.7404275725658636
82.1020836681506125
73.0301984717473260
65.7590329282893862
59.8003156310692248
54.8278557644863582
50.6153773730857495
47.0009532556279268
43.8656331364327343
41.1200646121100348
38.6958219620666384
36.5396161373731516
34.6093271276754706
32.8712226049789038
31.2979685407764485
29.8671805399416037
28.5603518128347140
27.3620482603472972
26.2592961033087029
25.2411103712501621
24.2981278389150042
23.4223183745578822
22.6067558273753662
21.8454346008736628
21.1331216246675275
20.4652360024508937
19.8377504811693157
19.2471102606109739
18.6901656842780035
18.1641161192190594
17.6664629132477202
17.1949697614518371
16.7476291552940353
16.3226338523328742
15.9183525113463773
15.5333088001876991
15.1661634122828826
14.8156985300370305
14.4808043553239045
14.1604673931554075
13.8537602279565792
13.5598325752059292
