0.0000000000000000
0.0000210177542932
0.0000280249052504
0.0000112099903937
0.0000072036111703
0.0000053336733534
0.0000042407761710
0.0000035214921235
0.0000030114436363
0.0000026306339919
0.0000023353382219
0.0000020995980622
0.0000019070148877
0.0000017467135897
0.0000016111946250
0.0000014951171629
0.0000013945737350
0.0000013066391914
0.0000012290800234
0.0000011601612071
0.0000010985143967
0.0000010430458620
0.0000009928708525
0.0000009472659358
0.0000009056338177
0.0000008674769874
0.0000008323777074
0.0000007999826354
0.0000007699908723
0.0000007421445778
0.0000007162215319
0.0000006920291877
0.0000006693998774
0.0000006481869183
0.0000006282614293
0.0000006095097087
0.0000005918310634
0.0000005751359997
0.0000005593447079
0.0000005443857871
0.0000005301951657
0.0000005167151845
0.0000005038938141
0.0000004916839835
0.0000004800430039
0.0000004689320696
0.0000004583158266
0.0000004481619969
0.0000004384410514
0.0000004291259229
