0.0000000000000000
0.0000000047334665
0.0000000195246478
0.0000000397881023
0.0000000602208155
0.0000000806818454
0.0000001011531780
0.0000001216294647
0.0000001421085260
0.0000001625893010
0.0000001830712100
0.0000002035539088
0.0000002240371798
0.0000002445208789
0.0000002650049066
0.0000002854891921
0.0000003059736836
0.0000003264583423
0.0000003469431385
0.0000003674280494
0.0000003879130566
0.0000004083981458
0.0000004288833051
0.0000004493685251
0.0000004698537977
0.0000004903391165
0.0000005108244757
0.0000005313098708
0.0000005517952978
0.0000005722807532
0.0000005927662342
0.0000006132517381
0.0000006337372627
0.0000006542228060
0.0000006747083665
0.0000006951939425
0.0000007156795328
0.0000007361651361
0.0000007566507513
0.0000007771363776
0.0000007976220141
0.0000008181076601
0.0000008385933147
0.0000008590789775
0.0000008795646478
0.0000009000503251
0.0000009205360090
0.0000009410216990
0.0000009615073948
0.0000009819930959
