0.0000000000000000
0.0000001124143148
0.0000001513216889
0.0000000623936711
0.0000000402956834
0.0000000298932311
0.0000000237913243
0.0000000197674217
0.0000000169105473
0.0000000147758153
0.0000000131195012
0.0000000117966785
0.0000000107156837
0.0000000098156725
0.0000000090546564
0.0000000084027160
0.0000000078379516
0.0000000073439627
0.0000000069082228
0.0000000065209984
0.0000000061746115
0.0000000058629238
0.0000000055809690
0.0000000053246858
0.0000000050907205
0.0000000048762794
0.0000000046790168
0.0000000044969480
0.0000000043283830
0.0000000041718735
0.0000000040261713
0.0000000038901946
0.0000000037630014
0.0000000036437678
0.0000000035317696
0.0000000034263679
0.0000000033269969
0.0000000032331538
0.0000000031443902
0.0000000030603047
0.0000000029805375
0.0000000029047643
0.0000000028326929
0.0000000027640588
0.0000000026986219
0.0000000026361643
0.0000000025764873
0.0000000025194094
0.0000000024647646
0.0000000024124009
