0.0000000000000000
49841.2041345711622853
66458.1209022734983591
26583.6379901243599306
17082.8307122576297843
12648.4149019188662351
10056.6905694279976160
8350.9615373263222864
7141.4190234324651101
6238.3568531519686076
5538.0845313683903441
4979.0439622844369296
4522.3470183457056919
4142.2041809321517576
3820.8308347174252049
3545.5615910957299093
3307.1301753566435764
3098.5998088547253246
2914.6738885472514085
2751.2379325942665673
2605.0470084044741270
2473.5074150684440610
2354.5210308800710663
2246.3722890440562878
2147.6447499417322433
2057.1586025708129455
1973.9232132203219408
1897.1006563817520600
1825.9773716991285255
1759.9419095443429342
1698.4672915888536409
1641.0969068415126912
1587.4331429567432679
1537.1281531668112166
1489.8763049013750788
1445.4079632004961695
1403.4843414809020032
1363.8932117623216982
1326.4453114924574493
1290.9713184555782846
1257.3192916547309324
1225.3524965112255813
1194.9475486818118952
1165.9928233252626342
1138.3870865552328269
1112.0383136924031078
1086.8626652272598676
1062.7835964697371764
1039.7310809558400706
1017.6409310059701738
