0.0000000000000000
224765.5043833223171532
311710.5133661699946970
140796.0475160448695533
92823.7883517709415173
69492.5252934891323093
55590.7302931491794880
46338.3373728657606989
39729.5051101380086038
34770.1207527653241414
30910.0294200565804204
27819.6668160177723621
25289.4139707393915160
23179.5153225590984221
21393.1824581484288501
19861.2461952059820760
18532.9538363866377040
17370.2186140924677602
16343.8984620478331635
15431.3145853947989963
14614.5530463814557152
13879.2753867537976475
13213.8686964043845364
12608.8271992316513206
12056.2949546851796185
11549.7227284011223674
11083.6070983130393870
10653.2896807589750097
10254.8009082021690119
9884.7372341506979865
9540.1637066390121618
9218.5359983923444815
8917.6375058203375374
8635.5282247537288640
8370.5029080377280479
8121.0565964679626632
7885.8560502929203722
7663.7159354192881437
7453.5788659275003738
7254.4985934238211485
7065.6257791232228556
6886.1958972489092048
6715.5189063163816172
6552.9703940155759483
6397.9839560954715125
6250.0446131680100734
6108.6831041705554526
5973.4709232388895543
5844.0159893995696621
5719.9588569013112647
