0.0000000000000000
460178.7207826485973783
654481.7967816138407215
317408.5934865404851735
213155.7327360421186313
161006.3487542371149175
129477.5942413515876979
108302.4569772001850652
93083.3605473252391675
81611.1806956960499519
72651.4520025327365147
65459.2463201048158226
59558.0285862626187736
54628.6189432470346219
50449.1296920910899644
46860.4886169864766998
43745.6644735413865419
41016.6312810478993924
38605.9025688678229926
36460.8686006518473732
34539.9099459542630939
32809.6693366426115972
31243.0979786562529625
29818.0313346003567858
28516.1341587371462083
27322.1076938299447647
26223.0860312768199947
25208.1709824235258566
24268.0697414877104165
23394.8097756072711491
22581.5123955098570150
21822.2113824485677469
21111.7065465628329548
20445.4446114364218374
19819.4216550500495941
19230.1026889566346654
18674.3549630387060461
18149.3923383856235887
17652.7286430444401049
17182.1383626380338683
16735.6233545590184804
16311.3845357028640137
15907.7976978106689785
15523.3927650326895673
15156.8359353744253895
14806.9142488449069788
14472.5222061269523692
14152.6501267824878596
13846.3739887719602848
13552.8465339603299071
