0.0000000000000000
0.0000000015737410
0.0000000020984534
0.0000000008394331
0.0000000005394275
0.0000000003994016
0.0000000003175623
0.0000000002637002
0.0000000002255062
0.0000000001969900
0.0000000001748774
0.0000000001572244
0.0000000001428032
0.0000000001307994
0.0000000001206513
0.0000000001119590
0.0000000001044300
0.0000000000978452
0.0000000000920374
0.0000000000868765
0.0000000000822602
0.0000000000781065
0.0000000000743493
0.0000000000709342
0.0000000000678167
0.0000000000649594
0.0000000000623310
0.0000000000599052
0.0000000000576593
0.0000000000555741
0.0000000000536329
0.0000000000518213
0.0000000000501268
0.0000000000485383
0.0000000000470462
0.0000000000456420
0.0000000000443182
0.0000000000430680
0.0000000000418855
0.0000000000407653
0.0000000000397027
0.0000000000386932
0.0000000000377331
0.0000000000368188
0.0000000000359471
0.0000000000351151
0.0000000000343201
0.0000000000335598
0.0000000000328318
0.0000000000321343
