0.0000000000000000
0.0000088518560625
0.0000118064003025
0.0000047268423348
0.0000030377317938
0.0000022492363666
0.0000017883729499
0.0000014850517210
0.0000012699623445
0.0000011093723312
0.0000009848435190
0.0000008854295094
0.0000008042150488
0.0000007366140969
0.0000006794640725
0.0000006305127197
0.0000005881122333
0.0000005510290546
0.0000005183212932
0.0000004892572731
0.0000004632599486
0.0000004398680821
0.0000004187085642
0.0000003994763151
0.0000003819194486
0.0000003658281583
0.0000003510262790
0.0000003373648019
0.0000003247168337
0.0000003129736400
0.0000003020415075
0.0000002918392366
0.0000002822961195
0.0000002733502982
0.0000002649474217
0.0000002570395403
0.0000002495841905
0.0000002425436314
0.0000002358842061
0.0000002295758040
0.0000002235914050
0.0000002179066936
0.0000002124997280
0.0000002073506578
0.0000002024414806
0.0000001977558314
0.0000001932788008
0.0000001889967769
0.0000001848973067
0.0000001809689756
