0.0000000000000000
24667426.7371630705893040
101892355.9383682310581207
207822894.5260843932628632
314687355.7526680827140808
421709797.7616377472877502
528789851.7005853652954102
635897635.3373764753341675
743020956.4325011968612671
850153877.2280001640319824
957293150.9052470922470093
1064436849.4362586736679077
1171583754.6312706470489502
1278733058.5353384017944336
1385884203.9377944469451904
1493036793.9993157386779785
1600190538.3738076686859131
1707345219.7016711235046387
1814500672.0145750045776367
1921656766.3843467235565186
2028813401.1296699047088623
2135970494.9754943847656250
2243127982.1758503913879395
2350285808.9723749160766602
2457443930.9800214767456055
2564602311.2287297248840332
2671760918.6764678955078125
2778919727.0664744377136230
2886078714.0390572547912598
2993237860.4342889785766602
3100397149.7391877174377441
3207556567.6458392143249512
3314716101.6950588226318359
3421875740.9871339797973633
3529035475.9451041221618652
3636195298.1200547218322754
3743355200.0297489166259766
3850515175.0240812301635742
3957675217.1726946830749512
4064835321.1699519157409668
4171995482.2549333572387695
4279155696.1431822776794434
4386315958.9685373306274414
4493476267.2334432601928711
4600636617.7657785415649414
4707797007.6820917129516602
4814957434.3553848266601562
4922117895.3873062133789062
5029278388.5835800170898438
5136438911.9329948425292969
