0.0000000000000000
0.0000001861211228
0.0000007661406975
0.0000015605324936
0.0000023625699769
0.0000031660174200
0.0000039699889716
0.0000047742147392
0.0000055785834948
0.0000063830407808
0.0000071875567262
0.0000079921135585
0.0000087967000343
0.0000096013086903
0.0000104059343763
0.0000112105734232
0.0000120152231458
0.0000128198815335
0.0000136245470510
0.0000144292185056
0.0000152338949564
0.0000160385756516
0.0000168432599831
0.0000176479474534
0.0000184526376520
0.0000192573302369
0.0000200620249211
0.0000208667214617
0.0000216714196520
0.0000224761193147
0.0000232808202973
0.0000240855224674
0.0000248902257098
0.0000256949299238
0.0000264996350210
0.0000273043409232
0.0000281090475612
0.0000289137548737
0.0000297184628059
0.0000305231713087
0.0000313278803382
0.0000321325898547
0.0000329372998227
0.0000337420102097
0.0000345467209865
0.0000353514321266
0.0000361561436055
0.0000369608554012
0.0000377655674935
0.0000385702798637
