0.0000000000000000
0.0000000000168497
0.0000000000544186
0.0000000000959216
0.0000000001376379
0.0000000001795774
0.0000000002216316
0.0000000002637507
0.0000000003059100
0.0000000003480957
0.0000000003902999
0.0000000004325174
0.0000000004747449
0.0000000005169801
0.0000000005592213
0.0000000006014673
0.0000000006437171
0.0000000006859702
0.0000000007282259
0.0000000007704838
0.0000000008127436
0.0000000008550051
0.0000000008972679
0.0000000009395319
0.0000000009817970
0.0000000010240630
0.0000000010663298
0.0000000011085974
0.0000000011508655
0.0000000011931343
0.0000000012354036
0.0000000012776733
0.0000000013199435
0.0000000013622141
0.0000000014044850
0.0000000014467562
0.0000000014890277
0.0000000015312995
0.0000000015735715
0.0000000016158437
0.0000000016581162
0.0000000017003888
0.0000000017426617
0.0000000017849346
0.0000000018272078
0.0000000018694811
0.0000000019117545
0.0000000019540281
0.0000000019963017
0.0000000020385755
