0.0000000000000000
11.3236187988976233
46.7032431894975133
95.1688529342789309
144.0387156936059796
192.9761244625381096
241.9381037907535301
290.9118972185755752
339.8923068806905690
388.8768031525719380
437.8640033907684028
486.8530867678995833
535.8435347479490929
584.8350034559092592
633.8272557556904303
682.8201227713038861
731.8134809503760607
780.8072378016605626
829.8013227035798991
878.7956807965608732
927.7902688151915527
976.7850521772751335
1025.7800029083505251
1074.7750981346960089
1123.7703189709673097
1172.7656496867966780
1221.7610770741764554
1270.7565899611663554
1319.7521788340015974
1368.7478355403568457
1417.7435530541588378
1466.7393252875751841
1515.7351469393290699
1564.7310133717001008
1613.7269205098391467
1662.7228647587628529
1711.7188429348630052
1760.7148522085840341
1809.7108900565704062
1858.7069542213464501
1907.7030426771250404
1956.6991536009577430
2005.6952853477721419
2054.6914364293420476
2103.6876054959916473
2152.6837913208000828
2201.6799927859633499
2250.6762088710129319
2299.6724386422865791
2348.6686812440157155
