0.0000000000000000
23.5000308536026097
97.1084898273065136
198.1261947092033893
300.0616731215446293
402.1532268543521695
504.3017600914432705
606.4777320006446644
708.6690824842057737
810.8699360797565987
913.0770793029331571
1015.2886036272834644
1117.5033030563265584
1219.7203776619671771
1321.9392757395746685
1424.1596043557558460
1526.3810760139629110
1628.6034754833142415
1730.8266384182875299
1833.0504371499439458
1935.2747709891682462
2037.4995594535441796
2139.7247374379749090
2241.9502517079481549
2344.1760583108643914
2446.4021206368174717
2548.6284079461293004
2650.8548942378379252
2753.0815573700187997
2855.3083783694282829
2957.5353408839641816
3059.7624307450691958
3161.9896356150120482
3264.2169447002743254
3366.4443485172960209
3468.6718386994771208
3570.8994078375294521
3673.1270493462247941
3775.3547573530213413
3877.5825266040178576
3979.8103523847403267
4082.0382304525778636
4184.2661569790916474
4286.4941285008244449
4388.7221418765739145
4490.9501942511569723
4593.1782830231722983
4695.4064058175772516
4797.6345604616908531
4899.8627449639170663
