0.0000000000000000
0.0000000467903575
0.0000000737847094
0.0000000455918924
0.0000000327721734
0.0000000256247434
0.0000000210532758
0.0000000178714604
0.0000000155265789
0.0000000137256026
0.0000000122983913
0.0000000111392510
0.0000000101789973
0.0000000093704145
0.0000000086801618
0.0000000080840176
0.0000000075639566
0.0000000071062853
0.0000000067004129
0.0000000063380188
0.0000000060124747
0.0000000057184352
0.0000000054515411
0.0000000052082022
0.0000000049854347
0.0000000047807383
0.0000000045920021
0.0000000044174316
0.0000000042554915
0.0000000041048608
0.0000000039643961
0.0000000038331034
0.0000000037101139
0.0000000035946653
0.0000000034860857
0.0000000033837808
0.0000000032872228
0.0000000031959415
0.0000000031095166
0.0000000030275713
0.0000000029497667
0.0000000028757972
0.0000000028053868
0.0000000027382850
0.0000000026742645
0.0000000026131182
0.0000000025546573
0.0000000024987090
0.0000000024451151
0.0000000023937305
