0.0000000000000000
0.0000001124166256
0.0000001513242333
0.0000000623939790
0.0000000402957914
0.0000000298932835
0.0000000237913540
0.0000000197674404
0.0000000169105597
0.0000000147758240
0.0000000131195075
0.0000000117966833
0.0000000107156873
0.0000000098156753
0.0000000090546586
0.0000000084027178
0.0000000078379531
0.0000000073439639
0.0000000069082238
0.0000000065209993
0.0000000061746123
0.0000000058629245
0.0000000055809696
0.0000000053246863
0.0000000050907209
0.0000000048762798
0.0000000046790171
0.0000000044969483
0.0000000043283833
0.0000000041718738
0.0000000040261715
0.0000000038901948
0.0000000037630016
0.0000000036437680
0.0000000035317697
0.0000000034263680
0.0000000033269970
0.0000000032331539
0.0000000031443903
0.0000000030603048
0.0000000029805376
0.0000000029047644
0.0000000028326930
0.0000000027640589
0.0000000026986220
0.0000000026361644
0.0000000025764873
0.0000000025194094
0.0000000024647647
0.0000000024124010
