0.0000000000000000
316350.8206284486223012
481381.3040423882775940
275670.9573839665390551
193839.7389553955872543
149856.8444148955750279
122251.0515925152867567
103264.2717294915782986
89388.0742642831610283
78796.9900436568423174
70444.9346797361795325
63688.4215320449220599
58109.4828577329244581
53424.6549960707197897
49434.8173646097347955
45995.9524983664377942
43001.2966396963602165
40370.0140490654594032
38039.7702657678601099
35961.7219375222557574
34097.0522965654236032
32414.5227802262816112
30888.7090712860153872
29498.7081585298874415
28227.1758602042900748
27059.6002529816869355
25983.7461701716711104
24989.2255370338243665
24067.1614868096949067
23209.9232091905068955
22410.9147389647769160
21664.4053003729095508
20965.3919698626996251
20309.4876948385972355
19692.8293693144441932
19112.0018965227136505
18563.9750859195664816
18046.0509231190117134
17555.8192764658924716
17091.1205063327543030
16650.0137539132847451
16230.7499279084604495
15831.7485967267384694
15451.5781429711569217
15088.9386552758405742
14742.6471269167559512
14411.6246063282032992
14094.8850057017698418
13791.5253233269922930
13500.7170756354553305
