0.0000000000000000
0.0000000877377384
0.0000003618262550
0.0000007377566536
0.0000011174191812
0.0000014977560569
0.0000018783423745
0.0000022590494489
0.0000026398243848
0.0000030206413190
0.0000034014860755
0.0000037823502235
0.0000041632284304
0.0000045441171572
0.0000049250139615
0.0000053059171035
0.0000056868253099
0.0000060677376271
0.0000064486533271
0.0000068295718440
0.0000072104927318
0.0000075914156337
0.0000079723402613
0.0000083532663785
0.0000087341937908
0.0000091151223357
0.0000094960518771
0.0000098769822998
0.0000102579135057
0.0000106388454106
0.0000110197779421
0.0000114007110375
0.0000117816446421
0.0000121625787081
0.0000125435131935
0.0000129244480611
0.0000133053832782
0.0000136863188157
0.0000140672546475
0.0000144481907503
0.0000148291271032
0.0000152100636876
0.0000155910004864
0.0000159719374842
0.0000163528746673
0.0000167338120229
0.0000171147495395
0.0000174956872066
0.0000178766250146
0.0000182575629547
