0.0000000000000000
0.0000000690100106
0.0000001916832449
0.0000002398679948
0.0000002223160177
0.0000001989904461
0.0000001782174983
0.0000001607576833
0.0000001461694720
0.0000001338979565
0.0000001234719511
0.0000001145221889
0.0000001067645149
0.0000000999800312
0.0000000939987492
0.0000000886872720
0.0000000839397522
0.0000000796712837
0.0000000758130500
0.0000000723087318
0.0000000691118196
0.0000000661835833
0.0000000634915198
0.0000000610081559
0.0000000587101151
0.0000000565773837
0.0000000545927286
0.0000000527412313
0.0000000510099124
0.0000000493874273
0.0000000478638162
0.0000000464302997
0.0000000450791086
0.0000000438033431
0.0000000425968541
0.0000000414541441
0.0000000403702829
0.0000000393408362
0.0000000383618051
0.0000000374295733
0.0000000365408631
0.0000000356926960
0.0000000348823597
0.0000000341073789
0.0000000333654897
0.0000000326546180
0.0000000319728595
0.0000000313184629
0.0000000306898147
0.0000000300854261
