0.0000000000000000
5.5499217259990781
8.0330454917743861
4.0806626233437653
2.7748190338446248
2.1090326543222515
1.7024670362405177
1.4276753757990481
1.2292999715268902
1.0792743518949224
0.9618098249203172
0.8673300180500817
0.7896839741401618
0.7247381983163789
0.6696112736699978
0.6222327161165516
0.5810762323813701
0.5449918463113315
0.5130965968097074
0.4847012609772468
0.4592599637300346
0.4363347431914568
0.4155701352245775
0.3966746196420953
0.3794068592458051
0.3635653465156247
0.3489805122748832
0.3355086392224777
0.3230271163420643
0.3114307017154467
0.3006285522730849
0.2905418429183843
0.2811018429465191
0.2722483504600764
0.2639284093862753
0.2560952513186796
0.2487074175237817
0.2417280263120708
0.2351241584495488
0.2288663390019765
0.2229280984095573
0.2172855990095253
0.2119173158978750
0.2068037631251741
0.2019272578875701
0.1972717167011111
0.1928224786105360
0.1885661513399846
0.1844904769859823
0.1805842144169660
