0.0000000000000000
263202.1763513524201699
415049.1069533519330435
256460.6457261703617405
184347.9685733570368029
144142.6950373615836725
118427.5631387672328856
100529.4151343412086135
87339.1353696690202923
77208.3963072783080861
69180.1374809094995726
62659.8143807180822478
57258.2555669440989732
52709.8663324750159518
48827.1003940413429518
45473.7073903890050133
42548.2931116936670151
39973.8292945111679728
37690.7411980455071898
35652.2244943097175565
33820.9946694194077281
32166.9820669539694791
30665.6662063305557240
29296.8515100934710063
28043.7536501860267890
26892.3082424707499740
25830.6411854350408248
24848.6581790566306154
23937.7232540883815091
23090.4045697838701017
22300.2716054817210534
21561.7320148956823687
20869.8993766921084898
20220.4852222589070152
19609.7102945421793265
19034.2311562704380776
18491.0791364233955392
17977.6092606347592664
17491.4573111026329570
17030.5035451183211990
16592.8418978575864458
16176.7537259939235810
15780.6853297471388942
15403.2286338570647786
15043.1045214062996820
14699.1484050102917536
14370.2976926342507795
14055.5808640194845793
13754.1079213404609618
13465.0620165497730341
