0.0000000000000000
0.0008723736886871
0.0012908770507556
0.0006928153050840
0.0004783110755571
0.0003663413599196
0.0002971214832587
0.0002499693720906
0.0002157418445711
0.0001897499925596
0.0001693343021142
0.0001528715016485
0.0001393137133059
0.0001279538565838
0.0001182973381288
0.0001099877232736
0.0001027616005109
0.0000964200711668
0.0000908101270945
0.0000858121310984
0.0000813311861625
0.0000772910528003
0.0000736297775736
0.0000702964960811
0.0000672490579267
0.0000644522371611
0.0000618763664158
0.0000594962821133
0.0000572905011054
0.0000552405715801
0.0000533305566644
0.0000515466201156
0.0000498766913021
0.0000483101923184
0.0000468378141911
0.0000454513321729
0.0000441434523855
0.0000429076837728
0.0000417382306239
0.0000406299019097
0.0000395780344428
0.0000385784274633
0.0000376272867161
0.0000367211764512
0.0000358569780669
0.0000350318543489
0.0000342432184403
0.0000334887068288
0.0000327661557572
0.0000320735805613
