0.0000000000000000
2.1965644100230954
9.0095515115381470
18.3145202102591398
27.7033733791284398
37.1080336772844745
46.5186030596919977
55.9320452201036247
65.3471049525751653
74.7631667065330845
84.1798925379974889
93.5970812757807096
103.0146056178242588
112.4323810500057021
121.8503492514128226
131.2684686714812017
140.6867089038615291
150.1050471837383782
159.5234661285462323
168.9419522357355845
178.3604948572004218
187.7790854827396174
197.1977172290798137
206.6163844687945641
216.0350825563654098
225.4538076229709418
234.8725564206622778
244.2913262026357302
253.7101146301613710
263.1289196995147108
272.5477396840891515
281.9665730880742558
291.3854186091542147
300.8042751082053883
310.2231415845126890
319.6420171553584169
329.0609010391594893
338.4797925413605526
347.8986910426629038
357.3175959891113962
366.7365068836843420
376.1554232791630739
385.5743447720685708
394.9932709974198701
404.4122016242544078
413.8311363517735231
423.2500749059636291
432.6690170366786106
442.0879625151180790
451.5069111315794999
