0.0000000000000000
0.0000000049034930
0.0000000237629101
0.0000000545261765
0.0000000871692304
0.0000001160886223
0.0000001392077561
0.0000001565848716
0.0000001690971621
0.0000001777610909
0.0000001834772713
0.0000001869695997
0.0000001887959852
0.0000001893786606
0.0000001890350603
0.0000001880036413
0.0000001864639176
0.0000001845515027
0.0000001823692493
0.0000001799954608
0.0000001774899488
0.0000001748985184
0.0000001722563047
0.0000001695902698
0.0000001669210837
0.0000001642645493
0.0000001616326886
0.0000001590345758
0.0000001564769799
0.0000001539648632
0.0000001515017686
0.0000001490901242
0.0000001467314812
0.0000001444267028
0.0000001421761126
0.0000001399796136
0.0000001378367814
0.0000001357469402
0.0000001337092219
0.0000001317226144
0.0000001297860000
0.0000001278981855
0.0000001260579274
0.0000001242639508
0.0000001225149652
0.0000001208096765
0.0000001191467974
0.0000001175250540
0.0000001159431925
0.0000001143999832
