0.0000000000000000
0.0000000021816024
0.0000000060596518
0.0000000075829085
0.0000000070280407
0.0000000062906531
0.0000000056339613
0.0000000050820069
0.0000000046208321
0.0000000042328947
0.0000000039032990
0.0000000036203716
0.0000000033751295
0.0000000031606527
0.0000000029715674
0.0000000028036565
0.0000000026535740
0.0000000025186355
0.0000000023966658
0.0000000022858844
0.0000000021848209
0.0000000020922510
0.0000000020071473
0.0000000019286411
0.0000000018559935
0.0000000017885718
0.0000000017258312
0.0000000016673001
0.0000000016125682
0.0000000015612768
0.0000000015131112
0.0000000014677936
0.0000000014250786
0.0000000013847481
0.0000000013466075
0.0000000013104832
0.0000000012762193
0.0000000012436756
0.0000000012127256
0.0000000011832551
0.0000000011551605
0.0000000011283475
0.0000000011027305
0.0000000010782311
0.0000000010547779
0.0000000010323052
0.0000000010107529
0.0000000009900656
0.0000000009701922
0.0000000009510858
