0.0000000000000000
0.0000032921685938
0.0000044925519875
0.0000019331967597
0.0000012597587312
0.0000009381289949
0.0000007482020238
0.0000006224729800
0.0000005329862018
0.0000004660030087
0.0000004139648577
0.0000003723634939
0.0000003383409699
0.0000003099968505
0.0000002860177641
0.0000002654667507
0.0000002476573162
0.0000002320749216
0.0000002183262812
0.0000002061056118
0.0000001951715673
0.0000001853311070
0.0000001764279809
0.0000001683343612
0.0000001609446580
0.0000001541708843
0.0000001479391332
0.0000001421868694
0.0000001368608224
0.0000001319153320
0.0000001273110359
0.0000001230138198
0.0000001189939708
0.0000001152254900
0.0000001116855294
0.0000001083539289
0.0000001052128318
0.0000001022463654
0.0000000994403729
0.0000000967821872
0.0000000942604404
0.0000000918649011
0.0000000895863360
0.0000000874163911
0.0000000853474893
0.0000000833727422
0.0000000814858738
0.0000000796811535
0.0000000779533387
0.0000000762976232
