0.0000000000000000
699022.2658816121984273
2889050.3488413444720209
5895669.6587826590985060
8930516.5895379483699799
11970197.5127928685396910
15011645.7456214539706707
18053945.5565119273960590
21096722.8165068663656712
24139795.1775976568460464
27183062.8791274614632130
30226466.6602125018835068
33269969.0685465708374977
36313545.2596847936511040
39357178.0972550809383392
42400855.3757347911596298
45444568.1643533781170845
48488309.7769778445363045
51532075.1081028655171394
54575860.1915334835648537
57619661.8991962745785713
60663477.7307452410459518
63707305.6635509282350540
66751144.0437586307525635
69794991.5058742463588715
72838846.9125204533338547
75882709.3086923062801361
78926577.8866045027971268
81970451.9583642482757568
85014330.9345202594995499
88058214.3070555031299591
91102101.6357913911342621
94145992.5374277830123901
97189886.6766399592161179
100233783.7588007748126984
103277683.5239845663309097
106321585.7420081496238708
109365490.2082880288362503
112409396.7403820604085922
115453305.1750711798667908
118497215.3658903986215591
121541127.1810355484485626
124585040.5015729665756226
127628955.2199032157659531
130672871.2384429574012756
133716788.4684894233942032
136760706.8292291760444641
139804626.2468776702880859
142848546.6539372801780701
145892467.9885405600070953
