0.0000000000000000
0.0000000000005334
0.0000000000026520
0.0000000000056522
0.0000000000079754
0.0000000000093873
0.0000000000101343
0.0000000000104634
0.0000000000105401
0.0000000000104663
0.0000000000103039
0.0000000000100904
0.0000000000098492
0.0000000000095947
0.0000000000093359
0.0000000000090786
0.0000000000088263
0.0000000000085811
0.0000000000083442
0.0000000000081163
0.0000000000078976
0.0000000000076880
0.0000000000074874
0.0000000000072956
0.0000000000071121
0.0000000000069366
0.0000000000067688
0.0000000000066083
0.0000000000064545
0.0000000000063073
0.0000000000061663
0.0000000000060310
0.0000000000059013
0.0000000000057767
0.0000000000056571
0.0000000000055421
0.0000000000054315
0.0000000000053250
0.0000000000052225
0.0000000000051237
0.0000000000050285
0.0000000000049366
0.0000000000048480
0.0000000000047623
0.0000000000046796
0.0000000000045996
0.0000000000045222
0.0000000000044473
0.0000000000043747
0.0000000000043045
