0.0000000000000000
0.0087587854256490
0.0117070745815375
0.0047190198068782
0.0030355546036761
0.0022483263859198
0.0017879011538095
0.0014847715202289
0.0012697795489198
0.0011092445790361
0.0009847494127453
0.0008853572570255
0.0008041576952672
0.0007365673104693
0.0006794250316731
0.0006304795167129
0.0005880835363715
0.0005510039084050
0.0005182989959276
0.0004892372981486
0.0004632418936960
0.0004398516345751
0.0004186934775735
0.0003994623924015
0.0003819065305865
0.0003658161146626
0.0003510150021999
0.0003373542021293
0.0003247068356631
0.0003129641796363
0.0003020325303113
0.0002918306957346
0.0002822879743923
0.0002733425135608
0.0002649399666493
0.0002570323878628
0.0002495773166385
0.0002425370148930
0.0002358778281257
0.0002295696475290
0.0002235854549504
0.0002179009361879
0.0002124941509387
0.0002073452499454
0.0002024362316496
0.0001977507320605
0.0001932738426652
0.0001889919521111
0.0001848926081141
0.0001809643966434
