0.0000000000000000
0.0000000000002740
0.0000000000005195
0.0000000000004361
0.0000000000003448
0.0000000000002834
0.0000000000002403
0.0000000000002085
0.0000000000001842
0.0000000000001649
0.0000000000001493
0.0000000000001364
0.0000000000001255
0.0000000000001163
0.0000000000001083
0.0000000000001013
0.0000000000000952
0.0000000000000897
0.0000000000000849
0.0000000000000805
0.0000000000000766
0.0000000000000730
0.0000000000000698
0.0000000000000668
0.0000000000000640
0.0000000000000615
0.0000000000000592
0.0000000000000570
0.0000000000000550
0.0000000000000531
0.0000000000000513
0.0000000000000497
0.0000000000000482
0.0000000000000467
0.0000000000000453
0.0000000000000440
0.0000000000000428
0.0000000000000417
0.0000000000000406
0.0000000000000395
0.0000000000000385
0.0000000000000376
0.0000000000000367
0.0000000000000358
0.0000000000000350
0.0000000000000342
0.0000000000000335
0.0000000000000328
0.0000000000000321
0.0000000000000314
