0.0000000000000000
21017.1597665845620213
28024.4294053459379938
11210.1954993773088063
7203.7622994696721435
5333.7893224717627163
4240.8697566853261378
3521.5704330224557452
3011.5109042764424885
2630.6929216593835008
2335.3906379272743834
2099.6452518280352706
1907.0577921213803165
1746.7529176584691868
1611.2309232869304196
1495.1508618780592315
1394.6051796340598230
1306.6686624486840174
1229.1077521335371330
1160.1873866264797925
1098.5391895797893085
1043.0694066601440682
992.8932674773324152
947.2873236578874412
905.6542676763821191
867.4965774412742121
832.3965062441528744
800.0007038774527928
770.0082644729419599
742.1613418912339739
716.2377112384432394
692.0448212760231854
669.4150002842609410
648.2015625106482730
628.2756237797951826
609.5234799808837352
591.8444356541585876
575.1489950086876206
559.3573466932047040
544.3980881258471527
530.2071463232608721
516.7268607949456509
503.9052007975471952
491.6950945282074485
480.0538520130793358
468.9426667684420522
458.3261839678359024
448.1721249844509884
438.4509599044540096
429.1356210088256944
