0.0000000000000000
662396.4557156370719895
883878.6150081052910537
354366.6372858632239513
227770.5809248012083117
168656.4631369299313519
134101.7494517549930606
111358.2381014858547132
95230.0958199206361314
83188.3240234240947757
73850.4946416001912439
66395.8559283503855113
60305.8953903773799539
55236.7413138880510814
50951.2531573308515362
47280.5478939300592174
44101.0656553113512928
41320.3081110761268064
38867.6473207384406123
36688.2181089601872372
34738.7502283164067194
32984.6572807075863238
31397.9612062954292924
29955.7851768389118661
28639.2411332678857434
27432.5963976726452529
26322.6409299439110328
25298.2010259172930091
24349.7613719093096734
23469.1682881815468136
22649.3945114411944814
21884.3511214558384381
21168.7359415923165216
20497.9104172713596199
19867.7989192867098609
19274.8058462846347538
18715.7469601846787555
18187.7921823484284687
17688.4176787812866678
17215.3655206566363631
16766.6095585422663135
16340.3264214626524335
15934.8707647013889073
15548.7540573544047220
15180.6263327261076483
14829.2604296862573392
14493.5383370950112294
14172.4393209390163975
13865.0295684171433095
13570.4531275444005587
