0.0000000000000000
664.6431415052335296
886.2332887415810774
354.4985112857396530
227.8032095641444812
168.6693241354072654
134.1081245782818598
111.3618622810925700
95.2323535708293605
83.1898259423001747
73.8515444151777416
66.3966185859055855
60.3064669371673645
55.2371807097101595
50.9515982457012981
47.2808238730252128
44.1012898320239088
41.3204926924350531
38.8678011172609530
36.6883476091511938
34.7388602963906123
32.9847516213448699
31.3980426812923135
29.9558560252546506
28.6393031272774721
27.4326509547308852
26.3226891947189294
25.2982439309610108
24.3497996831455801
23.4692026394063973
22.6494254307648397
21.8843790517711447
21.1687612565618082
20.4979334339213359
19.8678199080066094
19.2748250388258171
18.7157645561022896
18.1878083542247033
17.6884325764860257
17.2153792748420962
16.7666222835273615
16.3403382176233549
15.9348817204632045
15.5487642508604296
15.1806358332391813
14.8292692987735464
14.4935466296315916
14.1724470859627019
13.8650368498579244
13.5704599648500785
