0.0000000000000000
0.0000015657129206
0.0000030215342399
0.0000032111098448
0.0000039179490263
0.0000047728865863
0.0000056863190278
0.0000066277302530
0.0000075845497976
0.0000085507678124
0.0000095231371238
0.0000104997498291
0.0000114794092742
0.0000124613197292
0.0000134449308042
0.0000144298509664
0.0000154157955133
0.0000164025537565
0.0000173899672826
0.0000183779151528
0.0000193663036961
0.0000203550593651
0.0000213441236707
0.0000223334495614
0.0000233229988092
0.0000243127400843
0.0000253026475075
0.0000262926995423
0.0000272828781381
0.0000282731680629
0.0000292635563798
0.0000302540320343
0.0000312445855281
0.0000322352086582
0.0000332258943073
0.0000342166362735
0.0000352074291305
0.0000361982681124
0.0000371891490179
0.0000381800681305
0.0000391710221517
0.0000401620081445
0.0000411530234864
0.0000421440658285
0.0000431351330620
0.0000441262232884
0.0000451173347946
0.0000461084660310
0.0000470996155928
0.0000480907822035
