0.0000000000000000
0.0000000088467332
0.0000000118016840
0.0000000047276300
0.0000000030384128
0.0000000022497783
0.0000000017888167
0.0000000014854258
0.0000000012702850
0.0000000011096558
0.0000000009850961
0.0000000008856572
0.0000000008044222
0.0000000007368041
0.0000000006796396
0.0000000006306757
0.0000000005882644
0.0000000005511717
0.0000000005184555
0.0000000004893840
0.0000000004633800
0.0000000004399821
0.0000000004188172
0.0000000003995799
0.0000000003820185
0.0000000003659231
0.0000000003511174
0.0000000003374524
0.0000000003248011
0.0000000003130549
0.0000000003021199
0.0000000002919150
0.0000000002823694
0.0000000002734213
0.0000000002650162
0.0000000002571063
0.0000000002496490
0.0000000002426066
0.0000000002359455
0.0000000002296354
0.0000000002236495
0.0000000002179633
0.0000000002125549
0.0000000002074045
0.0000000002024941
0.0000000001978072
0.0000000001933290
0.0000000001890459
0.0000000001849454
0.0000000001810160
