0.0000000000000000
8.7929818742830612
11.7438432240561035
4.7222648755170740
3.0364899329444746
2.2487158583770874
1.7880987075067256
1.4848851380990307
1.2698508400298254
1.1092922617575880
0.9847828998571596
0.8853816974004894
0.8041760970269098
0.7365815265095372
0.6794362539685254
0.6304885404048638
0.5880909084633281
0.5510100152803205
0.5183041168527235
0.4892416390723205
0.4632456092237256
0.4398548426219029
0.4186962693568155
0.3994648393943141
0.3819086894443233
0.3658180307717513
0.3510167122714127
0.3373557361217445
0.3247082182245303
0.3129654311995116
0.3020336679333498
0.2918317337474534
0.2822889249116815
0.2733433868868189
0.2649407715851426
0.2570331319700538
0.2495780064426106
0.2425376560502024
0.2358784255593091
0.2295702055412819
0.2235859773149234
0.2179014262265010
0.2124946115850133
0.2073456837987180
0.2024366410201585
0.1977511190073726
0.1932742090288977
0.1889922995407647
0.1848929380916368
0.1809647105033930
