0.0000000000000000
1294666.9292637775652111
5344690.8970170905813575
10903629.8036159947514534
16518166.1559607945382595
22142569.3435616344213486
27770607.4523921422660351
33400402.4350134171545506
39031183.9756271913647652
44662575.8429956659674644
50294371.9469345435500145
55926449.7630757838487625
61558731.8128806278109550
67191166.6785710006952286
72823718.8837998956441879
78456363.1541994959115982
84089080.9931283891201019
89721858.5508771389722824
95354685.2507058531045914
100987552.8754339665174484
106620454.9439062476158142
112253386.2753495424985886
117886342.6787017583847046
123519320.7269754856824875
129152317.5906738042831421
134785330.9129864275455475
140418358.7150155007839203
146051399.3229362666606903
151684451.3113777935504913
157317513.4589703679084778
162950584.7130942642688751
168583664.1617191731929779
174216751.0106783807277679
179849844.5652247965335846
185482944.2149454951286316
191116049.4213412404060364
196749159.7075371146202087
202382274.6497097611427307
208015393.8699167966842651
213648517.0300395488739014
219281643.8266812860965729
224914773.9868201911449432
230547907.2640959322452545
236181043.4356399178504944
241814182.2993298768997192
247447323.6714467406272888
253080467.3846050202846527
258713613.2859970033168793
264346761.2358294129371643
269979911.1059663891792297
