0.0000000000000000
0.0000010181122059
0.0000048549895648
0.0000095946501372
0.0000124285276063
0.0000136773528366
0.0000140525624992
0.0000139822836845
0.0000136899779683
0.0000132914760555
0.0000128478803270
0.0000123919131299
0.0000119411432834
0.0000115048271117
0.0000110875652597
0.0000106913174726
0.0000103165416509
0.0000099628512538
0.0000096294005218
0.0000093151122820
0.0000090188129410
0.0000087393119069
0.0000084754473592
0.0000082261114989
0.0000079902632614
0.0000077669334042
0.0000075552250192
0.0000073543113736
0.0000071634322691
0.0000069818896634
0.0000068090430124
0.0000066443046120
0.0000064871351037
0.0000063370392339
0.0000061935619132
0.0000060562845884
0.0000059248219287
0.0000057988188097
0.0000056779475806
0.0000055619055913
0.0000054504129581
0.0000053432105467
0.0000052400581523
0.0000051407328563
0.0000050450275428
0.0000049527495589
0.0000048637195027
0.0000047777701277
0.0000046947453502
0.0000046144993493
