0.0000000000000000
0.0196156001127980
0.0264965378489781
0.0110458651704790
0.0071490813770265
0.0053082606418613
0.0042267648755249
0.0035129343790224
0.0030058388914987
0.0026267705383950
0.0023325680124002
0.0020975482760267
0.0019054585868060
0.0017455062505097
0.0016102407254744
0.0014943515679073
0.0013939508312234
0.0013061262913449
0.0012286532244402
0.0011598027160385
0.0010982107554965
0.0010427867454769
0.0009926482360133
0.0009470735095744
0.0009054665671042
0.0008673308878531
0.0008322495000655
0.0007998696595095
0.0007698909387062
0.0007420558725381
0.0007161425420887
0.0006919586437221
0.0006693367075220
0.0006481302133170
0.0006282104136476
0.0006094637179547
0.0005917895256158
0.0005750984204634
0.0005593106583284
0.0005443548935795
0.0005301671017255
0.0005166896637399
0.0005038705844755
0.0004916628228053
0.0004800237152862
0.0004689144784599
0.0004582997775492
0.0004481473514399
0.0004384276855611
0.0004291137256747
