0.0000000000000000
11284336.3489309065043926
46545738.7440263554453850
94852753.8349232077598572
143563272.8304723203182220
192341297.3346475958824158
241143882.9528019726276398
289958279.0002751946449280
338779289.4469748735427856
387604385.4417406916618347
436432184.7279073596000671
485261866.6948968768119812
534092912.9384430646896362
582924979.6686172485351562
631757829.8068655729293823
680591294.5176250934600830
729425250.2778017520904541
778259604.6178861856460571
827094286.9328235387802124
875929242.3757960796356201
924764427.6914299726486206
973599808.3055297136306763
1022435356.2501008510589600
1071271048.6567008495330811
1120106866.6443099975585938
1168942794.4862046241760254
1217778818.9773967266082764
1266614928.9485383033752441
1315451114.8880259990692139
1364287368.6454074382781982
1413123683.1962561607360840
1461960052.4540886878967285
1510796471.1188855171203613
1559632934.5540020465850830
1608469438.6854462623596191
1657305979.9191701412200928
1706142555.0722115039825439
1754979161.3157198429107666
1803815796.1268854141235352
1852652457.2487504482269287
1901489142.6560528278350830
1950325850.5261578559875488
1999162579.2144670486450195
2047999327.2330660820007324
2096836093.2325615882873535
2145672875.9863743782043457
2194509674.3769040107727051
2243346487.3839421272277832
2292183314.0740213394165039
2341020153.5916142463684082
