0.0000000000000000
0.0000653876975832
0.0003168765562291
0.0007271023188145
0.0011623949025743
0.0015480327414718
0.0018563245910897
0.0020880470744714
0.0022548974936237
0.0023704303097123
0.0024466551307576
0.0024932250586052
0.0025175797670365
0.0025253496980205
0.0025207678145420
0.0025070139230869
0.0024864818266664
0.0024609799232715
0.0024318797445158
0.0024002254586078
0.0023668146515424
0.0023322581295127
0.0022970244148021
0.0022614730467219
0.0022258796585250
0.0021904549793338
0.0021553593210780
0.0021207136884767
0.0020866083470684
0.0020531094657491
0.0020202642918385
0.0019881052011503
0.0019566528807592
0.0019259188395543
0.0018959073951554
0.0018666172509883
0.0018380427511566
0.0018101748809567
0.0017830020658206
0.0017565108099463
0.0017306862070183
0.0017055123485628
0.0016809726501662
0.0016570501116307
0.0016337275238844
0.0016109876329052
0.0015888132688896
0.0015671874472942
0.0015460934470977
0.0015255148706116
