0.0000000000000000
6654.3218742375038346
10987.3495414265125873
7417.7458714257536485
5474.4453190230733526
4339.4703162684354538
3596.1706925486737418
3071.0902817562719065
2680.0970690023214047
2377.4669501682883492
2136.1914949189222170
1939.2776101604679297
1775.4915779037939956
1637.1055934516041361
1518.6267887278931994
1416.0424577875814975
1326.3521844253734798
1247.2671041311809859
1177.0104947060535778
1114.1819448587414172
1057.6626229800717738
1006.5478205566947736
960.0980200110027454
917.7028067723578033
878.8538538346680298
843.1244227925798214
810.1536170499127820
779.6341488423489636
751.3027375136779256
724.9325012017893641
700.3268749859677200
677.3147095738443113
655.7462914334010975
635.4900883183314590
616.4300704224539231
598.4634917388104896
581.4990419240207302
565.4552984157850233
550.2594233783912614
535.8460614474781778
522.1564030699418026
509.1373851184899308
496.7410058646835296
484.9237356658118188
473.6460081163744462
462.8717791303171225
452.5681436034004719
442.7050010690879844
433.2547631947669515
424.1920971340788356
