0.0000000000000000
0.0000000000588968
0.0000000002430603
0.0000000004954625
0.0000000007500025
0.0000000010049017
0.0000000012599317
0.0000000015150245
0.0000000017701526
0.0000000020253025
0.0000000022804667
0.0000000025356410
0.0000000027908225
0.0000000030460095
0.0000000033012007
0.0000000035563951
0.0000000038115921
0.0000000040667913
0.0000000043219922
0.0000000045771946
0.0000000048323982
0.0000000050876028
0.0000000053428083
0.0000000055980146
0.0000000058532216
0.0000000061084291
0.0000000063636372
0.0000000066188457
0.0000000068740546
0.0000000071292639
0.0000000073844735
0.0000000076396834
0.0000000078948936
0.0000000081501040
0.0000000084053146
0.0000000086605254
0.0000000089157364
0.0000000091709476
0.0000000094261589
0.0000000096813704
0.0000000099365819
0.0000000101917936
0.0000000104470055
0.0000000107022174
0.0000000109574294
0.0000000112126415
0.0000000114678537
0.0000000117230659
0.0000000119782783
0.0000000122334907
