0.0000000000000000
0.0000261763568026
0.0001080268091355
0.0002202055397666
0.0003333344654696
0.0004466229946588
0.0005599696405285
0.0006733442408722
0.0007867344993025
0.0009001344300859
0.0010135407610793
0.0011269515495604
0.0012403655681989
0.0013537820030424
0.0014672002927754
0.0015806200376510
0.0016940409452044
0.0018074627964942
0.0019208854243470
0.0020343086989000
0.0021477325177355
0.0022611567989904
0.0023745814764435
0.0024880064959477
0.0026014318127975
0.0027148573897556
0.0028282831955558
0.0029417092037517
0.0030551353918221
0.0031685617404688
0.0032819882330593
0.0033954148551826
0.0035088415942893
0.0036222684394009
0.0037356953808713
0.0038491224101906
0.0039625495198224
0.0040759767030684
0.0041894039539555
0.0043028312671396
0.0044162586378254
0.0045296860616974
0.0046431135348615
0.0047565410537948
0.0048699686153022
0.0049833962164794
0.0050968238546803
0.0052102515274893
0.0053236792326962
0.0054371069682752
