0.0000000000000000
0.0000312093564362
0.0000451729217813
0.0000229471442293
0.0000156038806579
0.0000118599063363
0.0000095736306164
0.0000080283708272
0.0000069128292024
0.0000060691771170
0.0000054086286495
0.0000048773321530
0.0000044406984166
0.0000040754831997
0.0000037654831807
0.0000034990552268
0.0000032676164004
0.0000030646999410
0.0000028853406168
0.0000027256626608
0.0000025825964063
0.0000024536790243
0.0000023369116025
0.0000022306548101
0.0000021335515146
0.0000020444685614
0.0000019624523975
0.0000018866948447
0.0000018165064140
0.0000017512952893
0.0000016905506250
0.0000016338291570
0.0000015807443860
0.0000015309577735
0.0000014841715269
0.0000014401226494
0.0000013985780025
0.0000013593301863
0.0000013221940831
0.0000012870039440
0.0000012536109204
0.0000012218809639
0.0000011916930316
0.0000011629375466
0.0000011355150715
0.0000011093351628
0.0000010843153761
0.0000010603804017
0.0000010374613084
0.0000010154948831
