0.0000000000000000
26.7593785017362578
110.3773409600938322
224.9313263372539495
340.4421702639720593
456.1130949788149564
571.8422632735336038
687.5994385097834538
803.3722989584337029
919.1548477683473948
1034.9438070924059048
1150.7372309562626924
1266.5338900296715110
1382.3329690582272633
1498.1339058401142665
1613.9363000030796229
1729.7398586277145114
1845.5443624342735802
1961.3496439917666976
2077.1555732379083565
2192.9620475980323135
2308.7689850838141865
2424.5763193726616009
2540.3839962349611596
2656.1919708967684528
2772.0002060641454591
2887.8086704231241129
3003.6173374869922554
3119.4261847002139802
3235.2351927350096048
3351.0443449338399660
3466.8536268633561122
3582.6630259552694042
3698.4725312142982148
3814.2821329795856400
3930.0918227282027146
4045.9015929121947011
4161.7114368233260393
4277.5213484790610892
4393.3313225272404452
4509.1413541653228094
4624.9514390710819498
4740.7615733445963997
4856.5717534574423553
4972.3819762097100465
5088.1922386927099069
5204.0025382562425875
5319.8128724809566847
5435.6232391532639667
5551.4336362444228143
