0.0000000000000000
0.4601786759965116
0.6544817330852526
0.3174085625952726
0.2131557119910120
0.1610063330845600
0.1294775816401582
0.1083024464368417
0.0930833514881405
0.0816111727530219
0.0726514449318498
0.0654592399493914
0.0595580227898756
0.0546286136266066
0.0504491247822126
0.0468604840563667
0.0437456602160667
0.0410166272891718
0.0386058988116119
0.0364608650521577
0.0345399065844143
0.0328096661434956
0.0312430949379731
0.0298180284326095
0.0285161313834513
0.0273221050347508
0.0262230834791582
0.0252081685290798
0.0242680673796378
0.0233948074987459
0.0225815101978014
0.0218222092586378
0.0211117044919007
0.0204454426216171
0.0198194197261575
0.0192301008174186
0.0186743531455878
0.0181493905720259
0.0176527269250216
0.0171821366904146
0.0167356217257920
0.0163113829482241
0.0159077961496104
0.0155233912542441
0.0151568344602603
0.0148069128077863
0.0144725207976126
0.0141526487493991
0.0138463726411964
0.0135528452149519
