0.0000000000000000
0.1510028139601195
0.6227974703073261
1.2690964655073003
1.9207862588109919
2.5733767922140216
3.2262949791400541
3.8793707095437298
4.5325346688090269
5.1857531238662782
5.8390076368771986
6.4922872619379115
7.1455850842625299
7.7988965182063712
8.4522184015102706
9.1055484821777526
9.7588851126121998
10.4122270594236088
11.0655733808585648
11.7189233453531276
12.3722763759540566
13.0256320115006741
13.6789898789475561
14.3323496732690678
14.9857111426249840
15.6390740772477681
16.2924383010057063
16.9458036649187846
17.5991700421189670
18.2525373238931898
18.9059054165474762
19.5592742388990501
20.2126437202545866
20.8660137987690746
21.5193844201031332
22.1727555363174069
22.8261271049576848
23.4794990882912558
24.1328714526685282
24.7862441679855188
25.4396172072283768
26.0929905460871403
26.7463641626247046
27.3997380369954477
28.0531121512008568
28.7064864888797509
29.3598610351262792
30.0132357763318041
30.6666107000461636
31.3199857948572067
