0.0000000000000000
0.0000000000139518
0.0000000000574308
0.0000000001169793
0.0000000001771009
0.0000000002373282
0.0000000002975948
0.0000000003578805
0.0000000004181768
0.0000000004784798
0.0000000005387873
0.0000000005990977
0.0000000006594104
0.0000000007197248
0.0000000007800404
0.0000000008403571
0.0000000009006745
0.0000000009609926
0.0000000010213112
0.0000000010816303
0.0000000011419497
0.0000000012022695
0.0000000012625895
0.0000000013229098
0.0000000013832303
0.0000000014435509
0.0000000015038717
0.0000000015641927
0.0000000016245138
0.0000000016848349
0.0000000017451562
0.0000000018054776
0.0000000018657990
0.0000000019261206
0.0000000019864422
0.0000000020467638
0.0000000021070855
0.0000000021674073
0.0000000022277291
0.0000000022880509
0.0000000023483728
0.0000000024086947
0.0000000024690167
0.0000000025293387
0.0000000025896607
0.0000000026499827
0.0000000027103048
0.0000000027706269
0.0000000028309490
0.0000000028912711
