0.0000000000000000
0.0015636401833885
0.0020883865604518
0.0008397518863946
0.0005399735543062
0.0003998851046725
0.0003179743835365
0.0002640544587541
0.0002258152955128
0.0001972634517397
0.0001751221754061
0.0001574458379974
0.0001430051918462
0.0001309849707027
0.0001208229294619
0.0001121186454195
0.0001045791506347
0.0000979851219598
0.0000921690907492
0.0000870009624923
0.0000823781351670
0.0000782185971284
0.0000744560060241
0.0000710361153541
0.0000679141367216
0.0000650527637724
0.0000624206718717
0.0000599913650043
0.0000577422795988
0.0000556540808604
0.0000537101050212
0.0000518959133772
0.0000501989328112
0.0000486081638414
0.0000471139418449
0.0000457077404863
0.0000443820088956
0.0000431300360227
0.0000419458370178
0.0000408240575752
0.0000397598930113
0.0000387490194950
0.0000377875353524
0.0000368719107665
0.0000359989445009
0.0000351657265318
0.0000343696056663
0.0000336081613880
0.0000328791792998
0.0000321806296390
