0.0000000000000000
0.0000021822778631
0.0000060615278642
0.0000075852562619
0.0000070302166297
0.0000062926007647
0.0000056357055739
0.0000050835803477
0.0000046222627753
0.0000042342052106
0.0000039045075225
0.0000036214925263
0.0000033761744928
0.0000031616312894
0.0000029724874362
0.0000028045245722
0.0000026543955227
0.0000025194153332
0.0000023974078457
0.0000022865920938
0.0000021854973324
0.0000020928988063
0.0000020077686841
0.0000019292381916
0.0000018565681035
0.0000017891255344
0.0000017263655250
0.0000016678163138
0.0000016130674633
0.0000015617602199
0.0000015135796336
0.0000014682480736
0.0000014255198614
0.0000013851768034
0.0000013470244518
0.0000013108889589
0.0000012766144192
0.0000012440606116
0.0000012131010745
0.0000011836214576
0.0000011555181051
0.0000011286968327
0.0000011030718697
0.0000010785649388
0.0000010551044548
0.0000010326248237
0.0000010110658283
0.0000009903720876
0.0000009704925808
0.0000009513802256
