0.0000000000000000
0.0000002602630216
0.0000010166889311
0.0000020117404540
0.0000030101398829
0.0000040094047059
0.0000050090333299
0.0000060088511910
0.0000070087806178
0.0000080087815597
0.0000090088311858
0.0000100089154937
0.0000110090254027
0.0000120091547594
0.0000130092992421
0.0000140094557246
0.0000150096218889
0.0000160097959790
0.0000170099766400
0.0000180101628098
0.0000190103536438
0.0000200105484618
0.0000210107467098
0.0000220109479323
0.0000230111517508
0.0000240113578487
0.0000250115659588
0.0000260117758540
0.0000270119873404
0.0000280122002510
0.0000290124144415
0.0000300126297865
0.0000310128461762
0.0000320130635146
0.0000330132817170
0.0000340135007085
0.0000350137204226
0.0000360139408001
0.0000370141617879
0.0000380143833388
0.0000390146054100
0.0000400148279631
0.0000410150509633
0.0000420152743791
0.0000430154981820
0.0000440157223459
0.0000450159468469
0.0000460161716635
0.0000470163967757
0.0000480166221652
