0.0000000000000000
18.9283352224391983
78.1915251577723325
159.5615317078544422
241.7371993036271363
324.0537447485167490
406.4220217104904123
488.8152700550821237
571.2225320539237146
653.6384604960962861
736.0601277814932928
818.4857939382334280
900.9143589155713698
983.3450927799369765
1065.7774919558264628
1148.2111977088866297
1230.6459475203339480
1313.0815448329499304
1395.5178395450830067
1477.9547150441028407
1560.3920793555203090
1642.8298589596056445
1725.2679943819209711
1807.7064369909896868
1890.1451466342059575
1972.5840898665878740
2055.0232386059324199
2137.4625690990715157
2219.9020611184309928
2302.3416973312769187
2384.7814627995594492
2467.2213445800857698
2549.6613314022488339
2632.1014134062866106
2714.5415819291833941
2796.9818293282860395
2879.4221488356201917
2961.8625344359884366
3044.3029807652465024
3126.7434830244433215
3209.1840369073938746
3291.6246385389640636
3374.0652844223427564
3456.5059713942036979
3538.9466965856240677
3621.3874573887765109
3703.8282514277484552
3786.2690765335128162
3868.7099307217140449
3951.1508121734036649
