0.0000000000000000
0.0000008196911281
0.0000035802840791
0.0000064329817407
0.0000076075808640
0.0000078606047091
0.0000077322970782
0.0000074550733773
0.0000071271134901
0.0000067910092967
0.0000064653150493
0.0000061576994503
0.0000058707453150
0.0000056046375026
0.0000053584571248
0.0000051308204290
0.0000049201972100
0.0000047250677512
0.0000045439967488
0.0000043756641530
0.0000042188737456
0.0000040725504952
0.0000039357326007
0.0000038075613822
0.0000036872706889
0.0000035741766703
0.0000034676683123
0.0000033671988903
0.0000032722783635
0.0000031824666669
0.0000030973678264
0.0000030166248114
0.0000029399150406
0.0000028669464571
0.0000027974541018
0.0000027311971185
0.0000026679561321
0.0000026075309514
0.0000025497385522
0.0000024944113028
0.0000024413954013
0.0000023905494945
0.0000023417434575
0.0000022948573112
0.0000022497802608
0.0000022064098407
0.0000021646511515
0.0000021244161793
0.0000020856231856
0.0000020481961613
