0.0000000000000000
23722.9648479077477532
36098.5052340044057928
20672.4054599175215117
14535.9297764152906893
11237.6779842412506696
9167.5355663300433662
7743.7279391815727649
6703.1599266319644812
5908.9406539649608021
5282.6248586954716302
4775.9578502815220418
4357.5964697217395951
4006.2839412448729490
3707.0883276789763840
3449.2098427218575125
3224.6423340121250476
3027.3239762520756813
2852.5803443297509148
2696.7487035415542778
2556.9182069507719461
2430.7462928321701838
2316.3264063601163798
2212.0910428280526503
2116.7395720898589389
2029.1837534187075107
1948.5060787495610839
1873.9275523731164412
1804.7825031915481304
1740.4987011585906203
1680.5815186626057312
1624.6012081479507287
1572.1826032745018438
1522.9967215085709995
1476.7538707692647222
1433.1979549275833961
1392.1017417493642370
1353.2629086981687578
1316.5007213967999178
1281.6532297202029440
1248.5748897903963552
1217.1345382637171042
1187.2136594903045079
1158.7048973105829646
1131.5107721239673992
1105.5425709412684228
1080.7193838093746763
1056.9672645745495174
1034.2184976614405514
1012.4109555669833753
