0.0000000000000000
0.0001647153724880
0.0006756057898422
0.0013733642430909
0.0020774130020932
0.0027826471017924
0.0034883243102887
0.0041942169418779
0.0049002308715194
0.0056063199404745
0.0063124588070924
0.0070186323860031
0.0077248311311144
0.0084310487049044
0.0091372807340206
0.0098435241026804
0.0105497765307810
0.0112560363112403
0.0119623021405796
0.0126685730062732
0.0133748481098439
0.0140811268131309
0.0147874085999734
0.0154936930483834
0.0161999798100041
0.0169062685947211
0.0176125591589784
0.0183188512967992
0.0190251448328078
0.0197314396167490
0.0204377355191488
0.0211440324278398
0.0218503302451640
0.0225566288857015
0.0232629282744106
0.0239692283450987
0.0246755290391561
0.0253818303045003
0.0260881320946912
0.0267944343681888
0.0275007370877227
0.0282070402197571
0.0289133437340359
0.0296196476031900
0.0303259518024017
0.0310322563091142
0.0317385611027800
0.0324448661646410
0.0331511714775405
0.0338574770257532
