0.0000000000000000
0.0000000000082328
0.0000000000321606
0.0000000000636368
0.0000000000952189
0.0000000001268284
0.0000000001584493
0.0000000001900763
0.0000000002217068
0.0000000002533395
0.0000000002849738
0.0000000003166092
0.0000000003482454
0.0000000003798822
0.0000000004115195
0.0000000004431571
0.0000000004747951
0.0000000005064333
0.0000000005380718
0.0000000005697104
0.0000000006013491
0.0000000006329880
0.0000000006646270
0.0000000006962661
0.0000000007279052
0.0000000007595445
0.0000000007911838
0.0000000008228231
0.0000000008544625
0.0000000008861020
0.0000000009177415
0.0000000009493810
0.0000000009810206
0.0000000010126602
0.0000000010442998
0.0000000010759394
0.0000000011075791
0.0000000011392188
0.0000000011708585
0.0000000012024982
0.0000000012341379
0.0000000012657777
0.0000000012974175
0.0000000013290573
0.0000000013606971
0.0000000013923369
0.0000000014239767
0.0000000014556165
0.0000000014872563
0.0000000015188962
