0.0000000000000000
0.0191263333613179
0.0259518791238354
0.0109721603452452
0.0071221649960779
0.0052948307111072
0.0042189265665626
0.0035079049259339
0.0030023998635525
0.0026243087792331
0.0023307434524929
0.0020961583013354
0.0019043756791898
0.0017446466102111
0.0016095473237921
0.0014937844570176
0.0013934813386379
0.0013057334038317
0.0012283212605318
0.0011595197852904
0.0010979677134793
0.0010425764697813
0.0009924651151584
0.0009469130761290
0.0009053252303447
0.0008672057362897
0.0008321381537615
0.0007997701583813
0.0007698016571527
0.0007419754535615
0.0007160698460000
0.0006918927078687
0.0006692767144215
0.0006480754652583
0.0006281603123076
0.0006094177479333
0.0005917472410560
0.0005750594341150
0.0005592746325597
0.0005443215329526
0.0005301361468320
0.0005166608860598
0.0005038437820702
0.0004916378166930
0.0004800003463809
0.0004688926049751
0.0004582792727873
0.0004481281019047
0.0004384095893394
0.0004290966910446
