0.0000000000000000
63456.4865156378509710
261745.9238753152603749
533396.2324924130225554
807315.6103124191286042
1081614.5995039145927876
1356051.7059891487006098
1630555.2273990781977773
1905095.9443092155270278
2179659.6359444875270128
2454238.5293044568970799
2728828.0097566810436547
3003425.1620997749269009
3278028.0530608664266765
3552635.3494493500329554
3827246.1018330040387809
4101859.6155904559418559
4376475.3707274552434683
4651092.9702025735750794
4925712.1055895099416375
5200332.5336454249918461
5474954.0599452992901206
5749576.5272135594859719
6024199.8068515229970217
6298823.7926833825185895
6573448.3962712883949280
6848073.5433581946417689
7122699.1711340574547648
7397325.2261114157736301
7671951.6624568235129118
7946578.4406690523028374
8221205.5265211351215839
8495832.8902091123163700
8770460.5056590102612972
9045088.3499612212181091
9319716.4029048755764961
9594344.6465908586978912
9868973.0651113670319319
10143601.6442797109484673
10418230.3714039437472820
10692859.2350951749831438
10967488.2251040246337652
11242117.3321823216974735
11516746.5479627940803766
11791375.8648572638630867
12066005.2759680692106485
12340634.7750108316540718
12615264.3562481887638569
12889894.0144308246672153
13164523.7447479143738747
