0.0000000000000000
0.0557274639262048
0.2302809684588060
0.4698321647863141
0.7115597493759853
0.9536574475985036
1.1958902657827368
1.4381881514394286
1.6805225055141015
1.9228793950626284
2.1652511996977983
2.4076333935813699
2.6500231168394048
2.8924184725397444
3.1348181523819840
3.3772212245724251
3.6196270073479200
3.8620349903146813
4.1044447837472742
4.3468560848943287
4.5892686549838970
4.8316823031616671
5.0740968750388742
5.3165122443763373
5.5589283069458011
5.8013449759313183
6.0437621784375342
6.2861798528062742
6.5285979465306614
6.7710164146179679
7.0134352182912085
7.2558543239513016
7.4982737023409021
7.7406933278644523
7.9831131780328128
8.2255332330057147
8.4679534752127381
8.7103738890380225
8.9527944605554222
9.1952151773060287
9.4376360281100204
9.6800570029064765
9.9224780926168048
10.1648992890278187
10.4073205846906163
10.6497419728342866
10.8921634472901356
11.1345850024259292
11.3770066330894011
11.6194283345577194
