0.0000000000000000
0.0000004410574971
0.0000018155494303
0.0000036980464411
0.0000055986616943
0.0000075026181769
0.0000094078166571
0.0000113136175615
0.0000132197573094
0.0000151261068508
0.0000170325953994
0.0000189391808390
0.0000208458365258
0.0000227525447736
0.0000246592933782
0.0000265660736445
0.0000284728792094
0.0000303797053083
0.0000322865483028
0.0000341934053666
0.0000361002742702
0.0000380071532320
0.0000399140408106
0.0000418209358274
0.0000437278373097
0.0000456347444469
0.0000475416565587
0.0000494485730698
0.0000513554934901
0.0000532624173998
0.0000551693444371
0.0000570762742885
0.0000589832066811
0.0000608901413762
0.0000627970781640
0.0000647040168595
0.0000666109572988
0.0000685178993364
0.0000704248428424
0.0000723317877007
0.0000742387338070
0.0000761456810676
0.0000780526293979
0.0000799595787213
0.0000818665289685
0.0000837734800763
0.0000856804319872
0.0000875873846489
0.0000894943380133
0.0000914012920363
