0.0000000000000000
0.0000000029976960
0.0000000041572809
0.0000000018777959
0.0000000012379902
0.0000000009268213
0.0000000007414132
0.0000000006180141
0.0000000005298721
0.0000000004637289
0.0000000004122468
0.0000000003710307
0.0000000003372847
0.0000000003091450
0.0000000002853207
0.0000000002648893
0.0000000002471739
0.0000000002316665
0.0000000002179785
0.0000000002058073
0.0000000001949142
0.0000000001851078
0.0000000001762333
0.0000000001681638
0.0000000001607947
0.0000000001540386
0.0000000001478220
0.0000000001420828
0.0000000001367682
0.0000000001318327
0.0000000001272371
0.0000000001229475
0.0000000001189345
0.0000000001151720
0.0000000001116373
0.0000000001083105
0.0000000001051736
0.0000000001022109
0.0000000000994083
0.0000000000967532
0.0000000000942342
0.0000000000918411
0.0000000000895648
0.0000000000873969
0.0000000000853299
0.0000000000833568
0.0000000000814715
0.0000000000796681
0.0000000000779416
0.0000000000762871
