0.0000000000000000
275468.2734418676700443
368579.4497823779820465
149072.8080780431628227
95945.2099821459705709
71077.9121641679812456
56527.8757738458662061
46946.5033923788141692
40150.1239976751385257
35074.8346152016456472
31138.7196311957995931
27996.1538086095788458
25428.7253949462829041
23291.5563561581184331
21484.7206586344545940
19937.0461659793108993
18596.4564147472701734
17423.9635027401091065
16389.7960904343744915
15470.8260840950752026
14648.8124227565258479
13909.1743223044741171
13240.1165717103867792
12631.9943384261387109
12076.8442782170550345
11568.0332556691791979
11099.9916274318584328
10668.0082470572888269
10268.0711414509314636
9896.7424093070094386
9551.0590597689897550
9228.4537240974368615
8926.6907428726117359
8643.8142583149274287
8378.1057602092605521
8128.0491355330414081
7892.3017184593372804
7669.6701721033277863
7459.0902864943782333
7259.6099703213349130
7070.3748624230984205
6890.6161039718081156
6719.6399019974642215
6556.8185853444774693
6401.5829098357780822
6253.4154136961660697
6111.8446596948324441
5976.4402289403396935
5846.8083542775875685
5722.5880999270093525
