0.0000000000000000
0.6497040391049246
1.2319277725465543
1.0342321142471897
0.8176534863770354
0.6720128701280303
0.5698429657400076
0.4945427649614013
0.4368043043567491
0.3911341461624717
0.3541046947646138
0.3234721582280694
0.2977075873578872
0.2757336006335084
0.2567692222640611
0.2402345044044210
0.2256897285943118
0.2127954095353005
0.2012852506051522
0.1909474101178423
0.1816112442228034
0.1731377451786292
0.1654125263373367
0.1583405958657289
0.1518424085561099
0.1458508451821879
0.1403088746183787
0.1351677251073918
0.1303854397642052
0.1259257252554760
0.1217570264600334
0.1178517769668423
0.1141857875983016
0.1107377441671781
0.1074887923442586
0.1044221924931329
0.1015230310810308
0.0987779781273579
0.0961750823380130
0.0937035972624036
0.0913538331240105
0.0891170300046644
0.0869852488743347
0.0849512776021977
0.0830085495985870
0.0811510731498638
0.0793733698409455
0.0776704207299701
0.0760376191593951
0.0744707292677212
