0.0000000000000000
0.0000000036459393
0.0000000048853543
0.0000000019850731
0.0000000012786229
0.0000000009475194
0.0000000007536756
0.0000000006259858
0.0000000005353933
0.0000000004677331
0.0000000004152548
0.0000000003733538
0.0000000003391196
0.0000000003106215
0.0000000002865276
0.0000000002658890
0.0000000002480117
0.0000000002323758
0.0000000002185843
0.0000000002063290
0.0000000001953666
0.0000000001855027
0.0000000001765800
0.0000000001684699
0.0000000001610663
0.0000000001542806
0.0000000001480385
0.0000000001422774
0.0000000001369436
0.0000000001319914
0.0000000001273811
0.0000000001230787
0.0000000001190542
0.0000000001152816
0.0000000001117379
0.0000000001084030
0.0000000001052589
0.0000000001022897
0.0000000000994812
0.0000000000968208
0.0000000000942970
0.0000000000918996
0.0000000000896193
0.0000000000874478
0.0000000000853775
0.0000000000834014
0.0000000000815133
0.0000000000797074
0.0000000000779785
0.0000000000763218
