0.0000000000000000
0.0000014640508338
0.0000057191539096
0.0000113165914666
0.0000169328619131
0.0000225540004382
0.0000281771854444
0.0000338014349605
0.0000394263120641
0.0000450515914605
0.0000506771447184
0.0000563028930704
0.0000619287854365
0.0000675547872008
0.0000731808740528
0.0000788070284075
0.0000844332372247
0.0000900594906265
0.0000956857809918
0.0001013121023457
0.0001069384499366
0.0001125648199386
0.0001181912092357
0.0001238176152646
0.0001294440358972
0.0001350704693519
0.0001406969141255
0.0001463233689413
0.0001519498327077
0.0001575763044858
0.0001632027834636
0.0001688292689353
0.0001744557602844
0.0001800822569701
0.0001857087585160
0.0001913352645006
0.0001969617745500
0.0002025882883311
0.0002082148055459
0.0002138413259278
0.0002194678492366
0.0002250943752562
0.0002307209037910
0.0002363474346638
0.0002419739677137
0.0002476005027943
0.0002532270397718
0.0002588535785242
0.0002644801189394
0.0002701066609149
