0.0000000000000000
0.0094333771198270
0.0378861202086930
0.0761260981213057
0.1146027688459499
0.1531274244504761
0.1916704805935875
0.2302226075819646
0.2687798880042555
0.3073403810888424
0.3459030135020142
0.3844671427363525
0.4230323604101104
0.4615983944277947
0.5001650564625275
0.5387322120033998
0.5772997624048954
0.6158676336755758
0.6544357692265659
0.6930041250381932
0.7315726663531574
0.7701413653617991
0.8087101995485269
0.8472791504891790
0.8858482029620169
0.9244173442808219
0.9629865637880866
1.0015558524650288
1.0401252026282830
1.0786946076915636
1.1172640619765986
1.1558335605618242
1.1944030991604633
1.2329726740213323
1.2715422818477431
1.3101119197307352
1.3486815850936320
1.3872512756460327
1.4258209893449905
1.4643907243625980
1.5029604790584055
1.5415302519559106
1.5801000417226838
1.6186698471532039
1.6572396671540199
1.6958095007311158
1.7343793469788689
1.7729492050703306
1.8115190742490324
1.8500889538214667
