0.0000000000000000
3471754.0777809661813080
13562026.2959544192999601
26835422.4203794859349728
40153477.6232419013977051
53483076.6680980399250984
66817528.6038469001650810
80154504.8487002700567245
93492969.3133875727653503
106832387.7486588507890701
120172455.6012136042118073
133512986.0871118754148483
146853858.0786480009555817
160194989.4899600446224213
173536322.6725332438945770
186877815.9266365468502045
200219438.3294121623039246
213561166.4572458565235138
226902982.2380342781543732
240244871.5028712451457977
253586822.9846787452697754
266928827.6105107069015503
280270877.9915896654129028
293612968.0494526624679565
306955092.7375175356864929
320297247.8308426141738892
333639429.7653144001960754
346981635.5132189393043518
360323862.4859079122543335
373666108.4569623470306396
387008371.5009088516235352
400350649.9440385699272156
413692942.3245143890380859
427035247.3598715066909790
440377563.9203031063079834
453719891.0065980553627014
467062227.7318001985549927
480404573.3058449029922485
493746927.0227174162864685
507089288.2495243549346924
520431656.4172915220260620
533774031.0130720734596252
547116411.5732339620590210
560458797.6776454448699951
573801188.9447360038757324
587143585.0271183252334595
600485985.6078845262527466
613828390.3973155021667480
627170799.1300395727157593
640513211.5625072717666626
