0.0000000000000000
0.0000041790314017
0.0000172688891725
0.0000352329575375
0.0000533602343861
0.0000715152662479
0.0000896804308256
0.0001078504748469
0.0001260232536536
0.0001441977224073
0.0001623733096510
0.0001805496759899
0.0001987266069604
0.0002169039603108
0.0002350816379307
0.0002532595699446
0.0002714377052267
0.0002896160055023
0.0003077944415456
0.0003259729906533
0.0003441516349196
0.0003623303600322
0.0003805091544136
0.0003986880085969
0.0004168669147661
0.0004350458664107
0.0004532248580643
0.0004714038851032
0.0004895829435897
0.0005077620301499
0.0005259411418758
0.0005441202762480
0.0005622994310722
0.0005804786044291
0.0005986577946323
0.0006168370001939
0.0006350162197962
0.0006531954522683
0.0006713746965658
0.0006895539517544
0.0007077332169958
0.0007259124915354
0.0007440917746925
0.0007622710658511
0.0007804503644526
0.0007986296699894
0.0008168089819987
0.0008349883000582
0.0008531676237817
0.0008713469528148
