0.0000000000000000
0.0000000267208450
0.0000001102183976
0.0000002246074252
0.0000003399519335
0.0000004554562921
0.0000005710188104
0.0000006866092953
0.0000008022154428
0.0000009178312648
0.0000010334534880
0.0000011490801693
0.0000012647100812
0.0000013803424096
0.0000014959765930
0.0000016116122317
0.0000017272490332
0.0000018428867786
0.0000019585253005
0.0000020741644692
0.0000021898041822
0.0000023054443577
0.0000024210849295
0.0000025367258433
0.0000026523670545
0.0000027680085258
0.0000028836502259
0.0000029992921285
0.0000031149342110
0.0000032305764541
0.0000033462188411
0.0000034618613576
0.0000035775039912
0.0000036931467308
0.0000038087895667
0.0000039244324905
0.0000040400754946
0.0000041557185724
0.0000042713617177
0.0000043870049254
0.0000045026481906
0.0000046182915090
0.0000047339348767
0.0000048495782901
0.0000049652217462
0.0000050808652419
0.0000051965087746
0.0000053121523419
0.0000054277959417
0.0000055434395718
