0.0000000000000000
81.8326337695431363
116.3851494344932007
56.4441161944951233
37.9050447686954044
28.6314272632349827
23.0247338097115914
19.2592027790501810
16.5528222181864066
14.5127481123258271
12.9194580193482782
11.6404829015845177
10.5910815107802740
9.7144947504648531
8.9712647883060281
8.3331041399172516
7.7792013802381907
7.2939030304874199
6.8652081106396814
6.4837611396764911
6.1421610200339849
5.8344758974490176
5.5558957406049165
5.3024790754842810
5.0709653831152908
4.8586341170200216
4.6631973591805087
4.4827171071628582
4.3155408404616074
4.1602508199844266
4.0156238225907845
3.8805988878936799
3.7542512768445269
3.6357712896798464
3.5244469171965882
3.4196495396825579
3.3208220666391397
3.2274690447243954
3.1391483631023491
3.0554642631367646
2.9760614192447510
2.9006199041846088
2.8288508883481667
2.7604929511760230
2.6953089054075923
2.6330830528668865
2.5736188048880972
2.5167366120792174
2.4622721575048350
2.4100747749964606
