0.0000000000000000
32915.2174460909809568
69096.7616409626207314
65913.5155008963629371
54474.3727105262223631
45839.2184121518876054
39459.7927438478945987
34610.9138115962632583
30814.2568628551161964
27764.7448180025821785
25262.8022081542148953
23173.4553867741524300
21402.4865548234229209
19882.2491612798185088
18562.9632035041868221
17407.2002600541491120
16386.2838089978686185
15477.8754067195131938
14664.3163806416541775
13931.4635722176935815
13267.8558685625357612
12664.1069893582280201
12112.4560485247220640
11606.4300831661257689
11140.5873202097773174
10710.3195164664393815
10311.6981021606261493
9941.3532063776729046
9596.3776469891708985
9274.2500734921941330
8972.7729474593088526
8690.0221218063597917
8424.3055636758545006
8174.1293423300512586
7938.1694320609785791
7715.2482017740803713
7504.3147064438162488
7304.4280815908477962
7114.7434850400695723
6934.5001411714447386
6763.0111295130200233
6599.6546276257031423
6443.8663720907998140
6295.1331442799873912
6152.9871218894995764
6017.0009648210489104
5886.7835263213446524
5761.9760984324466335
5642.2491156265068639
5527.2992526528805683
