0.0000000000000000
0.0031579905562103
0.0101992243527683
0.0179777840122536
0.0257963210399455
0.0336566745121117
0.0415385432720729
0.0494325794635040
0.0573341296596689
0.0652406458732846
0.0731506182305982
0.0810630941581340
0.0889774420457178
0.0968932260833500
0.1048101356647307
0.1127279433998854
0.1206464790106538
0.1285656124877466
0.1364852428785749
0.1444052906217518
0.1523256921839430
0.1602463962307477
0.1681673608432108
0.1760885514616132
0.1840099393443424
0.1919315003975397
0.1998532142756152
0.2077750636823579
0.2156970338223822
0.2236191119665875
0.2315412871049443
0.2394635496668208
0.2473858912940863
0.2553083046556650
0.2632307832950634
0.2711533215041906
0.2790759142183484
0.2869985569283912
0.2949212456068374
0.3028439766454479
0.3107667468022448
0.3186895531563302
0.3266123930692315
0.3345352641516760
0.3424581642349344
0.3503810913460410
0.3583040436862380
0.3662270196122274
0.3741500176197876
0.3820730363293922
