0.0000000000000000
0.0001387182106320
0.0005729955314532
0.0011686999363245
0.0017696562906071
0.0023715010558165
0.0029736698039010
0.0035759944909940
0.0041784065535737
0.0047808726004328
0.0053833743729637
0.0059859010288276
0.0065884457174883
0.0071910038953804
0.0077935724290086
0.0083961490867319
0.0089987322357779
0.0096013206538169
0.0102039134075194
0.0108065097718532
0.0114091091750095
0.0120117111599347
0.0126143153569041
0.0132169214636054
0.0138195292304378
0.0144221384494985
0.0150247489462216
0.0156273605729511
0.0162299732039466
0.0168325867314614
0.0174352010626342
0.0180378161170037
0.0186404318245055
0.0192430481238443
0.0198456649611639
0.0204482822889517
0.0210509000651306
0.0216535182523040
0.0222561368171219
0.0228587557297480
0.0234613749634090
0.0240639944940114
0.0246666142998135
0.0252692343611463
0.0258718546601718
0.0264744751806746
0.0270770959078819
0.0276797168283058
0.0282823379296073
0.0288849592004763
