0.0000000000000000
0.0000210171301093
0.0000280242578989
0.0000112099622199
0.0000072036043395
0.0000053336706702
0.0000042407748422
0.0000035214913683
0.0000030114431659
0.0000026306336791
0.0000023353380033
0.0000020995979034
0.0000019070147686
0.0000017467134982
0.0000016111945532
0.0000014951171055
0.0000013945736883
0.0000013066391530
0.0000012290799914
0.0000011601611802
0.0000010985143738
0.0000010430458424
0.0000009928708355
0.0000009472659210
0.0000009056338048
0.0000008674769760
0.0000008323776973
0.0000007999826265
0.0000007699908643
0.0000007421445706
0.0000007162215255
0.0000006920291819
0.0000006693998721
0.0000006481869135
0.0000006282614249
0.0000006095097047
0.0000005918310598
0.0000005751359963
0.0000005593447048
0.0000005443857842
0.0000005301951630
0.0000005167151821
0.0000005038938118
0.0000004916839814
0.0000004800430019
0.0000004689320678
0.0000004583158249
0.0000004481619953
0.0000004384410499
0.0000004291259215
