0.0000000000000000
0.0000001636428867
0.0000004545369472
0.0000005687970594
0.0000005271761966
0.0000004718644549
0.0000004226057298
0.0000003812034101
0.0000003466105012
0.0000003175111545
0.0000002927880510
0.0000002715655515
0.0000002531698412
0.0000002370818491
0.0000002228984829
0.0000002103034195
0.0000001990456638
0.0000001889238786
0.0000001797748798
0.0000001714651179
0.0000001638843057
0.0000001569406024
0.0000001505569336
0.0000001446681526
0.0000001392188268
0.0000001341614980
0.0000001294553012
0.0000001250648603
0.0000001209593978
0.0000001171120118
0.0000001134990849
0.0000001100997986
0.0000001068957300
0.0000001038705174
0.0000001010095797
0.0000000982998806
0.0000000957297292
0.0000000932886106
0.0000000909670419
0.0000000887564482
0.0000000866490567
0.0000000846378049
0.0000000827162609
0.0000000808785550
0.0000000791193192
0.0000000774336348
0.0000000758169863
0.0000000742652208
0.0000000727745124
0.0000000713413306
