0.0000000000000000
0.0002802796128905
0.0003737232959294
0.0001494905751220
0.0000960636379248
0.0000711271220634
0.0000565528109280
0.0000469608099651
0.0000401590660202
0.0000350807845146
0.0000311428719372
0.0000279991623029
0.0000254309720113
0.0000232932762219
0.0000214860648902
0.0000199381154443
0.0000185973198976
0.0000174246699565
0.0000163903806945
0.0000154713147275
0.0000146492244965
0.0000139095245798
0.0000132404163965
0.0000126322526258
0.0000120770680591
0.0000115682281455
0.0000111001621540
0.0000106681580933
0.0000102682033268
0.0000098968594281
0.0000095511629865
0.0000092285462951
0.0000089267734201
0.0000086438882795
0.0000083781721788
0.0000081281088524
0.0000078923555075
0.0000076697187010
0.0000074591341336
0.0000072596496386
0.0000070704107907
0.0000068906486766
0.0000067196694566
0.0000065568454194
0.0000064016072863
0.0000062534375655
0.0000061118647939
0.0000059764585300
0.0000058468249868
0.0000057226032112
