0.0000000000000000
0.0000000006615039
0.0000000008822986
0.0000000003532395
0.0000000002270113
0.0000000001680866
0.0000000001336461
0.0000000001109787
0.0000000000949050
0.0000000000829040
0.0000000000735979
0.0000000000661686
0.0000000000600994
0.0000000000550476
0.0000000000507767
0.0000000000471186
0.0000000000439499
0.0000000000411787
0.0000000000387344
0.0000000000365625
0.0000000000346197
0.0000000000328716
0.0000000000312903
0.0000000000298531
0.0000000000285410
0.0000000000273385
0.0000000000262324
0.0000000000252115
0.0000000000242663
0.0000000000233887
0.0000000000225717
0.0000000000218093
0.0000000000210961
0.0000000000204276
0.0000000000197997
0.0000000000192087
0.0000000000186516
0.0000000000181254
0.0000000000176278
0.0000000000171563
0.0000000000167091
0.0000000000162843
0.0000000000158802
0.0000000000154954
0.0000000000151286
0.0000000000147784
0.0000000000144438
0.0000000000141238
0.0000000000138175
0.0000000000135239
