0.0000000000000000
0.0000000037351565
0.0000000049813016
0.0000000019936187
0.0000000012811687
0.0000000009486106
0.0000000007542394
0.0000000006263136
0.0000000005356000
0.0000000004678716
0.0000000004153521
0.0000000003734246
0.0000000003391728
0.0000000003106625
0.0000000002865598
0.0000000002659148
0.0000000002480326
0.0000000002323930
0.0000000002185987
0.0000000002063411
0.0000000001953769
0.0000000001855115
0.0000000001765876
0.0000000001684766
0.0000000001610721
0.0000000001542857
0.0000000001480431
0.0000000001422814
0.0000000001369472
0.0000000001319946
0.0000000001273840
0.0000000001230813
0.0000000001190565
0.0000000001152837
0.0000000001117398
0.0000000001084047
0.0000000001052605
0.0000000001022912
0.0000000000994826
0.0000000000968221
0.0000000000942982
0.0000000000919007
0.0000000000896204
0.0000000000874488
0.0000000000853784
0.0000000000834022
0.0000000000815141
0.0000000000797081
0.0000000000779792
0.0000000000763225
