0.0000000000000000
0.0000000008420955
0.0000000034731468
0.0000000070773542
0.0000000107116244
0.0000000143509178
0.0000000179920384
0.0000000216340375
0.0000000252765287
0.0000000289193238
0.0000000325623200
0.0000000362054562
0.0000000398486939
0.0000000434920075
0.0000000471353794
0.0000000507787970
0.0000000544222511
0.0000000580657349
0.0000000617092430
0.0000000653527715
0.0000000689963171
0.0000000726398772
0.0000000762834497
0.0000000799270330
0.0000000835706257
0.0000000872142265
0.0000000908578345
0.0000000945014488
0.0000000981450688
0.0000001017886939
0.0000001054323235
0.0000001090759571
0.0000001127195944
0.0000001163632351
0.0000001200068787
0.0000001236505252
0.0000001272941741
0.0000001309378254
0.0000001345814788
0.0000001382251341
0.0000001418687913
0.0000001455124501
0.0000001491561105
0.0000001527997723
0.0000001564434355
0.0000001600870999
0.0000001637307654
0.0000001673744321
0.0000001710180998
0.0000001746617684
