0.0000000000000000
0.0000000019159007
0.0000000078028587
0.0000000157994782
0.0000000238597267
0.0000000319322642
0.0000000400094295
0.0000000480888522
0.0000000561695484
0.0000000642510344
0.0000000723330442
0.0000000804154192
0.0000000884980591
0.0000000965808973
0.0000001046638876
0.0000001127469974
0.0000001208302025
0.0000001289134850
0.0000001369968312
0.0000001450802305
0.0000001531636744
0.0000001612471562
0.0000001693306704
0.0000001774142127
0.0000001854977793
0.0000001935813672
0.0000002016649738
0.0000002097485970
0.0000002178322349
0.0000002259158860
0.0000002339995488
0.0000002420832222
0.0000002501669052
0.0000002582505968
0.0000002663342964
0.0000002744180030
0.0000002825017163
0.0000002905854356
0.0000002986691603
0.0000003067528902
0.0000003148366248
0.0000003229203637
0.0000003310041066
0.0000003390878532
0.0000003471716034
0.0000003552553567
0.0000003633391131
0.0000003714228723
0.0000003795066341
0.0000003875903984
