0.0000000000000000
0.0000629721133494
0.0002597971470847
0.0005294813678888
0.0008014282917313
0.0010737544106060
0.0013462185407413
0.0016187490427531
0.0018913167182043
0.0021639073554245
0.0024365131860542
0.0027091295980960
0.0029817536779646
0.0032543834934372
0.0035270177120369
0.0037996553848348
0.0040722958175748
0.0043449384905345
0.0046175830068795
0.0048902290583433
0.0051628764018094
0.0054355248429532
0.0057081742245803
0.0059808244181583
0.0062534753175663
0.0065261268344118
0.0067987788944761
0.0070714314349815
0.0073440844024681
0.0076167377511260
0.0078893914414743
0.0081620454393037
0.0084346997148255
0.0087073542419792
0.0089800089978671
0.0092526639622886
0.0095253191173538
0.0097979744471632
0.0100706299375373
0.0103432855757908
0.0106159413505406
0.0108885972515428
0.0111612532695536
0.0114339093962104
0.0117065656239289
0.0119792219458149
0.0122518783555874
0.0125245348475116
0.0127971914163414
0.0130698480572683
