0.0000000000000000
49734.8033936229330720
66347.0253990630444605
26577.9180176032132294
17081.4312269039437524
12647.8644442856348178
10056.4178736054327601
8350.8065494404745550
7141.3224827387766709
6238.2926370657105508
5538.0396504490718144
4979.0113586592015054
4522.3225864112000636
4142.1853994287321257
3820.8160854227307937
3545.5497965426930023
3307.1205955246628037
3098.5919217979812856
2914.6673175550572523
2751.2324002435434522
2605.0423067246510982
2473.5033856683503473
2354.5175514080333414
2246.3692637746312357
2147.6421031116592530
2057.1562735830716520
1973.9211531408564042
1897.0988253453915604
1825.9757369646201823
1759.9404440193172832
1698.4659726991887965
1641.0957156562685668
1587.4320635046356074
1537.1271718977286582
1489.8754102588870865
1445.4071452799189501
1403.4835917538096055
1363.8925228533100835
1326.4446769969772504
1290.9707327905293823
1257.3187499351527094
1225.3519944481176935
1194.9470824969687328
1165.9923896799539307
1138.3866824902647750
1112.0379365774801954
1086.8623127180933352
1062.7832664715028841
1039.7307715920042028
1017.6406405915249707
