0.0000000000000000
0.0000780546592666
0.0001638550374198
0.0001563063346584
0.0001291797208280
0.0001087024437881
0.0000935743682203
0.0000820758085191
0.0000730724724490
0.0000658409047408
0.0000599078350828
0.0000549531889682
0.0000507535397033
0.0000471484712589
0.0000440199360737
0.0000412791769433
0.0000388581907882
0.0000367040045541
0.0000347747427263
0.0000330368664280
0.0000314631969458
0.0000300314757935
0.0000287232989209
0.0000275233164395
0.0000264186238093
0.0000253982931106
0.0000244530081912
0.0000235747777891
0.0000227567078557
0.0000219928192978
0.0000212779009052
0.0000206073897840
0.0000199772734726
0.0000193840092857
0.0000188244574484
0.0000182958253438
0.0000177956207763
0.0000173216125939
0.0000168717973504
0.0000164443709536
0.0000160377044507
0.0000156503232610
0.0000152808892986
0.0000149281855245
0.0000145911025518
0.0000142686269925
0.0000139598312870
0.0000136638648006
0.0000133799460064
0.0000131073556034
