0.0000000000000000
0.6604577605299743
1.2745604326071107
1.3545282720661920
1.6526911196310099
2.0133256515767743
2.3986348208307495
2.7957461567005453
3.1993571158785286
3.6069325901700831
4.0171028387537477
4.4290630593963085
4.8423084728257368
5.2565034198087233
5.6714157318297804
6.0868802502844712
6.5027768804568353
6.9190167485073593
7.3355330316677341
7.7522747148245728
8.1692022851365298
8.5862847185070112
9.0034973426710554
9.4208203101400407
9.8382374953144112
10.2557356825454367
10.6733039552962872
11.0909332288888685
11.5086158891657391
11.9263455108712488
12.3441166368515542
12.7619246040922469
13.1797654059316081
13.5976355821463528
14.0155321304892624
14.4334524348157700
14.8513942061778152
15.2693554341926827
15.6873343466614923
16.1053293758804479
16.5233391304255761
16.9413623714342378
17.3593979925890132
17.7774450031551012
18.1955025135370718
18.6135697229236747
19.0316459086683700
19.4497304171223000
19.8678226556943578
20.2859220859536826
