0.0000000000000000
40.9409616999497530
169.0139605537602279
344.8030378238847788
522.3502606412922660
700.2095001752671806
878.1836860073823345
1056.2134290650317325
1234.2743698246376880
1412.3546108101957088
1590.4476348780990520
1768.5495674677399620
1946.6579584926946609
2124.7711819800806552
2302.8881160693472339
2481.0079615148624725
2659.1301334014638087
2837.2541937628884625
3015.3798081332829497
3193.5067166625813115
3371.6347143986704396
3549.7636375111082998
3727.8933534669135952
3906.0237538952287650
4084.1547493194643721
4262.2862652107687609
4440.4182389909210542
4618.5506177288916660
4796.6833563505388156
4974.8164162327029771
5152.9497640886811496
5331.0833710775323198
5509.2172120854565947
5687.3512651427099627
5865.4855109462914697
6043.6199324673334559
6221.7545146257425586
6399.8892440190811612
6578.0241086957385050
6756.1590979634493124
6934.2942022280030869
7112.4294128556721262
7290.5647220558903427
7468.7001227808414114
7646.8356086389649136
7824.9711738204705398
8003.1068130322510115
8181.2425214420600241
8359.3782946291903500
8537.5141285417139443
