0.0000000000000000
0.8277687016768165
3.4161060769011011
6.9635073791749615
10.5409564740779373
14.1234526720457652
17.7077866799657961
21.2930046855690343
24.8787178431157834
28.4647368671827685
32.0509582835687468
35.6373206580275834
39.2237851789833343
42.8103261070154204
46.3969256917766870
49.9835712921689890
53.5702536596413097
57.1569658706670012
60.7437026387584993
64.3304598572960202
67.9172342875497748
71.5040233407839168
75.0908249228966866
78.6776373216129628
82.2644591232154596
85.8512891501624438
89.4381264137292078
93.0249700776060280
96.6118194296130781
100.1986738594828097
103.7855328412570657
107.3723959192126927
110.9592626965074231
114.5461328259719238
118.1330060025682656
121.7198819571859758
125.3067604515069320
128.8936412737159003
132.4805242349186472
136.0674091661297496
139.6542959157005726
143.2411843471649320
146.8280743373841233
150.4149657749487687
154.0018585588270810
157.5887525971736238
161.1756478063124405
164.7625441098525414
168.3494414379037494
171.9363397264062883
