0.0000000000000000
25559.6490424607618479
105527.2790245605428936
215167.9789152780140284
325752.6250679733930156
436496.3073028147337027
547297.9371503063011914
658127.4477834870340303
768972.5773877499159425
879827.3559243939816952
990688.5194652711506933
1101554.1300304506439716
1212422.9632300850935280
1323294.2070370642468333
1434167.3014516581315547
1545041.8476580944843590
1655917.5538693647831678
1766794.2016500832978636
1877671.6242120002862066
1988549.6919910218566656
2099428.3028047522529960
2210307.3749779919162393
2321186.8424412193708122
2432066.6511716195382178
2542946.7565659014508128
2653827.1214722297154367
2764707.7146959407255054
2875588.5098511725664139
2986469.4844683380797505
3097350.6192932915873826
3208231.8977318713441491
3319113.3054057657718658
3429994.8297945600934327
3540876.4599448996596038
3651758.1862327423878014
3762640.0001675626263022
3873521.8942303145304322
3984403.8617382170632482
4095285.8967316253110766
4206167.9938788684085011
4317050.1483955197036266
4427932.3559760665521026
4538814.6127353385090828
4649696.9151584329083562
4760579.2600577147677541
4871461.6445354493334889
4982344.0659517440944910
5093226.5218963269144297
5204109.0101641993969679
5314991.5287343002855778
