0.0000000000000000
0.0000000000469924
0.0000000000906866
0.0000000000963764
0.0000000001175911
0.0000000001432507
0.0000000001706659
0.0000000001989209
0.0000000002276384
0.0000000002566379
0.0000000002858220
0.0000000003151335
0.0000000003445364
0.0000000003740069
0.0000000004035285
0.0000000004330893
0.0000000004626809
0.0000000004922969
0.0000000005219326
0.0000000005515843
0.0000000005812492
0.0000000006109251
0.0000000006406104
0.0000000006703034
0.0000000007000032
0.0000000007297087
0.0000000007594192
0.0000000007891341
0.0000000008188528
0.0000000008485748
0.0000000008782997
0.0000000009080273
0.0000000009377572
0.0000000009674892
0.0000000009972231
0.0000000010269586
0.0000000010566957
0.0000000010864342
0.0000000011161739
0.0000000011459148
0.0000000011756567
0.0000000012053996
0.0000000012351434
0.0000000012648880
0.0000000012946333
0.0000000013243793
0.0000000013541260
0.0000000013838732
0.0000000014136210
0.0000000014433693
