0.0000000000000000
0.0002802405402076
0.0003736827668566
0.0001494888040156
0.0000960632084982
0.0000711269533773
0.0000565527273879
0.0000469607624897
0.0000401590364495
0.0000350807648455
0.0000311428581905
0.0000279991523167
0.0000254309645281
0.0000232932704693
0.0000214860603726
0.0000199381118318
0.0000185973169634
0.0000174246675408
0.0000163903786819
0.0000154713130330
0.0000146492230565
0.0000139095233456
0.0000132404153307
0.0000126322516991
0.0000120770672484
0.0000115682274321
0.0000111001615231
0.0000106681575324
0.0000102682028261
0.0000098968589793
0.0000095511625825
0.0000092285459302
0.0000089267730894
0.0000086438879790
0.0000083781719048
0.0000081281086019
0.0000078923552779
0.0000076697184900
0.0000074591339393
0.0000072596494592
0.0000070704106248
0.0000068906485228
0.0000067196693138
0.0000065568452866
0.0000064016071625
0.0000062534374500
0.0000061118646859
0.0000059764584289
0.0000058468248920
0.0000057226031223
