0.0000000000000000
0.0000001181578013
0.0000001575507155
0.0000000630205070
0.0000000404973819
0.0000000299849348
0.0000000238408672
0.0000000197971841
0.0000000169297849
0.0000000147889428
0.0000000131288441
0.0000000118035560
0.0000000107208887
0.0000000098197041
0.0000000090578413
0.0000000084052751
0.0000000078400383
0.0000000073456864
0.0000000069096630
0.0000000065222140
0.0000000061756469
0.0000000058638130
0.0000000055817382
0.0000000053253557
0.0000000050913076
0.0000000048767969
0.0000000046794751
0.0000000044973560
0.0000000043287478
0.0000000041722010
0.0000000040264664
0.0000000038904615
0.0000000037632436
0.0000000036439882
0.0000000035319708
0.0000000034265520
0.0000000033271659
0.0000000032333093
0.0000000031445336
0.0000000030604373
0.0000000029806602
0.0000000029048782
0.0000000028327988
0.0000000027641574
0.0000000026987139
0.0000000026362503
0.0000000025765677
0.0000000025194847
0.0000000024648354
0.0000000024124674
