0.0000000000000000
0.0000000000003664
0.0000000000017758
0.0000000000040748
0.0000000000065142
0.0000000000086754
0.0000000000104031
0.0000000000117017
0.0000000000126367
0.0000000000132842
0.0000000000137114
0.0000000000139723
0.0000000000141088
0.0000000000141524
0.0000000000141267
0.0000000000140496
0.0000000000139345
0.0000000000137916
0.0000000000136286
0.0000000000134512
0.0000000000132639
0.0000000000130703
0.0000000000128728
0.0000000000126736
0.0000000000124741
0.0000000000122756
0.0000000000120789
0.0000000000118847
0.0000000000116936
0.0000000000115059
0.0000000000113218
0.0000000000111416
0.0000000000109653
0.0000000000107931
0.0000000000106249
0.0000000000104608
0.0000000000103006
0.0000000000101444
0.0000000000099922
0.0000000000098437
0.0000000000096990
0.0000000000095579
0.0000000000094204
0.0000000000092863
0.0000000000091556
0.0000000000090282
0.0000000000089039
0.0000000000087827
0.0000000000086645
0.0000000000085492
