0.0000000000000000
617374.8791592235211283
2411707.2114078719168901
4772087.9137147953733802
7140410.2479851767420769
9510785.3999080508947372
11882023.5314261149615049
14253710.5556345693767071
16625662.2269116677343845
18997783.5408136248588562
21370020.3392536863684654
23742339.4068288207054138
26114719.2036483474075794
28487145.1325523592531681
30859606.9420245066285133
33232097.2166870571672916
35604610.4575921818614006
37977142.4993665888905525
40349690.1282856613397598
42722250.8247214928269386
45094822.5850734114646912
47467403.7959173396229744
49839993.1433231607079506
52212589.5463693737983704
54585192.1076332107186317
56957800.0758014842867851
59330412.8170763999223709
61703029.7930445373058319
64075650.5433728322386742
66448274.6721406728029251
68820901.8369462788105011
71193531.7401560544967651
73566164.1218164563179016
75938798.7538681477308273
78311435.4354002326726913
80684073.9887244999408722
83056714.2561153173446655
85429356.0970779061317444
87801999.3860634565353394
90174644.0105253905057907
92547289.8692826926708221
94919936.8711215555667877
97292584.9335933774709702
99665233.9819879680871964
102037883.9484504759311676
104410534.7712069898843765
106783186.3939019441604614
109155838.7650147676467896
111528491.8373560309410095
113901145.5676146745681763
