0.0000000000000000
0.0028935905968923
0.0094748890835273
0.0135126328430067
0.0134630154496096
0.0125438257289674
0.0115284103038973
0.0105909249981516
0.0097633407741573
0.0090409378946763
0.0084103804960622
0.0078577447943019
0.0073707061564099
0.0069389239810538
0.0065538841563318
0.0062086109559492
0.0058973815388888
0.0056154808591795
0.0053590022514491
0.0051246887139072
0.0049098076023407
0.0047120518229911
0.0045294617346760
0.0043603631525912
0.0042033178706407
0.0040570839432940
0.0039205836089983
0.0037928772279374
0.0036731419801941
0.0035606543538364
0.0034547756680282
0.0033549400407513
0.0032606443367680
0.0031714397285117
0.0030869245777254
0.0030067384041478
0.0029305567533121
0.0028580868115339
0.0027890636446543
0.0027232469597603
0.0026604183072157
0.0026003786548833
0.0025429462781635
0.0024879549189959
0.0024352521747304
0.0023846980841184
0.0023361638828904
0.0022895309056867
0.0022446896146685
0.0022015387380988
