0.0000000000000000
0.0000000002652516
0.0000000003570570
0.0000000001472234
0.0000000000950813
0.0000000000705357
0.0000000000561378
0.0000000000466430
0.0000000000399019
0.0000000000348649
0.0000000000309566
0.0000000000278353
0.0000000000252846
0.0000000000231610
0.0000000000213653
0.0000000000198270
0.0000000000184943
0.0000000000173287
0.0000000000163006
0.0000000000153869
0.0000000000145695
0.0000000000138341
0.0000000000131688
0.0000000000125641
0.0000000000120120
0.0000000000115060
0.0000000000110406
0.0000000000106109
0.0000000000102132
0.0000000000098439
0.0000000000095001
0.0000000000091793
0.0000000000088791
0.0000000000085978
0.0000000000083335
0.0000000000080848
0.0000000000078503
0.0000000000076289
0.0000000000074195
0.0000000000072211
0.0000000000070328
0.0000000000068541
0.0000000000066840
0.0000000000065220
0.0000000000063676
0.0000000000062203
0.0000000000060795
0.0000000000059448
0.0000000000058158
0.0000000000056923
