0.0000000000000000
0.0000000006932136
0.0000000028650431
0.0000000058466783
0.0000000088563064
0.0000000118707285
0.0000000148869031
0.0000000179039222
0.0000000209214148
0.0000000239392001
0.0000000269571791
0.0000000299752930
0.0000000329935048
0.0000000360117897
0.0000000390301307
0.0000000420485159
0.0000000450669363
0.0000000480853852
0.0000000511038577
0.0000000541223498
0.0000000571408583
0.0000000601593809
0.0000000631779154
0.0000000661964603
0.0000000692150143
0.0000000722335761
0.0000000752521448
0.0000000782707197
0.0000000812893000
0.0000000843078852
0.0000000873264747
0.0000000903450682
0.0000000933636652
0.0000000963822654
0.0000000994008685
0.0000001024194743
0.0000001054380825
0.0000001084566930
0.0000001114753055
0.0000001144939199
0.0000001175125360
0.0000001205311537
0.0000001235497730
0.0000001265683936
0.0000001295870155
0.0000001326056386
0.0000001356242629
0.0000001386428881
0.0000001416615144
0.0000001446801416
