0.0000000000000000
143.7324684683603664
593.4234965336285086
1209.9784583686787300
1831.8416200976255368
2454.5991074342741740
3077.6824581423106792
3700.9225940293008534
4324.2505618448594760
4947.6327895943531985
5571.0509228611690560
6194.4940635832263069
6817.9553265104614184
7441.4301452789304676
8064.9153707788109386
8688.4087603040861723
9311.9086730159178842
9935.4138805617476464
10558.9234450224448665
11182.4366378056274698
11805.9528842973377323
12429.4717252041082247
13052.9927889899954607
13676.5157718621485401
14300.0404229978230433
14923.5665334770255868
15547.0939278792557161
16170.6224578258697875
16794.1519969609980762
17417.6824370107460709
18041.2136846593057271
18664.7456590515394055
19288.2782897797005717
19911.8115152488171589
20535.3452813386829803
21158.8795403039948724
21782.4142498616311059
22405.9493724316889711
23029.4848745007366233
23653.0207260864226555
24276.5569002839583845
24900.0933728817908559
25523.6301220318346168
26147.1671279684087494
26770.7043727661803132
27394.2418401301038102
28017.7795152144753956
28641.3173844659067981
29264.8554354843327019
29888.3936569049801619
