0.0000000000000000
0.0000021966008723
0.0000090097010673
0.0000183148242255
0.0000277038332464
0.0000371086496590
0.0000465193752538
0.0000559329736744
0.0000653481896939
0.0000747644077515
0.0000841812898977
0.0000935986349578
0.0001030163156278
0.0001124342473921
0.0001218523719288
0.0001312706476867
0.0001406890442589
0.0001501075388802
0.0001595261141678
0.0001689447566189
0.0001783634555852
0.0001877822025564
0.0001972009906491
0.0002066198142357
0.0002160386686707
0.0002254575500851
0.0002348764552311
0.0002442953813617
0.0002537143261381
0.0002631332875567
0.0002725522638907
0.0002819712536444
0.0002913902555153
0.0003008092683644
0.0003102282911909
0.0003196473231121
0.0003290663633464
0.0003384854111993
0.0003479044660513
0.0003573235273486
0.0003667425945942
0.0003761616673407
0.0003855807451847
0.0003949998277613
0.0004044189147394
0.0004138380058183
0.0004232571007239
0.0004326761992061
0.0004420953010360
0.0004515144060041
