0.0000000000000000
0.0061365784413973
0.0087276501564138
0.0042327092582443
0.0028424757927606
0.0021470529689268
0.0017266105049667
0.0014442356689295
0.0012412858695770
0.0010883019779411
0.0009688221422683
0.0008729125916011
0.0007942186323022
0.0007284839349379
0.0006727495811393
0.0006248943100004
0.0005833574856664
0.0005469652634740
0.0005148176973761
0.0004862132256547
0.0004605968445948
0.0004375237281250
0.0004166331749808
0.0003976296164708
0.0003802685482998
0.0003643459583753
0.0003496902771444
0.0003361561750068
0.0003236197304748
0.0003119746281736
0.0003011291393586
0.0002910037032686
0.0002815289742959
0.0002726442335576
0.0002642960879253
0.0002564373975968
0.0002490263867010
0.0002420259014993
0.0002354027883743
0.0002291273696314
0.0002231729996256
0.0002175156872115
0.0002121337732359
0.0002070076539333
0.0002021195427781
0.0001974532646980
0.0001929940776308
0.0001887285172790
0.0001846442616176
0.0001807300122840
