0.0000000000000000
0.0000000002581814
0.0000000010085574
0.0000000019956505
0.0000000029860647
0.0000000039773374
0.0000000049689710
0.0000000059607923
0.0000000069527243
0.0000000079447272
0.0000000089367784
0.0000000099288640
0.0000000109209750
0.0000000119131053
0.0000000129052507
0.0000000138974079
0.0000000148895747
0.0000000158817494
0.0000000168739306
0.0000000178661172
0.0000000188583085
0.0000000198505038
0.0000000208427024
0.0000000218349040
0.0000000228271082
0.0000000238193146
0.0000000248115231
0.0000000258037333
0.0000000267959450
0.0000000277881582
0.0000000287803727
0.0000000297725883
0.0000000307648049
0.0000000317570225
0.0000000327492410
0.0000000337414602
0.0000000347336801
0.0000000357259007
0.0000000367181219
0.0000000377103437
0.0000000387025660
0.0000000396947887
0.0000000406870119
0.0000000416792355
0.0000000426714595
0.0000000436636839
0.0000000446559086
0.0000000456481336
0.0000000466403589
0.0000000476325845
