0.0000000000000000
5.8532454470517017
12.2873350644995192
11.7212649479430890
9.6870657036096937
8.1514939680035337
7.0170538170623988
6.1547876454962953
5.4796359459630004
4.9373474886105138
4.4924321781202963
4.1208879284253470
3.8059601820276825
3.5356194918356443
3.3010135823241398
3.0954866342582594
2.9139391606998029
2.7523987621468278
2.6077252331598877
2.4774035249320088
2.3593955313220820
2.2520321093986793
2.1539331567460520
2.0639475996803376
1.9811077388839784
1.9045940999448328
1.8337080733765936
1.7678504019627432
1.7065041074823246
1.6492208233591341
1.5956097658525992
1.5453287678426770
1.4980769386050015
1.4535886155079039
1.4116283497818389
1.3719867257103957
1.3344768559003375
1.2989314283556663
1.2652002065293197
1.2331479032568640
1.2026523648830776
1.1736030140020082
1.1458995088099944
1.1194505846935212
1.0941730497741091
1.0699909110406678
1.0468346116702141
1.0246403633640813
1.0033495601620095
0.9829082623582928
