0.0000000000000000
0.0000001179036617
0.0000001572853757
0.0000000630068612
0.0000000404940434
0.0000000299836217
0.0000000238402167
0.0000000197968144
0.0000000169295546
0.0000000147887896
0.0000000131287370
0.0000000118034783
0.0000000107208304
0.0000000098196593
0.0000000090578061
0.0000000084052469
0.0000000078400155
0.0000000073456676
0.0000000069096473
0.0000000065222008
0.0000000061756357
0.0000000058638033
0.0000000055817299
0.0000000053253485
0.0000000050913013
0.0000000048767913
0.0000000046794702
0.0000000044973516
0.0000000043287439
0.0000000041721975
0.0000000040264632
0.0000000038904586
0.0000000037632410
0.0000000036439859
0.0000000035319686
0.0000000034265501
0.0000000033271641
0.0000000032333077
0.0000000031445321
0.0000000030604359
0.0000000029806589
0.0000000029048770
0.0000000028327977
0.0000000027641563
0.0000000026987130
0.0000000026362494
0.0000000025765669
0.0000000025194839
0.0000000024648346
0.0000000024124667
