0.0000000000000000
0.0000000002778570
0.0000000003707626
0.0000000001486470
0.0000000000955434
0.0000000000707467
0.0000000000562520
0.0000000000467117
0.0000000000399464
0.0000000000348952
0.0000000000309782
0.0000000000278512
0.0000000000252967
0.0000000000231703
0.0000000000213726
0.0000000000198329
0.0000000000184992
0.0000000000173327
0.0000000000163039
0.0000000000153897
0.0000000000145719
0.0000000000138361
0.0000000000131706
0.0000000000125656
0.0000000000120134
0.0000000000115072
0.0000000000110416
0.0000000000106119
0.0000000000102141
0.0000000000098447
0.0000000000095008
0.0000000000091799
0.0000000000088797
0.0000000000085983
0.0000000000083340
0.0000000000080852
0.0000000000078507
0.0000000000076293
0.0000000000074198
0.0000000000072214
0.0000000000070331
0.0000000000068543
0.0000000000066842
0.0000000000065223
0.0000000000063679
0.0000000000062205
0.0000000000060796
0.0000000000059449
0.0000000000058160
0.0000000000056924
