0.0000000000000000
4.7585651041290156
19.6281749572463191
39.9990739794077115
60.5401291845015521
81.1096512260793787
101.6895306033743651
122.2743903973359920
142.8620394602770034
163.4514113845228565
184.0419232772844396
204.6332290899520956
225.2251102132645144
245.8174216722083543
266.4100634915982937
287.0029644740615140
307.5960725303405070
328.1893486663742010
348.7827631082517428
369.3762927272653087
389.9699192827761749
410.5636281949665545
431.1574076698284443
451.7512480638201282
472.3451414148862568
492.9390810911186804
513.5330615240229690
534.1270780035181360
554.7211265186039100
575.3152036322546792
595.9093063822997465
616.5034322020837863
637.0975788566197480
657.6917443906320386
678.2859270861517871
698.8801254275683732
719.4743380726463329
740.0685638284586503
760.6628016311601641
781.2570505289875200
801.8513096678998409
822.4455782792930449
843.0398556696542300
863.6341412115307321
884.2284343358866181
904.8227345254771308
925.4170413090254215
946.0113542562934299
966.6056729736541229
987.1999971003384644
