0.0000000000000000
0.0000000004891476
0.0000000020172216
0.0000000041130753
0.0000000062297361
0.0000000083501564
0.0000000104719674
0.0000000125944517
0.0000000147173143
0.0000000168404110
0.0000000189636628
0.0000000210870228
0.0000000232104611
0.0000000253339581
0.0000000274575001
0.0000000295810774
0.0000000317046830
0.0000000338283115
0.0000000359519588
0.0000000380756219
0.0000000401992981
0.0000000423229856
0.0000000444466828
0.0000000465703882
0.0000000486941008
0.0000000508178198
0.0000000529415443
0.0000000550652738
0.0000000571890076
0.0000000593127453
0.0000000614364864
0.0000000635602308
0.0000000656839780
0.0000000678077277
0.0000000699314798
0.0000000720552340
0.0000000741789902
0.0000000763027481
0.0000000784265077
0.0000000805502688
0.0000000826740313
0.0000000847977951
0.0000000869215600
0.0000000890453261
0.0000000911690933
0.0000000932928613
0.0000000954166303
0.0000000975404001
0.0000000996641707
0.0000001017879421
