0.0000000000000000
0.0000006624339293
0.0000008839286185
0.0000003543866848
0.0000002277834665
0.0000001686660045
0.0000001341093360
0.0000001113645379
0.0000000952354833
0.0000000831930302
0.0000000738546726
0.0000000663996121
0.0000000603093071
0.0000000552398662
0.0000000509541356
0.0000000472832227
0.0000000441035606
0.0000000413226457
0.0000000388698462
0.0000000366902937
0.0000000347407155
0.0000000329865233
0.0000000313997375
0.0000000299574799
0.0000000286408613
0.0000000274341483
0.0000000263241301
0.0000000252996322
0.0000000243511389
0.0000000234704960
0.0000000226506759
0.0000000218855892
0.0000000211699335
0.0000000204990700
0.0000000198689229
0.0000000192758963
0.0000000187168058
0.0000000181888211
0.0000000176894184
0.0000000172163394
0.0000000167675581
0.0000000163412508
0.0000000159357722
0.0000000155496337
0.0000000151814851
0.0000000148300994
0.0000000144943583
0.0000000141732411
0.0000000138658140
0.0000000135712208
