0.0000000000000000
0.0000000000014710
0.0000000000019870
0.0000000000008283
0.0000000000005361
0.0000000000003981
0.0000000000003170
0.0000000000002634
0.0000000000002254
0.0000000000001970
0.0000000000001749
0.0000000000001573
0.0000000000001429
0.0000000000001309
0.0000000000001208
0.0000000000001121
0.0000000000001045
0.0000000000000979
0.0000000000000921
0.0000000000000870
0.0000000000000824
0.0000000000000782
0.0000000000000744
0.0000000000000710
0.0000000000000679
0.0000000000000650
0.0000000000000624
0.0000000000000600
0.0000000000000577
0.0000000000000556
0.0000000000000537
0.0000000000000519
0.0000000000000502
0.0000000000000486
0.0000000000000471
0.0000000000000457
0.0000000000000444
0.0000000000000431
0.0000000000000419
0.0000000000000408
0.0000000000000398
0.0000000000000387
0.0000000000000378
0.0000000000000369
0.0000000000000360
0.0000000000000352
0.0000000000000344
0.0000000000000336
0.0000000000000329
0.0000000000000322
