0.0000000000000000
0.2247655007589014
0.3117105083397319
0.1407960452456609
0.0928237868549554
0.0694925241728982
0.0555907293967297
0.0463383366256443
0.0397295044694861
0.0347701201920853
0.0309100289216218
0.0278196663674160
0.0252894135629390
0.0231795149487815
0.0213931821131760
0.0198612458749367
0.0185329535375364
0.0173702183339918
0.0163438981984969
0.0154313143365596
0.0146145528107168
0.0138792751629458
0.0132138684833262
0.0126088269959100
0.0120562947602733
0.0115497225421579
0.0110836069195861
0.0106532895089711
0.0102548007428400
0.0098847370747559
0.0095401635528006
0.0092185358497403
0.0089176373620204
0.0086355280855028
0.0083705027730605
0.0081210564655132
0.0078858559231308
0.0076637158118393
0.0074535787457360
0.0072544984764425
0.0070656256651876
0.0068861957862067
0.0067155187980263
0.0065529702883467
0.0063979838529258
0.0062500445123839
0.0061086830056659
0.0059734708269146
0.0058440158951628
0.0057199587646650
