0.0000000000000000
61.4687767572020007
268.4861104815037720
482.4103920767231557
570.4937795992110523
589.4680806649341775
579.8462696564722592
559.0572172995244955
534.4634497187444140
509.2589392367247569
484.8350723731899734
461.7669264142139696
440.2481871292126243
420.2927171360042280
401.8316088345544586
384.7610943981298988
368.9664234803002500
354.3336322582447906
340.7550870664874765
328.1317971529847455
316.3740579020127939
305.4012525333434382
295.1412554101288492
285.5296739940329189
276.5090544933763681
268.0281148534370459
260.0410350189429778
252.5068160183267878
245.3887096122927858
238.6537152495511975
232.2721387586908008
226.2172063729780405
220.4647276468112125
214.9928011881134751
209.7815576782240043
204.8129352576952158
200.0704829563968303
195.5391884067044543
191.2053265845664782
187.0563267711389983
183.0806553185634016
179.2677121420334174
175.6077391514772330
172.0917390861848730
168.7114034293811642
165.4590482626418293
162.3275570761714448
159.3103296845074510
156.4012365113869691
153.5945776053063696
