0.0000000000000000
8860.9588457214922528
11815.8283191649024957
4727.2131296723546257
3037.7802453731355854
2249.2320062992898784
1788.3558359195696994
1485.0316007061837809
1269.9421619470126643
1109.3530375300906599
984.8253885345499157
885.4125686424198420
804.1992335182527540
736.5993137052784050
679.4502233750370124
630.4997119492520596
588.0999827411197884
551.0174864777321773
518.3103416704292385
489.2468802113651805
463.2500636265817207
439.8586602857596972
418.6995661525452874
399.4677059790365661
381.9111975714125720
365.8202378320998491
351.0186646108121522
337.3574714973832442
324.7097676468354166
312.9668203290310657
302.0349181514500287
291.8328629850750531
282.2899482966720370
273.3443172538713384
264.9416198806816851
257.0339075760955438
249.5787174376247890
242.5383094205835448
235.8790273718854564
229.5707610848431557
223.5864912169698471
217.9019025500475948
212.4950539092628787
207.3460952865866034
202.4370244750609800
197.7514769211728947
193.2745436225511355
188.9926127989136262
184.8932317921578203
180.9649862427177993
