0.0000000000000000
0.3541304261670121
1.4609970909443382
2.9775952002370949
4.5069178624893524
6.0383729686321264
7.5706041958846750
9.1032086724958656
10.6360221979259322
12.1689648513242261
13.7019929464888168
15.2350805473583666
16.7682112690730243
18.3013742455711714
19.8345619835266440
21.3677691465355863
22.9009918303741671
24.4342271123290118
25.9674727607578184
27.5007270420926346
29.0339885891402396
30.5672563090958427
32.1005293179602589
33.6338068929176899
35.1670884371851926
36.7003734536790844
38.2336615250221072
39.7669522981773582
41.3002454725065817
42.8335407903939966
44.3668380298133727
45.9001369983861807
47.4334375285915542
48.9667394738760819
50.5000427054721683
52.0333471097787879
53.5666525861910401
55.0999590452955630
56.6332664073535170
58.1665746010267242
59.6998835623016362
61.2331932335702689
62.7665035628494294
64.2998145031112927
65.8331260117044508
67.3664380498579476
68.8997505822508600
70.4330635766326338
71.9663770035021457
73.4996908358155423
