0.0000000000000000
9433363.1599588859826326
37886064.1433800384402275
76125985.4670273214578629
114602599.2524385601282120
153127197.8467245399951935
191670196.9523626863956451
230222266.8898456096649170
268779490.2536152601242065
307339926.2749276757240295
345902501.6216561794281006
384466573.7873387932777405
423031734.3908285498619080
461597711.3370370864868164
500164316.2993654012680054
538731414.7671006917953491
577298908.0948797464370728
615866722.2913647890090942
654434800.7677688598632812
693003099.5044850111007690
731571583.7442666292190552
770140225.6774878501892090
808709002.7885957956314087
847277896.6534576416015625
885846892.0503506660461426
924415976.2930822372436523
962985138.7241549491882324
1001554370.3248064517974854
1040123663.4116779565811157
1078693011.3984980583190918
1117262408.6069998741149902
1155831850.1156208515167236
1194401331.6376004219055176
1232970849.4217514991760254
1271540400.1713943481445312
1310109980.9775817394256592
1348679589.2636365890502930
1387249222.7391417026519775
1425818879.3611783981323242
1464388557.3018405437469482
1502958254.9206624031066895
1541527970.7411599159240723
1580097703.4309031963348389
1618667451.7843585014343262
1657237214.7081000804901123
1695806991.2080903053283691
1734376780.3787300586700439
1772946581.3930647373199463
1811516393.4946131706237793
1850086215.9898829460144043
