0.0000000000000000
0.0000000082209711
0.0000000321143212
0.0000000635451781
0.0000000950817858
0.0000001266457289
0.0000001582211634
0.0000001898025753
0.0000002213875113
0.0000002529747063
0.0000002845634391
0.0000003161532673
0.0000003477439043
0.0000003793351555
0.0000004109268845
0.0000004425189925
0.0000004741114064
0.0000005057040706
0.0000005372969424
0.0000005688899882
0.0000006004831813
0.0000006320765003
0.0000006636699276
0.0000006952634489
0.0000007268570521
0.0000007584507274
0.0000007900444662
0.0000008216382614
0.0000008532321069
0.0000008848259974
0.0000009164199283
0.0000009480138956
0.0000009796078960
0.0000010112019263
0.0000010427959839
0.0000010743900664
0.0000011059841718
0.0000011375782981
0.0000011691724437
0.0000012007666071
0.0000012323607869
0.0000012639549819
0.0000012955491911
0.0000013271434134
0.0000013587376479
0.0000013903318938
0.0000014219261504
0.0000014535204169
0.0000014851146928
0.0000015167089774
