0.0000000000000000
2.4810281295413539
10.2127936537837911
20.8021795470111144
31.4934838277642974
42.2035831276465814
52.9206688887946441
63.6411433945234251
74.3635239567357473
85.0870846447268718
95.8114272734605095
106.5363149319563121
117.2615977434182071
127.9871762200099283
138.7129817107974645
149.4389653048107220
160.1650912074618418
170.8913326177240037
181.6176690691904696
192.3440846622240770
203.0705668570722366
213.7971056306446940
224.5236928751780852
235.2503219615026921
245.9769874166287309
256.7036846821796985
267.4304099309934486
278.1571599261395704
288.8839319113521356
299.6107235250110534
310.3375327319379835
321.0643577688910000
331.7911971006075191
342.5180493841085081
353.2449134395208716
363.9717882260404735
374.6986728220324494
385.4255664084520845
396.1524682549516001
406.8793777082014458
417.6062941819916432
428.3332171488306699
439.0601461327779589
449.7870807032918492
460.5140204699399078
471.2409650778479886
481.9679142037285260
492.6948675524510577
503.4218248540431659
514.1487858610521471
