0.0000000000000000
0.0036906194180201
0.0141520965147725
0.0227858398399410
0.0246451944820568
0.0240838596065444
0.0228305139204973
0.0214393607509348
0.0200932484978052
0.0188495052133955
0.0177202479808289
0.0167011030028717
0.0157821687827621
0.0149523345431074
0.0142009561638668
0.0135184414924660
0.0128963811562790
0.0123274958008847
0.0118055174444151
0.0113250558877643
0.0108814713317483
0.0104707609409416
0.0100894611295829
0.0097345648179014
0.0094034519689347
0.0090938314987079
0.0088036927456931
0.0085312648950459
0.0082749829898808
0.0080334593868803
0.0078054597121101
0.0075898825415389
0.0073857421709632
0.0071921539551813
0.0070083217902108
0.0068335273887346
0.0066671210610015
0.0065085137638119
0.0063571702212210
0.0062126029540038
0.0060743670822242
0.0059420557876090
0.0058152963408000
0.0056937466136872
0.0055770920095397
0.0054650427540191
0.0053573314987899
0.0052537111966343
0.0051539532130016
0.0050578456439795
