0.0000000000000000
0.0000000000043211
0.0000000000065752
0.0000000000037654
0.0000000000026477
0.0000000000020469
0.0000000000016698
0.0000000000014105
0.0000000000012210
0.0000000000010763
0.0000000000009622
0.0000000000008699
0.0000000000007937
0.0000000000007297
0.0000000000006752
0.0000000000006283
0.0000000000005874
0.0000000000005514
0.0000000000005196
0.0000000000004912
0.0000000000004657
0.0000000000004428
0.0000000000004219
0.0000000000004029
0.0000000000003856
0.0000000000003696
0.0000000000003549
0.0000000000003413
0.0000000000003287
0.0000000000003170
0.0000000000003061
0.0000000000002959
0.0000000000002864
0.0000000000002774
0.0000000000002690
0.0000000000002611
0.0000000000002536
0.0000000000002465
0.0000000000002398
0.0000000000002334
0.0000000000002274
0.0000000000002217
0.0000000000002162
0.0000000000002111
0.0000000000002061
0.0000000000002014
0.0000000000001969
0.0000000000001925
0.0000000000001884
0.0000000000001844
