0.0000000000000000
0.0003678781717657
0.0005443601699186
0.0002921587745146
0.0002017027866533
0.0001544853902371
0.0001252955120850
0.0001054115647854
0.0000909778875537
0.0000800171775704
0.0000714079233324
0.0000644655945850
0.0000587483034134
0.0000539578754390
0.0000498857416723
0.0000463815943549
0.0000433343534014
0.0000406601436544
0.0000382944418964
0.0000361867973704
0.0000342971922022
0.0000325934763585
0.0000310495242034
0.0000296438863244
0.0000283587879871
0.0000271793744820
0.0000260931351412
0.0000250894585365
0.0000241592852691
0.0000232948342479
0.0000224893849269
0.0000217371025912
0.0000210328970806
0.0000203723077142
0.0000197514089175
0.0000191667323315
0.0000186152021428
0.0000180940810867
0.0000176009251239
0.0000171335452082
0.0000166899748831
0.0000162684426970
0.0000158673486204
0.0000154852438045
0.0000151208131416
0.0000147728601843
0.0000144402940604
0.0000141221180817
0.0000138174197962
0.0000135253622752
