0.0000000000000000
0.0000000474043552
0.0000000638113313
0.0000000263109885
0.0000000169924168
0.0000000126057731
0.0000000100326403
0.0000000083357879
0.0000000071310633
0.0000000062308613
0.0000000055324048
0.0000000049745794
0.0000000045187313
0.0000000041392026
0.0000000038182873
0.0000000035433684
0.0000000033052111
0.0000000030968993
0.0000000029131508
0.0000000027498609
0.0000000026037919
0.0000000024723553
0.0000000023534568
0.0000000022453839
0.0000000021467223
0.0000000020562940
0.0000000019731097
0.0000000018963325
0.0000000018252498
0.0000000017592508
0.0000000016978092
0.0000000016404687
0.0000000015868322
0.0000000015365522
0.0000000014893233
0.0000000014448761
0.0000000014029721
0.0000000013633991
0.0000000013259680
0.0000000012905098
0.0000000012568725
0.0000000012249194
0.0000000011945274
0.0000000011655849
0.0000000011379906
0.0000000011116526
0.0000000010864872
0.0000000010624179
0.0000000010393745
0.0000000010172931
