0.0000000000000000
8323.1836277025086019
13125.0051940116900369
8109.9977106899186765
5829.5946298777607808
4558.1922460487157878
3745.0083743588588732
3179.0192381680835751
2761.9059676623605810
2441.5438693336018332
2187.6680338488913549
1981.4773129849547786
1810.6650252367760459
1666.8323285108228902
1544.0484885860730628
1438.0048907246657564
1345.4951684791315074
1264.0834742814279252
1191.8858894113898259
1127.4223310603970276
1069.5137593746533184
1017.2092883262200758
969.7335122351065593
926.4477908667925021
886.8213571644749891
850.4094562503514680
816.8365960647446400
785.7835668129649775
756.9772751686354013
730.1827056919926235
705.1965074646336689
681.8418349691831963
659.9641659953539374
639.4278872581988935
620.1134881561328029
601.9152399191829090
584.7392649268264222
568.5019217455250100
553.1284472438555895
538.5518092716572482
524.7117327667754125
511.5538694552134871
499.0290870358955431
487.0928582594116278
475.7047338972082002
464.8278864625824554
454.4287138449785175
444.4764938762805286
434.9430823540621418
425.8026482749862112
