0.0000000000000000
664.5981032131315942
886.1865758783197862
354.4964748642998416
227.8027158245810426
168.6691301867319055
134.1080285271546586
111.3618076958668865
95.2323195716334112
83.1898033274840714
73.8515286097497494
66.3966071041639907
60.3064583332116797
55.2371740956267914
50.9515930516063307
47.2808197194727455
44.1012864584068467
41.3204899149442397
38.8677988032337112
36.6883456608905050
34.7388586406573765
32.9847502023603596
31.3980414559694623
29.9558549598827852
28.6393021951760254
27.4326501345599745
26.3226884692462733
25.2982432861476418
24.3497991074614504
23.4692021233105663
22.6494249663078868
21.8843786322862393
21.1687608764245141
20.4979330883600070
19.8678195929515091
19.2748247507888983
18.7157642920803262
18.1878081116201784
17.6884323530436056
17.2153790685957340
16.7666220927567551
16.3403380408180574
15.9348815562927228
15.5487640981489506
15.1806356909446691
14.8292691659696914
14.4935465054928656
14.1724469697513129
13.8650367409131494
13.5704598625784669
