0.0000000000000000
0.0000205578771331
0.0000849558867838
0.0001733813078513
0.0002626625861258
0.0003520917723201
0.0004415751361701
0.0005310846259308
0.0006206087697213
0.0007101419732294
0.0007996811748196
0.0008892245553526
0.0009787709649487
0.0010683196407207
0.0011578700564170
0.0012474218371817
0.0013369747087166
0.0014265284656561
0.0015160829511781
0.0016056380434528
0.0016951936463931
0.0017847496831932
0.0018743060917211
0.0019638628211727
0.0020534198296018
0.0021429770820695
0.0022325345492391
0.0023220922062963
0.0024116500321101
0.0025012080085732
0.0025907661200800
0.0026803243531088
0.0027698826958854
0.0028594411381091
0.0029489996707295
0.0030385582857623
0.0031281169761366
0.0032176757355681
0.0033072345584527
0.0033967934397767
0.0034863523750411
0.0035759113601972
0.0036654703915917
0.0037550294659195
0.0038445885801831
0.0039341477316580
0.0040237069178618
0.0041132661365281
0.0042028253855837
0.0042923846631281
