0.0000000000000000
3.7327138452455313
4.9786071486462404
1.9932486139152972
1.2809724248602139
0.9484740451811112
0.7541338701646230
0.6262272093650384
0.5355267858964445
0.4678080428356817
0.4152958444895031
0.3733742353466127
0.3391271419071394
0.3106206900167139
0.2865212598164403
0.2658791039962153
0.2479993642420222
0.2323618647584478
0.2185694224914070
0.2063134990297152
0.1953507616958478
0.1854867124588892
0.1765640159128875
0.1684540238250123
0.1610505190542755
0.1542650288996644
0.1480232668074111
0.1422623976135906
0.1369289121426775
0.1319769583810058
0.1273670187208375
0.1230648523232183
0.1190406425944757
0.1152683048099526
0.1117249198450724
0.1083902680006943
0.1052464428678830
0.1022775296424783
0.0994693356767171
0.0968091636307761
0.0942856195671209
0.0918884498643621
0.0896084020239102
0.0874371053823856
0.0853669684855408
0.0833910904700719
0.0815031842719891
0.0796975098600265
0.0779688159995874
0.0763122893019908
