0.0000000000000000
0.0000024810693138
0.0000102129631829
0.0000208025248566
0.0000314940066097
0.0000422042836938
0.0000529215473552
0.0000636421998175
0.0000743647583678
0.0000850884970635
0.0000958130177130
0.0001065380834012
0.0001172635442490
0.0001279893007668
0.0001387152843026
0.0001494414459446
0.0001601677498975
0.0001708941693600
0.0001816206838653
0.0001923472775134
0.0002030739377645
0.0002138006545952
0.0002245274198977
0.0002352542270427
0.0002459810705571
0.0002567079458825
0.0002674348491915
0.0002781617772474
0.0002888887272936
0.0002996156969686
0.0003103426842372
0.0003210696873361
0.0003317967047300
0.0003425237350758
0.0003532507771938
0.0003639778300431
0.0003747048927020
0.0003854319643514
0.0003961590442611
0.0004068861317777
0.0004176132263149
0.0004283403273453
0.0004390674343929
0.0004497945470271
0.0004605216648576
0.0004712487875294
0.0004819759147193
0.0004927030461320
0.0005034301814977
0.0005141573205689
