0.0000000000000000
664653.0099320266162977
886243.5227424923796207
354498.9555660296464339
227803.3168006383639295
168669.3659920728823636
134108.1451365561224520
111361.8738455157727003
95232.3606865310866851
83189.8306083389470587
73851.5476232005312340
66396.6208732991217403
60306.4686156127427239
55237.1819699913612567
50951.5992098338465439
47280.8246219359280076
44101.2904210618362413
41320.4931604617886478
38867.8014921884459909
36688.3479114278306952
34738.8605412606120808
32984.7518203501385869
31398.0428432928201801
29955.8561571365353302
28639.3032344526181987
27432.6510414965050586
26322.6892645179214014
25298.2439865756496147
24349.7997268412618723
23469.2026730410652817
22649.4254558722204820
21884.3790696245705476
21168.7612682247054181
20497.9334402863314608
19867.8199098264158238
19274.8250367380933312
18715.7645506494700385
18187.8083458697801689
17688.4325656258188246
17215.3792618179613783
16766.6222686334913305
16340.3382011142148258
15934.8817025594526058
15548.7642317540994554
15180.6358130973803782
14829.2692777423508232
14493.5466078387053130
14172.4470635200996185
13865.0368268640158931
13570.4599413912219461
