0.0000000000000000
160385.5060085982258897
281176.0701565333874896
210236.1905601537437178
160113.2976861505303532
129024.0924581012077397
108043.6401915063324850
92943.6043730280944146
81553.0244462756672874
72651.4631756025919458
65501.2909992208005860
59630.5356072260401561
54723.1200170996598899
50559.3526705614131060
46981.7501440994601580
43874.4470956944132922
41150.2822897725272924
38742.4162443229070050
36598.7269045252323849
34677.9648258277447894
32947.0550194408133393
31379.1651019255550636
29952.2971267606299079
28648.2445131993445102
27451.8081261193947284
26350.1993183953127300
25332.5798627681760991
24389.7034712608328846
23513.6336413365679618
22697.5195048554160167
21935.4162197721816483
21222.1399018824013183
20553.1495828039478511
19924.4504932248346449
19332.5143054015752568
18774.2129620006817277
18246.7634642528755649
17747.6815576109402173
17274.7426850298179488
16825.9489106678229291
16399.5007749691358185
15993.7732438183247723
15607.2950731598248240
15238.7310360996125382
14886.8665595567144919
14550.5943976521612058
14228.9030335468924022
13920.8665536560583860
13625.6357806383221032
13342.4304862646076799
