0.0000000000000000
118194.1896779707167298
157599.1859391370962840
63039.8334856944929925
40509.7981994503643364
29994.1274040605712798
23848.1759823432985286
19803.2531061800218595
16934.9748494875711913
14793.4764426950259804
13132.8687600776756881
11807.1744561268897087
10724.1752000405631406
9822.7143799087898515
9060.6180120073568105
8407.8517180978997203
7842.4416925378491214
7347.9382373268290394
6911.7811249371598024
6524.2133797194037470
6177.5400527297970257
5865.6105090318342263
5583.4493173992459560
5326.9882274140827576
5092.8683310871410868
4878.2918553855406572
4680.9096373871716423
4498.7346424277802726
4330.0747521269950084
4173.4799908233717360
4027.7006958924562241
3891.6540719774102399
3764.3972315693113160
3645.1052999505186563
3533.0535080480772194
3427.6024505813047654
3328.1858753032056484
3234.3005103432283249
3145.4975434457824122
3061.3754483474922381
2981.5739161521451024
2905.7686980656212654
2833.6672036924237545
2765.0047288121518250
2699.5412100424978235
2637.0584224733443079
2577.3575512917659580
2520.2570804284332553
2465.5909509644525315
2413.2069499210829235
