0.0000000000000000
0.0000036934240047
0.0000049366650948
0.0000019899267063
0.0000012800393771
0.0000009480792416
0.0000007539261117
0.0000006261017376
0.0000005354434478
0.0000004677487067
0.0000004152513097
0.0000003733394057
0.0000003390989950
0.0000003105973321
0.0000002865014496
0.0000002658619966
0.0000002479843659
0.0000002323485464
0.0000002185574666
0.0000002063026656
0.0000001953408660
0.0000001854776098
0.0000001765555914
0.0000001684461849
0.0000001610431902
0.0000001542581481
0.0000001480167823
0.0000001422562659
0.0000001369230964
0.0000001319714273
0.0000001273617452
0.0000001230598130
0.0000001190358172
0.0000001152636755
0.0000001117204709
0.0000001083859856
0.0000001052423147
0.0000001022735447
0.0000000994654841
0.0000000968054366
0.0000000942820090
0.0000000918849486
0.0000000896050034
0.0000000874338035
0.0000000853637578
0.0000000833879659
0.0000000815001413
0.0000000796945442
0.0000000779659238
0.0000000763094669
