0.0000000000000000
20769.3543371930536523
49557.6828045653528534
54120.4167759979536640
47142.6750769405553001
40801.9179810984351207
35762.5886648220257484
31770.2427838991752651
28557.2669665331923170
25924.9185656124573143
23732.3194250959131750
21879.1996271323005203
20293.0001938958412211
18920.1965150938340230
17720.5550445884000510
16663.2996562199441541
15724.5109109541517682
14885.3290522952993342
14130.6893557677722129
13448.4164139463082392
12828.5647914044784557
12262.9317144885335438
11744.6918494136716618
11268.1200419928700285
10828.3783275600308116
10421.3505162405053852
10043.5124233625938359
9691.8291075931356318
9363.6727867242625507
9056.7567389908672340
8769.0816748076049407
8498.8919193149395142
8244.6393746246321825
8004.9536970588569602
7778.6174740784008463
7564.5454496747852318
7361.7670482821722544
7169.4116018933937085
6986.6958047425159748
6812.9130132062718985
6647.4240817776153563
6489.6494837763566466
6339.0625113871810754
6195.1833863163456044
6057.5741418407769743
5925.8341608358950907
5799.5962736954506909
5678.5233358139075790
5562.3052172156085362
5450.6561475335411160
