0.0000000000000000
49.8188957854004499
66.4349618331471419
26.5826034489027165
17.0825799460362262
12.6483164935560950
10.0566418981323018
8.3509339228430814
7.1414018565944559
6.2383454600166903
5.5380765889408563
4.9790382089568528
4.5223427206024960
4.1422008885629156
3.8208282589316913
3.5455595397279724
3.3071285165140774
3.0985984495791938
2.9146727617989172
2.7512369890433201
2.6050462111031507
2.4735067359032339
2.3545204481554665
2.2463717858033716
2.1476443127788452
2.0571582207753232
1.9739228781534663
1.8971003610144488
1.8259771102658133
1.7599416772805712
1.6984670845302570
1.6410967216683348
1.5874329768724218
1.5371280038023840
1.4898761702396792
1.4454078415155482
1.4034842312890516
1.3638931117827964
1.3264452206150859
1.2909712357143852
1.2573192162061719
1.2253524276161212
1.1949474856903439
1.1659927656644131
1.1383870337182047
1.1120382652297136
1.0868626207392120
1.0627835555999956
1.0397310433859661
1.0176408964507133
