0.0000000000000000
175.5039351667032577
254.0272034063251851
129.0418827223361404
87.7474825516636656
66.6934685753613650
53.8367348411603146
45.1470595377147461
38.8738784355464873
34.1296517741348424
30.4150972733092644
27.4273834427089547
24.9719999383831741
22.9182341751412935
21.1749677496429456
19.6767262061273378
18.3752439132669494
17.2341554320187953
16.2255390808303517
15.3275997178962999
14.5230752573594692
13.7981161286141543
13.1414815686509936
12.5439528996980805
11.9978983694389711
11.4969457505731096
11.0357327948997419
10.6097147623052628
10.2150143520050012
9.8483035223257840
9.5067095631691370
9.1877398061111535
8.8892207954240607
8.6092487799521251
8.3461491416334788
8.0984429335970987
7.8648191155731224
7.6441113861316508
7.4352787476884892
7.2373891209813417
7.0496054650328226
6.8711739667573966
6.7014139489232472
6.5397092117037454
6.3855005757420296
6.2382794366174004
6.0975821742160949
5.9629852875898113
5.8341011477947076
5.7105742790381759
