0.0000000000000000
0.0000046549648272
0.0000192105036124
0.0000391593471196
0.0000592771646621
0.0000794233646346
0.0000995798995482
0.0001197414056307
0.0001399056962047
0.0001600717068218
0.0001802388555940
0.0002004067970452
0.0002205753129182
0.0002407442584670
0.0002609135338725
0.0002810830680473
0.0003012528089821
0.0003214227177425
0.0003415927645997
0.0003617629264601
0.0003819331851108
0.0004021035259940
0.0004222739373335
0.0004424444095002
0.0004626149345441
0.0004827855058433
0.0005029561178377
0.0005231267658244
0.0005432974457982
0.0005634681543275
0.0005836388884545
0.0006038096456163
0.0006239804235815
0.0006441512203976
0.0006643220343492
0.0006844928639231
0.0007046637077791
0.0007248345647259
0.0007450054337014
0.0007651763137553
0.0007853472040347
0.0008055181037722
0.0008256890122755
0.0008458599289179
0.0008660308531313
0.0008862017843992
0.0009063727222510
0.0009265436662573
0.0009467146160249
0.0009668855711936
