0.00100000000  0.0000000000000000  0.0000000000000000  0.0000000000000000
0.00301010101  0.0000000000000000  0.0000000000623555  0.0000000000000000
0.00502020202  0.0000000000000000  0.0000000020789416  0.0000000000000000
0.00703030303  0.0000000000103150  0.0000002489758000  0.0000000001250251
0.00904040404  0.0000000000406029  0.0000004178983502  0.0000000006714650
0.01105050505  0.0000000001036573  0.0000006635116200  0.0000000015257125
0.01306060606  0.0000000001563055  0.0000006891902502  0.0000000021510947
0.01507070707  0.0000000002424389  0.0000005989093408  0.0000000031099549
0.01708080808  0.0000000002568359  0.0000004958049120  0.0000000032259704
0.01909090909  0.0000000002723874  0.0000003782015700  0.0000000033597748
0.02110101010  0.0000000002748837  0.0000002912279240  0.0000000033556848
0.02311111111  0.0000000002637949  0.0000002398816205  0.0000000032151268
0.02512121212  0.0000000002548015  0.0000001929452920  0.0000000031004711
0.02713131313  0.0000000002474997  0.0000001492818403  0.0000000030078226
0.02914141414  0.0000000002416419  0.0000001079950413  0.0000000029339176
0.03115151515  0.0000000002324852  0.0000000806273733  0.0000000028277843
0.03316161616  0.0000000002220328  0.0000000638662753  0.0000000026976086
0.03517171717  0.0000000002118448  0.0000003251250944  0.0000000025817558
0.03718181818  0.0000000002027102  0.0000002728431384  0.0000000024781033
0.03919191919  0.0000000001944742  0.0000002245770874  0.0000000023849243
0.04120202020  0.0000000001861405  0.0000001904226673  0.0000000022917944
0.04321212121  0.0000000001779159  0.0000001656970201  0.0000000022005396
0.04522222222  0.0000000001703896  0.0000001428488499  0.0000000021169763
0.04723232323  0.0000000001634787  0.0000001216533695  0.0000000020401797
0.04924242424  0.0000000001571118  0.0000001019200053  0.0000000019693683
0.05125252525  0.0000000001509907  0.0000000882440921  0.0000000019014163
0.05326262626  0.0000000001451617  0.0000000782476838  0.0000000018367540
0.05527272727  0.0000000001397405  0.0000000689010741  0.0000000017765617
0.05728282828  0.0000000001346852  0.0000000601399722  0.0000000017203923
0.05929292929  0.0000000001299588  0.0000000519082907  0.0000000016678564
0.06130303030  0.0000000001254310  0.0000000464506467  0.0000000016175704
0.06331313131  0.0000000001211207  0.0000000425159117  0.0000000015697237
0.06532323232  0.0000000001170649  0.0000000388047340  0.0000000015246881
0.06733333333  0.0000000001132426  0.0000000352982050  0.0000000014822228
0.06934343434  0.0000000001096351  0.0000000319794940  0.0000000014421136
0.07135353535  0.0000000001062257  0.0000000288335693  0.0000000014041696
0.07336363636  0.0000000001029996  0.0000000258469644  0.0000000013682201
0.07537373737  0.0000000000999432  0.0000000230075786  0.0000000013341117
0.07738383838  0.0000000000970444  0.0000000203045079  0.0000000013017065
0.07939393939  0.0000000000942922  0.0000000177279006  0.0000000012708800
0.08140404040  0.0000000000916435  0.0000000161517945  0.0000000012411532
0.08341414141  0.0000000000891085  0.0000000150191836  0.0000000012126341
0.08542424242  0.0000000000866951  0.0000000139368883  0.0000000011854078
0.08743434343  0.0000000000834081  0.0000000129015982  0.0000000011593882
0.08944444444  0.0000000000812418  0.0000000119102881  0.0000000011344968
0.09145454545  0.0000000000791737  0.0000000109601877  0.0000000011106617
0.09346464646  0.0000000000771975  0.0000000100487552  0.0000000010878171
0.09547474747  0.0000000000753070  0.0000000091736539  0.0000000010659026
0.09748484848  0.0000000000734967  0.0000000083327315  0.0000000010448625
0.09949494949  0.0000000000717615  0.0000000075240027  0.0000000010246455
0.10150505051  0.0000000000700862  0.0000000070728343  0.0000000010050833
0.10351515152  0.0000000000674802  0.0000000067461232  0.0000000009862131
0.10552525253  0.0000000000659485  0.0000000064313351  0.0000000009680401
0.10753535354  0.0000000000644753  0.0000000061278276  0.0000000009505263
0.10954545455  0.0000000000630573  0.0000000058350033  0.0000000009336365
0.11155555556  0.0000000000616916  0.0000000055523065  0.0000000009173379
0.11356565657  0.0000000000603756  0.0000000052792193  0.0000000009016000
0.11557575758  0.0000000000591068  0.0000000050152585  0.0000000008863945
0.11758585859  0.0000000000578826  0.0000000047599729  0.0000000008716946
0.11959595960  0.0000000000567011  0.0000000045129404  0.0000000008574756
0.12160606061  0.0000000000555600  0.0000000042737661  0.0000000008437144
0.12361616162  0.0000000000544575  0.0000000040420796  0.0000000008303891
0.12562626263  0.0000000000533917  0.0000000038175338  0.0000000008174793
0.12763636364  0.0000000000523610  0.0000000035998025  0.0000000008049660
0.12964646465  0.0000000000513637  0.0000000033885790  0.0000000007928311
0.13165656566  0.0000000000503983  0.0000000031835751  0.0000000007810577
0.13366666667  0.0000000000494634  0.0000000029845189  0.0000000007696300
0.13567676768  0.0000000000485576  0.0000000027911545  0.0000000007585329
0.13768686869  0.0000000000476797  0.0000000026032403  0.0000000007477523
0.13969696970  0.0000000000468284  0.0000000024205482  0.0000000007372749
0.14170707071  0.0000000000460026  0.0000000022428628  0.0000000007270880
0.14371717172  0.0000000000452012  0.0000000020699801  0.0000000007171797
0.14572727273  0.0000000000444233  0.0000000019017073  0.0000000007075388
0.14773737374  0.0000000000436678  0.0000000017378617  0.0000000006981545
0.14974747475  0.0000000000429339  0.0000000015782700  0.0000000006890169
0.15175757576  0.0000000000422187  0.0000000015106330  0.0000000006800867
0.15376767677  0.0000000000415232  0.0000000014571753  0.0000000006713804
0.15577777778  0.0000000000408468  0.0000000014050587  0.0000000006628941
0.15778787879  0.0000000000401888  0.0000000013542333  0.0000000006546197
0.15979797980  0.0000000000395486  0.0000000013046518  0.0000000006465492
0.16180808081  0.0000000000389254  0.0000000012562689  0.0000000006386753
0.16381818182  0.0000000000383187  0.0000000012090418  0.0000000006309909
0.16582828283  0.0000000000377279  0.0000000011629295  0.0000000006234892
0.16783838384  0.0000000000371522  0.0000000011178930  0.0000000006161637
0.16984848485  0.0000000000365913  0.0000000010738950  0.0000000006090084
0.17185858586  0.0000000000360446  0.0000000010309001  0.0000000006020174
0.17386868687  0.0000000000355115  0.0000000009888742  0.0000000005951851
0.17587878788  0.0000000000349917  0.0000000009477851  0.0000000005885061
0.17788888889  0.0000000000344846  0.0000000009076017  0.0000000005819754
0.17989898990  0.0000000000339898  0.0000000008682943  0.0000000005755880
0.18190909091  0.0000000000335068  0.0000000008298347  0.0000000005693394
0.18391919192  0.0000000000330354  0.0000000007921957  0.0000000005632249
0.18592929293  0.0000000000325751  0.0000000007553513  0.0000000005572405
0.18793939394  0.0000000000321255  0.0000000007192765  0.0000000005513819
0.18994949495  0.0000000000316863  0.0000000006839476  0.0000000005456452
0.19195959596  0.0000000000312571  0.0000000006493415  0.0000000005400267
0.19396969697  0.0000000000308377  0.0000000006154364  0.0000000005345227
0.19597979798  0.0000000000304276  0.0000000005822111  0.0000000005291300
0.19798989899  0.0000000000300267  0.0000000005496454  0.0000000005238449
0.20000000000  0.0000000000296346  0.0000000005177198  0.0000000005186643
