0.00625100000  0.0000000000000000  0.0000000000000000  0.0000000000000000
0.00820806061  0.0000000000000000  0.0000000000000000  0.0000000000000000
0.01016512121  0.0000000000000000  0.0000000000000000  0.0000000000000000
0.01212218182  0.0000000000000000  0.0000000000000000  0.0000000000000000
0.01407924242  0.0000000000000000  0.0000000000068409  0.0000000000000000
0.01603630303  0.0000000000000000  0.0000000003337049  0.0000000000018781
0.01799336364  0.0000000000000000  0.0000000017810129  0.0000000000150963
0.01995042424  0.0000000000049491  0.0000000086277337  0.0000000001146750
0.02190748485  0.0000000000138238  0.0000000148625152  0.0000000002221866
0.02386454545  0.0000000000262809  0.0000000233867229  0.0000000003989816
0.02582160606  0.0000000000501373  0.0000000351541761  0.0000000007056148
0.02777866667  0.0000000000913243  0.0000000498609792  0.0000000012355083
0.02973572727  0.0000000001655041  0.0000000647159197  0.0000000021559417
0.03169278788  0.0000000002168344  0.0000000703240242  0.0000000028109275
0.03364984848  0.0000000002674459  0.0000004395415492  0.0000000034482903
0.03560690909  0.0000000003265867  0.0000004799012689  0.0000000041994345
0.03756396970  0.0000000003965594  0.0000005119789175  0.0000000050799595
0.03952103030  0.0000000004792338  0.0000005313219685  0.0000000061115004
0.04147809091  0.0000000005445853  0.0000005431522445  0.0000000069386088
0.04343515152  0.0000000006019913  0.0000005480916314  0.0000000076901168
0.04539221212  0.0000000006626198  0.0000005446255699  0.0000000084831142
0.04734927273  0.0000000007265700  0.0000005316581108  0.0000000093185402
0.04930633333  0.0000000007939295  0.0000005079388957  0.0000000101975806
0.05126339394  0.0000000008510667  0.0000004930037805  0.0000000109656913
0.05322045455  0.0000000009009106  0.0000004828903399  0.0000000116551869
0.05517751515  0.0000000009510246  0.0000004678902867  0.0000000123516148
0.05713457576  0.0000000010014791  0.0000004478687270  0.0000000130525820
0.05909163636  0.0000000010523094  0.0000004227054796  0.0000000137582985
0.06104869697  0.0000000010964875  0.0000004062503695  0.0000000143884653
0.06300575758  0.0000000011334663  0.0000003989255824  0.0000000149376106
0.06496281818  0.0000000011692295  0.0000003895954277  0.0000000154766473
0.06691987879  0.0000000012037146  0.0000003782974132  0.0000000160055353
0.06887693939  0.0000000012370185  0.0000003650661148  0.0000000165241096
0.07083400000  0.0000000012692685  0.0000003499380497  0.0000000170322379
0.07279106061  0.0000000013006110  0.0000003329515837  0.0000000175298240
0.07474812121  0.0000000013311661  0.0000003141476916  0.0000000180168583
0.07670518182  0.0000000013609410  0.0000002935711699  0.0000000184935222
0.07866224242  0.0000000013899181  0.0000002712669976  0.0000000189600663
0.08061930303  0.0000000014169037  0.0000002529488450  0.0000000193898841
0.08257636364  0.0000000014368687  0.0000002458623207  0.0000000197470458
0.08453342424  0.0000000014556753  0.0000002381643735  0.0000000200905319
0.08649048485  0.0000000014734180  0.0000002298898312  0.0000000204212741
0.08844754545  0.0000000014901500  0.0000002210645370  0.0000000207396561
0.09040460606  0.0000000015059246  0.0000002117135326  0.0000000210460626
0.09236166667  0.0000000015207951  0.0000002018610256  0.0000000213408769
0.09431872727  0.0000000015348129  0.0000001915303860  0.0000000216244808
0.09627578788  0.0000000015480208  0.0000001807442207  0.0000000218972618
0.09823284848  0.0000000015604567  0.0000001695242831  0.0000000221596063
0.10018990909  0.0000000015718662  0.0000001587779857  0.0000000224082736
0.10214696970  0.0000000015797865  0.0000001560090305  0.0000000226123833
0.10410403030  0.0000000015869580  0.0000001530857067  0.0000000228058567
0.10606109091  0.0000000015934556  0.0000001500201624  0.0000000229895790
0.10801815152  0.0000000015993106  0.0000001468202723  0.0000000231639410
0.10997521212  0.0000000016045509  0.0000001434935791  0.0000000233293238
0.11193227273  0.0000000016092026  0.0000001400472839  0.0000000234860964
0.11388933333  0.0000000016132900  0.0000001364882556  0.0000000236346158
0.11584639394  0.0000000016168361  0.0000001328230415  0.0000000237752266
0.11780345455  0.0000000016198620  0.0000001290578772  0.0000000239082617
0.11976051515  0.0000000016223882  0.0000001251986940  0.0000000240340415
0.12171757576  0.0000000016244392  0.0000001212510917  0.0000000241528672
0.12367463636  0.0000000016260418  0.0000001172203722  0.0000000242650239
0.12563169697  0.0000000016272218  0.0000001131115790  0.0000000243707855
0.12758875758  0.0000000016280041  0.0000001089295094  0.0000000244704146
0.12954581818  0.0000000016284123  0.0000001046787247  0.0000000245641632
0.13150287879  0.0000000016284691  0.0000001003635619  0.0000000246522731
0.13345993939  0.0000000016281963  0.0000000959881432  0.0000000247349758
0.13541700000  0.0000000016276145  0.0000000915563887  0.0000000248124939
0.13737406061  0.0000000016267407  0.0000000870720374  0.0000000248850440
0.13933112121  0.0000000016255896  0.0000000825386462  0.0000000249528355
0.14128818182  0.0000000016241752  0.0000000779595909  0.0000000250160694
0.14324524242  0.0000000016225107  0.0000000733380748  0.0000000250749381
0.14520230303  0.0000000016206085  0.0000000686771373  0.0000000251296265
0.14715936364  0.0000000016184802  0.0000000639796612  0.0000000251803117
0.14911642424  0.0000000016161367  0.0000000592483804  0.0000000252271636
0.15107348485  0.0000000016130623  0.0000000564642383  0.0000000252631753
0.15303054545  0.0000000016093391  0.0000000552916721  0.0000000252894154
0.15498760606  0.0000000016054360  0.0000000541079438  0.0000000253122362
0.15694466667  0.0000000016013663  0.0000000529138653  0.0000000253317805
0.15890172727  0.0000000015971426  0.0000000517102090  0.0000000253481853
0.16085878788  0.0000000015927769  0.0000000504977094  0.0000000253615814
0.16281584848  0.0000000015882809  0.0000000492770652  0.0000000253720943
0.16477290909  0.0000000015836658  0.0000000480489409  0.0000000253798436
0.16672996970  0.0000000015789421  0.0000000468139687  0.0000000253849441
0.16868703030  0.0000000015741201  0.0000000455727498  0.0000000253875055
0.17064409091  0.0000000015692096  0.0000000443258565  0.0000000253876327
0.17260115152  0.0000000015642197  0.0000000430738340  0.0000000253854269
0.17455821212  0.0000000015591557  0.0000000418172091  0.0000000253809891
0.17651527273  0.0000000015540211  0.0000000405564859  0.0000000253744178
0.17847233333  0.0000000015488193  0.0000000392921429  0.0000000253658078
0.18042939394  0.0000000015435531  0.0000000380246348  0.0000000253552502
0.18238645455  0.0000000015382252  0.0000000367543928  0.0000000253428322
0.18434351515  0.0000000015328378  0.0000000354818264  0.0000000253286379
0.18630057576  0.0000000015273929  0.0000000342073241  0.0000000253127479
0.18825763636  0.0000000015218923  0.0000000329312541  0.0000000252952397
0.19021469697  0.0000000015163376  0.0000000316539657  0.0000000252761877
0.19217175758  0.0000000015107299  0.0000000303757899  0.0000000252556635
0.19412881818  0.0000000015050704  0.0000000290970403  0.0000000252337358
0.19608587879  0.0000000014993621  0.0000000278180101  0.0000000252104679
0.19804293939  0.0000000014936104  0.0000000265389734  0.0000000251859173
0.20000000000  0.0000000014878207  0.0000000252601901  0.0000000251601385
