0.05963600000  0.0000000000000000  0.0000000000000000  0.0000000000000000
0.06105381818  0.0000000000000000  0.0000000000000000  0.0000000000000000
0.06247163636  0.0000000000000000  0.0000000000215759  0.0000000000000000
0.06388945455  0.0000000000000000  0.0000000000452813  0.0000000000000000
0.06530727273  0.0000000000000000  0.0000000002547728  0.0000000000013044
0.06672509091  0.0000000000000000  0.0000000009131948  0.0000000000046234
0.06814290909  0.0000000000000000  0.0000000018112762  0.0000000000127578
0.06956072727  0.0000000000000000  0.0000000023621041  0.0000000000215506
0.07097854545  0.0000000000000000  0.0000000024835782  0.0000000000254969
0.07239636364  0.0000000000000000  0.0000000025933265  0.0000000000314266
0.07381418182  0.0000000000022053  0.0000000030515156  0.0000000000427005
0.07523200000  0.0000000000073475  0.0000000039131882  0.0000000000658994
0.07664981818  0.0000000000138277  0.0000000051551447  0.0000000001081592
0.07806763636  0.0000000000222705  0.0000000064542095  0.0000000001822898
0.07948545455  0.0000000000348709  0.0000000067116634  0.0000000003029129
0.08090327273  0.0000000000442455  0.0000000065790340  0.0000000003936841
0.08232109091  0.0000000000471567  0.0000000070643717  0.0000000004380171
0.08373890909  0.0000000000504411  0.0000000073375375  0.0000000004736959
0.08515672727  0.0000000000540588  0.0000000074662977  0.0000000005036800
0.08657454545  0.0000000000578600  0.0000000075372586  0.0000000005326625
0.08799236364  0.0000000000616787  0.0000000076362276  0.0000000005661998
0.08941018182  0.0000000000654628  0.0000000077809058  0.0000000006062329
0.09082800000  0.0000000000692137  0.0000000079517559  0.0000000006534545
0.09224581818  0.0000000000729327  0.0000000081268277  0.0000000007052136
0.09366363636  0.0000000000776595  0.0000000082814098  0.0000000007614114
0.09508145455  0.0000000000815014  0.0000000083880850  0.0000000008205151
0.09649927273  0.0000000000854750  0.0000000084191308  0.0000000008805666
0.09791709091  0.0000000000896351  0.0000000083640584  0.0000000009407664
0.09933490909  0.0000000000939950  0.0000000082235531  0.0000000010012631
0.10075272727  0.0000000000978973  0.0000000082500354  0.0000000010559175
0.10217054545  0.0000000001013079  0.0000000084630896  0.0000000011047189
0.10358836364  0.0000000001047804  0.0000000086619724  0.0000000011537886
0.10500618182  0.0000000001082810  0.0000000088521871  0.0000000012038146
0.10642400000  0.0000000001117769  0.0000000090382295  0.0000000012554159
0.10784181818  0.0000000001152636  0.0000000092196891  0.0000000013086482
0.10925963636  0.0000000001187445  0.0000000093950114  0.0000000013634195
0.11067745455  0.0000000001222247  0.0000000095625162  0.0000000014196146
0.11209527273  0.0000000001257115  0.0000000097204053  0.0000000014770922
0.11351309091  0.0000000001292145  0.0000000098667737  0.0000000015356828
0.11493090909  0.0000000001327458  0.0000000099996228  0.0000000015951873
0.11634872727  0.0000000001363190  0.0000000101170283  0.0000000016553973
0.11776654545  0.0000000001399391  0.0000000102182110  0.0000000017162542
0.11918436364  0.0000000001436059  0.0000000103029836  0.0000000017777839
0.12060218182  0.0000000001473184  0.0000000103712040  0.0000000018400222
0.12202000000  0.0000000001510747  0.0000000104227657  0.0000000019030147
0.12343781818  0.0000000001559003  0.0000000104575899  0.0000000019678594
0.12485563636  0.0000000001597787  0.0000000104756209  0.0000000020326093
0.12627345455  0.0000000001636912  0.0000000104768158  0.0000000020983169
0.12769127273  0.0000000001676328  0.0000000104610931  0.0000000021650632
0.12910909091  0.0000000001716025  0.0000000104279984  0.0000000022328693
0.13052690909  0.0000000001756015  0.0000000103768933  0.0000000023017234
0.13194472727  0.0000000001796309  0.0000000103071382  0.0000000023716117
0.13336254545  0.0000000001836924  0.0000000102180926  0.0000000024425182
0.13478036364  0.0000000001877875  0.0000000101091186  0.0000000025144253
0.13619818182  0.0000000001919182  0.0000000099795815  0.0000000025873133
0.13761600000  0.0000000001960864  0.0000000098288517  0.0000000026611605
0.13903381818  0.0000000002002944  0.0000000096563070  0.0000000027359431
0.14045163636  0.0000000002045443  0.0000000094613523  0.0000000028116402
0.14186945455  0.0000000002088366  0.0000000092434845  0.0000000028882523
0.14328727273  0.0000000002131715  0.0000000090022239  0.0000000029657871
0.14470509091  0.0000000002175488  0.0000000087370900  0.0000000030442541
0.14612290909  0.0000000002219682  0.0000000084475993  0.0000000031236641
0.14754072727  0.0000000002264294  0.0000000081332709  0.0000000032040314
0.14895854545  0.0000000002309318  0.0000000077936111  0.0000000032853707
0.15037636364  0.0000000002352979  0.0000000075400511  0.0000000033654362
0.15179418182  0.0000000002391890  0.0000000075836851  0.0000000034398622
0.15321200000  0.0000000002430900  0.0000000076230316  0.0000000035148540
0.15462981818  0.0000000002470032  0.0000000076581362  0.0000000035904583
0.15604763636  0.0000000002509285  0.0000000076889172  0.0000000036666709
0.15746545455  0.0000000002548659  0.0000000077152912  0.0000000037434868
0.15888327273  0.0000000002588155  0.0000000077371758  0.0000000038209009
0.16030109091  0.0000000002627774  0.0000000077544896  0.0000000038989082
0.16171890909  0.0000000002667515  0.0000000077671522  0.0000000039775039
0.16313672727  0.0000000002707379  0.0000000077750842  0.0000000040566834
0.16455454545  0.0000000002747365  0.0000000077782073  0.0000000041364422
0.16597236364  0.0000000002787474  0.0000000077764440  0.0000000042167759
0.16739018182  0.0000000002827706  0.0000000077697180  0.0000000042976803
0.16880800000  0.0000000002868060  0.0000000077579536  0.0000000043791512
0.17022581818  0.0000000002908536  0.0000000077410740  0.0000000044611836
0.17164363636  0.0000000002949135  0.0000000077190022  0.0000000045437719
0.17306145455  0.0000000002989859  0.0000000076916620  0.0000000046269106
0.17447927273  0.0000000003030707  0.0000000076589781  0.0000000047105941
0.17589709091  0.0000000003071681  0.0000000076208763  0.0000000047948171
0.17731490909  0.0000000003112782  0.0000000075772834  0.0000000048795741
0.17873272727  0.0000000003154009  0.0000000075281269  0.0000000049648599
0.18015054545  0.0000000003195363  0.0000000074733355  0.0000000050506693
0.18156836364  0.0000000003236845  0.0000000074128387  0.0000000051369972
0.18298618182  0.0000000003278455  0.0000000073465669  0.0000000052238385
0.18440400000  0.0000000003320193  0.0000000072744517  0.0000000053111885
0.18582181818  0.0000000003362060  0.0000000071964259  0.0000000053990428
0.18723963636  0.0000000003404052  0.0000000071124263  0.0000000054873990
0.18865745455  0.0000000003446168  0.0000000070223908  0.0000000055762558
0.19007527273  0.0000000003488404  0.0000000069262581  0.0000000056656119
0.19149309091  0.0000000003530757  0.0000000068239673  0.0000000057554663
0.19291090909  0.0000000003573223  0.0000000067154580  0.0000000058458185
0.19432872727  0.0000000003615799  0.0000000066006705  0.0000000059366682
0.19574654545  0.0000000003658480  0.0000000064795451  0.0000000060280156
0.19716436364  0.0000000003701262  0.0000000063520227  0.0000000061198611
0.19858218182  0.0000000003744139  0.0000000062180444  0.0000000062122056
0.20000000000  0.0000000003787106  0.0000000060775515  0.0000000063050502
