0.10481100000  0.0000000000000000  0.0000000000000000  0.0000000000000000
0.10577250505  0.0000000000000000  0.0000000000000000  0.0000000000000000
0.10673401010  0.0000000000000000  0.0000000000000000  0.0000000000000000
0.10769551515  0.0000000000000000  0.0000000000000000  0.0000000000000000
0.10865702020  0.0000000000000000  0.0000000000000000  0.0000000000000000
0.10961852525  0.0000000000000000  0.0000000000000000  0.0000000000000000
0.11058003030  0.0000000000000000  0.0000000000000000  0.0000000000011777
0.11154153535  0.0000000000000000  0.0000000000000000  0.0000000000029811
0.11250304040  0.0000000000000000  0.0000000000021659  0.0000000000064515
0.11346454545  0.0000000000000000  0.0000000000131201  0.0000000000210227
0.11442605051  0.0000000000046228  0.0000000000279674  0.0000000000387934
0.11538755556  0.0000000000074060  0.0000000000498970  0.0000000000606644
0.11634906061  0.0000000000077695  0.0000000000762953  0.0000000000848052
0.11731056566  0.0000000000077159  0.0000000001034153  0.0000000001071413
0.11827207071  0.0000000000076498  0.0000000001271843  0.0000000001233095
0.11923357576  0.0000000000078689  0.0000000001451762  0.0000000001323429
0.12019508081  0.0000000000094418  0.0000000001538993  0.0000000001341250
0.12115658586  0.0000000000102848  0.0000000001543299  0.0000000001303175
0.12211809091  0.0000000000111411  0.0000000001509582  0.0000000001232495
0.12307959596  0.0000000000118629  0.0000000001454166  0.0000000001142661
0.12404110101  0.0000000000134166  0.0000000001401932  0.0000000001070734
0.12500260606  0.0000000000138798  0.0000000001374039  0.0000000001019277
0.12596411111  0.0000000000142857  0.0000000001382929  0.0000000000994653
0.12692561616  0.0000000000146957  0.0000000001426637  0.0000000000993323
0.12788712121  0.0000000000151372  0.0000000001503372  0.0000000001012101
0.12884862626  0.0000000000156172  0.0000000001613003  0.0000000001048986
0.12981013131  0.0000000000161296  0.0000000001756359  0.0000000001102662
0.13077163636  0.0000000000166593  0.0000000001934662  0.0000000001172093
0.13173314141  0.0000000000171860  0.0000000002148882  0.0000000001256144
0.13269464646  0.0000000000186907  0.0000000002398983  0.0000000001353301
0.13365615152  0.0000000000192019  0.0000000002683178  0.0000000001461229
0.13461765657  0.0000000000196542  0.0000000003006906  0.0000000001587718
0.13557916162  0.0000000000200457  0.0000000003343002  0.0000000001707403
0.13654066667  0.0000000000203918  0.0000000003685985  0.0000000001823560
0.13750217172  0.0000000000207173  0.0000000004024231  0.0000000001931555
0.13846367677  0.0000000000210414  0.0000000004353522  0.0000000002030421
0.13942518182  0.0000000000213787  0.0000000004671005  0.0000000002119734
0.14038668687  0.0000000000217392  0.0000000004974895  0.0000000002199788
0.14134819192  0.0000000000221282  0.0000000005264476  0.0000000002271022
0.14230969697  0.0000000000225471  0.0000000005540189  0.0000000002334034
0.14327120202  0.0000000000229940  0.0000000005803467  0.0000000002389931
0.14423270707  0.0000000000234643  0.0000000006056769  0.0000000002440079
0.14519421212  0.0000000000239521  0.0000000006303538  0.0000000002486051
0.14615571717  0.0000000000244502  0.0000000006548119  0.0000000002529599
0.14711722222  0.0000000000249509  0.0000000006795703  0.0000000002572619
0.14807872727  0.0000000000254466  0.0000000007052351  0.0000000002617144
0.14904023232  0.0000000000259291  0.0000000007324793  0.0000000002665265
0.15000173737  0.0000000000263953  0.0000000007616049  0.0000000002717874
0.15096324242  0.0000000000268856  0.0000000007695359  0.0000000002778664
0.15192474747  0.0000000000283824  0.0000000007783390  0.0000000002843668
0.15288625253  0.0000000000288666  0.0000000007879113  0.0000000002912682
0.15384775758  0.0000000000293377  0.0000000007981341  0.0000000002985484
0.15480926263  0.0000000000297962  0.0000000008088821  0.0000000003061772
0.15577076768  0.0000000000302424  0.0000000008200168  0.0000000003141204
0.15673227273  0.0000000000306774  0.0000000008313951  0.0000000003233512
0.15769377778  0.0000000000311022  0.0000000008428645  0.0000000003318527
0.15865528283  0.0000000000315184  0.0000000008542628  0.0000000003405421
0.15961678788  0.0000000000319284  0.0000000008654180  0.0000000003493649
0.16057829293  0.0000000000323349  0.0000000008761487  0.0000000003582603
0.16153979798  0.0000000000327412  0.0000000008862647  0.0000000003671609
0.16250130303  0.0000000000331514  0.0000000008955745  0.0000000003759955
0.16346280808  0.0000000000335676  0.0000000009039964  0.0000000003847308
0.16442431313  0.0000000000339903  0.0000000009115460  0.0000000003933688
0.16538581818  0.0000000000344197  0.0000000009182456  0.0000000004019144
0.16634732323  0.0000000000348559  0.0000000009241213  0.0000000004103742
0.16730882828  0.0000000000352989  0.0000000009292022  0.0000000004187563
0.16827033333  0.0000000000357483  0.0000000009335203  0.0000000004270703
0.16923183838  0.0000000000362038  0.0000000009371098  0.0000000004353275
0.17019334343  0.0000000000366649  0.0000000009400071  0.0000000004435407
0.17115484848  0.0000000000371310  0.0000000009432545  0.0000000004517241
0.17211635354  0.0000000000376012  0.0000000009448994  0.0000000004598935
0.17307785859  0.0000000000380748  0.0000000009459699  0.0000000004680662
0.17403936364  0.0000000000385505  0.0000000009465069  0.0000000004762612
0.17500086869  0.0000000000390274  0.0000000009465530  0.0000000004844987
0.17596237374  0.0000000000395040  0.0000000009461508  0.0000000004928007
0.17692387879  0.0000000000399791  0.0000000009453422  0.0000000005011905
0.17788538384  0.0000000000404515  0.0000000009441494  0.0000000005096835
0.17884688889  0.0000000000409213  0.0000000009425596  0.0000000005182792
0.17980839394  0.0000000000413886  0.0000000009405558  0.0000000005269749
0.18076989899  0.0000000000418535  0.0000000009381213  0.0000000005357680
0.18173140404  0.0000000000423161  0.0000000009352391  0.0000000005446554
0.18269290909  0.0000000000427766  0.0000000009318922  0.0000000005536338
0.18365441414  0.0000000000432351  0.0000000009280633  0.0000000005626996
0.18461591919  0.0000000000436919  0.0000000009237352  0.0000000005718488
0.18557742424  0.0000000000441473  0.0000000009188911  0.0000000005810772
0.18653892929  0.0000000000446014  0.0000000009135136  0.0000000005903803
0.18750043434  0.0000000000450546  0.0000000009075859  0.0000000005997531
0.18846193939  0.0000000000465098  0.0000000009010926  0.0000000006091910
0.18942344444  0.0000000000469769  0.0000000008940179  0.0000000006186888
0.19038494949  0.0000000000474441  0.0000000008863437  0.0000000006282398
0.19134645455  0.0000000000479121  0.0000000008780543  0.0000000006378378
0.19230795960  0.0000000000493886  0.0000000008691341  0.0000000006474763
0.19326946465  0.0000000000498679  0.0000000008595690  0.0000000006571487
0.19423096970  0.0000000000503491  0.0000000008493507  0.0000000006668522
0.19519247475  0.0000000000508321  0.0000000008384764  0.0000000006765871
0.19615397980  0.0000000000513169  0.0000000008269430  0.0000000006863539
0.19711548485  0.0000000000518036  0.0000000008147473  0.0000000006961531
0.19807698990  0.0000000000522921  0.0000000008018867  0.0000000007059853
0.19903849495  0.0000000000527823  0.0000000007883581  0.0000000007158514
0.20000000000  0.0000000000532743  0.0000000007741588  0.0000000007257522
