0.00355600000  0.0000000000000000  0.0000000000000000  0.0000000000000000
0.00554028283  0.0000000000000000  0.0000000000000000  0.0000000000000000
0.00752456566  0.0000000000000000  0.0000000000079418  0.0000000000000000
0.00950884848  0.0000000000000000  0.0000000000269277  0.0000000000000000
0.01149313131  0.0000000000000000  0.0000000000489241  0.0000000000000000
0.01347741414  0.0000000000000000  0.0000000000765737  0.0000000000000000
0.01546169697  0.0000000000000000  0.0000000001194425  0.0000000000000000
0.01744597980  0.0000000000000000  0.0000000001648819  0.0000000000000000
0.01943026263  0.0000000000000000  0.0000000002284249  0.0000000000011243
0.02141454545  0.0000000000000000  0.0000000003123666  0.0000000000021072
0.02339882828  0.0000000000000000  0.0000000004588371  0.0000000000047246
0.02538311111  0.0000000000000000  0.0000000011168702  0.0000000000292003
0.02736739394  0.0000000000083006  0.0000000057734885  0.0000000002183970
0.02935167677  0.0000000000963062  0.0000000412062032  0.0000000019522264
0.03133595960  0.0000000003331747  0.0000001126064273  0.0000000062964644
0.03332024242  0.0000000006266842  0.0000010548755842  0.0000000104726097
0.03530452525  0.0000000011800278  0.0000017731088589  0.0000000177147525
0.03728880808  0.0000000022216933  0.0000029333815596  0.0000000327385258
0.03927309091  0.0000000041960432  0.0000047628087239  0.0000000605518421
0.04125737374  0.0000000062551802  0.0000063231998435  0.0000000896244051
0.04324165657  0.0000000080049035  0.0000073799058236  0.0000001147896938
0.04522593939  0.0000000102204748  0.0000085000230761  0.0000001464880182
0.04721022222  0.0000000130303942  0.0000096420927299  0.0000001862542957
0.04919450505  0.0000000166005551  0.0000107379545532  0.0000002364019499
0.05117878788  0.0000000196647281  0.0000114582042275  0.0000002799163045
0.05316307071  0.0000000220490932  0.0000118724304314  0.0000003142754531
0.05514735354  0.0000000246850101  0.0000121834565571  0.0000003520915508
0.05713163636  0.0000000275991659  0.0000123662780913  0.0000003937178810
0.05911591919  0.0000000308254601  0.0000123908183269  0.0000004395501980
0.06110020202  0.0000000332895522  0.0000123468004548  0.0000004754101264
0.06308448485  0.0000000349052550  0.0000122882163972  0.0000004998442487
0.06506876768  0.0000000365567710  0.0000121714936731  0.0000005248403996
0.06705305051  0.0000000382472700  0.0000119941699537  0.0000005504272346
0.06903733333  0.0000000399801301  0.0000117535578426  0.0000005766340795
0.07102161616  0.0000000417589418  0.0000114467342491  0.0000006034909928
0.07300589899  0.0000000435872556  0.0000110705930305  0.0000006310321539
0.07499018182  0.0000000454684443  0.0000106218394426  0.0000006592978594
0.07697446465  0.0000000474059962  0.0000100968744371  0.0000006883310862
0.07895874747  0.0000000494035529  0.0000094917603821  0.0000007181774164
0.08094303030  0.0000000508433857  0.0000090260550112  0.0000007406852093
0.08292731313  0.0000000515576957  0.0000087632604437  0.0000007534473809
0.08491159596  0.0000000522556645  0.0000084823657011  0.0000007659987752
0.08689587879  0.0000000529399491  0.0000081839635507  0.0000007783752098
0.08888016162  0.0000000536119924  0.0000078685548049  0.0000007905917402
0.09086444444  0.0000000542731635  0.0000075361204630  0.0000008026624307
0.09284872727  0.0000000549247399  0.0000071870906378  0.0000008146007141
0.09483301010  0.0000000555678107  0.0000068217068868  0.0000008265315591
0.09681729293  0.0000000562033559  0.0000064401768982  0.0000008382374235
0.09880157576  0.0000000568322892  0.0000060426705578  0.0000008498523344
0.10078585859  0.0000000572323462  0.0000057453506033  0.0000008583841718
0.10277014141  0.0000000572647534  0.0000056164126337  0.0000008618854214
0.10475442424  0.0000000572824618  0.0000054843922501  0.0000008651537130
0.10673870707  0.0000000572883342  0.0000053496671882  0.0000008682356287
0.10872298990  0.0000000572833346  0.0000052124048426  0.0000008711426106
0.11070727273  0.0000000572683637  0.0000050727599763  0.0000008738852620
0.11269155556  0.0000000572442617  0.0000049308758945  0.0000008765645295
0.11467583838  0.0000000572118128  0.0000047868854924  0.0000008790448180
0.11666012121  0.0000000571717493  0.0000046409119377  0.0000008813439238
0.11864440404  0.0000000571247558  0.0000044931826931  0.0000008835142592
0.12062868687  0.0000000570714618  0.0000043435719385  0.0000008855633197
0.12261296970  0.0000000570124396  0.0000041922996271  0.0000008874982834
0.12459725253  0.0000000569482215  0.0000040394590459  0.0000008893258732
0.12658153535  0.0000000568793039  0.0000038851368595  0.0000008911254646
0.12856581818  0.0000000568061503  0.0000037294136460  0.0000008927937213
0.13055010101  0.0000000567291932  0.0000035723643249  0.0000008943272953
0.13253438384  0.0000000566488365  0.0000034140585898  0.0000008958415854
0.13451866667  0.0000000565654580  0.0000032546897449  0.0000008972491899
0.13650294949  0.0000000564793934  0.0000030940507985  0.0000008986328749
0.13848723232  0.0000000563909055  0.0000029323410597  0.0000008999855227
0.14047151515  0.0000000563002250  0.0000027696155422  0.0000009011178546
0.14245579798  0.0000000562075621  0.0000026060373188  0.0000009021911753
0.14444008081  0.0000000561131067  0.0000024414156952  0.0000009032099149
0.14642436364  0.0000000560170309  0.0000022760226604  0.0000009041782947
0.14840864646  0.0000000559194893  0.0000021097777051  0.0000009051003415
0.15039292929  0.0000000557866739  0.0000019667471625  0.0000009054919035
0.15237721212  0.0000000555125099  0.0000019205426003  0.0000009038216724
0.15436149495  0.0000000552367456  0.0000018743032328  0.0000009020947501
0.15634577778  0.0000000549609012  0.0000018280902239  0.0000009003338829
0.15833006061  0.0000000546851401  0.0000017819552810  0.0000008985417280
0.16031434343  0.0000000544096134  0.0000017358272208  0.0000008967207792
0.16229862626  0.0000000541344612  0.0000016897573389  0.0000008948733803
0.16428290909  0.0000000538598126  0.0000016437547249  0.0000008930017345
0.16626719192  0.0000000535857870  0.0000015978277969  0.0000008911079138
0.16825147475  0.0000000533124943  0.0000015519843466  0.0000008891938672
0.17023575758  0.0000000530400358  0.0000015062315807  0.0000008872614285
0.17222004040  0.0000000527695262  0.0000014605761603  0.0000008853123241
0.17420432323  0.0000000524990389  0.0000014150242365  0.0000008833481790
0.17618860606  0.0000000522296486  0.0000013695814007  0.0000008813704764
0.17817288889  0.0000000519614458  0.0000013242525438  0.0000008793804548
0.18015717172  0.0000000516945172  0.0000012790421339  0.0000008773792388
0.18214145455  0.0000000514289444  0.0000012339543028  0.0000008753678766
0.18412573737  0.0000000511648031  0.0000011889928715  0.0000008733473445
0.18611002020  0.0000000509021644  0.0000011441613724  0.0000008713185519
0.18809430303  0.0000000506410945  0.0000010994630713  0.0000008692823452
0.19007858586  0.0000000503816554  0.0000010549009871  0.0000008672395119
0.19206286869  0.0000000501239049  0.0000010104779106  0.0000008651907838
0.19404715152  0.0000000498678969  0.0000009661964209  0.0000008631368412
0.19603143434  0.0000000496136818  0.0000009220589023  0.0000008610783154
0.19801571717  0.0000000493613065  0.0000008780675591  0.0000008590157920
0.20000000000  0.0000000491108091  0.0000008342245003  0.0000008569498787
