0.00100000000  0.0000000000000000  0.0000000000000000  0.0000000000000000
0.00301010101  0.0000000000000000  0.0000000000000000  0.0000000000000000
0.00502020202  0.0000000000000000  0.0000000000000000  0.0000000000000000
0.00703030303  0.0000000000000000  0.0000000003460316  0.0000000000000000
0.00904040404  0.0000000000000000  0.0000000094020826  0.0000000000000000
0.01105050505  0.0000000000362022  0.0000001457737708  0.0000000000025910
0.01306060606  0.0000000001495466  0.0000004658970057  -0.0000000005651242
0.01507070707  0.0000000006616238  0.0000013467997606  -0.0000000017279222
0.01708080808  0.0000000009511380  0.0000015826659201  -0.0000000021580296
0.01909090909  0.0000000015093810  0.0000018843839599  -0.0000000022456402
0.02110101010  0.0000000020650469  0.0000020177663378  -0.0000000020735817
0.02311111111  0.0000000023211902  0.0000019696017183  -0.0000000016258540
0.02512121212  0.0000000027157469  0.0000019411459258  -0.0000000011540500
0.02713131313  0.0000000033563761  0.0000019320934980  -0.0000000005735606
0.02914141414  0.0000000045197073  0.0000019479984923  0.0000000001640072
0.03115151515  0.0000000055203353  0.0000018580110503  0.0000000009989749
0.03316161616  0.0000000059172477  0.0000016662728241  0.0000000014845054
0.03517171717  0.0000000059257076  0.0000089125185773  -0.0000000049203014
0.03718181818  0.0000000067754395  0.0000089576047444  -0.0000000040821480
0.03919191919  0.0000000080499422  0.0000091654296412  -0.0000000032072659
0.04120202020  0.0000000090210558  0.0000091064612970  -0.0000000023143503
0.04321212121  0.0000000095722189  0.0000087855804737  -0.0000000014896146
0.04522222222  0.0000000102725562  0.0000085012169396  -0.0000000006512536
0.04723232323  0.0000000112148623  0.0000082514256692  0.0000000002463143
0.04924242424  0.0000000125096240  0.0000080370608218  0.0000000012655853
0.05125252525  0.0000000134178921  0.0000077757902882  0.0000000021117016
0.05326262626  0.0000000139965614  0.0000074875791392  0.0000000027665609
0.05527272727  0.0000000147531515  0.0000072215788703  0.0000000034737665
0.05728282828  0.0000000157710088  0.0000069810241362  0.0000000042672395
0.05929292929  0.0000000170997983  0.0000067772940976  0.0000000052021858
0.06130303030  0.0000000179049632  0.0000065831124626  0.0000000058734624
0.06331313131  0.0000000183433737  0.0000063946213131  0.0000000063145496
0.06532323232  0.0000000189919960  0.0000062347470752  0.0000000068109571
0.06733333333  0.0000000197771407  0.0000061083643807  0.0000000073860222
0.06934343434  0.0000000208259784  0.0000060224978757  0.0000000080728365
0.07135353535  0.0000000222355267  0.0000059868786721  0.0000000089194575
0.07336363636  0.0000000241677155  0.0000060144404390  0.0000000099967229
0.07537373737  0.0000000268287177  0.0000061216401172  0.0000000114849657
0.07738383838  0.0000000304443604  0.0000063282702561  0.0000000133878284
0.07939393939  0.0000000356095989  0.0000066560778511  0.0000000160274126
0.08140404040  0.0000000389688917  0.0000068307434363  0.0000000178368577
0.08341414141  0.0000000412606738  0.0000069181686089  0.0000000191097777
0.08542424242  0.0000000439206444  0.0000070253952760  0.0000000205755320
0.08743434343  0.0000000470016319  0.0000071511968022  0.0000000222624007
0.08944444444  0.0000000505651494  0.0000072937239294  0.0000000242064160
0.09145454545  0.0000000546828081  0.0000074503147485  0.0000000264485723
0.09346464646  0.0000000594289696  0.0000076172265836  0.0000000290366851
0.09547474747  0.0000000648846891  0.0000077893376552  0.0000000320265375
0.09748484848  0.0000000712210498  0.0000079597610900  0.0000000354832265
0.09949494949  0.0000000785369482  0.0000081193655092  0.0000000395415238
0.10150505051  0.0000000819762039  0.0000081585434176  0.0000000415769645
0.10351515152  0.0000000839833246  0.0000081610215158  0.0000000428869036
0.10552525253  0.0000000861055905  0.0000081625433393  0.0000000442250208
0.10753535354  0.0000000883467468  0.0000081624753868  0.0000000456354375
0.10954545455  0.0000000907108332  0.0000081601568496  0.0000000471212000
0.11155555556  0.0000000932021924  0.0000081548957172  0.0000000486855498
0.11356565657  0.0000000958254800  0.0000081459649828  0.0000000503319326
0.11557575758  0.0000000985856737  0.0000081325984332  0.0000000520640078
0.11758585859  0.0000001014880873  0.0000081139865241  0.0000000538856597
0.11959595960  0.0000001045383845  0.0000080892719914  0.0000000558010096
0.12160606061  0.0000001077425938  0.0000080575451590  0.0000000578144282
0.12361616162  0.0000001111071257  0.0000080178390057  0.0000000599305500
0.12562626263  0.0000001146805461  0.0000079691238428  0.0000000621542862
0.12763636364  0.0000001183859785  0.0000079102959068  0.0000000644907991
0.12964646465  0.0000001222728929  0.0000078401470607  0.0000000669452917
0.13165656566  0.0000001263488082  0.0000077573800276  0.0000000695231603
0.13366666667  0.0000001306216365  0.0000076606114598  0.0000000722870474
0.13567676768  0.0000001350996997  0.0000075483661550  0.0000000751260560
0.13768686869  0.0000001397917483  0.0000074190697774  0.0000000781062521
0.13969696970  0.0000001447069792  0.0000072710423356  0.0000000812341925
0.14170707071  0.0000001498550575  0.0000071024906749  0.0000000845167603
0.14371717172  0.0000001552461363  0.0000069115874605  0.0000000879611800
0.14572727273  0.0000001608908816  0.0000066961084482  0.0000000915750342
0.14773737374  0.0000001668004952  0.0000064539656782  0.0000000954562684
0.14974747475  0.0000001730354808  0.0000061828301431  0.0000000994246049
0.15175757576  0.0000001749702971  0.0000060855003371  0.0000001009485739
0.15376767677  0.0000001762960726  0.0000060137624429  0.0000001021183343
0.15577777778  0.0000001776906705  0.0000059399523005  0.0000001033079316
0.15778787879  0.0000001790671066  0.0000058639853196  0.0000001045173154
0.15979797980  0.0000001804687641  0.0000057857773681  0.0000001057940482
0.16180808081  0.0000001818953478  0.0000057052447317  0.0000001070834924
0.16381818182  0.0000001833465862  0.0000056223044824  0.0000001083488771
0.16582828283  0.0000001848222309  0.0000055368743944  0.0000001096339098
0.16783838384  0.0000001863220555  0.0000054488729247  0.0000001110101634
0.16984848485  0.0000001879035105  0.0000053582191904  0.0000001123490177
0.17185858586  0.0000001894813164  0.0000052648328156  0.0000001136895336
0.17386868687  0.0000001910507117  0.0000051686338291  0.0000001150497369
0.17587878788  0.0000001926435688  0.0000050695425758  0.0000001164296589
0.17788888889  0.0000001942597644  0.0000049674797151  0.0000001178293415
0.17989898990  0.0000001958991937  0.0000048623661042  0.0000001192488372
0.18190909091  0.0000001975617702  0.0000047541227309  0.0000001206882090
0.18391919192  0.0000001992474255  0.0000046426706417  0.0000001221475303
0.18592929293  0.0000002009561086  0.0000045279308732  0.0000001236268853
0.18793939394  0.0000002026877858  0.0000044098243762  0.0000001251263686
0.18994949495  0.0000002044424403  0.0000042882719472  0.0000001266460858
0.19195959596  0.0000002062200721  0.0000041631941613  0.0000001281861533
0.19396969697  0.0000002080206974  0.0000040345112958  0.0000001297466981
0.19597979798  0.0000002098443489  0.0000039021432616  0.0000001313278587
0.19798989899  0.0000002116920774  0.0000037660094404  0.0000001329297813
0.20000000000  0.0000002135619583  0.0000036260281325  0.0000001345526018
