0.13895000000  0.0000000000000000  0.0000000000000000  0.0000000000000000
0.13956666667  0.0000000000000000  0.0000000000000000  0.0000000000000000
0.14018333333  0.0000000000000000  0.0000000000000000  0.0000000000000000
0.14080000000  0.0000000000000000  0.0000000000000000  0.0000000000000000
0.14141666667  0.0000000000000000  0.0000000000000000  0.0000000000000000
0.14203333333  0.0000000000000000  0.0000000000000000  0.0000000000000000
0.14265000000  0.0000000000000000  0.0000000000000000  0.0000000000000000
0.14326666667  0.0000000000000000  0.0000000000000000  0.0000000000000000
0.14388333333  0.0000000000000000  0.0000000000000000  0.0000000000000000
0.14450000000  0.0000000000000000  0.0000000000000000  0.0000000000000000
0.14511666667  0.0000000000000000  0.0000000000000000  0.0000000000000000
0.14573333333  0.0000000000000000  0.0000000000000000  0.0000000000000000
0.14635000000  0.0000000000000000  0.0000000000000000  0.0000000000000000
0.14696666667  0.0000000000000000  0.0000000000000000  0.0000000000000000
0.14758333333  0.0000000000000000  0.0000000000000000  0.0000000000000000
0.14820000000  0.0000000000000000  0.0000000000000000  0.0000000000000000
0.14881666667  0.0000000000000000  0.0000000000021398  0.0000000000011407
0.14943333333  0.0000000000000000  0.0000000000104776  0.0000000000022016
0.15005000000  0.0000000000000000  0.0000000000224743  0.0000000000039484
0.15066666667  0.0000000000000000  0.0000000000416033  0.0000000000066223
0.15128333333  0.0000000000000000  0.0000000000712638  0.0000000000152688
0.15190000000  0.0000000000000000  0.0000000001131399  0.0000000000258833
0.15251666667  0.0000000000000000  0.0000000001700203  0.0000000000389745
0.15313333333  0.0000000000010360  0.0000000002395442  0.0000000000549882
0.15375000000  0.0000000000034453  0.0000000003199298  0.0000000000730382
0.15436666667  0.0000000000059412  0.0000000004038767  0.0000000000911378
0.15498333333  0.0000000000064317  0.0000000004844774  0.0000000001085462
0.15560000000  0.0000000000068080  0.0000000005540779  0.0000000001249688
0.15621666667  0.0000000000081364  0.0000000006064004  0.0000000001371142
0.15683333333  0.0000000000084073  0.0000000006375591  0.0000000001451061
0.15745000000  0.0000000000086183  0.0000000006466184  0.0000000001486914
0.15806666667  0.0000000000087730  0.0000000006353865  0.0000000001481090
0.15868333333  0.0000000000088648  0.0000000006076330  0.0000000001439856
0.15930000000  0.0000000000088838  0.0000000005681166  0.0000000001371568
0.15991666667  0.0000000000088237  0.0000000005217152  0.0000000001285501
0.16053333333  0.0000000000086860  0.0000000004726679  0.0000000001181274
0.16115000000  0.0000000000074859  0.0000000004243353  0.0000000001085311
0.16176666667  0.0000000000072828  0.0000000003791241  0.0000000000992726
0.16238333333  0.0000000000070522  0.0000000003376227  0.0000000000907506
0.16300000000  0.0000000000068140  0.0000000003027350  0.0000000000832256
0.16361666667  0.0000000000065878  0.0000000002735747  0.0000000000759245
0.16423333333  0.0000000000063918  0.0000000002501690  0.0000000000709214
0.16485000000  0.0000000000062408  0.0000000002322767  0.0000000000671651
0.16546666667  0.0000000000051403  0.0000000002189916  0.0000000000644987
0.16608333333  0.0000000000050976  0.0000000002094413  0.0000000000627468
0.16670000000  0.0000000000050895  0.0000000002029945  0.0000000000617915
0.16731666667  0.0000000000051144  0.0000000001991994  0.0000000000615438
0.16793333333  0.0000000000051712  0.0000000001977266  0.0000000000619459
0.16855000000  0.0000000000062609  0.0000000001983443  0.0000000000629565
0.16916666667  0.0000000000064020  0.0000000002008903  0.0000000000645550
0.16978333333  0.0000000000065787  0.0000000002052578  0.0000000000667288
0.17040000000  0.0000000000067899  0.0000000002113733  0.0000000000694788
0.17101666667  0.0000000000070343  0.0000000002191894  0.0000000000728075
0.17163333333  0.0000000000073105  0.0000000002286833  0.0000000000767283
0.17225000000  0.0000000000076167  0.0000000002398255  0.0000000000812484
0.17286666667  0.0000000000079510  0.0000000002525874  0.0000000000863807
0.17348333333  0.0000000000093315  0.0000000002669269  0.0000000000932264
0.17410000000  0.0000000000107946  0.0000000002827791  0.0000000000997095
0.17471666667  0.0000000000113008  0.0000000003000460  0.0000000001068086
0.17533333333  0.0000000000118263  0.0000000003185985  0.0000000001145063
0.17595000000  0.0000000000123650  0.0000000003382091  0.0000000001227408
0.17656666667  0.0000000000129106  0.0000000003596122  0.0000000001314519
0.17718333333  0.0000000000134559  0.0000000003805548  0.0000000001405289
0.17780000000  0.0000000000139936  0.0000000004014767  0.0000000001498416
0.17841666667  0.0000000000145163  0.0000000004218407  0.0000000001602493
0.17903333333  0.0000000000160511  0.0000000004410615  0.0000000001696082
0.17965000000  0.0000000000165784  0.0000000004588419  0.0000000001787405
0.18026666667  0.0000000000170805  0.0000000004750213  0.0000000001875748
0.18088333333  0.0000000000175581  0.0000000004894895  0.0000000001960816
0.18150000000  0.0000000000180121  0.0000000005021658  0.0000000002042423
0.18211666667  0.0000000000184438  0.0000000005129970  0.0000000002119970
0.18273333333  0.0000000000188543  0.0000000005219613  0.0000000002193129
0.18335000000  0.0000000000192450  0.0000000005290683  0.0000000002261733
0.18396666667  0.0000000000196173  0.0000000005343562  0.0000000002325700
0.18458333333  0.0000000000199725  0.0000000005378840  0.0000000002385029
0.18520000000  0.0000000000203119  0.0000000005397371  0.0000000002439806
0.18581666667  0.0000000000206371  0.0000000005400160  0.0000000002490187
0.18643333333  0.0000000000209492  0.0000000005388359  0.0000000002536400
0.18705000000  0.0000000000212496  0.0000000005363243  0.0000000002578733
0.18766666667  0.0000000000215398  0.0000000005326166  0.0000000002617539
0.18828333333  0.0000000000218211  0.0000000005278535  0.0000000002653212
0.18890000000  0.0000000000220948  0.0000000005221745  0.0000000002686195
0.18951666667  0.0000000000223626  0.0000000005157242  0.0000000002716969
0.19013333333  0.0000000000226260  0.0000000005086392  0.0000000002746048
0.19075000000  0.0000000000228865  0.0000000005010539  0.0000000002773973
0.19136666667  0.0000000000231461  0.0000000004930970  0.0000000002801314
0.19198333333  0.0000000000234064  0.0000000004848906  0.0000000002828665
0.19260000000  0.0000000000236695  0.0000000004765475  0.0000000002856643
0.19321666667  0.0000000000239373  0.0000000004681746  0.0000000002885890
0.19383333333  0.0000000000242122  0.0000000004598681  0.0000000002917075
0.19445000000  0.0000000000255078  0.0000000004517124  0.0000000002950864
0.19506666667  0.0000000000258155  0.0000000004437099  0.0000000002987517
0.19568333333  0.0000000000261340  0.0000000004358127  0.0000000003027003
0.19630000000  0.0000000000264630  0.0000000004279714  0.0000000003069280
0.19691666667  0.0000000000268024  0.0000000004201409  0.0000000003114318
0.19753333333  0.0000000000271518  0.0000000004122715  0.0000000003162070
0.19815000000  0.0000000000275110  0.0000000004043164  0.0000000003212512
0.19876666667  0.0000000000278796  0.0000000003962297  0.0000000003265564
0.19938333333  0.0000000000282572  0.0000000003879651  0.0000000003321196
0.20000000000  0.0000000000286435  0.0000000003794776  0.0000000003379356
