0.00100000000  0.0000000000000000  0.0000000000000000  0.0000000000000000
0.00301010101  0.0000000000000000  0.0000000000000000  0.0000000000000000
0.00502020202  0.0000000000000000  -0.0000000000000000  0.0000000000000000
0.00703030303  0.0000000000000000  0.0000000000000000  0.0000000000000000
0.00904040404  0.0000000000000000  -0.0000000000000138  0.0000000000000000
0.01105050505  0.0000000000000000  -0.0000000000000576  0.0000000000000000
0.01306060606  0.0000000000000000  0.0000000000004500  0.0000000000000000
0.01507070707  0.0000000000000000  0.0000000000008898  0.0000000000000000
0.01708080808  0.0000000000000000  0.0000000000020400  -0.0000000000011235
0.01909090909  0.0000000000000000  -0.0000000000033737  0.0000000000000000
0.02110101010  0.0000000000000000  0.0000000000004424  0.0000000000000000
0.02311111111  0.0000000000000000  0.0000000000000000  0.0000000000000000
0.02512121212  0.0000000000000000  0.0000000000013634  0.0000000000000000
0.02713131313  0.0000000000000000  0.0000000000000000  0.0000000000000000
0.02914141414  0.0000000000000000  0.0000000000000000  0.0000000000000000
0.03115151515  0.0000000000000000  0.0000000000000000  0.0000000000000000
0.03316161616  0.0000000000000000  0.0000000000000000  0.0000000000000000
0.03517171717  0.0000000000000000  0.0000000000000000  0.0000000000000000
0.03718181818  0.0000000000000000  -0.0000000000001047  0.0000000000000000
0.03919191919  0.0000000000000000  0.0000000000000000  0.0000000000000000
0.04120202020  0.0000000000000000  0.0000000000000000  0.0000000000000000
0.04321212121  0.0000000000000000  -0.0000000000011470  0.0000000000000000
0.04522222222  0.0000000000000000  0.0000000000000000  0.0000000000000000
0.04723232323  0.0000000000000000  0.0000000000000000  0.0000000000000000
0.04924242424  0.0000000000000000  0.0000000000000000  0.0000000000000000
0.05125252525  0.0000000000000000  0.0000000000000000  0.0000000000000000
0.05326262626  0.0000000000000000  0.0000000000000000  0.0000000000000000
0.05527272727  0.0000000000000000  0.0000000000000000  0.0000000000000000
0.05728282828  0.0000000000000000  0.0000000000010093  0.0000000000000000
0.05929292929  0.0000000000000000  0.0000000000315592  0.0000000000000000
0.06130303030  0.0000000000000000  0.0000000000459872  0.0000000000013588
0.06331313131  0.0000000000000000  0.0000000000600828  -0.0000000000088923
0.06532323232  0.0000000000000000  0.0000000000767683  -0.0000000000231366
0.06733333333  0.0000000000000000  0.0000000001037802  -0.0000000000412186
0.06934343434  0.0000000000000000  0.0000000001684000  -0.0000000000959356
0.07135353535  0.0000000000000000  0.0000000003036559  -0.0000000002185737
0.07336363636  0.0000000000062489  0.0000000005605086  -0.0000000004618967
0.07537373737  0.0000000000169115  0.0000000009866228  -0.0000000008998281
0.07738383838  0.0000000000354246  0.0000000017512767  -0.0000000016954834
0.07939393939  0.0000000000687064  0.0000000031548685  -0.0000000031248214
0.08140404040  0.0000000000904293  0.0000000042955326  -0.0000000042785781
0.08341414141  0.0000000001036264  0.0000000052805635  -0.0000000052698066
0.08542424242  0.0000000001192719  0.0000000064844199  -0.0000000064625247
0.08743434343  0.0000000001382884  0.0000000079367625  -0.0000000078894102
0.08944444444  0.0000000001582215  0.0000000096764803  -0.0000000095747276
0.09145454545  0.0000000001850838  0.0000000117499318  -0.0000000115362443
0.09346464646  0.0000000002153116  0.0000000142083783  -0.0000000137921282
0.09547474747  0.0000000002527582  0.0000000171127343  -0.0000000163472315
0.09748484848  0.0000000002966615  0.0000000205222263  -0.0000000191788074
0.09949494949  0.0000000003537994  0.0000000244986119  -0.0000000222079730
0.10150505051  0.0000000003814665  0.0000000263524970  -0.0000000232560164
0.10351515152  0.0000000004040262  0.0000000280605139  -0.0000000243681832
0.10552525253  0.0000000004287677  0.0000000298522134  -0.0000000254613688
0.10753535354  0.0000000004547239  0.0000000317295255  -0.0000000265186867
0.10954545455  0.0000000004839737  0.0000000336942303  -0.0000000275253981
0.11155555556  0.0000000005106120  0.0000000357512788  -0.0000000284570783
0.11356565657  0.0000000005426927  0.0000000378988883  -0.0000000292932071
0.11557575758  0.0000000005732724  0.0000000401426884  -0.0000000300065870
0.11758585859  0.0000000006053693  0.0000000424839936  -0.0000000305685090
0.11959595960  0.0000000006410497  0.0000000449276067  -0.0000000309447082
0.12160606061  0.0000000006882838  0.0000000474779816  -0.0000000310965004
0.12361616162  0.0000000007455509  0.0000000501392231  -0.0000000309799363
0.12562626263  0.0000000008057396  0.0000000529179060  -0.0000000305440690
0.12763636364  0.0000000008766413  0.0000000558175830  -0.0000000297324456
0.12964646465  0.0000000009576513  0.0000000588433722  -0.0000000284803165
0.13165656566  0.0000000010482314  0.0000000619993200  -0.0000000267145522
0.13366666667  0.0000000011497585  0.0000000652879695  -0.0000000243528869
0.13567676768  0.0000000012628966  0.0000000687088931  -0.0000000213028842
0.13768686869  0.0000000013949736  0.0000000722565863  -0.0000000174603267
0.13969696970  0.0000000015437325  0.0000000759197782  -0.0000000127087503
0.14170707071  0.0000000017140728  0.0000000796774729  -0.0000000069201331
0.14371717172  0.0000000019074686  0.0000000834988784  0.0000000000470637
0.14572727273  0.0000000021280323  0.0000000873366494  0.0000000083469517
0.14773737374  0.0000000023816785  0.0000000911221227  0.0000000181464447
0.14974747475  0.0000000026732614  0.0000000947586035  0.0000000296250999
0.15175757576  0.0000000027858838  0.0000000962156821  0.0000000370354495
0.15376767677  0.0000000029018106  0.0000000983126783  0.0000000412391838
0.15577777778  0.0000000030226110  0.0000001003986024  0.0000000456791767
0.15778787879  0.0000000031484757  0.0000001024673746  0.0000000503628632
0.15979797980  0.0000000032796032  0.0000001045124719  0.0000000552976163
0.16180808081  0.0000000034162227  0.0000001065277026  0.0000000604911433
0.16381818182  0.0000000035585851  0.0000001085067649  0.0000000659513333
0.16582828283  0.0000000037069548  0.0000001104428622  0.0000000716861366
0.16783838384  0.0000000038616081  0.0000001123285876  0.0000000777035109
0.16984848485  0.0000000040228359  0.0000001141559469  0.0000000840114433
0.17185858586  0.0000000041909442  0.0000001159163003  0.0000000906178671
0.17386868687  0.0000000043662542  0.0000001176002952  0.0000000975307781
0.17587878788  0.0000000045491029  0.0000001191978134  0.0000001047580560
0.17788888889  0.0000000047398444  0.0000001206979163  0.0000001123075974
0.17989898990  0.0000000049388530  0.0000001220888532  0.0000001201871952
0.18190909091  0.0000000051465176  0.0000001233578172  0.0000001284045488
0.18391919192  0.0000000053632513  0.0000001244911037  0.0000001369672899
0.18592929293  0.0000000055894862  0.0000001254738681  0.0000001458829126
0.18793939394  0.0000000058256768  0.0000001262901177  0.0000001551587451
0.18994949495  0.0000000060723073  0.0000001269227587  0.0000001648021457
0.19195959596  0.0000000063298908  0.0000001273534466  0.0000001748204678
0.19396969697  0.0000000065989691  0.0000001275624172  0.0000001852209263
0.19597979798  0.0000000068801128  0.0000001275283507  0.0000001960105459
0.19798989899  0.0000000071739229  0.0000001272282478  0.0000002071961538
0.20000000000  0.0000000074810334  0.0000001266373185  0.0000002187843942
