0.00100000000  0.0000000000000000  0.0000000000000000  0.0000000000000000
0.00301010101  0.0000000000000000  -0.0000000000000000  0.0000000000000000
0.00502020202  0.0000000000000000  -0.0000000000000000  0.0000000000000000
0.00703030303  0.0000000000000000  -0.0000000000000000  0.0000000000000000
0.00904040404  0.0000000000000000  0.0000000000000046  0.0000000000000000
0.01105050505  0.0000000000000000  0.0000000000000288  0.0000000000000000
0.01306060606  0.0000000000000000  0.0000000000003001  0.0000000000000000
0.01507070707  0.0000000000000000  -0.0000000000016776  0.0000000000010844
0.01708080808  0.0000000000000000  0.0000000000018794  0.0000000000000000
0.01909090909  0.0000000000000000  -0.0000000000034532  0.0000000000000000
0.02110101010  0.0000000000000000  0.0000000000004064  0.0000000000000000
0.02311111111  0.0000000000000000  0.0000000000015765  0.0000000000000000
0.02512121212  0.0000000000000000  0.0000000000000000  0.0000000000000000
0.02713131313  0.0000000000000000  -0.0000000000011282  0.0000000000000000
0.02914141414  0.0000000000000000  0.0000000000000000  0.0000000000000000
0.03115151515  0.0000000000000000  0.0000000000000000  0.0000000000000000
0.03316161616  0.0000000000000000  0.0000000000000000  0.0000000000000000
0.03517171717  0.0000000000000000  0.0000000000000000  0.0000000000000000
0.03718181818  0.0000000000000000  -0.0000000000010043  0.0000000000000000
0.03919191919  0.0000000000000000  -0.0000000000013527  0.0000000000000000
0.04120202020  0.0000000000000000  0.0000000000000000  0.0000000000000000
0.04321212121  0.0000000000000000  0.0000000000000000  0.0000000000000000
0.04522222222  0.0000000000000000  0.0000000000000000  0.0000000000000000
0.04723232323  0.0000000000000000  0.0000000000000000  0.0000000000000000
0.04924242424  0.0000000000000000  0.0000000000000000  0.0000000000000000
0.05125252525  0.0000000000000000  0.0000000000000000  0.0000000000000000
0.05326262626  0.0000000000000000  0.0000000000000000  0.0000000000000000
0.05527272727  0.0000000000000000  0.0000000000000000  0.0000000000000000
0.05728282828  0.0000000000000000  0.0000000000079730  0.0000000000000000
0.05929292929  0.0000000000000000  0.0000000000363327  0.0000000000000000
0.06130303030  0.0000000000000000  0.0000000000515756  -0.0000000000039309
0.06331313131  0.0000000000000000  0.0000000000653301  -0.0000000000153997
0.06532323232  0.0000000000000000  0.0000000000767916  -0.0000000000225571
0.06733333333  0.0000000000000000  0.0000000001255777  -0.0000000000627813
0.06934343434  0.0000000000000000  0.0000000002158487  -0.0000000001447630
0.07135353535  0.0000000000010525  0.0000000004045927  -0.0000000003210514
0.07336363636  0.0000000000109157  0.0000000007399917  -0.0000000006449363
0.07537373737  0.0000000000233118  0.0000000013257943  -0.0000000012458062
0.07738383838  0.0000000000486258  0.0000000023778756  -0.0000000023346513
0.07939393939  0.0000000000826906  0.0000000043052085  -0.0000000042867578
0.08140404040  0.0000000001017862  0.0000000058710581  -0.0000000058630111
0.08341414141  0.0000000001195619  0.0000000072118916  -0.0000000072034748
0.08542424242  0.0000000001373084  0.0000000088398240  -0.0000000088098724
0.08743434343  0.0000000001578362  0.0000000107897507  -0.0000000107202187
0.08944444444  0.0000000001822919  0.0000000131197685  -0.0000000129584627
0.09145454545  0.0000000002140468  0.0000000158868019  -0.0000000155568788
0.09346464646  0.0000000002518802  0.0000000191584340  -0.0000000185401266
0.09547474747  0.0000000002990580  0.0000000230080017  -0.0000000219009423
0.09748484848  0.0000000003572930  0.0000000275087632  -0.0000000255965589
0.09949494949  0.0000000004298091  0.0000000327469512  -0.0000000295162302
0.10150505051  0.0000000004620359  0.0000000351196964  -0.0000000307751879
0.10351515152  0.0000000004895413  0.0000000372843044  -0.0000000321247427
0.10552525253  0.0000000005224588  0.0000000395493595  -0.0000000334370116
0.10753535354  0.0000000005518339  0.0000000419222963  -0.0000000346910320
0.10954545455  0.0000000005857749  0.0000000444017396  -0.0000000358637425
0.11155555556  0.0000000006203297  0.0000000469925901  -0.0000000369262734
0.11356565657  0.0000000006545073  0.0000000496983953  -0.0000000378493668
0.11557575758  0.0000000006974296  0.0000000525204478  -0.0000000385982026
0.11758585859  0.0000000007472545  0.0000000554648918  -0.0000000391307043
0.11959595960  0.0000000008081203  0.0000000585345085  -0.0000000394005530
0.12160606061  0.0000000008738346  0.0000000617338379  -0.0000000393541050
0.12361616162  0.0000000009440509  0.0000000650678591  -0.0000000389310430
0.12562626263  0.0000000010289494  0.0000000685400849  -0.0000000380637626
0.12763636364  0.0000000011209691  0.0000000721562033  -0.0000000366748616
0.12964646465  0.0000000012233343  0.0000000759194333  -0.0000000346781033
0.13165656566  0.0000000013374968  0.0000000798313336  -0.0000000319768183
0.13366666667  0.0000000014661677  0.0000000838930219  -0.0000000284621335
0.13567676768  0.0000000016129041  0.0000000881011741  -0.0000000240130986
0.13768686869  0.0000000017783857  0.0000000924480587  -0.0000000184952300
0.13969696970  0.0000000019656476  0.0000000969187213  -0.0000000117596758
0.14170707071  0.0000000021772824  0.0000001014885595  -0.0000000036422352
0.14371717172  0.0000000024185817  0.0000001061182618  0.0000000060367183
0.14572727273  0.0000000026936368  0.0000001107497475  0.0000000174732786
0.14773737374  0.0000000030095249  0.0000001152981653  0.0000000308793389
0.14974747475  0.0000000033724889  0.0000001196440480  0.0000000464824420
0.15175757576  0.0000000035081758  0.0000001211676999  0.0000000564495244
0.15376767677  0.0000000036456135  0.0000001235116784  0.0000000621237660
0.15577777778  0.0000000037886390  0.0000001258347880  0.0000000680921382
0.15778787879  0.0000000039375122  0.0000001281315860  0.0000000743640298
0.15979797980  0.0000000040925048  0.0000001303961014  0.0000000809490559
0.16180808081  0.0000000042539050  0.0000001326219099  0.0000000878568707
0.16381818182  0.0000000044220146  0.0000001348019857  0.0000000950972796
0.16582828283  0.0000000045971517  0.0000001369287085  0.0000001026802458
0.16783838384  0.0000000047796507  0.0000001389938021  0.0000001106157852
0.16984848485  0.0000000049698647  0.0000001409883012  0.0000001189140206
0.17185858586  0.0000000051681575  0.0000001429022393  0.0000001275850345
0.17386868687  0.0000000053748988  0.0000001447243946  0.0000001366384710
0.17587878788  0.0000000055904728  0.0000001464425477  0.0000001460838147
0.17788888889  0.0000000058152825  0.0000001480435118  0.0000001559304511
0.17989898990  0.0000000060497493  0.0000001495130407  0.0000001661875463
0.18190909091  0.0000000062943137  0.0000001508357444  0.0000001768640955
0.18391919192  0.0000000065494370  0.0000001519950339  0.0000001879688055
0.18592929293  0.0000000068156015  0.0000001529730309  0.0000001995101272
0.18793939394  0.0000000070933124  0.0000001537504941  0.0000002114961564
0.18994949495  0.0000000073830969  0.0000001543066824  0.0000002239346375
0.19195959596  0.0000000076855076  0.0000001546193183  0.0000002368328795
0.19396969697  0.0000000080011207  0.0000001546644205  0.0000002501977060
0.19597979798  0.0000000083305413  0.0000001544162780  0.0000002640354078
0.19798989899  0.0000000086743984  0.0000001538472183  0.0000002783517246
0.20000000000  0.0000000090333533  0.0000001529276173  0.0000002931517087
