0.00100000000  0.0000000000000000  0.0000000000000000  0.0000000000000000
0.00301010101  0.0000000000000000  0.0000000000000237  0.0000000000000000
0.00502020202  0.0000000000000000  0.0000000000000409  0.0000000000000000
0.00703030303  0.0000000000000000  0.0000000000000000  0.0000000000000000
0.00904040404  0.0000000000000000  -0.0000000000012635  0.0000000000012517
0.01105050505  0.0000000000000000  0.0000000000000000  0.0000000000000000
0.01306060606  0.0000000000000000  0.0000000000010819  0.0000000000000000
0.01507070707  0.0000000000000000  0.0000000000000000  0.0000000000000000
0.01708080808  0.0000000000000000  0.0000000000000000  0.0000000000000000
0.01909090909  0.0000000000000000  0.0000000000000000  0.0000000000000000
0.02110101010  0.0000000000000000  0.0000000000000000  0.0000000000000000
0.02311111111  0.0000000000000000  0.0000000000000000  0.0000000000000000
0.02512121212  0.0000000000000000  0.0000000000000000  0.0000000000000000
0.02713131313  0.0000000000000000  0.0000000000000000  0.0000000000000000
0.02914141414  0.0000000000000000  0.0000000000000000  0.0000000000000000
0.03115151515  0.0000000000000000  0.0000000001220053  0.0000000000000000
0.03316161616  0.0000000000000000  0.0000000003896473  -0.0000000000986182
0.03517171717  0.0000000000121833  0.0000000036701420  -0.0000000036040603
0.03718181818  0.0000000000638766  0.0000000221829572  -0.0000000221711531
0.03919191919  0.0000000001862421  0.0000001341237330  -0.0000001339802964
0.04120202020  0.0000000004699432  0.0000003894400767  -0.0000003880297097
0.04321212121  0.0000000008525231  0.0000006923882431  -0.0000006874817781
0.04522222222  0.0000000015959451  0.0000012263506194  -0.0000012103890412
0.04723232323  0.0000000030629375  0.0000021638133473  -0.0000021138623258
0.04924242424  0.0000000060861929  0.0000038049924782  -0.0000036526259809
0.05125252525  0.0000000094083861  0.0000053287700313  -0.0000050067026433
0.05326262626  0.0000000126075391  0.0000066073460056  -0.0000060766104810
0.05527272727  0.0000000170445450  0.0000081939806059  -0.0000073248011041
0.05728282828  0.0000000232845057  0.0000101662630361  -0.0000087528168500
0.05929292929  0.0000000322223219  0.0000126207760861  -0.0000103415176123
0.06130303030  0.0000000386798137  0.0000140701200304  -0.0000109823295129
0.06331313131  0.0000000435279688  0.0000150254156395  -0.0000113170685824
0.06532323232  0.0000000491890301  0.0000160520565608  -0.0000116081331438
0.06733333333  0.0000000558372527  0.0000171525604320  -0.0000118407841908
0.06934343434  0.0000000636920636  0.0000183275324899  -0.0000119975694498
0.07135353535  0.0000000730318747  0.0000195745857071  -0.0000120581569040
0.07336363636  0.0000000842119481  0.0000208862069729  -0.0000119988472307
0.07537373737  0.0000000976884778  0.0000222466305945  -0.0000117921695292
0.07738383838  0.0000001140514271  0.0000236272624779  -0.0000114066394917
0.07939393939  0.0000001340695478  0.0000249799518613  -0.0000108066996665
0.08140404040  0.0000001449937912  0.0000253365509083  -0.0000099285328119
0.08341414141  0.0000001520836141  0.0000254222588341  -0.0000093699062100
0.08542424242  0.0000001597650105  0.0000254799149132  -0.0000087827753768
0.08743434343  0.0000001680941457  0.0000255022197848  -0.0000081660031856
0.08944444444  0.0000001771336313  0.0000254807101890  -0.0000075186236814
0.09145454545  0.0000001869533642  0.0000254055632947  -0.0000068398869029
0.09346464646  0.0000001976314766  0.0000252653652018  -0.0000061293104517
0.09547474747  0.0000002092554300  0.0000250468529190  -0.0000053867416761
0.09748484848  0.0000002219232795  0.0000247345925412  -0.0000046124325067
0.09949494949  0.0000002357451370  0.0000243106254529  -0.0000038071293696
0.10150505051  0.0000002403260784  0.0000238604304385  -0.0000032118187636
0.10351515152  0.0000002420974707  0.0000234705481618  -0.0000029075981311
0.10552525253  0.0000002439844394  0.0000230762371942  -0.0000026066176504
0.10753535354  0.0000002459878874  0.0000226766855900  -0.0000023087818664
0.10954545455  0.0000002481089463  0.0000222710763442  -0.0000020140127322
0.11155555556  0.0000002503489745  0.0000218585781437  -0.0000017222489843
0.11356565657  0.0000002527095558  0.0000214383466870  -0.0000014334456350
0.11557575758  0.0000002551924995  0.0000210095202919  -0.0000011475735717
0.11758585859  0.0000002577998418  0.0000205712165938  -0.0000008646192616
0.11959595960  0.0000002605338479  0.0000201225291774  -0.0000005845845541
0.12160606061  0.0000002633970154  0.0000196625241334  -0.0000003074865812
0.12361616162  0.0000002663920426  0.0000191902298413  -0.0000000333577486
0.12562626263  0.0000002695215542  0.0000187045847382  0.0000002377530151
0.12763636364  0.0000002727882369  0.0000182044665446  0.0000005057768475
0.12964646465  0.0000002761949925  0.0000176887189289  0.0000007706238683
0.13165656566  0.0000002797449427  0.0000171561485368  0.0000010321828412
0.13366666667  0.0000002834414340  0.0000166055216836  0.0000012903207530
0.13567676768  0.0000002872880420  0.0000160355609463  0.0000015448823012
0.13768686869  0.0000002912885782  0.0000154449416664  0.0000017956892960
0.13969696970  0.0000002954470962  0.0000148322883079  0.0000020425399704
0.14170707071  0.0000002997678990  0.0000141961706632  0.0000022852081981
0.14371717172  0.0000003042555479  0.0000135350999251  0.0000025234426208
0.14572727273  0.0000003089148709  0.0000128475245544  0.0000027569656763
0.14773737374  0.0000003137509729  0.0000121318259679  0.0000029854725279
0.14974747475  0.0000003187692506  0.0000113863143848  0.0000032086299980
0.15175757576  0.0000003182123684  0.0000110637246743  0.0000033083242195
0.15376767677  0.0000003169665431  0.0000108084652896  0.0000033482737701
0.15577777778  0.0000003157715836  0.0000105544758251  0.0000033875850622
0.15778787879  0.0000003146260441  0.0000103016446852  0.0000034262654273
0.15979797980  0.0000003135285537  0.0000100498643247  0.0000034643217507
0.16180808081  0.0000003124778120  0.0000097990309565  0.0000035017605045
0.16381818182  0.0000003114725854  0.0000095490442655  0.0000035385877731
0.16582828283  0.0000003105117039  0.0000092998071596  0.0000035748092843
0.16783838384  0.0000003095940577  0.0000090512255148  0.0000036104304327
0.16984848485  0.0000003087185939  0.0000088032079423  0.0000036454563023
0.17185858586  0.0000003078843145  0.0000085556655668  0.0000036798916888
0.17386868687  0.0000003070902728  0.0000083085118133  0.0000037137411183
0.17587878788  0.0000003063355718  0.0000080616622053  0.0000037470088655
0.17788888889  0.0000003056193613  0.0000078150341733  0.0000037796989710
0.17989898990  0.0000003049408361  0.0000075685468695  0.0000038118152555
0.18190909091  0.0000003042992327  0.0000073221209149  0.0000038433612943
0.18391919192  0.0000003036937728  0.0000070756749758  0.0000038743386383
0.18592929293  0.0000003031236385  0.0000068291248113  0.0000039047459706
0.18793939394  0.0000003025880438  0.0000065823879563  0.0000039345814182
0.18994949495  0.0000003020862384  0.0000063353839686  0.0000039638427580
0.19195959596  0.0000003016175060  0.0000060880342962  0.0000039925274256
0.19396969697  0.0000003011811630  0.0000058402621609  0.0000040206325295
0.19597979798  0.0000003007765571  0.0000055919924428  0.0000040481548608
0.19798989899  0.0000003004030655  0.0000053431515681  0.0000040750909018
0.20000000000  0.0000003000600939  0.0000050936674086  0.0000041014368372
