0.00100000000  0.0000000000000000  0.0000000000000000  0.0000000000000000
0.00301010101  0.0000000000000000  0.0000000000000001  0.0000000000000000
0.00502020202  0.0000000000000000  -0.0000000000000002  0.0000000000000000
0.00703030303  0.0000000000000000  0.0000000000000125  0.0000000000000000
0.00904040404  0.0000000000000000  0.0000000000004106  0.0000000000000000
0.01105050505  0.0000000000000000  -0.0000000000024399  0.0000000000011251
0.01306060606  0.0000000000000000  0.0000000000006948  -0.0000000000011729
0.01507070707  0.0000000000000000  -0.0000000000017726  0.0000000000010315
0.01708080808  0.0000000000000000  0.0000000000000000  0.0000000000000000
0.01909090909  0.0000000000000000  0.0000000000000000  0.0000000000000000
0.02110101010  0.0000000000000000  0.0000000000000000  0.0000000000000000
0.02311111111  0.0000000000000000  0.0000000000000000  0.0000000000000000
0.02512121212  0.0000000000000000  0.0000000000000000  0.0000000000000000
0.02713131313  0.0000000000000000  0.0000000000000000  0.0000000000000000
0.02914141414  0.0000000000000000  0.0000000000000000  0.0000000000000000
0.03115151515  0.0000000000000000  0.0000000000000000  0.0000000000000000
0.03316161616  0.0000000000000000  0.0000000000000000  0.0000000000000000
0.03517171717  0.0000000000000000  0.0000000000000000  0.0000000000000000
0.03718181818  0.0000000000000000  0.0000000000000000  0.0000000000000000
0.03919191919  0.0000000000000000  0.0000000000076986  0.0000000000000000
0.04120202020  0.0000000000000000  0.0000000000411132  -0.0000000000017007
0.04321212121  0.0000000000000000  -0.0000000000028580  0.0000000000075023
0.04522222222  0.0000000000000000  0.0000000000133619  0.0000000000000000
0.04723232323  0.0000000000000000  0.0000000000266486  0.0000000000000000
0.04924242424  0.0000000000000000  0.0000000000000000  0.0000000000000000
0.05125252525  0.0000000000240383  0.0000000030401292  -0.0000000029778982
0.05326262626  0.0000000000649353  0.0000000087927103  -0.0000000087754090
0.05527272727  0.0000000001087686  0.0000000220983664  -0.0000000220980090
0.05728282828  0.0000000001890956  0.0000000512177851  -0.0000000511329332
0.05929292929  0.0000000003698457  0.0000001122942778  -0.0000001116926772
0.06130303030  0.0000000005847219  0.0000001802457577  -0.0000001783229265
0.06331313131  0.0000000007756880  0.0000002349909258  -0.0000002313047161
0.06532323232  0.0000000010309546  0.0000003046539631  -0.0000002977739061
0.06733333333  0.0000000013721210  0.0000003928223071  -0.0000003802290713
0.06934343434  0.0000000018300698  0.0000005038305574  -0.0000004811469230
0.07135353535  0.0000000024692305  0.0000006429592690  -0.0000006026094062
0.07336363636  0.0000000033688957  0.0000008166399880  -0.0000007456546569
0.07537373737  0.0000000046216475  0.0000010328313188  -0.0000009091667432
0.07738383838  0.0000000063810504  0.0000013013994743  -0.0000010880748527
0.07939393939  0.0000000088913990  0.0000016345896249  -0.0000012704645187
0.08140404040  0.0000000105712758  0.0000018249810068  -0.0000013185134163
0.08341414141  0.0000000118229945  0.0000019542419121  -0.0000013404475508
0.08542424242  0.0000000132538705  0.0000020920119346  -0.0000013496201819
0.08743434343  0.0000000149014793  0.0000022387713215  -0.0000013427609235
0.08944444444  0.0000000168027940  0.0000023949353015  -0.0000013160368569
0.09145454545  0.0000000190078188  0.0000025607858220  -0.0000012649813941
0.09346464646  0.0000000215783599  0.0000027363553953  -0.0000011844206851
0.09547474747  0.0000000245910808  0.0000029212898287  -0.0000010684006881
0.09748484848  0.0000000281414999  0.0000031146015584  -0.0000009101252086
0.09949494949  0.0000000323491376  0.0000033143702173  -0.0000007018983763
0.10150505051  0.0000000342921023  0.0000033835027817  -0.0000005086359648
0.10351515152  0.0000000356136584  0.0000034317483733  -0.0000004096656894
0.10552525253  0.0000000370061196  0.0000034794894150  -0.0000003043230747
0.10753535354  0.0000000384743659  0.0000035265724388  -0.0000001923653128
0.10954545455  0.0000000400236513  0.0000035728154624  -0.0000000735429709
0.11155555556  0.0000000416596353  0.0000036180127311  0.0000000524000085
0.11356565657  0.0000000433884157  0.0000036619246509  0.0000001857262183
0.11557575758  0.0000000452165321  0.0000037042791409  0.0000003267043026
0.11758585859  0.0000000471507486  0.0000037447261511  0.0000004756041238
0.11959595960  0.0000000491981838  0.0000037828549970  0.0000006326923488
0.12160606061  0.0000000513664719  0.0000038182032060  0.0000007982308544
0.12361616162  0.0000000536638008  0.0000038502507728  0.0000009724749488
0.12562626263  0.0000000560989534  0.0000038784138328  0.0000011556712078
0.12763636364  0.0000000586813522  0.0000039020376593  0.0000013480550574
0.12964646465  0.0000000614211060  0.0000039203889218  0.0000015498481136
0.13165656566  0.0000000643290615  0.0000039326472129  0.0000017612552076
0.13366666667  0.0000000674168586  0.0000039378957626  0.0000019824609830
0.13567676768  0.0000000706969881  0.0000039351110883  0.0000022136262306
0.13768686869  0.0000000741828591  0.0000039231520176  0.0000024548838499
0.13969696970  0.0000000778889932  0.0000039007566725  0.0000027063407731
0.14170707071  0.0000000818311892  0.0000038665327311  0.0000029680794199
0.14371717172  0.0000000860264696  0.0000038189289732  0.0000032401465474
0.14572727273  0.0000000904931635  0.0000037562168381  0.0000035225471353
0.14773737374  0.0000000952510123  0.0000036764712785  0.0000038152381395
0.14974747475  0.0000001003212854  0.0000035775496116  0.0000041181215902
0.15175757576  0.0000001017359589  0.0000035315149352  0.0000042739180806
0.15376767677  0.0000001027210719  0.0000034972089317  0.0000043555389886
0.15577777778  0.0000001037208755  0.0000034613879803  0.0000044375547378
0.15778787879  0.0000001047357573  0.0000034240216763  0.0000045199637281
0.15979797980  0.0000001057661184  0.0000033850785118  0.0000046027650090
0.16180808081  0.0000001068123731  0.0000033445257871  0.0000046859582625
0.16381818182  0.0000001078749504  0.0000033023295598  0.0000047695438603
0.16582828283  0.0000001089542842  0.0000032584541306  0.0000048535222159
0.16783838384  0.0000001100507177  0.0000032128576999  0.0000049378871880
0.16984848485  0.0000001111645356  0.0000031654942363  0.0000050226279886
0.17185858586  0.0000001122960299  0.0000031163165428  0.0000051077336037
0.17386868687  0.0000001134455019  0.0000030652762952  0.0000051931927847
0.17587878788  0.0000001146132613  0.0000030123239613  0.0000052789941057
0.17788888889  0.0000001157996269  0.0000029574087611  0.0000053651259276
0.17989898990  0.0000001170049272  0.0000029004786356  0.0000054515764219
0.18190909091  0.0000001182294997  0.0000028414801663  0.0000055383335496
0.18391919192  0.0000001194736918  0.0000027803585404  0.0000056253850594
0.18592929293  0.0000001207378602  0.0000027170574799  0.0000057127184816
0.18793939394  0.0000001220223725  0.0000026515192040  0.0000058003211487
0.18994949495  0.0000001233276057  0.0000025836843472  0.0000058881801546
0.19195959596  0.0000001246539478  0.0000025134919115  0.0000059762823445
0.19396969697  0.0000001260017973  0.0000024408791959  0.0000060646143686
0.19597979798  0.0000001273715637  0.0000023657817288  0.0000061531626007
0.19798989899  0.0000001287636676  0.0000022881332004  0.0000062419131554
0.20000000000  0.0000001301785075  0.0000022078645032  0.0000063308493850
