0.00100000000  0.0000000000000000  0.0000000000000000  0.0000000000000000
0.00301010101  0.0000000000000000  0.0000000026064769  0.0000000000000000
0.00502020202  0.0000000000000000  0.0000000083513198  0.0000000000023752
0.00703030303  0.0000000000000000  0.0000000039543291  0.0000000000019090
0.00904040404  0.0000000000000000  0.0000000016287352  0.0000000000015214
0.01105050505  0.0000000000000000  0.0000000008620988  0.0000000000012632
0.01306060606  0.0000000000000000  0.0000000005149553  0.0000000000010761
0.01507070707  0.0000000000000000  0.0000000002545694  0.0000000000000000
0.01708080808  0.0000000000000000  0.0000000001768994  0.0000000000000000
0.01909090909  0.0000000000000000  0.0000000001142357  0.0000000000000000
0.02110101010  0.0000000000000000  0.0000000000770443  0.0000000000000000
0.02311111111  0.0000000000000000  0.0000000000603149  0.0000000000000000
0.02512121212  0.0000000000000000  0.0000000000461148  0.0000000000000000
0.02713131313  0.0000000000000000  0.0000000000339064  0.0000000000000000
0.02914141414  0.0000000000000000  0.0000000000216944  0.0000000000000000
0.03115151515  0.0000000000000000  0.0000000000138783  0.0000000000000000
0.03316161616  0.0000000000000000  0.0000000000089598  0.0000000000000000
0.03517171717  0.0000000000000000  0.0000000000657700  0.0000000000000000
0.03718181818  0.0000000000000000  0.0000000000543412  0.0000000000000000
0.03919191919  0.0000000000000000  0.0000000000440455  0.0000000000000000
0.04120202020  0.0000000000000000  0.0000000000369478  0.0000000000000000
0.04321212121  0.0000000000000000  0.0000000000319244  0.0000000000000000
0.04522222222  0.0000000000000000  0.0000000000254081  0.0000000000000000
0.04723232323  0.0000000000000000  0.0000000000214896  0.0000000000000000
0.04924242424  0.0000000000000000  0.0000000000168884  0.0000000000000000
0.05125252525  0.0000000000000000  0.0000000000136161  0.0000000000000000
0.05326262626  0.0000000000000000  0.0000000000110359  0.0000000000000000
0.05527272727  0.0000000000000000  0.0000000000087253  0.0000000000000000
0.05728282828  0.0000000000000000  0.0000000000056651  0.0000000000000000
0.05929292929  0.0000000000000000  0.0000000000020306  0.0000000000000000
0.06130303030  0.0000000000000000  0.0000000000000000  0.0000000000000000
0.06331313131  0.0000000000000000  0.0000000000000000  0.0000000000000000
0.06532323232  0.0000000000000000  0.0000000000000000  0.0000000000000000
0.06733333333  0.0000000000000000  0.0000000000000000  0.0000000000000000
0.06934343434  0.0000000000000000  0.0000000000000000  0.0000000000000000
0.07135353535  0.0000000000000000  0.0000000000000000  0.0000000000000000
0.07336363636  0.0000000000000000  0.0000000000000000  0.0000000000000000
0.07537373737  0.0000000000000000  0.0000000000000000  0.0000000000000000
0.07738383838  0.0000000000000000  0.0000000000000000  0.0000000000000000
0.07939393939  0.0000000000000000  0.0000000000000000  0.0000000000000000
0.08140404040  0.0000000000000000  0.0000000000000000  0.0000000000000000
0.08341414141  0.0000000000000000  0.0000000000000000  0.0000000000000000
0.08542424242  0.0000000000000000  0.0000000000000000  0.0000000000000000
0.08743434343  0.0000000000000000  0.0000000000000000  0.0000000000000000
0.08944444444  0.0000000000000000  0.0000000000000000  0.0000000000000000
0.09145454545  0.0000000000000000  0.0000000000000000  0.0000000000000000
0.09346464646  0.0000000000000000  0.0000000000000000  0.0000000000000000
0.09547474747  0.0000000000000000  0.0000000000000000  0.0000000000000000
0.09748484848  0.0000000000000000  0.0000000000000000  0.0000000000000000
0.09949494949  0.0000000000000000  0.0000000000000000  0.0000000000000000
0.10150505051  0.0000000000000000  0.0000000000000000  0.0000000000000000
0.10351515152  0.0000000000000000  0.0000000000000000  0.0000000000000000
0.10552525253  0.0000000000000000  0.0000000000000000  0.0000000000000000
0.10753535354  0.0000000000000000  0.0000000000000000  0.0000000000000000
0.10954545455  0.0000000000000000  0.0000000000000000  0.0000000000000000
0.11155555556  0.0000000000000000  0.0000000000000000  0.0000000000000000
0.11356565657  0.0000000000000000  0.0000000000000000  0.0000000000000000
0.11557575758  0.0000000000000000  0.0000000000000000  0.0000000000000000
0.11758585859  0.0000000000000000  0.0000000000000000  0.0000000000000000
0.11959595960  0.0000000000000000  0.0000000000000000  0.0000000000000000
0.12160606061  0.0000000000000000  0.0000000000000000  0.0000000000000000
0.12361616162  0.0000000000000000  0.0000000000000000  0.0000000000000000
0.12562626263  0.0000000000000000  0.0000000000000000  0.0000000000000000
0.12763636364  0.0000000000000000  0.0000000000000000  0.0000000000000000
0.12964646465  0.0000000000000000  0.0000000000000000  0.0000000000000000
0.13165656566  0.0000000000000000  0.0000000000000000  0.0000000000000000
0.13366666667  0.0000000000000000  0.0000000000000000  0.0000000000000000
0.13567676768  0.0000000000000000  0.0000000000000000  0.0000000000000000
0.13768686869  0.0000000000000000  0.0000000000000000  0.0000000000000000
0.13969696970  0.0000000000000000  0.0000000000000000  0.0000000000000000
0.14170707071  0.0000000000000000  0.0000000000000000  0.0000000000000000
0.14371717172  0.0000000000000000  0.0000000000000000  0.0000000000000000
0.14572727273  0.0000000000000000  0.0000000000000000  0.0000000000000000
0.14773737374  0.0000000000000000  0.0000000000000000  0.0000000000000000
0.14974747475  0.0000000000000000  0.0000000000000000  0.0000000000000000
0.15175757576  0.0000000000000000  0.0000000000000000  0.0000000000000000
0.15376767677  0.0000000000000000  0.0000000000000000  0.0000000000000000
0.15577777778  0.0000000000000000  0.0000000000000000  0.0000000000000000
0.15778787879  0.0000000000000000  0.0000000000000000  0.0000000000000000
0.15979797980  0.0000000000000000  0.0000000000000000  0.0000000000000000
0.16180808081  0.0000000000000000  0.0000000000000000  0.0000000000000000
0.16381818182  0.0000000000000000  0.0000000000000000  0.0000000000000000
0.16582828283  0.0000000000000000  0.0000000000000000  0.0000000000000000
0.16783838384  0.0000000000000000  0.0000000000000000  0.0000000000000000
0.16984848485  0.0000000000000000  0.0000000000000000  0.0000000000000000
0.17185858586  0.0000000000000000  0.0000000000000000  0.0000000000000000
0.17386868687  0.0000000000000000  0.0000000000000000  0.0000000000000000
0.17587878788  0.0000000000000000  0.0000000000000000  0.0000000000000000
0.17788888889  0.0000000000000000  0.0000000000000000  0.0000000000000000
0.17989898990  0.0000000000000000  0.0000000000000000  0.0000000000000000
0.18190909091  0.0000000000000000  0.0000000000000000  0.0000000000000000
0.18391919192  0.0000000000000000  0.0000000000000000  0.0000000000000000
0.18592929293  0.0000000000000000  0.0000000000000000  0.0000000000000000
0.18793939394  0.0000000000000000  0.0000000000000000  0.0000000000000000
0.18994949495  0.0000000000000000  0.0000000000000000  0.0000000000000000
0.19195959596  0.0000000000000000  0.0000000000000000  0.0000000000000000
0.19396969697  0.0000000000000000  0.0000000000000000  0.0000000000000000
0.19597979798  0.0000000000000000  0.0000000000000000  0.0000000000000000
0.19798989899  0.0000000000000000  0.0000000000000000  0.0000000000000000
0.20000000000  0.0000000000000000  0.0000000000000000  0.0000000000000000
