0.01930700000  0.0000000000000000  0.0000000000000000  0.0000000000000000
0.02113218182  0.0000000000000000  0.0000000000106749  0.0000000000000000
0.02295736364  0.0000000000000000  0.0000000000704616  0.0000000000000000
0.02478254545  0.0000000000000000  0.0000000001817592  0.0000000000000000
0.02660772727  0.0000000000000000  0.0000000004043422  0.0000000000017077
0.02843290909  0.0000000000000000  0.0000000007190675  0.0000000000042491
0.03025809091  0.0000000000000000  0.0000000007976957  0.0000000000189779
0.03208327273  0.0000000000000000  0.0000000008398746  0.0000000000248324
0.03390845455  0.0000000000000000  0.0000000052387952  0.0000000000317210
0.03573363636  0.0000000000000000  0.0000000056453653  0.0000000000394972
0.03755881818  0.0000000000000000  0.0000000058950942  0.0000000000472914
0.03938400000  0.0000000000000000  0.0000000059470381  0.0000000000571208
0.04120918182  0.0000000000000000  0.0000000060531665  0.0000000000655102
0.04303436364  0.0000000000000000  0.0000000061878545  0.0000000000735071
0.04485954545  0.0000000000000000  0.0000000062208459  0.0000000000819568
0.04668472727  0.0000000000031359  0.0000000061405071  0.0000000000908784
0.04850990909  0.0000000000044227  0.0000000059344310  0.0000000001014058
0.05033509091  0.0000000000058063  0.0000000056731150  0.0000000001112661
0.05216027273  0.0000000000071928  0.0000000056914419  0.0000000001205478
0.05398545455  0.0000000000076476  0.0000000056511405  0.0000000001301304
0.05581063636  0.0000000000081146  0.0000000055488808  0.0000000001400245
0.05763581818  0.0000000000096235  0.0000000053807363  0.0000000001502297
0.05946100000  0.0000000000112026  0.0000000051427503  0.0000000001607449
0.06128618182  0.0000000000117818  0.0000000050902279  0.0000000001710145
0.06311136364  0.0000000000123508  0.0000000051123493  0.0000000001822627
0.06493654545  0.0000000000129256  0.0000000051073547  0.0000000001927774
0.06676172727  0.0000000000135061  0.0000000050741061  0.0000000002034904
0.06858690909  0.0000000000140922  0.0000000050114417  0.0000000002143952
0.07041209091  0.0000000000156985  0.0000000049182595  0.0000000002254855
0.07223727273  0.0000000000163408  0.0000000047934923  0.0000000002367551
0.07406245455  0.0000000000169894  0.0000000046361145  0.0000000002481982
0.07588763636  0.0000000000186509  0.0000000044451375  0.0000000002598089
0.07771281818  0.0000000000193462  0.0000000042196079  0.0000000002715813
0.07953800000  0.0000000000200458  0.0000000039586072  0.0000000002835098
0.08136318182  0.0000000000207191  0.0000000038757117  0.0000000002951752
0.08318836364  0.0000000000213822  0.0000000038499056  0.0000000003067926
0.08501354545  0.0000000000220453  0.0000000038115290  0.0000000003185011
0.08683872727  0.0000000000227080  0.0000000037603324  0.0000000003302941
0.08866390909  0.0000000000233698  0.0000000036960834  0.0000000003421651
0.09048909091  0.0000000000250383  0.0000000036185648  0.0000000003541074
0.09231427273  0.0000000000257276  0.0000000035275744  0.0000000003661148
0.09413945455  0.0000000000264154  0.0000000034229258  0.0000000003781808
0.09596463636  0.0000000000271017  0.0000000033044483  0.0000000003902992
0.09778981818  0.0000000000277862  0.0000000031719867  0.0000000004024639
0.09961500000  0.0000000000284688  0.0000000030254008  0.0000000004146688
0.10144018182  0.0000000000291326  0.0000000030001563  0.0000000004266787
0.10326536364  0.0000000000297879  0.0000000030058191  0.0000000004386355
0.10509054545  0.0000000000304393  0.0000000030072064  0.0000000004505985
0.10691572727  0.0000000000310862  0.0000000030042778  0.0000000004625629
0.10874090909  0.0000000000317282  0.0000000029969976  0.0000000004745235
0.11056609091  0.0000000000323648  0.0000000029853351  0.0000000004864752
0.11239127273  0.0000000000329957  0.0000000029692631  0.0000000004984133
0.11421645455  0.0000000000336207  0.0000000029487588  0.0000000005103330
0.11604163636  0.0000000000342396  0.0000000029238032  0.0000000005222298
0.11786681818  0.0000000000348524  0.0000000028943821  0.0000000005340992
0.11969200000  0.0000000000354587  0.0000000028604849  0.0000000005459370
0.12151718182  0.0000000000360585  0.0000000028221048  0.0000000005577392
0.12334236364  0.0000000000366516  0.0000000027792392  0.0000000005695019
0.12516754545  0.0000000000372378  0.0000000027318885  0.0000000005812212
0.12699272727  0.0000000000378172  0.0000000026800566  0.0000000005928936
0.12881790909  0.0000000000383896  0.0000000026237508  0.0000000006045156
0.13064309091  0.0000000000389550  0.0000000025629813  0.0000000006160839
0.13246827273  0.0000000000395133  0.0000000024977617  0.0000000006275954
0.13429345455  0.0000000000400644  0.0000000024281080  0.0000000006390470
0.13611863636  0.0000000000416180  0.0000000023540393  0.0000000006514561
0.13794381818  0.0000000000421702  0.0000000022755770  0.0000000006628049
0.13976900000  0.0000000000427150  0.0000000021927451  0.0000000006740859
0.14159418182  0.0000000000432525  0.0000000021055699  0.0000000006852965
0.14341936364  0.0000000000437827  0.0000000020140798  0.0000000006964345
0.14524454545  0.0000000000443056  0.0000000019183054  0.0000000007074977
0.14706972727  0.0000000000448212  0.0000000018182789  0.0000000007184841
0.14889490909  0.0000000000453295  0.0000000017140349  0.0000000007293915
0.15072009091  0.0000000000458265  0.0000000016450090  0.0000000007401581
0.15254527273  0.0000000000463097  0.0000000016343617  0.0000000007507430
0.15437045455  0.0000000000467854  0.0000000016225469  0.0000000007612391
0.15619563636  0.0000000000472535  0.0000000016095742  0.0000000007716454
0.15802081818  0.0000000000477139  0.0000000015954527  0.0000000007819606
0.15984600000  0.0000000000481666  0.0000000015801922  0.0000000007921836
0.16167118182  0.0000000000486114  0.0000000015638027  0.0000000008023133
0.16349636364  0.0000000000490482  0.0000000015462946  0.0000000008123488
0.16532154545  0.0000000000494770  0.0000000015276786  0.0000000008222894
0.16714672727  0.0000000000498977  0.0000000015079658  0.0000000008321342
0.16897190909  0.0000000000503100  0.0000000014871678  0.0000000008418826
0.17079709091  0.0000000000507141  0.0000000014652961  0.0000000008515339
0.17262227273  0.0000000000511101  0.0000000014423624  0.0000000008610877
0.17444745455  0.0000000000514981  0.0000000014183787  0.0000000008705432
0.17627263636  0.0000000000518784  0.0000000013933569  0.0000000008799001
0.17809781818  0.0000000000522511  0.0000000013673096  0.0000000008891578
0.17992300000  0.0000000000526164  0.0000000013402493  0.0000000008983161
0.18174818182  0.0000000000529745  0.0000000013121887  0.0000000009073747
0.18357336364  0.0000000000533256  0.0000000012831406  0.0000000009163331
0.18539854545  0.0000000000536700  0.0000000012531181  0.0000000009251915
0.18722372727  0.0000000000540079  0.0000000012221342  0.0000000009339497
0.18904890909  0.0000000000543394  0.0000000011902023  0.0000000009426075
0.19087409091  0.0000000000546647  0.0000000011573358  0.0000000009511651
0.19269927273  0.0000000000549837  0.0000000011235482  0.0000000009596226
0.19452445455  0.0000000000552964  0.0000000010888532  0.0000000009679803
0.19634963636  0.0000000000556027  0.0000000010532643  0.0000000009762384
0.19817481818  0.0000000000559026  0.0000000010167953  0.0000000009843972
0.20000000000  0.0000000000561960  0.0000000009794612  0.0000000009924581
