0.00100000000  0.0000000000000000  0.0000000000000000  0.0000000000000000
0.00301010101  0.0000000000000000  0.0000000000000002  0.0000000000000000
0.00502020202  0.0000000000000000  -0.0000000000000003  0.0000000000000000
0.00703030303  0.0000000000000000  -0.0000000000000686  0.0000000000000000
0.00904040404  0.0000000000000000  -0.0000000000003080  0.0000000000000000
0.01105050505  0.0000000000000000  0.0000000000018407  0.0000000000000000
0.01306060606  0.0000000000000000  0.0000000000007667  0.0000000000000000
0.01507070707  0.0000000000000000  0.0000000000000000  0.0000000000000000
0.01708080808  0.0000000000000000  0.0000000000000000  0.0000000000000000
0.01909090909  0.0000000000000000  0.0000000000000000  0.0000000000000000
0.02110101010  0.0000000000000000  0.0000000000000000  0.0000000000000000
0.02311111111  0.0000000000000000  0.0000000000000000  0.0000000000000000
0.02512121212  0.0000000000000000  0.0000000000000000  0.0000000000000000
0.02713131313  0.0000000000000000  0.0000000000000000  0.0000000000000000
0.02914141414  0.0000000000000000  0.0000000000000000  0.0000000000000000
0.03115151515  0.0000000000000000  0.0000000000000000  0.0000000000000000
0.03316161616  0.0000000000000000  0.0000000000000000  0.0000000000000000
0.03517171717  0.0000000000000000  0.0000000000000000  0.0000000000000000
0.03718181818  0.0000000000000000  0.0000000000000000  0.0000000000000000
0.03919191919  0.0000000000000000  0.0000000000183341  0.0000000000000000
0.04120202020  0.0000000000000000  0.0000000000411269  0.0000000000000000
0.04321212121  0.0000000000000000  0.0000000000431836  0.0000000000000000
0.04522222222  0.0000000000000000  0.0000000000714020  -0.0000000000091810
0.04723232323  0.0000000000273162  0.0000000001974688  -0.0000000001427994
0.04924242424  0.0000000000564393  0.0000000008441023  -0.0000000008238847
0.05125252525  0.0000000000742277  0.0000000024393512  -0.0000000022483397
0.05326262626  0.0000000000855619  0.0000000049348122  -0.0000000042652002
0.05527272727  0.0000000001034889  0.0000000101289917  -0.0000000080439837
0.05728282828  0.0000000001283286  0.0000000214321259  -0.0000000150662531
0.05929292929  0.0000000001777602  0.0000000473240958  -0.0000000279859662
0.06130303030  0.0000000002509984  0.0000000771291056  -0.0000000393827153
0.06331313131  0.0000000003453441  0.0000001066333689  -0.0000000485025222
0.06532323232  0.0000000004887259  0.0000001489450164  -0.0000000596348000
0.06733333333  0.0000000007157214  0.0000002099799425  -0.0000000731505708
0.06934343434  0.0000000010697940  0.0000002983652268  -0.0000000894285210
0.07135353535  0.0000000016318760  0.0000004265665300  -0.0000001088196918
0.07336363636  0.0000000025195895  0.0000006124837904  -0.0000001315890281
0.07537373737  0.0000000039321948  0.0000008812863985  -0.0000001578056498
0.07738383838  0.0000000062036485  0.0000012675128485  -0.0000001871600057
0.07939393939  0.0000000098725838  0.0000018168478452  -0.0000002186960603
0.08140404040  0.0000000127073792  0.0000021950600897  -0.0000002278935337
0.08341414141  0.0000000149453997  0.0000024710299620  -0.0000002330337050
0.08542424242  0.0000000176031238  0.0000027783450783  -0.0000002372939228
0.08743434343  0.0000000207620636  0.0000031189811789  -0.0000002404293299
0.08944444444  0.0000000245200587  0.0000034944761974  -0.0000002421581898
0.09145454545  0.0000000289946116  0.0000039056606553  -0.0000002421589291
0.09346464646  0.0000000343269698  0.0000043522787108  -0.0000002400686954
0.09547474747  0.0000000406870856  0.0000048325344190  -0.0000002354832378
0.09748484848  0.0000000482796951  0.0000053424296562  -0.0000002279592453
0.09949494949  0.0000000573516095  0.0000058749407404  -0.0000002170191912
0.10150505051  0.0000000618996169  0.0000061063631362  -0.0000002025639983
0.10351515152  0.0000000647339764  0.0000062367282932  -0.0000001951158074
0.10552525253  0.0000000677202215  0.0000063663351509  -0.0000001874047761
0.10753535354  0.0000000708665745  0.0000064946257079  -0.0000001794178194
0.10954545455  0.0000000741817583  0.0000066209862261  -0.0000001711423668
0.11155555556  0.0000000776750187  0.0000067447388580  -0.0000001625664174
0.11356565657  0.0000000813561966  0.0000068651391199  -0.0000001536786879
0.11557575758  0.0000000852357063  0.0000069813643902  -0.0000001444686197
0.11758585859  0.0000000893246132  0.0000070925103446  -0.0000001349265641
0.11959595960  0.0000000936346659  0.0000071975825038  -0.0000001250439044
0.12160606061  0.0000000981783414  0.0000072954879832  -0.0000001148132163
0.12361616162  0.0000001029688932  0.0000073850264818  -0.0000001042284494
0.12562626263  0.0000001080204038  0.0000074648805105  -0.0000000932851341
0.12763636364  0.0000001133477952  0.0000075336002411  -0.0000000819805654
0.12964646465  0.0000001189666926  0.0000075895741559  -0.0000000703139372
0.13165656566  0.0000001248935997  0.0000076310310134  -0.0000000582869228
0.13366666667  0.0000001311460208  0.0000076560331432  -0.0000000459041058
0.13567676768  0.0000001377425252  0.0000076624621406  -0.0000000331733533
0.13768686869  0.0000001447028157  0.0000076480033314  -0.0000000201062257
0.13969696970  0.0000001520478028  0.0000076101289534  -0.0000000067184249
0.14170707071  0.0000001597996831  0.0000075460799198  0.0000000069697188
0.14371717172  0.0000001679820245  0.0000074528460258  0.0000000209327182
0.14572727273  0.0000001766198561  0.0000073271444755  0.0000000351393581
0.14773737374  0.0000001857397661  0.0000071653966023  0.0000000495520814
0.14974747475  0.0000001953700054  0.0000069637025714  0.0000000641263308
0.15175757576  0.0000001979848099  0.0000068695195809  0.0000000714886953
0.15376767677  0.0000001995905789  0.0000067925056794  0.0000000752582039
0.15577777778  0.0000002012286409  0.0000067131026012  0.0000000790113500
0.15778787879  0.0000002028989609  0.0000066312169372  0.0000000827476675
0.15979797980  0.0000002046014878  0.0000065467537662  0.0000000864666024
0.16180808081  0.0000002063361980  0.0000064596180117  0.0000000901675259
0.16381818182  0.0000002081030920  0.0000063697144229  0.0000000938497372
0.16582828283  0.0000002099021944  0.0000062769475025  0.0000000975124651
0.16783838384  0.0000002117335528  0.0000061812214116  0.0000001011548685
0.16984848485  0.0000002135972373  0.0000060824398614  0.0000001047760372
0.17185858586  0.0000002154933399  0.0000059805060310  0.0000001083749922
0.17386868687  0.0000002174219741  0.0000058753224605  0.0000001119506864
0.17587878788  0.0000002193832734  0.0000057667909556  0.0000001155020042
0.17788888889  0.0000002213773924  0.0000056548125136  0.0000001190277625
0.17989898990  0.0000002234045049  0.0000055392872124  0.0000001225267102
0.18190909091  0.0000002254648047  0.0000054201141397  0.0000001259975283
0.18391919192  0.0000002275585046  0.0000052971912901  0.0000001294388298
0.18592929293  0.0000002296858360  0.0000051704154794  0.0000001328491597
0.18793939394  0.0000002318470492  0.0000050396822567  0.0000001362269945
0.18994949495  0.0000002340424134  0.0000049048858266  0.0000001395707425
0.19195959596  0.0000002362722154  0.0000047659189338  0.0000001428787426
0.19396969697  0.0000002385367605  0.0000046226727934  0.0000001461492648
0.19597979798  0.0000002408363721  0.0000044750369943  0.0000001493805095
0.19798989899  0.0000002431713880  0.0000043228993109  0.0000001525706041
0.20000000000  0.0000002455421491  0.0000041661453020  0.0000001557175896
