0.00100000000  0.0000000000000000  0.0000000000000000  0.0000000000000000
0.00301010101  0.0000000000000000  0.0000000045728035  0.0000000000000000
0.00502020202  0.0000000000000000  0.0000000438113747  -0.0000000006156430
0.00703030303  0.0000000000000000  0.0000000635271286  -0.0000000006736659
0.00904040404  0.0000000000000000  0.0000000448565195  -0.0000000000837740
0.01105050505  0.0000000000031856  0.0000000466716515  0.0000000000666045
0.01306060606  0.0000000000101530  0.0000000516640166  0.0000000001070382
0.01507070707  0.0000000001179993  0.0000002909184638  0.0000000004932563
0.01708080808  0.0000000003871692  0.0000007480427338  0.0000000024777129
0.01909090909  0.0000000014945548  0.0000020715008397  0.0000000112777445
0.02110101010  0.0000000033928832  0.0000035890239307  0.0000000286203326
0.02311111111  0.0000000046781042  0.0000042469237341  0.0000000407675137
0.02512121212  0.0000000065693834  0.0000049660548069  0.0000000590405930
0.02713131313  0.0000000094057616  0.0000056613471155  0.0000000868213613
0.02914141414  0.0000000137711566  0.0000061355993197  0.0000001299315285
0.03115151515  0.0000000167540142  0.0000057877156992  0.0000001607767072
0.03316161616  0.0000000175871063  0.0000050618710543  0.0000001704579165
0.03517171717  0.0000000185804513  0.0000284891959608  0.0000001682903466
0.03718181818  0.0000000197512884  0.0000265570468218  0.0000001825554031
0.03919191919  0.0000000211236960  0.0000243634049264  0.0000001989964192
0.04120202020  0.0000000216015498  0.0000220682126942  0.0000002063903945
0.04321212121  0.0000000214223424  0.0000199224011863  0.0000002073293222
0.04522222222  0.0000000213040754  0.0000178367469953  0.0000002087645752
0.04723232323  0.0000000212445379  0.0000157907823449  0.0000002109384504
0.04924242424  0.0000000212421976  0.0000137661811607  0.0000002133320722
0.05125252525  0.0000000209309696  0.0000122213155497  0.0000002122166384
0.05326262626  0.0000000204502004  0.0000110131893476  0.0000002090313723
0.05527272727  0.0000000200155071  0.0000098596529749  0.0000002062023709
0.05728282828  0.0000000196219022  0.0000087533797179  0.0000002036976194
0.05929292929  0.0000000192651181  0.0000076878348410  0.0000002014904805
0.06130303030  0.0000000187752285  0.0000069472059409  0.0000001979105609
0.06331313131  0.0000000182317732  0.0000063948398684  0.0000001933935677
0.06532323232  0.0000000177234626  0.0000058709762118  0.0000001891795466
0.06733333333  0.0000000172474066  0.0000053728799802  0.0000001853877791
0.06934343434  0.0000000168010702  0.0000048981779248  0.0000001816804988
0.07135353535  0.0000000163822234  0.0000044447919843  0.0000001783259548
0.07336363636  0.0000000159888975  0.0000040105541870  0.0000001752669748
0.07537373737  0.0000000156192267  0.0000035940844482  0.0000001722437239
0.07738383838  0.0000000152713260  0.0000031936878463  0.0000001692920886
0.07939393939  0.0000000149434822  0.0000028081120744  0.0000001665153196
0.08140404040  0.0000000145734159  0.0000025669785352  0.0000001632207485
0.08341414141  0.0000000141968980  0.0000023911454266  0.0000001598055964
0.08542424242  0.0000000138391765  0.0000022228840879  0.0000001565560779
0.08743434343  0.0000000134988362  0.0000020616613638  0.0000001534607743
0.08944444444  0.0000000131745897  0.0000019069922691  0.0000001505093135
0.09145454545  0.0000000128652940  0.0000017584340675  0.0000001476922090
0.09346464646  0.0000000125699689  0.0000016155812470  0.0000001450007122
0.09547474747  0.0000000122877261  0.0000014780626891  0.0000001424268118
0.09748484848  0.0000000120177520  0.0000013455382188  0.0000001399631677
0.09949494949  0.0000000117592993  0.0000012176954320  0.0000001376030423
0.10150505051  0.0000000114918953  0.0000011455204529  0.0000001351075411
0.10351515152  0.0000000112289447  0.0000010928810503  0.0000001326335591
0.10552525253  0.0000000109765943  0.0000010421847165  0.0000001302547900
0.10753535354  0.0000000107342440  0.0000009933212534  0.0000001279658224
0.10954545455  0.0000000105013386  0.0000009461886566  0.0000001257616471
0.11155555556  0.0000000102773624  0.0000009006923752  0.0000001236376212
0.11356565657  0.0000000100618359  0.0000008567446465  0.0000001215894364
0.11557575758  0.0000000098543130  0.0000008142638878  0.0000001196130875
0.11758585859  0.0000000096543787  0.0000007731741612  0.0000001177048464
0.11959595960  0.0000000094616460  0.0000007334046937  0.0000001158612387
0.12160606061  0.0000000092757540  0.0000006948894459  0.0000001140790223
0.12361616162  0.0000000090963652  0.0000006575667222  0.0000001123551683
0.12562626263  0.0000000089231643  0.0000006213788198  0.0000001106868437
0.12763636364  0.0000000087558557  0.0000005862717111  0.0000001090713963
0.12964646465  0.0000000085941625  0.0000005521947553  0.0000001075063398
0.13165656566  0.0000000084378249  0.0000005191004372  0.0000001059893415
0.13366666667  0.0000000082865987  0.0000004869441306  0.0000001045182105
0.13567676768  0.0000000081402504  0.0000004556839074  0.0000001030908933
0.13768686869  0.0000000079985543  0.0000004252803438  0.0000001017054659
0.13969696970  0.0000000078612974  0.0000003956962977  0.0000001003601174
0.14170707071  0.0000000077282789  0.0000003668967411  0.0000000990531406
0.14371717172  0.0000000075993088  0.0000003388486111  0.0000000977829250
0.14572727273  0.0000000074742082  0.0000003115206730  0.0000000965479500
0.14773737374  0.0000000073528076  0.0000002848833940  0.0000000953467785
0.14974747475  0.0000000072349467  0.0000002589088281  0.0000000941780517
0.15175757576  0.0000000071160004  0.0000002478522963  0.0000000929820104
0.15376767677  0.0000000069997974  0.0000002391017425  0.0000000918088982
0.15577777778  0.0000000068868501  0.0000002305718281  0.0000000906660347
0.15778787879  0.0000000067770231  0.0000002222541363  0.0000000895522681
0.15979797980  0.0000000066701874  0.0000002141406746  0.0000000884665055
0.16180808081  0.0000000065662209  0.0000002062238473  0.0000000874077086
0.16381818182  0.0000000064650077  0.0000001984964299  0.0000000863748899
0.16582828283  0.0000000063664428  0.0000001909515296  0.0000000853671022
0.16783838384  0.0000000062704305  0.0000001835825732  0.0000000843834383
0.16984848485  0.0000000061768792  0.0000001763833012  0.0000000834230343
0.17185858586  0.0000000060857020  0.0000001693477493  0.0000000824850670
0.17386868687  0.0000000059968156  0.0000001624702313  0.0000000815687518
0.17587878788  0.0000000059101412  0.0000001557453234  0.0000000806733399
0.17788888889  0.0000000058256028  0.0000001491678486  0.0000000797981170
0.17989898990  0.0000000057431285  0.0000001427328634  0.0000000789424007
0.18190909091  0.0000000056626492  0.0000001364356444  0.0000000781055390
0.18391919192  0.0000000055840990  0.0000001302716766  0.0000000772869089
0.18592929293  0.0000000055074148  0.0000001242366415  0.0000000764859142
0.18793939394  0.0000000054325362  0.0000001183264070  0.0000000757019847
0.18994949495  0.0000000053594055  0.0000001125370172  0.0000000749345743
0.19195959596  0.0000000052879673  0.0000001068646831  0.0000000741831601
0.19396969697  0.0000000052181686  0.0000001013057742  0.0000000734472409
0.19597979798  0.0000000051499585  0.0000000958568099  0.0000000727263363
0.19798989899  0.0000000050832882  0.0000000905144519  0.0000000720199856
0.20000000000  0.0000000050181108  0.0000000852754976  0.0000000713277469
