0.00100000000  0.0000000000000000  0.0000000000000000  0.0000000000000000
0.00301010101  0.0000000000000000  0.0000000000000000  0.0000000000000000
0.00502020202  0.0000000000000000  0.0000000005334936  0.0000000000000000
0.00703030303  0.0000000000000000  0.0000000194934695  -0.0000000048241626
0.00904040404  0.0000000000000000  0.0000000304179593  -0.0000000035664973
0.01105050505  0.0000000000046263  0.0000000487342362  -0.0000000031093201
0.01306060606  0.0000000000125659  0.0000000599785218  -0.0000000026919026
0.01507070707  0.0000000000307737  0.0000000748322697  -0.0000000018427044
0.01708080808  0.0000000000419213  0.0000000804449398  -0.0000000009569290
0.01909090909  0.0000000000632332  0.0000000860997906  -0.0000000003696768
0.02110101010  0.0000000000875565  0.0000000913951017  0.0000000003886354
0.02311111111  0.0000000001033753  0.0000000928593694  0.0000000007591251
0.02512121212  0.0000000001269579  0.0000000951780902  0.0000000011997633
0.02713131313  0.0000000001661550  0.0000000994044730  0.0000000018754772
0.02914141414  0.0000000002469812  0.0000001096154712  0.0000000033455726
0.03115151515  0.0000000003816990  0.0000001312280345  0.0000000061918192
0.03316161616  0.0000000005393740  0.0000001546324926  0.0000000098544571
0.03517171717  0.0000000009569284  0.0000014411067207  0.0000000136895642
0.03718181818  0.0000000022364641  0.0000029626862447  0.0000000377182104
0.03919191919  0.0000000065399801  0.0000074498115581  0.0000001152716093
0.04120202020  0.0000000135917030  0.0000137311065637  0.0000002389758926
0.04321212121  0.0000000204903728  0.0000188606116178  0.0000003603454517
0.04522222222  0.0000000311496110  0.0000259208374077  0.0000005467022256
0.04723232323  0.0000000479191666  0.0000355105497457  0.0000008343278073
0.04924242424  0.0000000745733945  0.0000482766589715  0.0000012804975672
0.05125252525  0.0000000992454344  0.0000579368081015  0.0000016910127523
0.05326262626  0.0000001188126720  0.0000639782483571  0.0000020150720622
0.05527272727  0.0000001426730294  0.0000702755961766  0.0000024056033064
0.05728282828  0.0000001717868286  0.0000766596482505  0.0000028772228456
0.05929292929  0.0000002075989446  0.0000828649083018  0.0000034480825362
0.06130303030  0.0000002309167928  0.0000854722241018  0.0000038253436773
0.06331313131  0.0000002445278623  0.0000857905990713  0.0000040487581370
0.06532323232  0.0000002592686870  0.0000858989364466  0.0000042897072844
0.06733333333  0.0000002752374639  0.0000857497442476  0.0000045493411245
0.06934343434  0.0000002925448099  0.0000852891992355  0.0000048290688082
0.07135353535  0.0000003113098958  0.0000844562171943  0.0000051304254914
0.07336363636  0.0000003316690480  0.0000831816394846  0.0000054550984666
0.07537373737  0.0000003537737775  0.0000813879848188  0.0000058050080638
0.07738383838  0.0000003777937336  0.0000789870843503  0.0000061822944867
0.07939393939  0.0000004039191922  0.0000758779219882  0.0000065893228633
0.08140404040  0.0000004150913279  0.0000730901494512  0.0000067740989968
0.08341414141  0.0000004187112666  0.0000705011646825  0.0000068445758471
0.08542424242  0.0000004226514346  0.0000678628213962  0.0000069191996573
0.08743434343  0.0000004268271386  0.0000651677989050  0.0000069979613646
0.08944444444  0.0000004312808350  0.0000624086913829  0.0000070808561303
0.09145454545  0.0000004360130337  0.0000595780607109  0.0000071678899256
0.09346464646  0.0000004410656509  0.0000566684030668  0.0000072590799773
0.09547474747  0.0000004463590025  0.0000536721149770  0.0000073544543515
0.09748484848  0.0000004519371572  0.0000505814550918  0.0000074540515307
0.09949494949  0.0000004578804651  0.0000473885077135  0.0000075579201872
0.10150505051  0.0000004562869853  0.0000454545211056  0.0000075506776052
0.10351515152  0.0000004520052662  0.0000439639841327  0.0000075028793793
0.10552525253  0.0000004479145610  0.0000424995206338  0.0000074576691042
0.10753535354  0.0000004440051147  0.0000410592031393  0.0000074149086163
0.10954545455  0.0000004402678709  0.0000396412351116  0.0000073744694228
0.11155555556  0.0000004367380654  0.0000382439396401  0.0000073362318488
0.11356565657  0.0000004333763300  0.0000368657493518  0.0000073000843004
0.11557575758  0.0000004301036646  0.0000355051973141  0.0000072659225898
0.11758585859  0.0000004269729276  0.0000341609087129  0.0000072336492667
0.11959595960  0.0000004241222700  0.0000328315934969  0.0000072031730893
0.12160606061  0.0000004212507691  0.0000315160441282  0.0000071744094798
0.12361616162  0.0000004185034797  0.0000302131528583  0.0000071472850271
0.12562626263  0.0000004158752104  0.0000289218848753  0.0000071217337062
0.12763636364  0.0000004133610912  0.0000276412595895  0.0000070976939117
0.12964646465  0.0000004109565491  0.0000263703461261  0.0000070751081274
0.13165656566  0.0000004086572867  0.0000251082592436  0.0000070539226339
0.13366666667  0.0000004064592618  0.0000238541555967  0.0000070340872427
0.13567676768  0.0000004043586694  0.0000226072301598  0.0000070157137347
0.13768686869  0.0000004023519253  0.0000213667136427  0.0000069984304181
0.13969696970  0.0000004004356501  0.0000201318686901  0.0000069823655669
0.14170707071  0.0000003986066561  0.0000189019877973  0.0000069674809133
0.14371717172  0.0000003968619334  0.0000176763902980  0.0000069537405700
0.14572727273  0.0000003951986384  0.0000164544150186  0.0000069411089528
0.14773737374  0.0000003936140822  0.0000152354211271  0.0000069295510402
0.14974747475  0.0000003921057253  0.0000140189465265  0.0000069190338436
0.15175757576  0.0000003882592324  0.0000135112915338  0.0000068716047955
0.15376767677  0.0000003841208349  0.0000131099149947  0.0000068191536111
0.15577777778  0.0000003800837126  0.0000127150020129  0.0000067679774993
0.15778787879  0.0000003761442003  0.0000123263193144  0.0000067180309869
0.15979797980  0.0000003722988103  0.0000119436448362  0.0000066692709240
0.16180808081  0.0000003685442197  0.0000115667670257  0.0000066216563440
0.16381818182  0.0000003648772614  0.0000111954841897  0.0000065751483326
0.16582828283  0.0000003612949152  0.0000108296038897  0.0000065297099070
0.16783838384  0.0000003577942984  0.0000104689423792  0.0000064853059029
0.16984848485  0.0000003543726588  0.0000101133240629  0.0000064419028611
0.17185858586  0.0000003510273686  0.0000097625788363  0.0000063994676712
0.17386868687  0.0000003477559215  0.0000094165398158  0.0000063580821223
0.17587878788  0.0000003445559234  0.0000090750474281  0.0000063174762162
0.17788888889  0.0000003414250857  0.0000087379493499  0.0000062777398807
0.17989898990  0.0000003383612205  0.0000084051002493  0.0000062388430583
0.18190909091  0.0000003353622337  0.0000080763613777  0.0000062007569891
0.18391919192  0.0000003324261210  0.0000077516002206  0.0000061634541420
0.18592929293  0.0000003295509630  0.0000074306901708  0.0000061269081494
0.18793939394  0.0000003267349207  0.0000071135102227  0.0000060910937467
0.18994949495  0.0000003239762311  0.0000067999446833  0.0000060559867154
0.19195959596  0.0000003212732034  0.0000064898829033  0.0000060215638297
0.19396969697  0.0000003186242156  0.0000061833278592  0.0000059878028059
0.19597979798  0.0000003160277109  0.0000058799529345  0.0000059546822559
0.19798989899  0.0000003134821942  0.0000055797778638  0.0000059223100842
0.20000000000  0.0000003109862296  0.0000052827098127  0.0000058904010384
