0.00115140000  0.0000000000000000  0.0000000000000000  0.0000000000000000
0.00315997172  0.0000000000000000  0.0000000000000000  0.0000000000000000
0.00516854343  0.0000000000000000  0.0000000000434466  0.0000000000000000
0.00717711515  0.0000000000000000  0.0000000001545138  0.0000000000000000
0.00918568687  0.0000000000000000  0.0000000002962487  0.0000000000000000
0.01119425859  0.0000000000000000  0.0000000004857403  0.0000000000000000
0.01320283030  0.0000000000000000  0.0000000006868647  0.0000000000000000
0.01521140202  0.0000000000000000  0.0000000010230330  0.0000000000027583
0.01721997374  0.0000000000000000  0.0000000017357639  0.0000000000090089
0.01922854545  0.0000000000076217  0.0000000124704153  0.0000000001984133
0.02123711717  0.0000000000645778  0.0000000688544217  0.0000000013246680
0.02324568889  0.0000000001741496  0.0000001571181125  0.0000000033528167
0.02525426061  0.0000000004719685  0.0000003521571270  0.0000000082676507
0.02726283232  0.0000000012951091  0.0000007654805477  0.0000000211563424
0.02927140404  0.0000000036281135  0.0000015767889748  0.0000000553271111
0.03127997576  0.0000000063484754  0.0000021656528757  0.0000000934206503
0.03328854747  0.0000000081924433  0.0000139392719025  0.0000001134545313
0.03529711919  0.0000000105824754  0.0000160525969376  0.0000001385308802
0.03730569091  0.0000000136988750  0.0000182120693976  0.0000001780382866
0.03931426263  0.0000000177937846  0.0000202707035834  0.0000002291286823
0.04132283434  0.0000000206601889  0.0000209535074769  0.0000002653373055
0.04333140606  0.0000000224804843  0.0000207479823100  0.0000002893053636
0.04533997778  0.0000000244652817  0.0000203177915771  0.0000003152908835
0.04734854949  0.0000000266377254  0.0000196263282829  0.0000003435309261
0.04935712121  0.0000000290248959  0.0000186294513086  0.0000003742949082
0.05136569293  0.0000000304495805  0.0000176868115947  0.0000003934906283
0.05337426465  0.0000000313222569  0.0000167800893572  0.0000004058811112
0.05538283636  0.0000000322254589  0.0000157893885764  0.0000004185996559
0.05739140808  0.0000000331636959  0.0000147108001560  0.0000004316825293
0.05939997980  0.0000000341408271  0.0000135397567913  0.0000004451660883
0.06140855152  0.0000000344790025  0.0000127243876896  0.0000004509437835
0.06341712323  0.0000000345104460  0.0000120701663877  0.0000004528848652
0.06542569495  0.0000000345442019  0.0000114074139031  0.0000004549983013
0.06743426667  0.0000000345807914  0.0000107362797967  0.0000004569687736
0.06944283838  0.0000000346214316  0.0000100567145184  0.0000004589736808
0.07145141010  0.0000000346685470  0.0000093685727123  0.0000004610194313
0.07345998182  0.0000000347211727  0.0000086716365261  0.0000004631113222
0.07546855354  0.0000000347813458  0.0000079656278125  0.0000004652537504
0.07747712525  0.0000000348497744  0.0000072502385099  0.0000004674515705
0.07948569697  0.0000000349265362  0.0000065251420572  0.0000004698536398
0.08149426869  0.0000000346974513  0.0000060957115129  0.0000004683950341
0.08350284040  0.0000000343583745  0.0000057713136260  0.0000004654982130
0.08551141212  0.0000000340269143  0.0000054504416807  0.0000004626704872
0.08751998384  0.0000000337025975  0.0000051330175718  0.0000004599985934
0.08952855556  0.0000000333853108  0.0000048189358802  0.0000004573452218
0.09153712727  0.0000000330752789  0.0000045080713190  0.0000004547919856
0.09354569899  0.0000000327727197  0.0000042004486765  0.0000004522668317
0.09555427071  0.0000000324778333  0.0000038956217001  0.0000004498681617
0.09756284242  0.0000000321908059  0.0000035936759211  0.0000004475636787
0.09957141414  0.0000000319118124  0.0000032945378421  0.0000004451574510
0.10157998586  0.0000000315250852  0.0000031399898332  0.0000004413917938
0.10358855758  0.0000000311141833  0.0000030257623882  0.0000004372850951
0.10559712929  0.0000000307134349  0.0000029135801980  0.0000004332619260
0.10760570101  0.0000000303224199  0.0000028032858019  0.0000004293209149
0.10961427273  0.0000000299407256  0.0000026948229720  0.0000004254606688
0.11162284444  0.0000000295679475  0.0000025882981700  0.0000004216797839
0.11363141616  0.0000000292036895  0.0000024835482340  0.0000004179768558
0.11563998788  0.0000000288475641  0.0000023804733035  0.0000004143504859
0.11764855960  0.0000000284992341  0.0000022790379895  0.0000004107991448
0.11965713131  0.0000000281584715  0.0000021792485543  0.0000004073209665
0.12166570303  0.0000000278250694  0.0000020810585645  0.0000004039140667
0.12367427475  0.0000000274988255  0.0000019844228922  0.0000004005766020
0.12568284646  0.0000000271795429  0.0000018892977078  0.0000003973067712
0.12769141818  0.0000000268670292  0.0000017956404674  0.0000003941028173
0.12969998990  0.0000000265610975  0.0000017034098942  0.0000003909630279
0.13170856162  0.0000000262615657  0.0000016125659567  0.0000003878857356
0.13371713333  0.0000000259682568  0.0000015230698408  0.0000003848693181
0.13572570505  0.0000000256810112  0.0000014348837422  0.0000003819121558
0.13773427677  0.0000000253996958  0.0000013479707457  0.0000003790125973
0.13974284848  0.0000000251241836  0.0000012622951565  0.0000003761690300
0.14175142020  0.0000000248543520  0.0000011778225039  0.0000003733798886
0.14375999192  0.0000000245900818  0.0000010945195059  0.0000003706436533
0.14576856364  0.0000000243312576  0.0000010123540320  0.0000003679588495
0.14777713535  0.0000000240777677  0.0000009312950683  0.0000003653240464
0.14978570707  0.0000000238295040  0.0000008513126814  0.0000003627378557
0.15179427879  0.0000000235555453  0.0000008201330602  0.0000003597870293
0.15380285051  0.0000000232830624  0.0000007950747607  0.0000003568320217
0.15581142222  0.0000000230161560  0.0000007704087727  0.0000003539277502
0.15781999394  0.0000000227546740  0.0000007461255856  0.0000003510729571
0.15982856566  0.0000000224984613  0.0000007222160402  0.0000003482664489
0.16183713737  0.0000000222473678  0.0000006986712513  0.0000003455070692
0.16384570909  0.0000000220012475  0.0000006754825989  0.0000003427936976
0.16585428081  0.0000000217599593  0.0000006526417183  0.0000003401252486
0.16786285253  0.0000000215233659  0.0000006301404916  0.0000003375006703
0.16987142424  0.0000000212913340  0.0000006079710394  0.0000003349189438
0.17187999596  0.0000000210637346  0.0000005861257121  0.0000003323790812
0.17388856768  0.0000000208404422  0.0000005645970818  0.0000003298801256
0.17589713939  0.0000000206213351  0.0000005433779346  0.0000003274211494
0.17790571111  0.0000000204062950  0.0000005224612633  0.0000003250012536
0.17991428283  0.0000000201952085  0.0000005018402527  0.0000003226195630
0.18192285455  0.0000000199879677  0.0000004815082642  0.0000003202752193
0.18393142626  0.0000000197844687  0.0000004614588457  0.0000003179673890
0.18593999798  0.0000000195846102  0.0000004416857277  0.0000003156952638
0.18794856970  0.0000000193882940  0.0000004221828170  0.0000003134580596
0.18995714141  0.0000000191954248  0.0000004029441903  0.0000003112550161
0.19196571313  0.0000000190059097  0.0000003839640881  0.0000003090853957
0.19397428485  0.0000000188196586  0.0000003652369095  0.0000003069484827
0.19598285657  0.0000000186365838  0.0000003467572057  0.0000003048435828
0.19799142828  0.0000000184566001  0.0000003285196754  0.0000003027700221
0.20000000000  0.0000000182796244  0.0000003105191592  0.0000003007271465
