0.00100000000  0.0000000000000000  0.0000000000000000  0.0000000000000000
0.00301010101  0.0000000000000000  0.0000000394368530  0.0000000000000000
0.00502020202  0.0000000000000000  0.0000003031964302  0.0000000000000000
0.00703030303  0.0000000000000000  0.0000001550166683  0.0000000000000000
0.00904040404  0.0000000000000000  0.0000000609795822  0.0000000000000000
0.01105050505  0.0000000000000000  0.0000000324135371  0.0000000000000000
0.01306060606  0.0000000000000000  0.0000000192020667  0.0000000000000000
0.01507070707  0.0000000000000000  0.0000000095618399  0.0000000000000000
0.01708080808  0.0000000000000000  0.0000000065379236  0.0000000000000000
0.01909090909  0.0000000000000000  0.0000000041814262  0.0000000000000000
0.02110101010  0.0000000000000000  0.0000000028603422  0.0000000000000000
0.02311111111  0.0000000000000000  0.0000000022146485  0.0000000000000000
0.02512121212  0.0000000000000000  0.0000000016786037  0.0000000000000000
0.02713131313  0.0000000000000000  0.0000000012257873  0.0000000000000000
0.02914141414  0.0000000000000000  0.0000000008376321  0.0000000000000000
0.03115151515  0.0000000000000000  0.0000000006018480  0.0000000000000000
0.03316161616  0.0000000000000000  0.0000000004664191  0.0000000000000000
0.03517171717  0.0000000000000000  0.0000000023253945  0.0000000000000000
0.03718181818  0.0000000000000000  0.0000000019127383  0.0000000000000000
0.03919191919  0.0000000000000000  0.0000000015441531  0.0000000000000000
0.04120202020  0.0000000000000000  0.0000000012904463  0.0000000000000000
0.04321212121  0.0000000000000000  0.0000000011109440  0.0000000000000000
0.04522222222  0.0000000000000000  0.0000000009480597  0.0000000000000000
0.04723232323  0.0000000000000000  0.0000000007995768  0.0000000000000000
0.04924242424  0.0000000000000000  0.0000000006636565  0.0000000000000000
0.05125252525  0.0000000000000000  0.0000000005702853  0.0000000000000000
0.05326262626  0.0000000000000000  0.0000000005025325  0.0000000000000000
0.05527272727  0.0000000000000000  0.0000000004398792  0.0000000000000000
0.05728282828  0.0000000000000000  0.0000000003817690  0.0000000000000000
0.05929292929  0.0000000000000000  0.0000000003277236  0.0000000000000000
0.06130303030  0.0000000000000000  0.0000000002919462  0.0000000000000000
0.06331313131  0.0000000000000000  0.0000000002661824  0.0000000000000000
0.06532323232  0.0000000000000000  0.0000000002420524  0.0000000000000000
0.06733333333  0.0000000000000000  0.0000000002194054  0.0000000000000000
0.06934343434  0.0000000000000000  0.0000000001981087  0.0000000000000000
0.07135353535  0.0000000000000000  0.0000000001780452  0.0000000000000000
0.07336363636  0.0000000000000000  0.0000000001591096  0.0000000000000000
0.07537373737  0.0000000000000000  0.0000000001412099  0.0000000000000000
0.07738383838  0.0000000000000000  0.0000000001242634  0.0000000000000000
0.07939393939  0.0000000000000000  0.0000000001082035  0.0000000000000000
0.08140404040  0.0000000000000000  0.0000000000983531  0.0000000000000000
0.08341414141  0.0000000000000000  0.0000000000912654  0.0000000000000000
0.08542424242  0.0000000000000000  0.0000000000835683  0.0000000000000000
0.08743434343  0.0000000000000000  0.0000000000772118  0.0000000000000000
0.08944444444  0.0000000000000000  0.0000000000711473  0.0000000000000000
0.09145454545  0.0000000000000000  0.0000000000653555  0.0000000000000000
0.09346464646  0.0000000000000000  0.0000000000598180  0.0000000000000000
0.09547474747  0.0000000000000000  0.0000000000545196  0.0000000000000000
0.09748484848  0.0000000000000000  0.0000000000484834  0.0000000000000000
0.09949494949  0.0000000000000000  0.0000000000437104  0.0000000000000000
0.10150505051  0.0000000000000000  0.0000000000410341  0.0000000000000000
0.10351515152  0.0000000000000000  0.0000000000390893  0.0000000000000000
0.10552525253  0.0000000000000000  0.0000000000372199  0.0000000000000000
0.10753535354  0.0000000000000000  0.0000000000354219  0.0000000000000000
0.10954545455  0.0000000000000000  0.0000000000336915  0.0000000000000000
0.11155555556  0.0000000000000000  0.0000000000320241  0.0000000000000000
0.11356565657  0.0000000000000000  0.0000000000304168  0.0000000000000000
0.11557575758  0.0000000000000000  0.0000000000278843  0.0000000000000000
0.11758585859  0.0000000000000000  0.0000000000264388  0.0000000000000000
0.11959595960  0.0000000000000000  0.0000000000250428  0.0000000000000000
0.12160606061  0.0000000000000000  0.0000000000227134  0.0000000000000000
0.12361616162  0.0000000000000000  0.0000000000214631  0.0000000000000000
0.12562626263  0.0000000000000000  0.0000000000202529  0.0000000000000000
0.12763636364  0.0000000000000000  0.0000000000190814  0.0000000000000000
0.12964646465  0.0000000000000000  0.0000000000179468  0.0000000000000000
0.13165656566  0.0000000000000000  0.0000000000158549  0.0000000000000000
0.13366666667  0.0000000000000000  0.0000000000139053  0.0000000000000000
0.13567676768  0.0000000000000000  0.0000000000129944  0.0000000000000000
0.13768686869  0.0000000000000000  0.0000000000121105  0.0000000000000000
0.13969696970  0.0000000000000000  0.0000000000092883  0.0000000000000000
0.14170707071  0.0000000000000000  0.0000000000086004  0.0000000000000000
0.14371717172  0.0000000000000000  0.0000000000069412  0.0000000000000000
0.14572727273  0.0000000000000000  0.0000000000054294  0.0000000000000000
0.14773737374  0.0000000000000000  0.0000000000030660  0.0000000000000000
0.14974747475  0.0000000000000000  0.0000000000000000  0.0000000000000000
0.15175757576  0.0000000000000000  0.0000000000000000  0.0000000000000000
0.15376767677  0.0000000000000000  0.0000000000000000  0.0000000000000000
0.15577777778  0.0000000000000000  0.0000000000000000  0.0000000000000000
0.15778787879  0.0000000000000000  0.0000000000000000  0.0000000000000000
0.15979797980  0.0000000000000000  0.0000000000000000  0.0000000000000000
0.16180808081  0.0000000000000000  0.0000000000000000  0.0000000000000000
0.16381818182  0.0000000000000000  0.0000000000000000  0.0000000000000000
0.16582828283  0.0000000000000000  0.0000000000000000  0.0000000000000000
0.16783838384  0.0000000000000000  0.0000000000000000  0.0000000000000000
0.16984848485  0.0000000000000000  0.0000000000000000  0.0000000000000000
0.17185858586  0.0000000000000000  0.0000000000000000  0.0000000000000000
0.17386868687  0.0000000000000000  0.0000000000000000  0.0000000000000000
0.17587878788  0.0000000000000000  0.0000000000000000  0.0000000000000000
0.17788888889  0.0000000000000000  0.0000000000000000  0.0000000000000000
0.17989898990  0.0000000000000000  0.0000000000000000  0.0000000000000000
0.18190909091  0.0000000000000000  0.0000000000000000  0.0000000000000000
0.18391919192  0.0000000000000000  0.0000000000000000  0.0000000000000000
0.18592929293  0.0000000000000000  0.0000000000000000  0.0000000000000000
0.18793939394  0.0000000000000000  0.0000000000000000  0.0000000000000000
0.18994949495  0.0000000000000000  0.0000000000000000  0.0000000000000000
0.19195959596  0.0000000000000000  0.0000000000000000  0.0000000000000000
0.19396969697  0.0000000000000000  0.0000000000000000  0.0000000000000000
0.19597979798  0.0000000000000000  0.0000000000000000  0.0000000000000000
0.19798989899  0.0000000000000000  0.0000000000000000  0.0000000000000000
0.20000000000  0.0000000000000000  0.0000000000000000  0.0000000000000000
