0.04498400000  0.0000000000000000  0.0000000000000000  0.0000000000000000
0.04654981818  0.0000000000000000  0.0000000000218593  0.0000000000000000
0.04811563636  0.0000000000000000  0.0000000001198937  0.0000000000000000
0.04968145455  0.0000000000000000  0.0000000002662643  0.0000000000010665
0.05124727273  0.0000000000000000  0.0000000003595884  0.0000000000014752
0.05281309091  0.0000000000000000  0.0000000003963607  0.0000000000017900
0.05437890909  0.0000000000000000  0.0000000004025061  0.0000000000020593
0.05594472727  0.0000000000000000  0.0000000003998002  0.0000000000023444
0.05751054545  0.0000000000000000  0.0000000003923774  0.0000000000026734
0.05907636364  0.0000000000000000  0.0000000003743429  0.0000000000030397
0.06064218182  0.0000000000000000  0.0000000003648671  0.0000000000034090
0.06220800000  0.0000000000000000  0.0000000003823842  0.0000000000037487
0.06377381818  0.0000000000000000  0.0000000003946580  0.0000000000040794
0.06533963636  0.0000000000000000  0.0000000004026030  0.0000000000044066
0.06690545455  0.0000000000000000  0.0000000004073158  0.0000000000047383
0.06847127273  0.0000000000000000  0.0000000004094580  0.0000000000050812
0.07003709091  0.0000000000000000  0.0000000004087800  0.0000000000074777
0.07160290909  0.0000000000000000  0.0000000004049373  0.0000000000090412
0.07316872727  0.0000000000000000  0.0000000003975022  0.0000000000106766
0.07473454545  0.0000000000000000  0.0000000003860963  0.0000000000123773
0.07630036364  0.0000000000000000  0.0000000003705861  0.0000000000141157
0.07786618182  0.0000000000000000  0.0000000003509218  0.0000000000149127
0.07943200000  0.0000000000000000  0.0000000003270483  0.0000000000157223
0.08099781818  0.0000000000000000  0.0000000003180993  0.0000000000175317
0.08256363636  0.0000000000000000  0.0000000003200776  0.0000000000193811
0.08412945455  0.0000000000000000  0.0000000003210283  0.0000000000202877
0.08569527273  0.0000000000000000  0.0000000003209115  0.0000000000212078
0.08726109091  0.0000000000000000  0.0000000003196782  0.0000000000221405
0.08882690909  0.0000000000000000  0.0000000003172788  0.0000000000230845
0.09039272727  0.0000000000000000  0.0000000003136984  0.0000000000240403
0.09195854545  0.0000000000000000  0.0000000003089023  0.0000000000250073
0.09352436364  0.0000000000000000  0.0000000003028832  0.0000000000269915
0.09509018182  0.0000000000000000  0.0000000002956045  0.0000000000280233
0.09665600000  0.0000000000000000  0.0000000002870316  0.0000000000290667
0.09822181818  0.0000000000000000  0.0000000002771495  0.0000000000311278
0.09978763636  0.0000000000000000  0.0000000002659304  0.0000000000322316
0.10135345455  0.0000000000000000  0.0000000002668971  0.0000000000333285
0.10291927273  0.0000000000000000  0.0000000002696162  0.0000000000344340
0.10448509091  0.0000000000000000  0.0000000002720172  0.0000000000355503
0.10605090909  0.0000000000000000  0.0000000002740867  0.0000000000366766
0.10761672727  0.0000000000000000  0.0000000002758325  0.0000000000378141
0.10918254545  0.0000000000000000  0.0000000002772368  0.0000000000389615
0.11074836364  0.0000000000000000  0.0000000002783022  0.0000000000401199
0.11231418182  0.0000000000000000  0.0000000002790249  0.0000000000422968
0.11388000000  0.0000000000000000  0.0000000002793911  0.0000000000435067
0.11544581818  0.0000000000000000  0.0000000002793942  0.0000000000447271
0.11701163636  0.0000000000000000  0.0000000002790279  0.0000000000459578
0.11857745455  0.0000000000000000  0.0000000002782860  0.0000000000471988
0.12014327273  0.0000000000000000  0.0000000002771624  0.0000000000484499
0.12170909091  0.0000000000000000  0.0000000002756397  0.0000000000497097
0.12327490909  0.0000000000000000  0.0000000002737176  0.0000000000509788
0.12484072727  0.0000000000000000  0.0000000002714042  0.0000000000522587
0.12640654545  0.0000000000000000  0.0000000002686915  0.0000000000535490
0.12797236364  0.0000000000000000  0.0000000002655675  0.0000000000548490
0.12953818182  0.0000000000000000  0.0000000002620256  0.0000000000561584
0.13110400000  0.0000000000000000  0.0000000002580598  0.0000000000574771
0.13266981818  0.0000000000000000  0.0000000002536647  0.0000000000588050
0.13423563636  0.0000000000000000  0.0000000002488346  0.0000000000601420
0.13580145455  0.0000000000000000  0.0000000002435639  0.0000000000614878
0.13736727273  0.0000000000000000  0.0000000002378485  0.0000000000628425
0.13893309091  0.0000000000000000  0.0000000002316885  0.0000000000642060
0.14049890909  0.0000000000000000  0.0000000002250716  0.0000000000655778
0.14206472727  0.0000000000000000  0.0000000002179925  0.0000000000669580
0.14363054545  0.0000000000000000  0.0000000002104462  0.0000000000683464
0.14519636364  0.0000000000000000  0.0000000002024260  0.0000000000697432
0.14676218182  0.0000000000000000  0.0000000001939195  0.0000000000721691
0.14832800000  0.0000000000000000  0.0000000001849270  0.0000000000736023
0.14989381818  0.0000000000000000  0.0000000001754503  0.0000000000750439
0.15145963636  0.0000000000000000  0.0000000001749609  0.0000000000764791
0.15302545455  0.0000000000000000  0.0000000001750459  0.0000000000779208
0.15459127273  0.0000000000000000  0.0000000001750277  0.0000000000793700
0.15615709091  0.0000000000000000  0.0000000001749037  0.0000000000808257
0.15772290909  0.0000000000000000  0.0000000001746727  0.0000000000822882
0.15928872727  0.0000000000000000  0.0000000001743337  0.0000000000837571
0.16085454545  0.0000000000000000  0.0000000001738853  0.0000000000852324
0.16242036364  0.0000000000000000  0.0000000001733268  0.0000000000867143
0.16398618182  0.0000000000000000  0.0000000001726551  0.0000000000882014
0.16555200000  0.0000000000000000  0.0000000001718699  0.0000000000896942
0.16711781818  0.0000000000000000  0.0000000001709740  0.0000000000911939
0.16868363636  0.0000000000000000  0.0000000001699636  0.0000000000926993
0.17024945455  0.0000000000000000  0.0000000001688379  0.0000000000942103
0.17181527273  0.0000000000000000  0.0000000001675957  0.0000000000957267
0.17338109091  0.0000000000000000  0.0000000001662361  0.0000000000972486
0.17494690909  0.0000000000000000  0.0000000001647589  0.0000000000987839
0.17651272727  0.0000000000000000  0.0000000001631640  0.0000000001003458
0.17807854545  0.0000000000000000  0.0000000001614479  0.0000000001018967
0.17964436364  0.0000000000000000  0.0000000001596098  0.0000000001034373
0.18121018182  0.0000000000000000  0.0000000001576500  0.0000000001049824
0.18277600000  0.0000000000000000  0.0000000001555661  0.0000000001065313
0.18434181818  0.0000000000000000  0.0000000001533581  0.0000000001080841
0.18590763636  0.0000000000000000  0.0000000001510263  0.0000000001096412
0.18747345455  0.0000000000000000  0.0000000001485699  0.0000000001112022
0.18903927273  0.0000000000000000  0.0000000001459891  0.0000000001127677
0.19060509091  0.0000000000000000  0.0000000001432831  0.0000000001143374
0.19217090909  0.0000000000000000  0.0000000001404503  0.0000000001159107
0.19373672727  0.0000000000000000  0.0000000001374899  0.0000000001174875
0.19530254545  0.0000000000000000  0.0000000001344015  0.0000000001190677
0.19686836364  0.0000000000000000  0.0000000001311844  0.0000000001206511
0.19843418182  0.0000000000000000  0.0000000001278380  0.0000000001222377
0.20000000000  0.0000000000000000  0.0000000001243635  0.0000000001238283
