0.00100000000  0.0000000000000000  0.0000000000000000  0.0000000000000000
0.00301010101  0.0000000000000000  0.0000000000000000  0.0000000000000000
0.00502020202  0.0000000000000000  0.0000000000000000  0.0000000000000000
0.00703030303  0.0000000000000000  0.0000000000000000  0.0000000000000000
0.00904040404  0.0000000000000000  0.0000000000000000  0.0000000000000000
0.01105050505  0.0000000000000000  0.0000000000000000  0.0000000000000000
0.01306060606  0.0000000000000000  0.0000000000000000  0.0000000000000000
0.01507070707  0.0000000000000000  0.0000000003877114  -0.0000000000089256
0.01708080808  0.0000000000000000  0.0000000027093175  -0.0000000014789522
0.01909090909  0.0000000000264045  0.0000000231395679  -0.0000000100520473
0.02110101010  0.0000000001142217  0.0000000811659231  -0.0000000244702346
0.02311111111  0.0000000002111799  0.0000001352953502  -0.0000000346869008
0.02512121212  0.0000000003945611  0.0000002217341462  -0.0000000465274013
0.02713131313  0.0000000007547022  0.0000003566960910  -0.0000000575741517
0.02914141414  0.0000000015182670  0.0000005627331020  -0.0000000617177038
0.03115151515  0.0000000023477519  0.0000007096961524  -0.0000000423061435
0.03316161616  0.0000000028521178  0.0000007372702407  -0.0000000264125206
0.03517171717  0.0000000020340849  0.0000030333325426  -0.0000005016079071
0.03718181818  0.0000000027245255  0.0000036104517160  -0.0000005362508967
0.03919191919  0.0000000037844336  0.0000043370074562  -0.0000005722552990
0.04120202020  0.0000000047589711  0.0000048463815776  -0.0000005704999522
0.04321212121  0.0000000054813836  0.0000050852650273  -0.0000005391622774
0.04522222222  0.0000000063764193  0.0000053276061994  -0.0000005020055155
0.04723232323  0.0000000075050528  0.0000055690847899  -0.0000004577743613
0.04924242424  0.0000000089647513  0.0000058023988124  -0.0000004046238548
0.05125252525  0.0000000101423041  0.0000059163890000  -0.0000003466980547
0.05326262626  0.0000000110326596  0.0000059372099842  -0.0000002997587200
0.05527272727  0.0000000120638421  0.0000059394712545  -0.0000002495146217
0.05728282828  0.0000000132705383  0.0000059177675395  -0.0000001954144383
0.05929292929  0.0000000146999274  0.0000058646834166  -0.0000001367108951
0.06130303030  0.0000000156517396  0.0000057903014949  -0.0000000872834998
0.06331313131  0.0000000162579752  0.0000057014913645  -0.0000000555842498
0.06532323232  0.0000000169160847  0.0000056024579853  -0.0000000231300712
0.06733333333  0.0000000176329169  0.0000054917385665  0.0000000101690263
0.06934343434  0.0000000184165271  0.0000053676034113  0.0000000444177128
0.07135353535  0.0000000192764247  0.0000052280160782  0.0000000797388799
0.07336363636  0.0000000202238600  0.0000050705838283  0.0000001162793372
0.07537373737  0.0000000212723968  0.0000048924260455  0.0000001542165800
0.07738383838  0.0000000224385810  0.0000046900237870  0.0000001937673000
0.07939393939  0.0000000237428130  0.0000044590384380  0.0000002351989972
0.08140404040  0.0000000244364894  0.0000043017726110  0.0000002630631452
0.08341414141  0.0000000248158658  0.0000041774689924  0.0000002792518049
0.08542424242  0.0000000252164466  0.0000040484916743  0.0000002956152538
0.08743434343  0.0000000256396667  0.0000039144563566  0.0000003121721973
0.08944444444  0.0000000260871008  0.0000037749537462  0.0000003289429082
0.09145454545  0.0000000265604806  0.0000036295167006  0.0000003459494372
0.09346464646  0.0000000270617151  0.0000034776510327  0.0000003632158557
0.09547474747  0.0000000275929143  0.0000033188005871  0.0000003807695919
0.09748484848  0.0000000281564164  0.0000031523546452  0.0000003986378121
0.09949494949  0.0000000287804782  0.0000029776360127  0.0000004168532133
0.10150505051  0.0000000289971511  0.0000028845362362  0.0000004264473545
0.10351515152  0.0000000290362575  0.0000028190751137  0.0000004311130823
0.10552525253  0.0000000290660179  0.0000027531094251  0.0000004358029658
0.10753535354  0.0000000291005668  0.0000026866057481  0.0000004405170884
0.10954545455  0.0000000291399376  0.0000026195312085  0.0000004452558450
0.11155555556  0.0000000291841664  0.0000025518524114  0.0000004500195991
0.11356565657  0.0000000292332928  0.0000024835356596  0.0000004548087062
0.11557575758  0.0000000292873580  0.0000024145483761  0.0000004596237992
0.11758585859  0.0000000293464007  0.0000023448644207  0.0000004644669253
0.11959595960  0.0000000294450113  0.0000022744582573  0.0000004693405346
0.12160606061  0.0000000295198620  0.0000022033038174  0.0000004742476565
0.12361616162  0.0000000295928234  0.0000021313729799  0.0000004791912238
0.12562626263  0.0000000296709784  0.0000020586359644  0.0000004841743363
0.12763636364  0.0000000297543993  0.0000019850613938  0.0000004892003724
0.12964646465  0.0000000298431672  0.0000019106160137  0.0000004942729363
0.13165656566  0.0000000299373723  0.0000018352645349  0.0000004993958731
0.13366666667  0.0000000300371144  0.0000017589694633  0.0000005045732848
0.13567676768  0.0000000301425042  0.0000016816901924  0.0000005098093245
0.13768686869  0.0000000302536627  0.0000016033780701  0.0000005151065971
0.13969696970  0.0000000303707185  0.0000015239800419  0.0000005204669450
0.14170707071  0.0000000305017916  0.0000014434414743  0.0000005258922538
0.14371717172  0.0000000306841576  0.0000013617058284  0.0000005313843254
0.14572727273  0.0000000308606628  0.0000012787152226  0.0000005369452313
0.14773737374  0.0000000309982272  0.0000011944104983  0.0000005425774234
0.14974747475  0.0000000311414293  0.0000011087293038  0.0000005482827459
0.15175757576  0.0000000311091120  0.0000010770130316  0.0000005498233537
0.15376767677  0.0000000310177088  0.0000010530357216  0.0000005504215178
0.15577777778  0.0000000309193402  0.0000010290506579  0.0000005510324817
0.15778787879  0.0000000308229832  0.0000010050535236  0.0000005516549113
0.15979797980  0.0000000307286015  0.0000009810404290  0.0000005522875923
0.16180808081  0.0000000306361619  0.0000009570089102  0.0000005529300321
0.16381818182  0.0000000305844156  0.0000009329570273  0.0000005535820169
0.16582828283  0.0000000305017873  0.0000009088832554  0.0000005542435632
0.16783838384  0.0000000304140095  0.0000008847858256  0.0000005549145482
0.16984848485  0.0000000303280613  0.0000008606629854  0.0000005555948579
0.17185858586  0.0000000302921430  0.0000008365128676  0.0000005562843126
0.17386868687  0.0000000302666595  0.0000008123339489  0.0000005569829327
0.17587878788  0.0000000301834941  0.0000007881249522  0.0000005576908883
0.17788888889  0.0000000301020713  0.0000007638839749  0.0000005584079940
0.17989898990  0.0000000300744524  0.0000007396092147  0.0000005591341284
0.18190909091  0.0000000299951026  0.0000007152994895  0.0000005598695452
0.18391919192  0.0000000299174336  0.0000006909530004  0.0000005606141481
0.18592929293  0.0000000298414235  0.0000006665681633  0.0000005613679807
0.18793939394  0.0000000297670508  0.0000006421434031  0.0000005621311103
0.18994949495  0.0000000296942957  0.0000006176772578  0.0000005629037303
0.19195959596  0.0000000296231393  0.0000005931683238  0.0000005636861332
0.19396969697  0.0000000295535637  0.0000005686151596  0.0000005644786348
0.19597979798  0.0000000294855518  0.0000005440162796  0.0000005652815726
0.19798989899  0.0000000294190873  0.0000005193701493  0.0000005660953065
0.20000000000  0.0000000293541549  0.0000004946751818  0.0000005669202185
