0.00100000000  0.0000000000000000  0.0000000000000000  0.0000000000000000
0.00301010101  0.0000000000000000  0.0000000000000000  0.0000000000000000
0.00502020202  0.0000000000000000  0.0000000000000000  0.0000000000000000
0.00703030303  0.0000000000000000  0.0000000000000000  0.0000000000000000
0.00904040404  0.0000000000000000  0.0000000000000000  0.0000000000000000
0.01105050505  0.0000000000000000  0.0000000000664465  0.0000000000000000
0.01306060606  0.0000000000000000  0.0000000014384178  -0.0000000007174686
0.01507070707  0.0000000000257436  0.0000000444023472  -0.0000000168767094
0.01708080808  0.0000000000777034  0.0000001090211688  -0.0000000275645120
0.01909090909  0.0000000002181604  0.0000002388383791  -0.0000000440424830
0.02110101010  0.0000000004301287  0.0000003780183037  -0.0000000451679277
0.02311111111  0.0000000005818140  0.0000004504658356  -0.0000000444624474
0.02512121212  0.0000000008079461  0.0000005347203099  -0.0000000412111258
0.02713131313  0.0000000011701777  0.0000006328091646  -0.0000000340969515
0.02914141414  0.0000000018208854  0.0000007481783667  -0.0000000204830941
0.03115151515  0.0000000024777009  0.0000008026887441  -0.0000000006075307
0.03316161616  0.0000000028409984  0.0000007748370778  0.0000000109479653
0.03517171717  0.0000000026507036  0.0000039019912149  -0.0000002198732503
0.03718181818  0.0000000032485992  0.0000042278876599  -0.0000002116868884
0.03919191919  0.0000000041144475  0.0000046318062672  -0.0000002012710718
0.04120202020  0.0000000048651108  0.0000048730772029  -0.0000001821866644
0.04321212121  0.0000000053811749  0.0000049153644988  -0.0000001582170602
0.04522222222  0.0000000060134637  0.0000049534575920  -0.0000001321949468
0.04723232323  0.0000000068044946  0.0000049849477210  -0.0000001034064066
0.04924242424  0.0000000078226717  0.0000050060216598  -0.0000000707344360
0.05125252525  0.0000000086276565  0.0000049787545983  -0.0000000405003014
0.05326262626  0.0000000092162088  0.0000049058527976  -0.0000000172867240
0.05527272727  0.0000000099041152  0.0000048218240481  0.0000000074072336
0.05728282828  0.0000000107013726  0.0000047235893730  0.0000000340101185
0.05929292929  0.0000000116547146  0.0000046069139618  0.0000000631150349
0.06130303030  0.0000000122704546  0.0000045002405110  0.0000000856889654
0.06331313131  0.0000000126362279  0.0000043950117084  0.0000001000176153
0.06532323232  0.0000000130390922  0.0000042848944352  0.0000001148479151
0.06733333333  0.0000000134842159  0.0000041689651959  0.0000001302737271
0.06934343434  0.0000000139789243  0.0000040461384310  0.0000001464066025
0.07135353535  0.0000000145288125  0.0000039151257731  0.0000001633807970
0.07336363636  0.0000000151439129  0.0000037743873393  0.0000001813604817
0.07537373737  0.0000000158355129  0.0000036220876987  0.0000002005513079
0.07738383838  0.0000000166178005  0.0000034559763388  0.0000002212148258
0.07939393939  0.0000000175802963  0.0000032732432340  0.0000002436906081
0.08140404040  0.0000000180678843  0.0000031487495393  0.0000002576803625
0.08341414141  0.0000000182893781  0.0000030492342778  0.0000002657351024
0.08542424242  0.0000000185293526  0.0000029475111999  0.0000002740748259
0.08743434343  0.0000000187892170  0.0000028433182072  0.0000002827333888
0.08944444444  0.0000000190765936  0.0000027363628473  0.0000002917498636
0.09145454545  0.0000000194180918  0.0000026263363790  0.0000003011700118
0.09346464646  0.0000000197467526  0.0000025128875660  0.0000003110488503
0.09547474747  0.0000000201422758  0.0000023956306853  0.0000003214519550
0.09748484848  0.0000000205899530  0.0000022741368587  0.0000003324598780
0.09949494949  0.0000000210942988  0.0000021479237171  0.0000003441720818
0.10150505051  0.0000000212142514  0.0000020789683801  0.0000003495987833
0.10351515152  0.0000000211991987  0.0000020292164525  0.0000003520896570
0.10552525253  0.0000000211901048  0.0000019794813009  0.0000003546855005
0.10753535354  0.0000000211870650  0.0000019297307116  0.0000003573913352
0.10954545455  0.0000000211901929  0.0000018799323746  0.0000003602127309
0.11155555556  0.0000000211996218  0.0000018300537473  0.0000003631558549
0.11356565657  0.0000000212155057  0.0000017800619080  0.0000003662275287
0.11557575758  0.0000000212380213  0.0000017299233957  0.0000003694352894
0.11758585859  0.0000000212673693  0.0000016796050769  0.0000003727874578
0.11959595960  0.0000000213037769  0.0000016290698513  0.0000003762932145
0.12160606061  0.0000000213475003  0.0000015782827231  0.0000003799627476
0.12361616162  0.0000000213988305  0.0000015272079966  0.0000003838077611
0.12562626263  0.0000000214580962  0.0000014758089654  0.0000003878413868
0.12763636364  0.0000000215256660  0.0000014240468094  0.0000003920781360
0.12964646465  0.0000000216019526  0.0000013718802519  0.0000003965340468
0.13165656566  0.0000000216874174  0.0000013192651794  0.0000004012268500
0.13366666667  0.0000000217825753  0.0000012661541018  0.0000004061761531
0.13567676768  0.0000000218880007  0.0000012124956615  0.0000004114036475
0.13768686869  0.0000000220043340  0.0000011582339965  0.0000004169333385
0.13969696970  0.0000000221322887  0.0000011033080303  0.0000004227918029
0.14170707071  0.0000000222726595  0.0000010476506533  0.0000004290084771
0.14371717172  0.0000000224263316  0.0000009911877514  0.0000004356159634
0.14572727273  0.0000000225942866  0.0000009338366880  0.0000004426501360
0.14773737374  0.0000000227776139  0.0000008755052171  0.0000004501505235
0.14974747475  0.0000000229775246  0.0000008160904842  0.0000004581609121
0.15175757576  0.0000000229624293  0.0000007939114003  0.0000004608252802
0.15376767677  0.0000000229138778  0.0000007770536654  0.0000004625542516
0.15577777778  0.0000000228689429  0.0000007602297834  0.0000004643679726
0.15778787879  0.0000000228276331  0.0000007434344567  0.0000004662683261
0.15979797980  0.0000000227899601  0.0000007266623037  0.0000004682572999
0.16180808081  0.0000000227559396  0.0000007099078700  0.0000004703369902
0.16381818182  0.0000000227255904  0.0000006931656393  0.0000004725096042
0.16582828283  0.0000000226989352  0.0000006764299669  0.0000004747774644
0.16783838384  0.0000000226760005  0.0000006596951277  0.0000004771440187
0.16984848485  0.0000000226568163  0.0000006429552479  0.0000004796098640
0.17185858586  0.0000000226414121  0.0000006262040613  0.0000004821784007
0.17386868687  0.0000000226298122  0.0000006094346360  0.0000004848516542
0.17587878788  0.0000000226220416  0.0000005926398492  0.0000004876316478
0.17788888889  0.0000000226181279  0.0000005758124427  0.0000004905204614
0.17989898990  0.0000000226181004  0.0000005589450131  0.0000004935202297
0.18190909091  0.0000000226219908  0.0000005420300013  0.0000004966331415
0.18391919192  0.0000000226298324  0.0000005250595283  0.0000004999355528
0.18592929293  0.0000000226416609  0.0000005080260196  0.0000005032776040
0.18793939394  0.0000000226575136  0.0000004909212231  0.0000005067397894
0.18994949495  0.0000000226774298  0.0000004737368590  0.0000005103244977
0.19195959596  0.0000000227014504  0.0000004564644551  0.0000005140341698
0.19396969697  0.0000000227296185  0.0000004390953170  0.0000005178712876
0.19597979798  0.0000000227619785  0.0000004216205325  0.0000005218383787
0.19798989899  0.0000000227985767  0.0000004040309595  0.0000005259380133
0.20000000000  0.0000000228394610  0.0000003863878599  0.0000005301728027
