0.00100000000  0.0000000000000000  0.0000000000000000  0.0000000000000000
0.00301010101  0.0000000000000000  0.0000000000241898  0.0000000000000000
0.00502020202  0.0000000000000000  0.0000000492646222  0.0000000001281495
0.00703030303  0.0000000000061407  0.0000001987784838  0.0000000006405379
0.00904040404  0.0000000000118365  0.0000001433217461  0.0000000007926993
0.01105050505  0.0000000000143153  0.0000001040037489  0.0000000008324852
0.01306060606  0.0000000000137965  0.0000000705851072  0.0000000007781618
0.01507070707  0.0000000000136326  0.0000000400934929  0.0000000007470562
0.01708080808  0.0000000000116406  0.0000000292974566  0.0000000006828171
0.01909090909  0.0000000000107078  0.0000000195751073  0.0000000006255372
0.02110101010  0.0000000000088709  0.0000000138702227  0.0000000005753484
0.02311111111  0.0000000000071646  0.0000000109238859  0.0000000005273393
0.02512121212  0.0000000000055994  0.0000000084119661  0.0000000004873220
0.02713131313  0.0000000000042363  0.0000000062352880  0.0000000004534614
0.02914141414  0.0000000000020251  0.0000000043222332  0.0000000004244452
0.03115151515  0.0000000000000000  0.0000000031410997  0.0000000003983329
0.03316161616  0.0000000000000000  0.0000000024494195  0.0000000003741917
0.03517171717  0.0000000000000000  0.0000000122822998  0.0000000003528800
0.03718181818  0.0000000000000000  0.0000000101571798  0.0000000003339288
0.03919191919  0.0000000000000000  0.0000000082415236  0.0000000003169667
0.04120202020  0.0000000000000000  0.0000000069165974  0.0000000003015328
0.04321212121  0.0000000000000000  0.0000000059726357  0.0000000002873704
0.04522222222  0.0000000000000000  0.0000000051114152  0.0000000002744921
0.04723232323  0.0000000000000000  0.0000000043223464  0.0000000002627310
0.04924242424  0.0000000000000000  0.0000000035965722  0.0000000002519480
0.05125252525  0.0000000000000000  0.0000000030972819  0.0000000002419833
0.05326262626  0.0000000000000000  0.0000000027341442  0.0000000002327382
0.05527272727  0.0000000000000000  0.0000000023972416  0.0000000002241767
0.05728282828  0.0000000000000000  0.0000000020838085  0.0000000002162260
0.05929292929  0.0000000000000000  0.0000000017914546  0.0000000002088228
0.06130303030  0.0000000000000000  0.0000000015979595  0.0000000002018950
0.06331313131  0.0000000000000000  0.0000000014585531  0.0000000001953968
0.06532323232  0.0000000000000000  0.0000000013277133  0.0000000001893045
0.06733333333  0.0000000000000000  0.0000000012046721  0.0000000001835810
0.06934343434  0.0000000000000000  0.0000000010887506  0.0000000001781940
0.07135353535  0.0000000000000000  0.0000000009793464  0.0000000001731147
0.07336363636  0.0000000000000000  0.0000000008759231  0.0000000001683174
0.07537373737  0.0000000000000000  0.0000000007780016  0.0000000001637793
0.07738383838  0.0000000000000000  0.0000000006851526  0.0000000001584936
0.07939393939  0.0000000000000000  0.0000000005969902  0.0000000001544401
0.08140404040  0.0000000000000000  0.0000000005429976  0.0000000001505833
0.08341414141  0.0000000000000000  0.0000000005041578  0.0000000001469099
0.08542424242  0.0000000000000000  0.0000000004671474  0.0000000001424137
0.08743434343  0.0000000000000000  0.0000000004318399  0.0000000001391000
0.08944444444  0.0000000000000000  0.0000000003981205  0.0000000001359368
0.09145454545  0.0000000000000000  0.0000000003658843  0.0000000001329145
0.09346464646  0.0000000000000000  0.0000000003350354  0.0000000001300237
0.09547474747  0.0000000000000000  0.0000000003054862  0.0000000001272559
0.09748484848  0.0000000000000000  0.0000000002771560  0.0000000001246037
0.09949494949  0.0000000000000000  0.0000000002499710  0.0000000001220600
0.10150505051  0.0000000000000000  0.0000000002347490  0.0000000001196166
0.10351515152  0.0000000000000000  0.0000000002236990  0.0000000001172682
0.10552525253  0.0000000000000000  0.0000000002130714  0.0000000001150275
0.10753535354  0.0000000000000000  0.0000000002028413  0.0000000001128533
0.10954545455  0.0000000000000000  0.0000000001929875  0.0000000001107599
0.11155555556  0.0000000000000000  0.0000000001834895  0.0000000001087438
0.11356565657  0.0000000000000000  0.0000000001743287  0.0000000001068143
0.11557575758  0.0000000000000000  0.0000000001654869  0.0000000001049366
0.11758585859  0.0000000000000000  0.0000000001569480  0.0000000001031236
0.11959595960  0.0000000000000000  0.0000000001486967  0.0000000001013722
0.12160606061  0.0000000000000000  0.0000000001407188  0.0000000000986808
0.12361616162  0.0000000000000000  0.0000000001330075  0.0000000000960753
0.12562626263  0.0000000000000000  0.0000000001255363  0.0000000000945221
0.12763636364  0.0000000000000000  0.0000000001183009  0.0000000000930183
0.12964646465  0.0000000000000000  0.0000000001112903  0.0000000000915616
0.13165656566  0.0000000000000000  0.0000000001044942  0.0000000000901498
0.13366666667  0.0000000000000000  0.0000000000979030  0.0000000000887808
0.13567676768  0.0000000000000000  0.0000000000915074  0.0000000000874527
0.13768686869  0.0000000000000000  0.0000000000843342  0.0000000000861637
0.13969696970  0.0000000000000000  0.0000000000783731  0.0000000000849122
0.14170707071  0.0000000000000000  0.0000000000725816  0.0000000000836965
0.14371717172  0.0000000000000000  0.0000000000669536  0.0000000000825150
0.14572727273  0.0000000000000000  0.0000000000614795  0.0000000000813665
0.14773737374  0.0000000000000000  0.0000000000561548  0.0000000000802494
0.14974747475  0.0000000000000000  0.0000000000500320  0.0000000000791626
0.15175757576  0.0000000000000000  0.0000000000478673  0.0000000000781048
0.15376767677  0.0000000000000000  0.0000000000461537  0.0000000000770747
0.15577777778  0.0000000000000000  0.0000000000444844  0.0000000000750804
0.15778787879  0.0000000000000000  0.0000000000428578  0.0000000000741155
0.15979797980  0.0000000000000000  0.0000000000412723  0.0000000000731751
0.16180808081  0.0000000000000000  0.0000000000397264  0.0000000000712633
0.16381818182  0.0000000000000000  0.0000000000382188  0.0000000000703814
0.16582828283  0.0000000000000000  0.0000000000367476  0.0000000000695210
0.16783838384  0.0000000000000000  0.0000000000353117  0.0000000000686814
0.16984848485  0.0000000000000000  0.0000000000339099  0.0000000000678619
0.17185858586  0.0000000000000000  0.0000000000325413  0.0000000000670617
0.17386868687  0.0000000000000000  0.0000000000312042  0.0000000000662802
0.17587878788  0.0000000000000000  0.0000000000298977  0.0000000000655166
0.17788888889  0.0000000000000000  0.0000000000276440  0.0000000000647705
0.17989898990  0.0000000000000000  0.0000000000264385  0.0000000000640411
0.18190909091  0.0000000000000000  0.0000000000252598  0.0000000000633281
0.18391919192  0.0000000000000000  0.0000000000231240  0.0000000000626306
0.18592929293  0.0000000000000000  0.0000000000220418  0.0000000000619482
0.18793939394  0.0000000000000000  0.0000000000209827  0.0000000000602906
0.18994949495  0.0000000000000000  0.0000000000199462  0.0000000000596477
0.19195959596  0.0000000000000000  0.0000000000189315  0.0000000000590183
0.19396969697  0.0000000000000000  0.0000000000179379  0.0000000000574035
0.19597979798  0.0000000000000000  0.0000000000169647  0.0000000000568103
0.19798989899  0.0000000000000000  0.0000000000141133  0.0000000000562292
0.20000000000  0.0000000000000000  0.0000000000132899  0.0000000000556599
