0.00100000000  0.0000000000000000  0.0000000000000000  0.0000000000000000
0.00301010101  0.0000000000000000  0.0000000000000000  0.0000000000000000
0.00502020202  0.0000000000000000  0.0000000000000000  0.0000000000000000
0.00703030303  0.0000000000000000  0.0000000000000000  0.0000000000000000
0.00904040404  0.0000000000000000  0.0000000000000000  0.0000000000000000
0.01105050505  0.0000000000000000  0.0000000000154344  0.0000000000000000
0.01306060606  0.0000000000000000  0.0000000003119160  0.0000000000000000
0.01507070707  0.0000000000000000  0.0000000060839593  -0.0000000022899452
0.01708080808  0.0000000000099277  0.0000000160881151  -0.0000000040561681
0.01909090909  0.0000000000337844  0.0000000377926215  -0.0000000069613450
0.02110101010  0.0000000000718951  0.0000000631633710  -0.0000000075598562
0.02311111111  0.0000000001020708  0.0000000789711037  -0.0000000078243927
0.02512121212  0.0000000001476803  0.0000000976490933  -0.0000000075808802
0.02713131313  0.0000000002215429  0.0000001197530729  -0.0000000065472236
0.02914141414  0.0000000003558084  0.0000001461642941  -0.0000000041655476
0.03115151515  0.0000000004977935  0.0000001611026560  -0.0000000003602400
0.03316161616  0.0000000005859746  0.0000001594900999  0.0000000019697540
0.03517171717  0.0000000006998871  0.0000008217382445  -0.0000000466185470
0.03718181818  0.0000000008539595  0.0000009100778936  -0.0000000459705643
0.03919191919  0.0000000010757918  0.0000010179936196  -0.0000000447614955
0.04120202020  0.0000000012717569  0.0000010912484439  -0.0000000414343571
0.04321212121  0.0000000014114279  0.0000011202873394  -0.0000000367805092
0.04522222222  0.0000000015812617  0.0000011479644923  -0.0000000314543479
0.04723232323  0.0000000017924399  0.0000011738749358  -0.0000000252865339
0.04924242424  0.0000000020629032  0.0000011972203581  -0.0000000180003642
0.05125252525  0.0000000022842361  0.0000012078302540  -0.0000000110331354
0.05326262626  0.0000000024539721  0.0000012066083592  -0.0000000055580233
0.05527272727  0.0000000026503150  0.0000012018722537  0.0000000004277666
0.05728282828  0.0000000028805290  0.0000011927936281  0.0000000070390671
0.05929292929  0.0000000031546847  0.0000011782081912  0.0000000144391817
0.06130303030  0.0000000033455746  0.0000011644903060  0.0000000203591690
0.06331313131  0.0000000034738632  0.0000011500465676  0.0000000242785196
0.06532323232  0.0000000036133651  0.0000011334285740  0.0000000284002830
0.06733333333  0.0000000037657005  0.0000011144208104  0.0000000327516765
0.06934343434  0.0000000039328185  0.0000010927562229  0.0000000373663955
0.07135353535  0.0000000041170938  0.0000010681040860  0.0000000422864782
0.07336363636  0.0000000043226268  0.0000010400396597  0.0000000475643227
0.07537373737  0.0000000045512585  0.0000010080061968  0.0000000532651796
0.07738383838  0.0000000048086364  0.0000009713059252  0.0000000594730198
0.07939393939  0.0000000051009459  0.0000009290642405  0.0000000662993081
0.08140404040  0.0000000052719065  0.0000009018705610  0.0000000708322812
0.08341414141  0.0000000053782647  0.0000008810010012  0.0000000737353110
0.08542424242  0.0000000054908260  0.0000008589123528  0.0000000767529226
0.08743434343  0.0000000056102101  0.0000008355391883  0.0000000798991741
0.08944444444  0.0000000057371401  0.0000008108042637  0.0000000831911263
0.09145454545  0.0000000058724725  0.0000007846326275  0.0000000866496546
0.09346464646  0.0000000060172361  0.0000007569264392  0.0000000903006419
0.09547474747  0.0000000061726853  0.0000007275793483  0.0000000941766255
0.09748484848  0.0000000063403730  0.0000006964689671  0.0000000983189152
0.09949494949  0.0000000065222454  0.0000006634459640  0.0000001027794177
0.10150505051  0.0000000066047674  0.0000006470952838  0.0000001052804527
0.10351515152  0.0000000066488799  0.0000006362648905  0.0000001068625962
0.10552525253  0.0000000066948165  0.0000006252192084  0.0000001084948161
0.10753535354  0.0000000067427126  0.0000006139520673  0.0000001101809122
0.10954545455  0.0000000067927133  0.0000006024566920  0.0000001119250251
0.11155555556  0.0000000068449744  0.0000005907256585  0.0000001137316725
0.11356565657  0.0000000068996647  0.0000005787511916  0.0000001156058688
0.11557575758  0.0000000069569702  0.0000005665261555  0.0000001175534411
0.11758585859  0.0000000070170947  0.0000005540429148  0.0000001195808910
0.11959595960  0.0000000070802613  0.0000005412928786  0.0000001216953901
0.12160606061  0.0000000071467147  0.0000005282663708  0.0000001239048550
0.12361616162  0.0000000072167240  0.0000005149524762  0.0000001262180320
0.12562626263  0.0000000072905852  0.0000005013388568  0.0000001286445898
0.12763636364  0.0000000073686246  0.0000004874115361  0.0000001311952237
0.12964646465  0.0000000074512024  0.0000004731546437  0.0000001338817701
0.13165656566  0.0000000075387162  0.0000004585511838  0.0000001367173479
0.13366666667  0.0000000076316072  0.0000004435787607  0.0000001397165565
0.13567676768  0.0000000077303642  0.0000004282150515  0.0000001428956054
0.13768686869  0.0000000078355291  0.0000004124333340  0.0000001462724792
0.13969696970  0.0000000079477032  0.0000003962029034  0.0000001498671394
0.14170707071  0.0000000080675543  0.0000003794884247  0.0000001537017489
0.14371717172  0.0000000081958243  0.0000003622491803  0.0000001578009225
0.14572727273  0.0000000083333382  0.0000003444381970  0.0000001621920059
0.14773737374  0.0000000084810137  0.0000003260012370  0.0000001669053865
0.14974747475  0.0000000086398725  0.0000003068754609  0.0000001720316093
0.15175757576  0.0000000086976172  0.0000003007269185  0.0000001745104591
0.15376767677  0.0000000087394339  0.0000002963809553  0.0000001765350129
0.15577777778  0.0000000087828402  0.0000002919736404  0.0000001786139916
0.15778787879  0.0000000088278878  0.0000002875030758  0.0000001807494289
0.15979797980  0.0000000088746306  0.0000002829672072  0.0000001829434441
0.16180808081  0.0000000089231246  0.0000002783638580  0.0000001851982472
0.16381818182  0.0000000089734284  0.0000002736906818  0.0000001875161446
0.16582828283  0.0000000090256027  0.0000002689451947  0.0000001898995448
0.16783838384  0.0000000090797113  0.0000002641247274  0.0000001923509645
0.16984848485  0.0000000091358206  0.0000002592264550  0.0000001948730357
0.17185858586  0.0000000091940001  0.0000002542473535  0.0000001974685119
0.17386868687  0.0000000092543224  0.0000002491842036  0.0000002001402762
0.17587878788  0.0000000093168638  0.0000002440335921  0.0000002028913482
0.17788888889  0.0000000093816993  0.0000002388646925  0.0000002057246715
0.17989898990  0.0000000094488953  0.0000002335232119  0.0000002086427788
0.18190909091  0.0000000095185184  0.0000002280809513  0.0000002117534152
0.18391919192  0.0000000095906365  0.0000002225331886  0.0000002148442432
0.18592929293  0.0000000096653188  0.0000002168744046  0.0000002180276181
0.18793939394  0.0000000097426360  0.0000002110990077  0.0000002213072416
0.18994949495  0.0000000098226603  0.0000002052011386  0.0000002246838191
0.19195959596  0.0000000099054652  0.0000001991746611  0.0000002281611095
0.19396969697  0.0000000099911255  0.0000001930130769  0.0000002317997815
0.19597979798  0.0000000100797178  0.0000001867097759  0.0000002355347166
0.19798989899  0.0000000101713199  0.0000001803223974  0.0000002393253751
0.20000000000  0.0000000102660109  0.0000001737095340  0.0000002433174068
