0.00100000000  0.0000000000000000  0.0000000000000000  0.0000000000000000
0.00301010101  0.0000000000000000  0.0000000000439509  0.0000000000000000
0.00502020202  0.0000000000000000  0.0000000032304371  0.0000000000119673
0.00703030303  0.0000000000062793  0.0000001800529885  0.0000000008048963
0.00904040404  0.0000000000253064  0.0000002731153308  0.0000000019189431
0.01105050505  0.0000000000466016  0.0000003029548756  0.0000000028768043
0.01306060606  0.0000000000545282  0.0000002470334663  0.0000000031115837
0.01507070707  0.0000000000684856  0.0000001699874889  0.0000000034604792
0.01708080808  0.0000000000676172  0.0000001340291620  0.0000000033455085
0.01909090909  0.0000000000670714  0.0000000945287267  0.0000000031864698
0.02110101010  0.0000000000648200  0.0000000697262516  0.0000000030154650
0.02311111111  0.0000000000603733  0.0000000557400561  0.0000000027927453
0.02512121212  0.0000000000566686  0.0000000435855027  0.0000000026080881
0.02713131313  0.0000000000535494  0.0000000328218657  0.0000000024528275
0.02914141414  0.0000000000509097  0.0000000231275150  0.0000000023207833
0.03115151515  0.0000000000482234  0.0000000170034728  0.0000000021943941
0.03316161616  0.0000000000453042  0.0000000133141918  0.0000000020669199
0.03517171717  0.0000000000427256  0.0000000670434430  0.0000000019544482
0.03718181818  0.0000000000404307  0.0000000556807080  0.0000000018544948
0.03919191919  0.0000000000383745  0.0000000453758616  0.0000000017650918
0.04120202020  0.0000000000364469  0.0000000382002285  0.0000000016824210
0.04321212121  0.0000000000346120  0.0000000330377006  0.0000000016049619
0.04522222222  0.0000000000329421  0.0000000283178956  0.0000000015345322
0.04723232323  0.0000000000314166  0.0000000239839643  0.0000000014702183
0.04924242424  0.0000000000300184  0.0000000199883610  0.0000000014112581
0.05125252525  0.0000000000277150  0.0000000172335392  0.0000000013564213
0.05326262626  0.0000000000255381  0.0000000152235245  0.0000000013051662
0.05527272727  0.0000000000244833  0.0000000133569430  0.0000000012577019
0.05728282828  0.0000000000235054  0.0000000116186559  0.0000000012136231
0.05929292929  0.0000000000225964  0.0000000099955798  0.0000000011725807
0.06130303030  0.0000000000217431  0.0000000089202995  0.0000000011340267
0.06331313131  0.0000000000209400  0.0000000081443207  0.0000000010977220
0.06532323232  0.0000000000201884  0.0000000074157691  0.0000000010636839
0.06733333333  0.0000000000194836  0.0000000067303912  0.0000000010317066
0.06934343434  0.0000000000188213  0.0000000060844271  0.0000000010016088
0.07135353535  0.0000000000181978  0.0000000054745408  0.0000000009732296
0.07336363636  0.0000000000176096  0.0000000048977622  0.0000000009464260
0.07537373737  0.0000000000160658  0.0000000043514379  0.0000000009210706
0.07738383838  0.0000000000145860  0.0000000038331906  0.0000000008970492
0.07939393939  0.0000000000141458  0.0000000033408839  0.0000000008742592
0.08140404040  0.0000000000137266  0.0000000030392741  0.0000000008525241
0.08341414141  0.0000000000133272  0.0000000028221606  0.0000000008317833
0.08542424242  0.0000000000129476  0.0000000026152452  0.0000000008120300
0.08743434343  0.0000000000125864  0.0000000024178234  0.0000000007931953
0.08944444444  0.0000000000122424  0.0000000022292544  0.0000000007752166
0.09145454545  0.0000000000119144  0.0000000020489537  0.0000000007580370
0.09346464646  0.0000000000106207  0.0000000018763870  0.0000000007416043
0.09547474747  0.0000000000103466  0.0000000017110651  0.0000000007258709
0.09748484848  0.0000000000091015  0.0000000015525392  0.0000000007107931
0.09949494949  0.0000000000088753  0.0000000014003969  0.0000000006963308
0.10150505051  0.0000000000086582  0.0000000013151968  0.0000000006824197
0.10351515152  0.0000000000084499  0.0000000012533301  0.0000000006690374
0.10552525253  0.0000000000082501  0.0000000011938226  0.0000000006561698
0.10753535354  0.0000000000070590  0.0000000011365420  0.0000000006437880
0.10954545455  0.0000000000068975  0.0000000010813653  0.0000000006318650
0.11155555556  0.0000000000067423  0.0000000010281788  0.0000000006203756
0.11356565657  0.0000000000056146  0.0000000009768767  0.0000000006092967
0.11557575758  0.0000000000054923  0.0000000009273604  0.0000000005986068
0.11758585859  0.0000000000053745  0.0000000008795383  0.0000000005882856
0.11959595960  0.0000000000042706  0.0000000008333248  0.0000000005783146
0.12160606061  0.0000000000031863  0.0000000007886401  0.0000000005686759
0.12361616162  0.0000000000031210  0.0000000007454095  0.0000000005593535
0.12562626263  0.0000000000030579  0.0000000007035631  0.0000000005503319
0.12763636364  0.0000000000010160  0.0000000006630353  0.0000000005415969
0.12964646465  0.0000000000000000  0.0000000006237648  0.0000000005331351
0.13165656566  0.0000000000000000  0.0000000005856939  0.0000000005249337
0.13366666667  0.0000000000000000  0.0000000005487684  0.0000000005169810
0.13567676768  0.0000000000000000  0.0000000005129373  0.0000000005092661
0.13768686869  0.0000000000000000  0.0000000004781526  0.0000000005017780
0.13969696970  0.0000000000000000  0.0000000004443691  0.0000000004945072
0.14170707071  0.0000000000000000  0.0000000004115441  0.0000000004874443
0.14371717172  0.0000000000000000  0.0000000003796373  0.0000000004805808
0.14572727273  0.0000000000000000  0.0000000003486107  0.0000000004739078
0.14773737374  0.0000000000000000  0.0000000003184283  0.0000000004674178
0.14974747475  0.0000000000000000  0.0000000002890560  0.0000000004611039
0.15175757576  0.0000000000000000  0.0000000002765543  0.0000000004549517
0.15376767677  0.0000000000000000  0.0000000002666607  0.0000000004489598
0.15577777778  0.0000000000000000  0.0000000002570228  0.0000000004431241
0.15778787879  0.0000000000000000  0.0000000002476310  0.0000000004374404
0.15979797980  0.0000000000000000  0.0000000002384761  0.0000000004319373
0.16180808081  0.0000000000000000  0.0000000002295488  0.0000000004265312
0.16381818182  0.0000000000000000  0.0000000002208409  0.0000000004212586
0.16582828283  0.0000000000000000  0.0000000002123445  0.0000000004161148
0.16783838384  0.0000000000000000  0.0000000002040520  0.0000000004110950
0.16984848485  0.0000000000000000  0.0000000001959561  0.0000000004061948
0.17185858586  0.0000000000000000  0.0000000001880498  0.0000000004014101
0.17386868687  0.0000000000000000  0.0000000001803267  0.0000000003967366
0.17587878788  0.0000000000000000  0.0000000001727805  0.0000000003921708
0.17788888889  0.0000000000000000  0.0000000001654050  0.0000000003877087
0.17989898990  0.0000000000000000  0.0000000001581947  0.0000000003833470
0.18190909091  0.0000000000000000  0.0000000001511473  0.0000000003790839
0.18391919192  0.0000000000000000  0.0000000001442519  0.0000000003749136
0.18592929293  0.0000000000000000  0.0000000001375045  0.0000000003708333
0.18793939394  0.0000000000000000  0.0000000001309016  0.0000000003668409
0.18994949495  0.0000000000000000  0.0000000001244387  0.0000000003629334
0.19195959596  0.0000000000000000  0.0000000001181114  0.0000000003591083
0.19396969697  0.0000000000000000  0.0000000001119154  0.0000000003553630
0.19597979798  0.0000000000000000  0.0000000001058468  0.0000000003516949
0.19798989899  0.0000000000000000  0.0000000000999016  0.0000000003481018
0.20000000000  0.0000000000000000  0.0000000000940761  0.0000000003445813
