0.00625100000  0.0000000000000000  0.0000000000000000  0.0000000000000000
0.00820806061  0.0000000000000000  0.0000000000000000  0.0000000000000000
0.01016512121  0.0000000000000000  0.0000000000000000  0.0000000000000000
0.01212218182  0.0000000000000000  0.0000000000000000  0.0000000000000000
0.01407924242  0.0000000000000000  0.0000000000000000  0.0000000000000000
0.01603630303  0.0000000000000000  0.0000000000000000  0.0000000000000000
0.01799336364  0.0000000000000000  0.0000000000000000  0.0000000000000000
0.01995042424  0.0000000000000000  0.0000000000000000  0.0000000000000000
0.02190748485  0.0000000000000000  0.0000000000074296  0.0000000000000000
0.02386454545  0.0000000000000000  0.0000000000300713  0.0000000000000000
0.02582160606  0.0000000000000000  0.0000000001040110  0.0000000000012720
0.02777866667  0.0000000000000000  0.0000000004028500  0.0000000000065971
0.02973572727  0.0000000000000000  0.0000000012281577  -0.0000000000352536
0.03169278788  0.0000000000025035  0.0000000017624514  -0.0000000000605926
0.03364984848  0.0000000000096233  0.0000000044171900  -0.0000000013287087
0.03560690909  0.0000000000181092  0.0000000084392148  -0.0000000038639379
0.03756396970  0.0000000000297089  0.0000000137197231  -0.0000000056427711
0.03952103030  0.0000000000510300  0.0000000225552023  -0.0000000082359169
0.04147809091  0.0000000000703177  0.0000000303239543  -0.0000000100147202
0.04343515152  0.0000000000897003  0.0000000376915064  -0.0000000113285102
0.04539221212  0.0000000001149011  0.0000000466492851  -0.0000000126384988
0.04734927273  0.0000000001480825  0.0000000574410401  -0.0000000138664164
0.04930633333  0.0000000001925331  0.0000000702920362  -0.0000000148950358
0.05126339394  0.0000000002339164  0.0000000812050532  -0.0000000151845831
0.05322045455  0.0000000002717448  0.0000000905219037  -0.0000000153185213
0.05517751515  0.0000000003160257  0.0000001002820030  -0.0000000151684982
0.05713457576  0.0000000003682567  0.0000001103194166  -0.0000000146708385
0.05909163636  0.0000000004304341  0.0000001203809288  -0.0000000137510109
0.06104869697  0.0000000004860442  0.0000001287423247  -0.0000000125132345
0.06300575758  0.0000000005295494  0.0000001354742876  -0.0000000118434198
0.06496281818  0.0000000005763720  0.0000001419579641  -0.0000000109890060
0.06691987879  0.0000000006268703  0.0000001481075300  -0.0000000099386243
0.06887693939  0.0000000006815018  0.0000001538020016  -0.0000000086794416
0.07083400000  0.0000000007408142  0.0000001588980044  -0.0000000071981516
0.07279106061  0.0000000008054608  0.0000001632256594  -0.0000000054810376
0.07474812121  0.0000000008762145  0.0000001665802992  -0.0000000035140730
0.07670518182  0.0000000009539811  0.0000001687296287  -0.0000000012827168
0.07866224242  0.0000000010398589  0.0000001693899699  0.0000000012290343
0.08061930303  0.0000000011204523  0.0000001694819388  0.0000000037117865
0.08257636364  0.0000000011724056  0.0000001711351818  0.0000000051207709
0.08453342424  0.0000000012255991  0.0000001722379448  0.0000000064882303
0.08649048485  0.0000000012804442  0.0000001727898231  0.0000000079331575
0.08844754545  0.0000000013370654  0.0000001727454143  0.0000000094553384
0.09040460606  0.0000000013955999  0.0000001720644880  0.0000000110545072
0.09236166667  0.0000000014561988  0.0000001706898779  0.0000000127303419
0.09431872727  0.0000000015190279  0.0000001685746848  0.0000000144824698
0.09627578788  0.0000000015842688  0.0000001656572993  0.0000000163105437
0.09823284848  0.0000000016521212  0.0000001618737895  0.0000000182142335
0.10018990909  0.0000000017196776  0.0000001577021489  0.0000000201195331
0.10214696970  0.0000000017588046  0.0000001580254259  0.0000000211726401
0.10410403030  0.0000000017974229  0.0000001581017682  0.0000000220976593
0.10606109091  0.0000000018359739  0.0000001579624558  0.0000000230357718
0.10801815152  0.0000000018744775  0.0000001576060170  0.0000000239866843
0.10997521212  0.0000000019129536  0.0000001570310829  0.0000000249501576
0.11193227273  0.0000000019514229  0.0000001562361864  0.0000000259259833
0.11388933333  0.0000000019899062  0.0000001552197372  0.0000000269139843
0.11584639394  0.0000000020284251  0.0000001539799999  0.0000000279140156
0.11780345455  0.0000000020670015  0.0000001525150725  0.0000000289259653
0.11976051515  0.0000000021056578  0.0000001508228123  0.0000000299497453
0.12171757576  0.0000000021444172  0.0000001489003074  0.0000000309851837
0.12367463636  0.0000000021833032  0.0000001467440824  0.0000000320320476
0.12563169697  0.0000000022223398  0.0000001443504313  0.0000000330901044
0.12758875758  0.0000000022615511  0.0000001417154149  0.0000000341591214
0.12954581818  0.0000000023009616  0.0000001388348534  0.0000000352388653
0.13150287879  0.0000000023405961  0.0000001357043190  0.0000000363291006
0.13345993939  0.0000000023804798  0.0000001323191283  0.0000000374295891
0.13541700000  0.0000000024206380  0.0000001286743672  0.0000000385400979
0.13737406061  0.0000000024610968  0.0000001247650814  0.0000000396604653
0.13933112121  0.0000000025018824  0.0000001205861163  0.0000000407905713
0.14128818182  0.0000000025430220  0.0000001161319892  0.0000000419303086
0.14324524242  0.0000000025845433  0.0000001113968701  0.0000000430795820
0.14520230303  0.0000000026264745  0.0000001063745623  0.0000000442383092
0.14715936364  0.0000000026688449  0.0000001010584808  0.0000000454064208
0.14911642424  0.0000000027116843  0.0000000954416297  0.0000000465838608
0.15107348485  0.0000000027440644  0.0000000923417940  0.0000000475265453
0.15303054545  0.0000000027668437  0.0000000914391565  0.0000000481701886
0.15498760606  0.0000000027893475  0.0000000904815150  0.0000000488120355
0.15694466667  0.0000000028115857  0.0000000894691325  0.0000000494520747
0.15890172727  0.0000000028335683  0.0000000884022535  0.0000000500902884
0.16085878788  0.0000000028553046  0.0000000872811056  0.0000000507266518
0.16281584848  0.0000000028768037  0.0000000861059009  0.0000000513611334
0.16477290909  0.0000000028980746  0.0000000848768376  0.0000000519936947
0.16672996970  0.0000000029191256  0.0000000835941014  0.0000000526242901
0.16868703030  0.0000000029399651  0.0000000822578669  0.0000000532528670
0.17064409091  0.0000000029606009  0.0000000808682993  0.0000000538793658
0.17260115152  0.0000000029810407  0.0000000794255824  0.0000000545037382
0.17455821212  0.0000000030012926  0.0000000779300823  0.0000000551260654
0.17651527273  0.0000000030213645  0.0000000763822300  0.0000000557464925
0.17847233333  0.0000000030412643  0.0000000747824328  0.0000000563651713
0.18042939394  0.0000000030609997  0.0000000731310731  0.0000000569822610
0.18238645455  0.0000000030805783  0.0000000714285073  0.0000000575979275
0.18434351515  0.0000000031000076  0.0000000696750642  0.0000000582123443
0.18630057576  0.0000000031192948  0.0000000678710446  0.0000000588256923
0.18825763636  0.0000000031384472  0.0000000660167193  0.0000000594381599
0.19021469697  0.0000000031574717  0.0000000641115540  0.0000000601241027
0.19217175758  0.0000000031763755  0.0000000621573705  0.0000000607319686
0.19412881818  0.0000000031951653  0.0000000601534969  0.0000000613396035
0.19608587879  0.0000000032138476  0.0000000580997692  0.0000000619874464
0.19804293939  0.0000000032324279  0.0000000559965079  0.0000000625927344
0.20000000000  0.0000000032509116  0.0000000538433703  0.0000000631978987
