0.00202400000  0.0000000000000000  0.0000000000000000  0.0000000000000000
0.00402375758  0.0000000000000000  0.0000000000000000  0.0000000000000000
0.00602351515  0.0000000000000000  0.0000000007145681  0.0000000000000000
0.00802327273  0.0000000000000000  0.0000000024419253  0.0000000000011579
0.01002303030  0.0000000000000000  0.0000000047006879  0.0000000000034325
0.01202278788  0.0000000000000000  0.0000000062809768  0.0000000000089642
0.01402254545  0.0000000000000000  0.0000000066098974  0.0000000000193788
0.01602230303  0.0000000000000000  0.0000000060400321  0.0000000000293802
0.01802206061  0.0000000000000000  0.0000000056943846  0.0000000000375600
0.02002181818  0.0000000000000000  0.0000000046495157  0.0000000000460219
0.02202157576  0.0000000000000000  0.0000000045323882  0.0000000000516622
0.02402133333  0.0000000000000000  0.0000000042208049  0.0000000000568200
0.02602109091  0.0000000000000000  0.0000000037351191  0.0000000000615358
0.02802084848  0.0000000000000000  0.0000000030919123  0.0000000000668890
0.03002060606  0.0000000000000000  0.0000000023133338  0.0000000000708967
0.03202036364  0.0000000000000000  0.0000000020341117  0.0000000000737150
0.03402012121  0.0000000000000000  0.0000000107176466  0.0000000000761265
0.03601987879  0.0000000000000000  0.0000000097210731  0.0000000000781923
0.03801963636  0.0000000000000000  0.0000000086166453  0.0000000000799538
0.04001939394  0.0000000000000000  0.0000000074291460  0.0000000000814465
0.04201915152  0.0000000000000000  0.0000000068630003  0.0000000000825103
0.04401890909  0.0000000000000000  0.0000000062608785  0.0000000000833608
0.04601866667  0.0000000000000000  0.0000000056300766  0.0000000000840288
0.04801842424  0.0000000000000000  0.0000000049764532  0.0000000000845381
0.05001818182  0.0000000000000000  0.0000000043082372  0.0000000000849088
0.05201793939  0.0000000000000000  0.0000000039843083  0.0000000000850972
0.05401769697  0.0000000000000000  0.0000000036532248  0.0000000000851799
0.05601745455  0.0000000000000000  0.0000000033168694  0.0000000000851716
0.05801721212  0.0000000000000000  0.0000000029767807  0.0000000000850848
0.06001696970  0.0000000000000000  0.0000000026359340  0.0000000000849326
0.06201672727  0.0000000000000000  0.0000000024865446  0.0000000000846884
0.06401648485  0.0000000000000000  0.0000000023361153  0.0000000000843928
0.06601624242  0.0000000000000000  0.0000000021851393  0.0000000000840533
0.06801600000  0.0000000000000000  0.0000000020340072  0.0000000000836761
0.07001575758  0.0000000000000000  0.0000000018830503  0.0000000000832664
0.07201551515  0.0000000000000000  0.0000000017325499  0.0000000000828289
0.07401527273  0.0000000000000000  0.0000000015827441  0.0000000000823679
0.07601503030  0.0000000000000000  0.0000000014338340  0.0000000000818869
0.07801478788  0.0000000000000000  0.0000000012859886  0.0000000000813891
0.08001454545  0.0000000000000000  0.0000000011399768  0.0000000000808773
0.08201430303  0.0000000000000000  0.0000000010804534  0.0000000000803429
0.08401406061  0.0000000000000000  0.0000000010213780  0.0000000000797986
0.08601381818  0.0000000000000000  0.0000000009628096  0.0000000000792471
0.08801357576  0.0000000000000000  0.0000000009047874  0.0000000000786900
0.09001333333  0.0000000000000000  0.0000000008473440  0.0000000000781287
0.09201309091  0.0000000000000000  0.0000000007905060  0.0000000000775646
0.09401284848  0.0000000000000000  0.0000000007342950  0.0000000000769988
0.09601260606  0.0000000000000000  0.0000000006787294  0.0000000000764323
0.09801236364  0.0000000000000000  0.0000000006238197  0.0000000000758659
0.10001212121  0.0000000000000000  0.0000000005697859  0.0000000000753004
0.10201187879  0.0000000000000000  0.0000000005503672  0.0000000000747326
0.10401163636  0.0000000000000000  0.0000000005311649  0.0000000000741669
0.10601139394  0.0000000000000000  0.0000000005121833  0.0000000000736040
0.10801115152  0.0000000000000000  0.0000000004934252  0.0000000000730444
0.11001090909  0.0000000000000000  0.0000000004748926  0.0000000000724885
0.11201066667  0.0000000000000000  0.0000000004565866  0.0000000000719365
0.11401042424  0.0000000000000000  0.0000000004385081  0.0000000000713889
0.11601018182  0.0000000000000000  0.0000000004206570  0.0000000000708458
0.11800993939  0.0000000000000000  0.0000000004030343  0.0000000000703076
0.12000969697  0.0000000000000000  0.0000000003856374  0.0000000000697742
0.12200945455  0.0000000000000000  0.0000000003684677  0.0000000000692459
0.12400921212  0.0000000000000000  0.0000000003515311  0.0000000000687228
0.12600896970  0.0000000000000000  0.0000000003348023  0.0000000000682050
0.12800872727  0.0000000000000000  0.0000000003182935  0.0000000000676926
0.13000848485  0.0000000000000000  0.0000000003020025  0.0000000000671856
0.13200824242  0.0000000000000000  0.0000000002859270  0.0000000000666842
0.13400800000  0.0000000000000000  0.0000000002700646  0.0000000000661884
0.13600775758  0.0000000000000000  0.0000000002544127  0.0000000000656981
0.13800751515  0.0000000000000000  0.0000000002389685  0.0000000000652135
0.14000727273  0.0000000000000000  0.0000000002237295  0.0000000000647344
0.14200703030  0.0000000000000000  0.0000000002086927  0.0000000000642609
0.14400678788  0.0000000000000000  0.0000000001938554  0.0000000000637933
0.14600654545  0.0000000000000000  0.0000000001792149  0.0000000000633344
0.14800630303  0.0000000000000000  0.0000000001647680  0.0000000000628773
0.15000606061  0.0000000000000000  0.0000000001505409  0.0000000000624255
0.15200581818  0.0000000000000000  0.0000000001461810  0.0000000000619783
0.15400557576  0.0000000000000000  0.0000000001418769  0.0000000000615366
0.15600533333  0.0000000000000000  0.0000000001376278  0.0000000000611002
0.15800509091  0.0000000000000000  0.0000000001324535  0.0000000000606691
0.16000484848  0.0000000000000000  0.0000000001283397  0.0000000000602433
0.16200460606  0.0000000000000000  0.0000000001242772  0.0000000000598227
0.16400436364  0.0000000000000000  0.0000000001202658  0.0000000000594072
0.16600412121  0.0000000000000000  0.0000000001163054  0.0000000000589968
0.16800387879  0.0000000000000000  0.0000000001123950  0.0000000000585914
0.17000363636  0.0000000000000000  0.0000000001085340  0.0000000000581910
0.17200339394  0.0000000000000000  0.0000000001047215  0.0000000000577954
0.17400315152  0.0000000000000000  0.0000000001009568  0.0000000000574047
0.17600290909  0.0000000000000000  0.0000000000972391  0.0000000000570188
0.17800266667  0.0000000000000000  0.0000000000935676  0.0000000000566375
0.18000242424  0.0000000000000000  0.0000000000899416  0.0000000000562609
0.18200218182  0.0000000000000000  0.0000000000863604  0.0000000000558888
0.18400193939  0.0000000000000000  0.0000000000828232  0.0000000000555213
0.18600169697  0.0000000000000000  0.0000000000793293  0.0000000000551582
0.18800145455  0.0000000000000000  0.0000000000758781  0.0000000000547995
0.19000121212  0.0000000000000000  0.0000000000714933  0.0000000000544455
0.19200096970  0.0000000000000000  0.0000000000681717  0.0000000000540956
0.19400072727  0.0000000000000000  0.0000000000648895  0.0000000000537496
0.19600048485  0.0000000000000000  0.0000000000616465  0.0000000000534077
0.19800024242  0.0000000000000000  0.0000000000584421  0.0000000000530699
0.20000000000  0.0000000000000000  0.0000000000552757  0.0000000000527361
