0.00100000000  0.0000000000000000  0.0000000000000000  0.0000000000000000
0.00301010101  0.0000000000000000  -0.0000000000000000  0.0000000000000000
0.00502020202  0.0000000000000000  0.0000000000000000  0.0000000000000000
0.00703030303  0.0000000000000000  0.0000000000000001  0.0000000000000000
0.00904040404  0.0000000000000000  -0.0000000000000207  0.0000000000000000
0.01105050505  0.0000000000000000  -0.0000000000003456  0.0000000000000000
0.01306060606  0.0000000000000000  0.0000000000005003  0.0000000000000000
0.01507070707  0.0000000000000000  -0.0000000000011865  0.0000000000000000
0.01708080808  0.0000000000000000  -0.0000000000021028  0.0000000000000000
0.01909090909  0.0000000000000000  -0.0000000000017664  0.0000000000000000
0.02110101010  0.0000000000000000  -0.0000000000017697  0.0000000000000000
0.02311111111  0.0000000000000000  0.0000000000031530  0.0000000000000000
0.02512121212  0.0000000000000000  -0.0000000000013633  0.0000000000000000
0.02713131313  0.0000000000000000  0.0000000000016922  0.0000000000000000
0.02914141414  0.0000000000000000  0.0000000000000000  0.0000000000000000
0.03115151515  0.0000000000000000  0.0000000000000000  0.0000000000000000
0.03316161616  0.0000000000000000  0.0000000000000000  0.0000000000000000
0.03517171717  0.0000000000000000  0.0000000000016429  0.0000000000000000
0.03718181818  0.0000000000000000  -0.0000000000010043  0.0000000000000000
0.03919191919  0.0000000000000000  0.0000000000013527  0.0000000000000000
0.04120202020  0.0000000000000000  0.0000000000000000  0.0000000000000000
0.04321212121  0.0000000000000000  0.0000000000000000  0.0000000000000000
0.04522222222  0.0000000000000000  -0.0000000000010535  0.0000000000000000
0.04723232323  0.0000000000000000  0.0000000000000000  0.0000000000000000
0.04924242424  0.0000000000000000  0.0000000000000000  0.0000000000000000
0.05125252525  0.0000000000000000  0.0000000000000000  0.0000000000000000
0.05326262626  0.0000000000000000  0.0000000000000000  0.0000000000000000
0.05527272727  0.0000000000000000  0.0000000000028756  0.0000000000000000
0.05728282828  0.0000000000000000  0.0000000000266945  0.0000000000000000
0.05929292929  0.0000000000000000  0.0000000000397263  0.0000000000000000
0.06130303030  0.0000000000000000  0.0000000000480191  0.0000000000000000
0.06331313131  0.0000000000000000  0.0000000000504246  0.0000000000000000
0.06532323232  0.0000000000000000  0.0000000000550476  0.0000000000000000
0.06733333333  0.0000000000020997  0.0000000000613568  0.0000000000000000
0.06934343434  0.0000000000102732  0.0000000000721860  -0.0000000000095198
0.07135353535  0.0000000000226797  0.0000000001021538  -0.0000000000395762
0.07336363636  0.0000000000430006  0.0000000001692476  -0.0000000001081768
0.07537373737  0.0000000000649422  0.0000000002804190  -0.0000000002367046
0.07738383838  0.0000000000814018  0.0000000005683723  -0.0000000004789220
0.07939393939  0.0000000000957993  0.0000000012712467  -0.0000000009184093
0.08140404040  0.0000000001099056  0.0000000019430510  -0.0000000012538571
0.08341414141  0.0000000001190658  0.0000000025918837  -0.0000000015372316
0.08542424242  0.0000000001289793  0.0000000034724016  -0.0000000018768210
0.08743434343  0.0000000001381518  0.0000000046722609  -0.0000000022828465
0.08944444444  0.0000000001523273  0.0000000063117979  -0.0000000027644071
0.09145454545  0.0000000001634868  0.0000000085761227  -0.0000000033119711
0.09346464646  0.0000000001788788  0.0000000117100731  -0.0000000039382185
0.09547474747  0.0000000002021185  0.0000000160516636  -0.0000000046486185
0.09748484848  0.0000000002540652  0.0000000220714765  -0.0000000054377072
0.09949494949  0.0000000003441132  0.0000000304078596  -0.0000000062943064
0.10150505051  0.0000000004032164  0.0000000354846211  -0.0000000065492509
0.10351515152  0.0000000004514747  0.0000000393464136  -0.0000000067978762
0.10552525253  0.0000000005055891  0.0000000436256081  -0.0000000070442260
0.10753535354  0.0000000005665309  0.0000000483610863  -0.0000000072850296
0.10954545455  0.0000000006374120  0.0000000535950151  -0.0000000075176870
0.11155555556  0.0000000007184954  0.0000000593735012  -0.0000000077391998
0.11356565657  0.0000000008092534  0.0000000657446098  -0.0000000079461395
0.11557575758  0.0000000009176336  0.0000000727584702  -0.0000000081356505
0.11758585859  0.0000000010439074  0.0000000804661679  -0.0000000083013427
0.11959595960  0.0000000011875468  0.0000000889219788  -0.0000000084402686
0.12160606061  0.0000000013522841  0.0000000981767759  -0.0000000085449363
0.12361616162  0.0000000015422325  0.0000001082816350  -0.0000000086111955
0.12562626263  0.0000000017590015  0.0000001192852625  -0.0000000086311805
0.12763636364  0.0000000020077359  0.0000001312294526  -0.0000000085973393
0.12964646465  0.0000000022921751  0.0000001441470964  -0.0000000084981767
0.13165656566  0.0000000026188246  0.0000001580598166  -0.0000000083271831
0.13366666667  0.0000000029949617  0.0000001729702317  -0.0000000080743871
0.13567676768  0.0000000034248355  0.0000001888596417  -0.0000000077289570
0.13768686869  0.0000000039197942  0.0000002056778580  -0.0000000072793430
0.13969696970  0.0000000044928179  0.0000002233366188  -0.0000000067132759
0.14170707071  0.0000000051513485  0.0000002416973034  -0.0000000060178966
0.14371717172  0.0000000059082970  0.0000002605572876  -0.0000000051799141
0.14572727273  0.0000000067785399  0.0000002796334968  -0.0000000041858080
0.14773737374  0.0000000077792202  0.0000002985420503  -0.0000000030221168
0.14974747475  0.0000000089300969  0.0000003167735809  -0.0000000016758207
0.15175757576  0.0000000094095934  0.0000003249658234  -0.0000000008317425
0.15376767677  0.0000000097966062  0.0000003318817582  -0.0000000004078704
0.15577777778  0.0000000101989893  0.0000003387301141  0.0000000000356674
0.15778787879  0.0000000106173148  0.0000003454909822  0.0000000004992545
0.15979797980  0.0000000110521773  0.0000003521430305  0.0000000009832592
0.16180808081  0.0000000115041897  0.0000003586632770  0.0000000014880317
0.16381818182  0.0000000119739889  0.0000003650271571  0.0000000020139024
0.16582828283  0.0000000124622330  0.0000003712083315  0.0000000025611798
0.16783838384  0.0000000129696059  0.0000003771787024  0.0000000031301481
0.16984848485  0.0000000134968157  0.0000003829082406  0.0000000037210655
0.17185858586  0.0000000140445961  0.0000003883649015  0.0000000043341607
0.17386868687  0.0000000146137080  0.0000003935145348  0.0000000049696315
0.17587878788  0.0000000152049410  0.0000003983207748  0.0000000056276411
0.17788888889  0.0000000158191134  0.0000004027448995  0.0000000063083162
0.17989898990  0.0000000164570723  0.0000004067456788  0.0000000070117424
0.18190909091  0.0000000171196990  0.0000004102793490  0.0000000077379631
0.18391919192  0.0000000178079052  0.0000004132993569  0.0000000084869742
0.18592929293  0.0000000185226370  0.0000004157562686  0.0000000092587215
0.18793939394  0.0000000192648761  0.0000004175976230  0.0000000100530964
0.18994949495  0.0000000200356408  0.0000004187677630  0.0000000108699327
0.19195959596  0.0000000208359880  0.0000004192076730  0.0000000117090020
0.19396969697  0.0000000216670128  0.0000004188547687  0.0000000125700083
0.19597979798  0.0000000225298533  0.0000004176427698  0.0000000134525852
0.19798989899  0.0000000234256891  0.0000004155014417  0.0000000143562894
0.20000000000  0.0000000243557389  0.0000004123563151  0.0000000152805921
