0.00100000000  0.0000000000000000  0.0000000000000000  0.0000000000000000
0.00301010101  0.0000000000000000  0.0000000000000000  0.0000000000000000
0.00502020202  0.0000000000000000  0.0000000000000000  0.0000000000000000
0.00703030303  0.0000000000000000  0.0000000315309206  -0.0000000078340149
0.00904040404  0.0000000000000000  0.0000000507542923  -0.0000000059685872
0.01105050505  0.0000000000120397  0.0000000803792207  -0.0000000051216722
0.01306060606  0.0000000000230056  0.0000000969016153  -0.0000000043131758
0.01507070707  0.0000000000498502  0.0000001186713957  -0.0000000028115243
0.01708080808  0.0000000000673945  0.0000001265866066  -0.0000000013889991
0.01909090909  0.0000000000980673  0.0000001334638285  -0.0000000003623956
0.02110101010  0.0000000001346055  0.0000001403995136  0.0000000008474757
0.02311111111  0.0000000001571967  0.0000001410464102  0.0000000014247120
0.02512121212  0.0000000001909763  0.0000001430264695  0.0000000022711913
0.02713131313  0.0000000002470004  0.0000001475476338  0.0000000034321213
0.02914141414  0.0000000003603449  0.0000001597473734  0.0000000057692694
0.03115151515  0.0000000005307901  0.0000001823136790  0.0000000099511623
0.03316161616  0.0000000007028100  0.0000002012647745  0.0000000149767697
0.03517171717  0.0000000011315214  0.0000017026779962  0.0000000207566337
0.03718181818  0.0000000024040421  0.0000031829410196  0.0000000532255652
0.03919191919  0.0000000066499950  0.0000075734971012  0.0000001561749147
0.04120202020  0.0000000137151640  0.0000138554421231  0.0000003204311732
0.04321212121  0.0000000205838476  0.0000189466293223  0.0000004778417566
0.04522222222  0.0000000312363587  0.0000259903681171  0.0000007179134935
0.04723232323  0.0000000480694612  0.0000356158625214  0.0000010861584657
0.04924242424  0.0000000749596629  0.0000485186986252  0.0000016540796713
0.05125252525  0.0000001001423518  0.0000584574894765  0.0000021760336189
0.05326262626  0.0000001199500834  0.0000646013247073  0.0000025814150192
0.05527272727  0.0000001441591617  0.0000710358431616  0.0000030686171465
0.05728282828  0.0000001737247261  0.0000775915267959  0.0000036552288110
0.05929292929  0.0000002102344263  0.0000839999033326  0.0000043629850970
0.06130303030  0.0000002342553330  0.0000867811198109  0.0000048295692609
0.06331313131  0.0000002479971840  0.0000870768883218  0.0000050982367726
0.06532323232  0.0000002629014352  0.0000871610612350  0.0000053875400401
0.06733333333  0.0000002790702098  0.0000869875989310  0.0000056989003472
0.06934343434  0.0000002966187958  0.0000865040728600  0.0000060340451983
0.07135353535  0.0000003156718765  0.0000856506897386  0.0000063948789692
0.07336363636  0.0000003363722556  0.0000843590918350  0.0000067835028065
0.07537373737  0.0000003588786453  0.0000825509572602  0.0000072022377925
0.07738383838  0.0000003833689974  0.0000801362814333  0.0000076536457164
0.07939393939  0.0000004100430107  0.0000770107758977  0.0000081404966072
0.08140404040  0.0000004215221005  0.0000742066344886  0.0000083588259016
0.08341414141  0.0000004250137084  0.0000715500893897  0.0000084347034811
0.08542424242  0.0000004288443323  0.0000688497109304  0.0000085159367541
0.08743434343  0.0000004329271806  0.0000660969100063  0.0000086024228098
0.08944444444  0.0000004373041437  0.0000632832182623  0.0000086940738806
0.09145454545  0.0000004419748435  0.0000604002495798  0.0000087908159636
0.09346464646  0.0000004469398867  0.0000574397542212  0.0000088926008507
0.09547474747  0.0000004522008730  0.0000543936425647  0.0000089994175268
0.09748484848  0.0000004577602606  0.0000512537515190  0.0000091112701572
0.09949494949  0.0000004636213307  0.0000480117851690  0.0000092281748330
0.10150505051  0.0000004619800988  0.0000460429696065  0.0000092125852300
0.10351515152  0.0000004574245110  0.0000445120607190  0.0000091470156526
0.10552525253  0.0000004530750047  0.0000430091285644  0.0000090847446821
0.10753535354  0.0000004489208303  0.0000415321685340  0.0000090255946194
0.10954545455  0.0000004449520227  0.0000400793165279  0.0000089694009913
0.11155555556  0.0000004411853420  0.0000386488681982  0.0000089160177491
0.11356565657  0.0000004376346618  0.0000372392744477  0.0000088653186465
0.11557575758  0.0000004341653007  0.0000358490843706  0.0000088171878546
0.11758585859  0.0000004308482056  0.0000344769325848  0.0000087715183741
0.11959595960  0.0000004277728453  0.0000331215314029  0.0000087282113874
0.12160606061  0.0000004247831222  0.0000317816637154  0.0000086871756645
0.12361616162  0.0000004218769867  0.0000304561762684  0.0000086483269026
0.12562626263  0.0000004190980186  0.0000291439737494  0.0000086115872302
0.12763636364  0.0000004164408661  0.0000278440133712  0.0000085768847517
0.12964646465  0.0000004139005037  0.0000265552998681  0.0000085441531105
0.13165656566  0.0000004115131600  0.0000252768753638  0.0000085133294881
0.13366666667  0.0000004091918918  0.0000240077720557  0.0000084843407558
0.13567676768  0.0000004069740243  0.0000227470422682  0.0000084571100845
0.13768686869  0.0000004048556000  0.0000214937859756  0.0000084317168291
0.13969696970  0.0000004028328986  0.0000202471482016  0.0000084077779230
0.14170707071  0.0000004009024191  0.0000190063150807  0.0000083853913952
0.14371717172  0.0000003990608659  0.0000177705115412  0.0000083644960259
0.14572727273  0.0000003973051347  0.0000165389985265  0.0000083450338527
0.14773737374  0.0000003956323002  0.0000153110705739  0.0000083269499490
0.14974747475  0.0000003940396043  0.0000140862112871  0.0000083101922195
0.15175757576  0.0000003900893403  0.0000135735360542  0.0000082502906205
0.15376767677  0.0000003858274879  0.0000131670937863  0.0000081842639497
0.15577777778  0.0000003816720435  0.0000127673834772  0.0000081198490332
0.15778787879  0.0000003776190900  0.0000123741479733  0.0000080569806608
0.15979797980  0.0000003736649043  0.0000119871525508  0.0000079956019687
0.16180808081  0.0000003698059430  0.0000116061762957  0.0000079356603054
0.16381818182  0.0000003660388314  0.0000112310088372  0.0000078771056935
0.16582828283  0.0000003623603544  0.0000108614496902  0.0000078198906693
0.16783838384  0.0000003587674458  0.0000104973076432  0.0000077639701334
0.16984848485  0.0000003552571800  0.0000101384001916  0.0000077093012123
0.17185858586  0.0000003518267642  0.0000097845530075  0.0000076558431290
0.17386868687  0.0000003484735306  0.0000094355994471  0.0000076035570830
0.17587878788  0.0000003451949291  0.0000090913800608  0.0000075525183352
0.17788888889  0.0000003419885207  0.0000087517422900  0.0000075024619860
0.17989898990  0.0000003388519715  0.0000084165398740  0.0000074534721839
0.18190909091  0.0000003357830473  0.0000080856326068  0.0000074055169864
0.18391919192  0.0000003327796071  0.0000077588859532  0.0000073585659379
0.18592929293  0.0000003298395996  0.0000074361707216  0.0000073125899892
0.18793939394  0.0000003269610578  0.0000071173625061  0.0000072675612056
0.18994949495  0.0000003241421000  0.0000068023395396  0.0000072234509629
0.19195959596  0.0000003213809244  0.0000064909838750  0.0000071802308504
0.19396969697  0.0000003186758027  0.0000061832918632  0.0000071378736512
0.19597979798  0.0000003160250754  0.0000058789283654  0.0000070963532902
0.19798989899  0.0000003134271498  0.0000055779066478  0.0000070557743608
0.20000000000  0.0000003108804955  0.0000052801267230  0.0000070158450007
