0.00100000000  0.0000000000000000  0.0000000000000000  0.0000000000000000
0.00301010101  0.0000000000000000  0.0000000000000000  0.0000000000000000
0.00502020202  0.0000000000000000  0.0000000000000000  0.0000000000000000
0.00703030303  0.0000000000000000  0.0000000000000000  0.0000000000000000
0.00904040404  0.0000000000000000  0.0000000000000000  0.0000000000000000
0.01105050505  0.0000000000000000  0.0000000000580734  0.0000000000000000
0.01306060606  0.0000000000000000  0.0000000011579196  -0.0000000005066629
0.01507070707  0.0000000000201180  0.0000000347063060  -0.0000000131839489
0.01708080808  0.0000000000605404  0.0000000849485490  -0.0000000214750938
0.01909090909  0.0000000001706446  0.0000001868058473  -0.0000000344686353
0.02110101010  0.0000000003375685  0.0000002965532407  -0.0000000355115378
0.02311111111  0.0000000004590079  0.0000003551042060  -0.0000000351720274
0.02512121212  0.0000000006402599  0.0000004233525611  -0.0000000328164179
0.02713131313  0.0000000009306210  0.0000005030004721  -0.0000000273963057
0.02914141414  0.0000000014526140  0.0000005968920649  -0.0000000168219831
0.03115151515  0.0000000019819882  0.0000006422273162  -0.0000000011634512
0.03316161616  0.0000000022810300  0.0000006220163731  0.0000000079962789
0.03517171717  0.0000000021565366  0.0000031413749547  -0.0000001779286386
0.03718181818  0.0000000026337982  0.0000034138688026  -0.0000001720526146
0.03919191919  0.0000000033535543  0.0000037508925203  -0.0000001644042530
0.04120202020  0.0000000039775507  0.0000039564999185  -0.0000001495858313
0.04321212121  0.0000000044071242  0.0000040015779938  -0.0000001306505264
0.04522222222  0.0000000049333593  0.0000040427724552  -0.0000001099524313
0.04723232323  0.0000000055922700  0.0000040782077209  -0.0000000869222102
0.04924242424  0.0000000064403971  0.0000041049141861  -0.0000000606621927
0.05125252525  0.0000000071118473  0.0000040912604539  -0.0000000362160620
0.05326262626  0.0000000076039747  0.0000040403580578  -0.0000000173822560
0.05527272727  0.0000000081769143  0.0000039800071035  0.0000000027261015
0.05728282828  0.0000000088521289  0.0000039075362168  0.0000000244618449
0.05929292929  0.0000000096593440  0.0000038192711786  0.0000000483119994
0.06130303030  0.0000000101884481  0.0000037380768641  0.0000000669257520
0.06331313131  0.0000000105122860  0.0000036575267208  0.0000000788230285
0.06532323232  0.0000000108682069  0.0000035722627008  0.0000000911600369
0.06733333333  0.0000000112604933  0.0000034815880835  0.0000001040142475
0.06934343434  0.0000000117073170  0.0000033846699191  0.0000001174792945
0.07135353535  0.0000000122224617  0.0000032805027694  0.0000001316693857
0.07336363636  0.0000000127949457  0.0000031678276061  0.0000001467245880
0.07537373737  0.0000000134204396  0.0000030450765364  0.0000001628184203
0.07738383838  0.0000000140973065  0.0000029103142580  0.0000001801721167
0.07939393939  0.0000000148677693  0.0000027611209708  0.0000001990727930
0.08140404040  0.0000000153131699  0.0000026602998220  0.0000002109907793
0.08341414141  0.0000000155246843  0.0000025802990777  0.0000002180071535
0.08542424242  0.0000000157501749  0.0000024981284104  0.0000002252753050
0.08743434343  0.0000000160373025  0.0000024135599258  0.0000002328242072
0.08944444444  0.0000000163377355  0.0000023263470572  0.0000002406883496
0.09145454545  0.0000000166402356  0.0000022362239304  0.0000002489081899
0.09346464646  0.0000000170351979  0.0000021428873282  0.0000002575315732
0.09547474747  0.0000000173559242  0.0000020460072966  0.0000002666180318
0.09748484848  0.0000000177043487  0.0000019452115114  0.0000002762388630
0.09949494949  0.0000000180839646  0.0000018400817444  0.0000002864834572
0.10150505051  0.0000000181969914  0.0000017834912778  0.0000002914383627
0.10351515152  0.0000000182084015  0.0000017431663338  0.0000002939182913
0.10552525253  0.0000000182247185  0.0000017027114579  0.0000002964871824
0.10753535354  0.0000000182460623  0.0000016621037693  0.0000002991501032
0.10954545455  0.0000000182725693  0.0000016213199770  0.0000003019126338
0.11155555556  0.0000000183043942  0.0000015803362688  0.0000003047809181
0.11356565657  0.0000000183417109  0.0000015391281885  0.0000003077617207
0.11557575758  0.0000000183847148  0.0000014976704971  0.0000003108624894
0.11758585859  0.0000000184336246  0.0000014559381046  0.0000003140914405
0.11959595960  0.0000000184886859  0.0000014139026328  0.0000003174578318
0.12160606061  0.0000000185501745  0.0000013715378514  0.0000003209720217
0.12361616162  0.0000000186183982  0.0000013288150120  0.0000003246454453
0.12562626263  0.0000000186937005  0.0000012857034620  0.0000003284907293
0.12763636364  0.0000000187764637  0.0000012421703772  0.0000003325218220
0.12964646465  0.0000000188671140  0.0000011981804376  0.0000003367541407
0.13165656566  0.0000000189661255  0.0000011536953693  0.0000003412047345
0.13366666667  0.0000000190740259  0.0000011086735164  0.0000003458924685
0.13567676768  0.0000000191914023  0.0000010630692989  0.0000003508382282
0.13768686869  0.0000000193189082  0.0000010168326331  0.0000003560651498
0.13969696970  0.0000000194572690  0.0000009699078887  0.0000003615987549
0.14170707071  0.0000000196072841  0.0000009222322920  0.0000003674668023
0.14371717172  0.0000000197698390  0.0000008737359178  0.0000003736998770
0.14572727273  0.0000000199459164  0.0000008243409496  0.0000003803318321
0.14773737374  0.0000000201366069  0.0000007739604325  0.0000003874001479
0.14974747475  0.0000000203431217  0.0000007224969374  0.0000003949463311
0.15175757576  0.0000000203536732  0.0000007036900583  0.0000003977280782
0.15376767677  0.0000000203336906  0.0000006895310355  0.0000003996814196
0.15577777778  0.0000000203167614  0.0000006753653871  0.0000004017102923
0.15778787879  0.0000000203029032  0.0000006611884097  0.0000004038162973
0.15979797980  0.0000000202921359  0.0000006469952858  0.0000004060010978
0.16180808081  0.0000000202844816  0.0000006327811357  0.0000004082664201
0.16381818182  0.0000000202799646  0.0000006185409514  0.0000004106140575
0.16582828283  0.0000000202786139  0.0000006042697943  0.0000004130459961
0.16783838384  0.0000000202804640  0.0000005899627733  0.0000004155644779
0.16984848485  0.0000000202855526  0.0000005756149003  0.0000004181728851
0.17185858586  0.0000000202939208  0.0000005612210125  0.0000004208716629
0.17386868687  0.0000000203056123  0.0000005467757903  0.0000004236643590
0.17587878788  0.0000000203206746  0.0000005322737378  0.0000004265536485
0.17788888889  0.0000000203391582  0.0000005177091702  0.0000004295423231
0.17989898990  0.0000000203611171  0.0000005030762003  0.0000004326332958
0.18190909091  0.0000000203866090  0.0000004883685649  0.0000004359035244
0.18391919192  0.0000000204156949  0.0000004735802654  0.0000004392045644
0.18592929293  0.0000000204484401  0.0000004587045482  0.0000004426175276
0.18793939394  0.0000000204849134  0.0000004437345736  0.0000004461458672
0.18994949495  0.0000000205251881  0.0000004286632233  0.0000004497931876
0.19195959596  0.0000000205693415  0.0000004134830839  0.0000004535632517
0.19396969697  0.0000000206174550  0.0000003981864179  0.0000004574599740
0.19597979798  0.0000000206696068  0.0000003827648864  0.0000004614870353
0.19798989899  0.0000000207258698  0.0000003672822862  0.0000004656477930
0.20000000000  0.0000000207863191  0.0000003515783141  0.0000004699456661
