0.07906000000  0.0000000000000000  0.0000000000000000  0.0000000000000000
0.08028161616  0.0000000000000000  0.0000000000127846  0.0000000000000000
0.08150323232  0.0000000000000000  0.0000000000041631  0.0000000000000000
0.08272484848  0.0000000000000000  0.0000000000000000  0.0000000000000000
0.08394646465  0.0000000000000000  0.0000000000000000  0.0000000000000000
0.08516808081  0.0000000000000000  0.0000000000128517  0.0000000000000000
0.08638969697  0.0000000000000000  0.0000000000371357  0.0000000000000000
0.08761131313  0.0000000000000000  0.0000000000740405  0.0000000000019941
0.08883292929  0.0000000000000000  0.0000000001208032  0.0000000000040728
0.09005454545  0.0000000000000000  0.0000000001534102  0.0000000000059951
0.09127616162  0.0000000000000000  0.0000000001609917  0.0000000000068323
0.09249777778  0.0000000000000000  0.0000000001496005  0.0000000000066230
0.09371939394  0.0000000000000000  0.0000000001202620  0.0000000000060275
0.09494101010  0.0000000000000000  0.0000000000969221  0.0000000000056550
0.09616262626  0.0000000000000000  0.0000000000849634  0.0000000000058383
0.09738424242  0.0000000000000000  0.0000000000808790  0.0000000000066125
0.09860585859  0.0000000000000000  0.0000000000786629  0.0000000000079934
0.09982747475  0.0000000000000000  0.0000000000739010  0.0000000000114066
0.10104909091  0.0000000000000000  0.0000000000832228  0.0000000000135783
0.10227070707  0.0000000000000000  0.0000000000984969  0.0000000000161566
0.10349232323  0.0000000000000000  0.0000000001169306  0.0000000000212634
0.10471393939  0.0000000000000000  0.0000000001335930  0.0000000000244384
0.10593555556  0.0000000000000000  0.0000000001488532  0.0000000000272613
0.10715717172  0.0000000000000000  0.0000000001607735  0.0000000000306674
0.10837878788  0.0000000000000000  0.0000000001690941  0.0000000000322012
0.10960040404  0.0000000000000000  0.0000000001744651  0.0000000000336178
0.11082202020  0.0000000000000000  0.0000000001775300  0.0000000000346968
0.11204363636  0.0000000000000000  0.0000000001792818  0.0000000000355960
0.11326525253  0.0000000000000000  0.0000000001809585  0.0000000000365092
0.11448686869  0.0000000000000000  0.0000000001836206  0.0000000000376271
0.11570848485  0.0000000000000000  0.0000000001875560  0.0000000000390123
0.11693010101  0.0000000000000000  0.0000000001926129  0.0000000000406498
0.11815171717  0.0000000000000000  0.0000000001986395  0.0000000000425222
0.11937333333  0.0000000000000000  0.0000000002049860  0.0000000000456185
0.12059494949  0.0000000000000000  0.0000000002117339  0.0000000000479290
0.12181656566  0.0000000000000000  0.0000000002193301  0.0000000000514921
0.12303818182  0.0000000000000000  0.0000000002268790  0.0000000000552703
0.12425979798  0.0000000000000000  0.0000000002340209  0.0000000000580997
0.12548141414  0.0000000000010024  0.0000000002401583  0.0000000000608734
0.12670303030  0.0000000000010329  0.0000000002450337  0.0000000000635537
0.12792464646  0.0000000000010636  0.0000000002495081  0.0000000000672404
0.12914626263  0.0000000000010947  0.0000000002530874  0.0000000000699206
0.13036787879  0.0000000000011260  0.0000000002557630  0.0000000000725522
0.13158949495  0.0000000000011577  0.0000000002576813  0.0000000000751587
0.13281111111  0.0000000000011898  0.0000000002588438  0.0000000000777526
0.13403272727  0.0000000000012222  0.0000000002593621  0.0000000000803616
0.13525434343  0.0000000000012550  0.0000000002592565  0.0000000000830072
0.13647595960  0.0000000000012881  0.0000000002584278  0.0000000000856994
0.13769757576  0.0000000000013213  0.0000000002572854  0.0000000000885074
0.13891919192  0.0000000000013551  0.0000000002557320  0.0000000000914290
0.14014080808  0.0000000000013871  0.0000000002535502  0.0000000000954884
0.14136242424  0.0000000000014215  0.0000000002502861  0.0000000000985889
0.14258404040  0.0000000000014564  0.0000000002468717  0.0000000001018662
0.14380565657  0.0000000000014916  0.0000000002427546  0.0000000001052486
0.14502727273  0.0000000000015272  0.0000000002378193  0.0000000001087243
0.14624888889  0.0000000000015633  0.0000000002318971  0.0000000001122687
0.14747050505  0.0000000000015998  0.0000000002251439  0.0000000001159168
0.14869212121  0.0000000000016368  0.0000000002173758  0.0000000001196395
0.14991373737  0.0000000000016743  0.0000000002085259  0.0000000001234281
0.15113535354  0.0000000000017029  0.0000000002106762  0.0000000001264118
0.15235696970  0.0000000000017308  0.0000000002137102  0.0000000001293652
0.15357858586  0.0000000000027704  0.0000000002165463  0.0000000001323058
0.15480020202  0.0000000000028145  0.0000000002192316  0.0000000001352464
0.15602181818  0.0000000000028584  0.0000000002218535  0.0000000001382113
0.15724343434  0.0000000000029023  0.0000000002243433  0.0000000001411854
0.15846505051  0.0000000000029460  0.0000000002266996  0.0000000001441709
0.15968666667  0.0000000000039999  0.0000000002289235  0.0000000001471707
0.16090828283  0.0000000000040658  0.0000000002310202  0.0000000001501891
0.16212989899  0.0000000000041317  0.0000000002329926  0.0000000001532303
0.16335151515  0.0000000000041978  0.0000000002348442  0.0000000001562990
0.16457313131  0.0000000000052696  0.0000000002365755  0.0000000001593984
0.16579474747  0.0000000000053486  0.0000000002381852  0.0000000001625297
0.16701636364  0.0000000000054276  0.0000000002396653  0.0000000001656918
0.16823797980  0.0000000000055067  0.0000000002410151  0.0000000001688858
0.16945959596  0.0000000000055859  0.0000000002420806  0.0000000001720621
0.17068121212  0.0000000000056651  0.0000000002430422  0.0000000001740676
0.17190282828  0.0000000000057445  0.0000000002439646  0.0000000001773323
0.17312444444  0.0000000000058239  0.0000000002447357  0.0000000001806278
0.17434606061  0.0000000000059033  0.0000000002453496  0.0000000001839528
0.17556767677  0.0000000000069848  0.0000000002458022  0.0000000001873070
0.17678929293  0.0000000000070844  0.0000000002460897  0.0000000001906903
0.17801090909  0.0000000000082014  0.0000000002462047  0.0000000001940945
0.17923252525  0.0000000000083263  0.0000000002461454  0.0000000001975334
0.18045414141  0.0000000000094600  0.0000000002458921  0.0000000002008184
0.18167575758  0.0000000000096074  0.0000000002454639  0.0000000002042799
0.18289737374  0.0000000000097557  0.0000000002448540  0.0000000002077974
0.18411898990  0.0000000000099048  0.0000000002440511  0.0000000002112906
0.18534060606  0.0000000000100549  0.0000000002430587  0.0000000002148655
0.18656222222  0.0000000000102058  0.0000000002418467  0.0000000002181086
0.18778383838  0.0000000000103576  0.0000000002404583  0.0000000002217361
0.18900545455  0.0000000000105097  0.0000000002388553  0.0000000002253905
0.19022707071  0.0000000000106632  0.0000000002370562  0.0000000002290823
0.19144868687  0.0000000000108177  0.0000000002350498  0.0000000002328088
0.19267030303  0.0000000000109732  0.0000000002328307  0.0000000002365681
0.19389191919  0.0000000000111296  0.0000000002303962  0.0000000002403664
0.19511353535  0.0000000000112870  0.0000000002277426  0.0000000002442024
0.19633515152  0.0000000000114451  0.0000000002248609  0.0000000002480743
0.19755676768  0.0000000000116045  0.0000000002217576  0.0000000002519697
0.19877838384  0.0000000000117649  0.0000000002184243  0.0000000002559231
0.20000000000  0.0000000000129436  0.0000000002148554  0.0000000002599165
