0.00100000000  0.0000000000000000  0.0000000000000000  0.0000000000000000
0.00301010101  0.0000000000000000  0.0000000000000000  0.0000000000000000
0.00502020202  0.0000000000000000  0.0000000052596312  0.0000000000013732
0.00703030303  0.0000000000000000  0.0000000701156698  0.0000000000440609
0.00904040404  0.0000000000032265  0.0000000812430493  0.0000000000991746
0.01105050505  0.0000000000112667  0.0000000908190703  0.0000000001699556
0.01306060606  0.0000000000158204  0.0000000829901039  0.0000000002195559
0.01507070707  0.0000000000223400  0.0000000597592035  0.0000000002747785
0.01708080808  0.0000000000244907  0.0000000495528399  0.0000000002892995
0.01909090909  0.0000000000254674  0.0000000372661570  0.0000000003009481
0.02110101010  0.0000000000256923  0.0000000288183860  0.0000000003044152
0.02311111111  0.0000000000252735  0.0000000243936450  0.0000000003006137
0.02512121212  0.0000000000248149  0.0000000199932839  0.0000000002963771
0.02713131313  0.0000000000243407  0.0000000156545755  0.0000000002919860
0.02914141414  0.0000000000238701  0.0000000113939946  0.0000000002876118
0.03115151515  0.0000000000232445  0.0000000086179769  0.0000000002814137
0.03316161616  0.0000000000215155  0.0000000069616192  0.0000000002739091
0.03517171717  0.0000000000208446  0.0000000360393976  0.0000000002667224
0.03718181818  0.0000000000202049  0.0000000306812078  0.0000000002598638
0.03919191919  0.0000000000195990  0.0000000255647186  0.0000000002543429
0.04120202020  0.0000000000189950  0.0000000219662325  0.0000000002477786
0.04321212121  0.0000000000183998  0.0000000193818469  0.0000000002412546
0.04522222222  0.0000000000178324  0.0000000169212290  0.0000000002350515
0.04723232323  0.0000000000172912  0.0000000145764292  0.0000000002291522
0.04924242424  0.0000000000167757  0.0000000123398735  0.0000000002235396
0.05125252525  0.0000000000162773  0.0000000107963723  0.0000000002180822
0.05326262626  0.0000000000148082  0.0000000096724327  0.0000000002128096
0.05527272727  0.0000000000143767  0.0000000085989793  0.0000000002077826
0.05728282828  0.0000000000139664  0.0000000075727849  0.0000000002029859
0.05929292929  0.0000000000135756  0.0000000065908528  0.0000000001984056
0.06130303030  0.0000000000122174  0.0000000059467865  0.0000000001939776
0.06331313131  0.0000000000118856  0.0000000054870826  0.0000000001897132
0.06532323232  0.0000000000115684  0.0000000050463914  0.0000000001856316
0.06733333333  0.0000000000112651  0.0000000046235847  0.0000000001817221
0.06934343434  0.0000000000109748  0.0000000042175191  0.0000000001779723
0.07135353535  0.0000000000106965  0.0000000038272829  0.0000000001743743
0.07336363636  0.0000000000104299  0.0000000034519708  0.0000000001709194
0.07537373737  0.0000000000101742  0.0000000030907424  0.0000000001675997
0.07738383838  0.0000000000089429  0.0000000027428186  0.0000000001644108
0.07939393939  0.0000000000087291  0.0000000024074681  0.0000000001613382
0.08140404040  0.0000000000075383  0.0000000022050223  0.0000000001583606
0.08341414141  0.0000000000073642  0.0000000020609901  0.0000000001544870
0.08542424242  0.0000000000071972  0.0000000019219428  0.0000000001517203
0.08743434343  0.0000000000070366  0.0000000017876260  0.0000000001490510
0.08944444444  0.0000000000068822  0.0000000016578019  0.0000000001464742
0.09145454545  0.0000000000067334  0.0000000015322481  0.0000000001439852
0.09346464646  0.0000000000055970  0.0000000014107564  0.0000000001415797
0.09547474747  0.0000000000054785  0.0000000012931318  0.0000000001392536
0.09748484848  0.0000000000043855  0.0000000011791913  0.0000000001370030
0.09949494949  0.0000000000042957  0.0000000010687631  0.0000000001348243
0.10150505051  0.0000000000042087  0.0000000010084245  0.0000000001327083
0.10351515152  0.0000000000031260  0.0000000009653439  0.0000000001306557
0.10552525253  0.0000000000020774  0.0000000009235387  0.0000000001286658
0.10753535354  0.0000000000020368  0.0000000008829560  0.0000000001267361
0.10954545455  0.0000000000000000  0.0000000008435400  0.0000000001248636
0.11155555556  0.0000000000000000  0.0000000008052369  0.0000000001230454
0.11356565657  0.0000000000000000  0.0000000007680036  0.0000000001212796
0.11557575758  0.0000000000000000  0.0000000007317955  0.0000000001195639
0.11758585859  0.0000000000000000  0.0000000006965706  0.0000000001178963
0.11959595960  0.0000000000000000  0.0000000006622893  0.0000000001162747
0.12160606061  0.0000000000000000  0.0000000006289138  0.0000000001146972
0.12361616162  0.0000000000000000  0.0000000005964084  0.0000000001131622
0.12562626263  0.0000000000000000  0.0000000005647394  0.0000000001116678
0.12763636364  0.0000000000000000  0.0000000005338746  0.0000000001102126
0.12964646465  0.0000000000000000  0.0000000005037835  0.0000000001087949
0.13165656566  0.0000000000000000  0.0000000004744373  0.0000000001074135
0.13366666667  0.0000000000000000  0.0000000004458083  0.0000000001060668
0.13567676768  0.0000000000000000  0.0000000004178704  0.0000000001047536
0.13768686869  0.0000000000000000  0.0000000003905991  0.0000000001034728
0.13969696970  0.0000000000000000  0.0000000003639697  0.0000000001022229
0.14170707071  0.0000000000000000  0.0000000003379600  0.0000000001010030
0.14371717172  0.0000000000000000  0.0000000003125486  0.0000000000998121
0.14572727273  0.0000000000000000  0.0000000002877148  0.0000000000986490
0.14773737374  0.0000000000000000  0.0000000002634389  0.0000000000975128
0.14974747475  0.0000000000000000  0.0000000002397024  0.0000000000964028
0.15175757576  0.0000000000000000  0.0000000002298700  0.0000000000953163
0.15376767677  0.0000000000000000  0.0000000002221482  0.0000000000942561
0.15577777778  0.0000000000000000  0.0000000002145914  0.0000000000932184
0.15778787879  0.0000000000000000  0.0000000002071955  0.0000000000922019
0.15979797980  0.0000000000000000  0.0000000001999556  0.0000000000912074
0.16180808081  0.0000000000000000  0.0000000001928668  0.0000000000902342
0.16381818182  0.0000000000000000  0.0000000001859244  0.0000000000892816
0.16582828283  0.0000000000000000  0.0000000001791238  0.0000000000883489
0.16783838384  0.0000000000000000  0.0000000001724607  0.0000000000874356
0.16984848485  0.0000000000000000  0.0000000001659311  0.0000000000865410
0.17185858586  0.0000000000000000  0.0000000001595308  0.0000000000856646
0.17386868687  0.0000000000000000  0.0000000001532570  0.0000000000848062
0.17587878788  0.0000000000000000  0.0000000001471041  0.0000000000839645
0.17788888889  0.0000000000000000  0.0000000001410695  0.0000000000831393
0.17989898990  0.0000000000000000  0.0000000001351498  0.0000000000823303
0.18190909091  0.0000000000000000  0.0000000001293417  0.0000000000815369
0.18391919192  0.0000000000000000  0.0000000001236422  0.0000000000807586
0.18592929293  0.0000000000000000  0.0000000001180482  0.0000000000799952
0.18793939394  0.0000000000000000  0.0000000001125567  0.0000000000792460
0.18994949495  0.0000000000000000  0.0000000001071649  0.0000000000785108
0.19195959596  0.0000000000000000  0.0000000001018702  0.0000000000777891
0.19396969697  0.0000000000000000  0.0000000000966700  0.0000000000770806
0.19597979798  0.0000000000000000  0.0000000000915628  0.0000000000763856
0.19798989899  0.0000000000000000  0.0000000000865438  0.0000000000757024
0.20000000000  0.0000000000000000  0.0000000000806274  0.0000000000750314
