0.00115140000  0.0000000000000000  0.0000000000000000  0.0000000000000000
0.00315997172  0.0000000000000000  0.0000000000000000  0.0000000000000000
0.00516854343  0.0000000000000000  0.0000000000031184  0.0000000000000000
0.00717711515  0.0000000000000000  0.0000000000687900  0.0000000000000000
0.00918568687  0.0000000000000000  0.0000000044532197  0.0000000000053559
0.01119425859  0.0000000000000000  0.0000000334391403  0.0000000000844356
0.01320283030  0.0000000000195938  0.0000000892479811  0.0000000003023684
0.01521140202  0.0000000000731092  0.0000001788465823  0.0000000009629682
0.01721997374  0.0000000001128717  0.0000002140452734  0.0000000014367240
0.01922854545  0.0000000001676471  0.0000002262437979  0.0000000020651397
0.02123711717  0.0000000002112171  0.0000002215855731  0.0000000025642709
0.02324568889  0.0000000002371785  0.0000002135102849  0.0000000028673767
0.02525426061  0.0000000002639475  0.0000001975948325  0.0000000031762989
0.02726283232  0.0000000002933220  0.0000001735336461  0.0000000034956200
0.02927140404  0.0000000003235177  0.0000001407612195  0.0000000038302126
0.03127997576  0.0000000003398844  0.0000001160901337  0.0000000040196951
0.03328854747  0.0000000003460261  0.0000005914888741  0.0000000041005877
0.03529711919  0.0000000003514426  0.0000005354697631  0.0000000041726613
0.03730569091  0.0000000003562954  0.0000004757162209  0.0000000042379477
0.03931426263  0.0000000003607083  0.0000004126921830  0.0000000042981375
0.04132283434  0.0000000003610188  0.0000003677312922  0.0000000043147750
0.04333140606  0.0000000003588574  0.0000003326399477  0.0000000043050187
0.04533997778  0.0000000003564014  0.0000002972775501  0.0000000042919769
0.04734854949  0.0000000003537287  0.0000002617786105  0.0000000042764331
0.04935712121  0.0000000003519236  0.0000002262442764  0.0000000042590201
0.05136569293  0.0000000003479077  0.0000002023799193  0.0000000042275642
0.05337426465  0.0000000003432458  0.0000001841334756  0.0000000041887335
0.05538283636  0.0000000003385950  0.0000001661053031  0.0000000041493693
0.05739140808  0.0000000003339856  0.0000001483158069  0.0000000041097469
0.05939997980  0.0000000003294328  0.0000001307791123  0.0000000040700898
0.06140855152  0.0000000003243833  0.0000001198240545  0.0000000040246076
0.06341712323  0.0000000003191530  0.0000001117228390  0.0000000039767623
0.06542569495  0.0000000003140012  0.0000001037768205  0.0000000039294543
0.06743426667  0.0000000003089302  0.0000000959870006  0.0000000038827721
0.06944283838  0.0000000003039502  0.0000000883531467  0.0000000038367818
0.07145141010  0.0000000002990704  0.0000000808741167  0.0000000037915334
0.07345998182  0.0000000002942989  0.0000000735480699  0.0000000037470631
0.07546855354  0.0000000002896422  0.0000000663726306  0.0000000037033968
0.07747712525  0.0000000002851024  0.0000000593450341  0.0000000036605521
0.07948569697  0.0000000002806751  0.0000000524622331  0.0000000036185406
0.08149426869  0.0000000002761391  0.0000000485333653  0.0000000035749681
0.08350284040  0.0000000002716302  0.0000000456454345  0.0000000035313888
0.08551141212  0.0000000002672241  0.0000000428206873  0.0000000034887092
0.08751998384  0.0000000002629148  0.0000000400576114  0.0000000034469213
0.08952855556  0.0000000002587002  0.0000000373546508  0.0000000034060138
0.09153712727  0.0000000002545812  0.0000000347102260  0.0000000033659727
0.09354569899  0.0000000002505589  0.0000000321227577  0.0000000033267825
0.09555427071  0.0000000002466339  0.0000000295906779  0.0000000032884263
0.09756284242  0.0000000002428070  0.0000000271124368  0.0000000032508867
0.09957141414  0.0000000002390785  0.0000000246865097  0.0000000032141455
0.10157998586  0.0000000002353739  0.0000000234478858  0.0000000031773222
0.10358855758  0.0000000002317448  0.0000000225402060  0.0000000031410242
0.10559712929  0.0000000002282093  0.0000000216516236  0.0000000031054916
0.10760570101  0.0000000002247633  0.0000000207816152  0.0000000030707060
0.10961427273  0.0000000002214029  0.0000000199296684  0.0000000030366490
0.11162284444  0.0000000002181240  0.0000000190952825  0.0000000030033021
0.11363141616  0.0000000002149231  0.0000000182779687  0.0000000029706475
0.11563998788  0.0000000002117963  0.0000000174772511  0.0000000029386672
0.11764855960  0.0000000002087405  0.0000000166926656  0.0000000029073439
0.11965713131  0.0000000002057536  0.0000000159237600  0.0000000028766601
0.12166570303  0.0000000002028335  0.0000000151700947  0.0000000028465988
0.12367427475  0.0000000001999784  0.0000000144312435  0.0000000028171434
0.12568284646  0.0000000001971865  0.0000000137067933  0.0000000027882776
0.12769141818  0.0000000001944558  0.0000000129963435  0.0000000027599856
0.12969998990  0.0000000001917847  0.0000000122995062  0.0000000027322521
0.13170856162  0.0000000001891715  0.0000000116159057  0.0000000027050621
0.13371713333  0.0000000001866145  0.0000000109451784  0.0000000026784010
0.13572570505  0.0000000001841122  0.0000000102869720  0.0000000026522547
0.13773427677  0.0000000001816633  0.0000000096409458  0.0000000026266095
0.13974284848  0.0000000001792668  0.0000000090067697  0.0000000026014520
0.14175142020  0.0000000001769212  0.0000000083841248  0.0000000025767691
0.14375999192  0.0000000001746257  0.0000000077727024  0.0000000025525483
0.14576856364  0.0000000001723790  0.0000000071722039  0.0000000025287773
0.14777713535  0.0000000001701802  0.0000000065823407  0.0000000025054445
0.14978570707  0.0000000001680281  0.0000000060028333  0.0000000024825382
0.15179427879  0.0000000001659032  0.0000000057762527  0.0000000024598110
0.15380285051  0.0000000001638210  0.0000000055941976  0.0000000024374605
0.15581142222  0.0000000001617832  0.0000000054152931  0.0000000024155085
0.15781999394  0.0000000001597883  0.0000000052394596  0.0000000023939450
0.15982856566  0.0000000001578352  0.0000000050666201  0.0000000023727600
0.16183713737  0.0000000001559226  0.0000000048966998  0.0000000023519441
0.16384570909  0.0000000001540493  0.0000000047296264  0.0000000023314880
0.16585428081  0.0000000001522142  0.0000000045653298  0.0000000023113828
0.16786285253  0.0000000001504162  0.0000000044037421  0.0000000022916199
0.16987142424  0.0000000001486541  0.0000000042447976  0.0000000022721908
0.17187999596  0.0000000001469269  0.0000000040884323  0.0000000022530873
0.17388856768  0.0000000001452336  0.0000000039345845  0.0000000022343017
0.17589713939  0.0000000001435732  0.0000000037831942  0.0000000022158263
0.17790571111  0.0000000001419447  0.0000000036342032  0.0000000021976536
0.17991428283  0.0000000001403472  0.0000000034875553  0.0000000021797764
0.18192285455  0.0000000001387799  0.0000000033431957  0.0000000021621878
0.18393142626  0.0000000001372419  0.0000000032010713  0.0000000021448810
0.18593999798  0.0000000001357323  0.0000000030611307  0.0000000021278494
0.18794856970  0.0000000001342505  0.0000000029233239  0.0000000021110866
0.18995714141  0.0000000001327956  0.0000000027876024  0.0000000020945865
0.19196571313  0.0000000001313668  0.0000000026539192  0.0000000020783430
0.19397428485  0.0000000001299635  0.0000000025222286  0.0000000020623503
0.19598285657  0.0000000001285849  0.0000000023924862  0.0000000020466028
0.19799142828  0.0000000001272305  0.0000000022646489  0.0000000020310950
0.20000000000  0.0000000001258994  0.0000000021386750  0.0000000020158214
