0.01098500000  0.0000000000000000  0.0000000000000000  0.0000000000000000
0.01289424242  0.0000000000000000  0.0000000000000000  0.0000000000000000
0.01480348485  0.0000000000000000  0.0000000000047018  0.0000000000000000
0.01671272727  0.0000000000000000  0.0000000000125224  0.0000000000000000
0.01862196970  0.0000000000000000  0.0000000000248337  0.0000000000000000
0.02053121212  0.0000000000000000  0.0000000000380492  0.0000000000000000
0.02244045455  0.0000000000000000  0.0000000000481146  0.0000000000000000
0.02434969697  0.0000000000000000  0.0000000000592569  0.0000000000000000
0.02625893939  0.0000000000000000  0.0000000000725557  0.0000000000000000
0.02816818182  0.0000000000000000  0.0000000000888611  0.0000000000012075
0.03007742424  0.0000000000000000  0.0000000001106257  0.0000000000019823
0.03198666667  0.0000000000000000  0.0000000001223134  0.0000000000025323
0.03389590909  0.0000000000000000  0.0000000008229436  0.0000000000032885
0.03580515152  0.0000000000000000  0.0000000009729475  0.0000000000043793
0.03771439394  0.0000000000000000  0.0000000011685344  0.0000000000060916
0.03962363636  0.0000000000000000  0.0000000014982949  0.0000000000175403
0.04153287879  0.0000000000000000  0.0000000019356986  0.0000000000307157
0.04344212121  0.0000000000000000  0.0000000026584098  0.0000000000527047
0.04535136364  0.0000000000000000  0.0000000043442409  0.0000000001094711
0.04726060606  0.0000000000096015  0.0000000086683964  0.0000000002696569
0.04916984848  0.0000000000301180  0.0000000199326431  0.0000000007341418
0.05107909091  0.0000000000665829  0.0000000382688362  0.0000000015529918
0.05298833333  0.0000000001126324  0.0000000594033434  0.0000000023910710
0.05489757576  0.0000000001894271  0.0000000921657492  0.0000000039038251
0.05680681818  0.0000000003208269  0.0000001422080828  0.0000000065126899
0.05871606061  0.0000000005432913  0.0000002177667590  0.0000000108674199
0.06062530303  0.0000000008412025  0.0000003080797768  0.0000000166737319
0.06253454545  0.0000000010688926  0.0000003733445560  0.0000000212034877
0.06444378788  0.0000000013545116  0.0000004493361934  0.0000000268422122
0.06635303030  0.0000000017125398  0.0000005378717228  0.0000000339031637
0.06826227273  0.0000000021619869  0.0000006401427315  0.0000000427306063
0.07017151515  0.0000000027256699  0.0000007571209544  0.0000000536763738
0.07208075758  0.0000000034320538  0.0000008893738570  0.0000000673894086
0.07399000000  0.0000000043166698  0.0000010367190391  0.0000000844551862
0.07589924242  0.0000000054238822  0.0000011981956854  0.0000001056665969
0.07780848485  0.0000000068105359  0.0000013710634504  0.0000001320003471
0.07971772727  0.0000000085440100  0.0000015504116634  0.0000001646597808
0.08162696970  0.0000000096526748  0.0000016656294951  0.0000001860870477
0.08353621212  0.0000000106703685  0.0000017657130977  0.0000002058883034
0.08544545455  0.0000000117807296  0.0000018648377528  0.0000002274164031
0.08735469697  0.0000000129916397  0.0000019618990451  0.0000002509114083
0.08926393939  0.0000000143116693  0.0000020556111992  0.0000002765166252
0.09117318182  0.0000000157499319  0.0000021444401041  0.0000003043815551
0.09308242424  0.0000000173161902  0.0000022265854329  0.0000003346833401
0.09499166667  0.0000000190209986  0.0000022999821065  0.0000003676120317
0.09690090909  0.0000000208757703  0.0000023622675657  0.0000004033715645
0.09881015152  0.0000000228928499  0.0000024107470372  0.0000004421807570
0.10071939394  0.0000000246577130  0.0000024549606771  0.0000004766258068
0.10262863636  0.0000000257591583  0.0000025091451318  0.0000004992122554
0.10453787879  0.0000000268834655  0.0000025598498150  0.0000005222905640
0.10644712121  0.0000000280332210  0.0000026072683598  0.0000005459618991
0.10835636364  0.0000000292095957  0.0000026511485831  0.0000005702299793
0.11026560606  0.0000000304128042  0.0000026912344817  0.0000005950986291
0.11217484848  0.0000000316430933  0.0000027272691411  0.0000006205724084
0.11408409091  0.0000000329008475  0.0000027590099217  0.0000006466599923
0.11599333333  0.0000000341865329  0.0000027862178454  0.0000006733724669
0.11790257576  0.0000000355006592  0.0000028086505904  0.0000007007221338
0.11981181818  0.0000000368437815  0.0000028260618441  0.0000007287225822
0.12172106061  0.0000000382165018  0.0000028382005995  0.0000007573887666
0.12363030303  0.0000000396194717  0.0000028448103783  0.0000007867370860
0.12553954545  0.0000000410533607  0.0000028456242619  0.0000008167843850
0.12744878788  0.0000000425186249  0.0000028403361739  0.0000008475402416
0.12935803030  0.0000000440156093  0.0000028286174107  0.0000008790102108
0.13126727273  0.0000000455446566  0.0000028101315189  0.0000009111993939
0.13317651515  0.0000000471061079  0.0000027845345117  0.0000009441124227
0.13508575758  0.0000000487003016  0.0000027514750344  0.0000009777534211
0.13699500000  0.0000000503275727  0.0000027105945668  0.0000010121259655
0.13890424242  0.0000000519882524  0.0000026615287327  0.0000010472330447
0.14081348485  0.0000000536827011  0.0000026039064695  0.0000010830781908
0.14272272727  0.0000000554115089  0.0000025373727127  0.0000011197455930
0.14463196970  0.0000000571753869  0.0000024615706010  0.0000011570995631
0.14654121212  0.0000000589750851  0.0000023761329544  0.0000011952328825
0.14845045455  0.0000000608113933  0.0000022806816736  0.0000012341624173
0.15035969697  0.0000000625184022  0.0000021949230770  0.0000012708036649
0.15226893939  0.0000000635038851  0.0000021897963140  0.0000012940637378
0.15417818182  0.0000000644774397  0.0000021826332970  0.0000013171502842
0.15608742424  0.0000000654464634  0.0000021736925366  0.0000013402232162
0.15799666667  0.0000000664111269  0.0000021629779454  0.0000013632873729
0.15990590909  0.0000000673714855  0.0000021504857644  0.0000013863435200
0.16181515152  0.0000000683275615  0.0000021362101020  0.0000014093912073
0.16372439394  0.0000000692793837  0.0000021201454461  0.0000014324301705
0.16563363636  0.0000000702269871  0.0000021022866221  0.0000014554603277
0.16754287879  0.0000000711704127  0.0000020826287578  0.0000014784817752
0.16945212121  0.0000000721097071  0.0000020611672396  0.0000015014947839
0.17136136364  0.0000000730449222  0.0000020378976748  0.0000015244997956
0.17327060606  0.0000000739761150  0.0000020128158562  0.0000015474984265
0.17517984848  0.0000000749033472  0.0000019859177234  0.0000015704895027
0.17708909091  0.0000000758266564  0.0000019571978654  0.0000015934738221
0.17899833333  0.0000000767459307  0.0000019267179563  0.0000016164456124
0.18090757576  0.0000000776610060  0.0000018943123053  0.0000016393969737
0.18281681818  0.0000000785717131  0.0000018600439963  0.0000016623196527
0.18472606061  0.0000000794778781  0.0000018239002947  0.0000016852695842
0.18663530303  0.0000000803793226  0.0000017858695373  0.0000017081066049
0.18854454545  0.0000000812758632  0.0000017459410842  0.0000017308880173
0.19045378788  0.0000000821673122  0.0000017041054907  0.0000017536041442
0.19236303030  0.0000000830534772  0.0000016603545669  0.0000017762449513
0.19427227273  0.0000000839341611  0.0000016146814641  0.0000017988000481
0.19618151515  0.0000000848091626  0.0000015670807505  0.0000018213001711
0.19809075758  0.0000000856783061  0.0000015175496059  0.0000018436504128
0.20000000000  0.0000000865417497  0.0000014660981799  0.0000018658974683
