0.00355600000  0.0000000000000000  0.0000000000000000  0.0000000000000000
0.00554028283  0.0000000000000000  0.0000000000000000  0.0000000000000000
0.00752456566  0.0000000000000000  0.0000000000086675  0.0000000000000000
0.00950884848  0.0000000000000000  0.0000000000427481  0.0000000000000000
0.01149313131  0.0000000000000000  0.0000000000874679  0.0000000000000000
0.01347741414  0.0000000000000000  0.0000000001464479  0.0000000000000000
0.01546169697  0.0000000000000000  0.0000000002353053  0.0000000000000000
0.01744597980  0.0000000000000000  0.0000000003249649  0.0000000000010450
0.01943026263  0.0000000000000000  0.0000000004409515  0.0000000000020034
0.02141454545  0.0000000000000000  0.0000000005666620  0.0000000000032801
0.02339882828  0.0000000000000000  0.0000000006886105  0.0000000000047237
0.02538311111  0.0000000000000000  0.0000000008286487  0.0000000000114137
0.02736739394  0.0000000000000000  0.0000000010032418  0.0000000000217216
0.02935167677  0.0000000000000000  0.0000000013391316  0.0000000000464260
0.03133595960  0.0000000000032860  0.0000000023799532  0.0000000001342402
0.03332024242  0.0000000000131197  0.0000000261718010  0.0000000003397878
0.03530452525  0.0000000000440570  0.0000000675543289  0.0000000009300220
0.03728880808  0.0000000001544613  0.0000002032921837  0.0000000027439384
0.03927309091  0.0000000005775853  0.0000006510910485  0.0000000099281288
0.04125737374  0.0000000013217669  0.0000013280876843  0.0000000223451664
0.04324165657  0.0000000021868495  0.0000020040205757  0.0000000369045448
0.04522593939  0.0000000036180100  0.0000029928432036  0.0000000606907759
0.04721022222  0.0000000059945195  0.0000044140634184  0.0000000997748380
0.04919450505  0.0000000099521495  0.0000064097827664  0.0000001637395081
0.05117878788  0.0000000141317286  0.0000082021833791  0.0000002313148402
0.05316307071  0.0000000178399992  0.0000095713669034  0.0000002914619408
0.05514735354  0.0000000225004693  0.0000110690840852  0.0000003665218615
0.05713163636  0.0000000283638727  0.0000126707726099  0.0000004601537606
0.05911591919  0.0000000357460451  0.0000143298566066  0.0000005769349408
0.06110020202  0.0000000419254435  0.0000155108665768  0.0000006755641101
0.06308448485  0.0000000461728658  0.0000162163270288  0.0000007445955096
0.06506876768  0.0000000507982954  0.0000168751950800  0.0000008196114509
0.06705305051  0.0000000558375090  0.0000174733312759  0.0000009011188446
0.06903733333  0.0000000613300468  0.0000179943032134  0.0000009896672513
0.07102161616  0.0000000673196567  0.0000184190705552  0.0000010858544507
0.07300589899  0.0000000738548767  0.0000187258646929  0.0000011903393121
0.07499018182  0.0000000809896762  0.0000188898681401  0.0000013038656159
0.07697446465  0.0000000887840630  0.0000188824094043  0.0000014272528207
0.07895874747  0.0000000973061775  0.0000186703287589  0.0000015614050784
0.08094303030  0.0000001038263910  0.0000184092276378  0.0000016661227370
0.08292731313  0.0000001073224481  0.0000182200475907  0.0000017256373088
0.08491159596  0.0000001108784192  0.0000179779367537  0.0000017861899011
0.08689587879  0.0000001145032813  0.0000176819380975  0.0000018479256829
0.08888016162  0.0000001182009995  0.0000173300558797  0.0000019108932221
0.09086444444  0.0000001219756144  0.0000169201574003  0.0000019751410830
0.09284872727  0.0000001258312592  0.0000164499788709  0.0000020407195206
0.09483301010  0.0000001297721987  0.0000159171835458  0.0000021076879045
0.09681729293  0.0000001338028145  0.0000153192953218  0.0000021761101122
0.09880157576  0.0000001379276037  0.0000146536645610  0.0000022460521558
0.10078585859  0.0000001409434371  0.0000141383296295  0.0000022996633832
0.10277014141  0.0000001420408706  0.0000139210000236  0.0000023245085327
0.10475442424  0.0000001431018970  0.0000136913089972  0.0000023487977861
0.10673870707  0.0000001441386291  0.0000134505786180  0.0000023727517892
0.10872298990  0.0000001451528054  0.0000131990467037  0.0000023963912787
0.11070727273  0.0000001461460581  0.0000129369295410  0.0000024197352846
0.11269155556  0.0000001471199215  0.0000126644246175  0.0000024428013944
0.11467583838  0.0000001480758394  0.0000123817121602  0.0000024656058485
0.11666012121  0.0000001490151711  0.0000120889565623  0.0000024881636286
0.11864440404  0.0000001499391985  0.0000117863077733  0.0000025104885533
0.12062868687  0.0000001508491322  0.0000114739064808  0.0000025325941414
0.12261296970  0.0000001517461172  0.0000111518868290  0.0000025544941582
0.12459725253  0.0000001526312348  0.0000108203711968  0.0000025762015899
0.12658153535  0.0000001535055070  0.0000104794705239  0.0000025977285994
0.12856581818  0.0000001543699009  0.0000101292851271  0.0000026190865810
0.13055010101  0.0000001552253323  0.0000097699054553  0.0000026402862115
0.13253438384  0.0000001560726691  0.0000094014127109  0.0000026614476705
0.13451866667  0.0000001569127353  0.0000090238798093  0.0000026823536470
0.13650294949  0.0000001577463131  0.0000086373762713  0.0000027031307671
0.13848723232  0.0000001585741449  0.0000082419768811  0.0000027237926647
0.14047151515  0.0000001593969334  0.0000078377484136  0.0000027443533781
0.14245579798  0.0000001602153432  0.0000074247470809  0.0000027648266740
0.14444008081  0.0000001610300040  0.0000070030187284  0.0000027852260778
0.14642436364  0.0000001618415118  0.0000065725989988  0.0000028055649016
0.14840864646  0.0000001626504316  0.0000061336207863  0.0000028258562716
0.15039292929  0.0000001632393557  0.0000057520240329  0.0000028426968555
0.15237721212  0.0000001629204808  0.0000056336482223  0.0000028453028487
0.15436149495  0.0000001625863272  0.0000055141675407  0.0000028474864251
0.15634577778  0.0000001622462018  0.0000053939347100  0.0000028495136184
0.15833006061  0.0000001619006085  0.0000052729869237  0.0000028513922647
0.16031434343  0.0000001615500206  0.0000051513592572  0.0000028531297709
0.16229862626  0.0000001611948835  0.0000050290848367  0.0000028547331595
0.16428290909  0.0000001608356156  0.0000049061949594  0.0000028562090925
0.16626719192  0.0000001604726101  0.0000047827192028  0.0000028575638942
0.16825147475  0.0000001601062372  0.0000046586855292  0.0000028588035719
0.17023575758  0.0000001597368447  0.0000045341203799  0.0000028599338359
0.17222004040  0.0000001593647598  0.0000044090487648  0.0000028609601173
0.17420432323  0.0000001589902904  0.0000042834943444  0.0000028618875853
0.17618860606  0.0000001586137272  0.0000041574789484  0.0000028627614052
0.17817288889  0.0000001582353485  0.0000040310215103  0.0000028635016860
0.18015717172  0.0000001578554183  0.0000039041397358  0.0000028642281650
0.18214145455  0.0000001574741863  0.0000037769389855  0.0000028647912078
0.18412573737  0.0000001570918894  0.0000036492542469  0.0000028652710344
0.18611002020  0.0000001567087520  0.0000035211942506  0.0000028656698225
0.18809430303  0.0000001563249870  0.0000033927741220  0.0000028659895761
0.19007858586  0.0000001559407963  0.0000032640084698  0.0000028662321355
0.19206286869  0.0000001555563718  0.0000031349114220  0.0000028665071579
0.19404715152  0.0000001551718954  0.0000030055364311  0.0000028665940759
0.19603143434  0.0000001547875404  0.0000028758145554  0.0000028666086039
0.19801571717  0.0000001544034710  0.0000027458735455  0.0000028665520203
0.20000000000  0.0000001540198413  0.0000026155770482  0.0000028665256222
