0.00471500000  0.0000000000000000  0.0000000000000000  0.0000000000000000
0.00668757576  0.0000000000000000  0.0000000000000000  0.0000000000000000
0.00866015152  0.0000000000000000  0.0000000000000045  0.0000000000000000
0.01063272727  0.0000000000000000  0.0000000000022962  0.0000000000000000
0.01260530303  0.0000000000000000  0.0000000000165775  -0.0000000000158316
0.01457787879  0.0000000000000000  0.0000000000171571  -0.0000000000171571
0.01655045455  0.0000000000000000  0.0000000000000000  0.0000000000000000
0.01852303030  0.0000000000000000  0.0000000000000000  0.0000000000000000
0.02049560606  0.0000000000000000  0.0000000000000000  0.0000000000000000
0.02246818182  0.0000000000000000  0.0000000000000000  0.0000000000000000
0.02444075758  0.0000000000000000  0.0000000000000000  0.0000000000000000
0.02641333333  0.0000000000000000  0.0000000000000000  0.0000000000000000
0.02838590909  0.0000000000000000  0.0000000000000000  0.0000000000000000
0.03035848485  0.0000000000000000  0.0000000000000000  0.0000000000000000
0.03233106061  0.0000000000000000  0.0000000000000000  0.0000000000000000
0.03430363636  0.0000000000000000  0.0000000000000000  0.0000000000000000
0.03627621212  0.0000000000000000  0.0000000000000000  0.0000000000000000
0.03824878788  0.0000000000000000  0.0000000000000000  0.0000000000000000
0.04022136364  0.0000000000000000  0.0000000000000000  0.0000000000000000
0.04219393939  0.0000000000000000  0.0000000000000000  0.0000000000000000
0.04416651515  0.0000000000000000  0.0000000000000000  0.0000000000000000
0.04613909091  0.0000000000000000  0.0000000000000000  0.0000000000000000
0.04811166667  0.0000000000000000  0.0000000000000000  0.0000000000000000
0.05008424242  0.0000000000000000  0.0000000000000000  0.0000000000000000
0.05205681818  0.0000000000000000  0.0000000000000000  0.0000000000000000
0.05402939394  0.0000000000000000  0.0000000000000000  0.0000000000000000
0.05600196970  0.0000000000000000  0.0000000000000000  0.0000000000000000
0.05797454545  0.0000000000000000  0.0000000000000000  0.0000000000000000
0.05994712121  0.0000000000000000  0.0000000000000000  0.0000000000000000
0.06191969697  0.0000000000000000  0.0000000000000000  0.0000000000000000
0.06389227273  0.0000000000000000  0.0000000000000000  0.0000000000000000
0.06586484848  0.0000000000000000  0.0000000000048665  0.0000000000000000
0.06783742424  0.0000000000000000  0.0000000000154753  0.0000000000000000
0.06981000000  0.0000000000000000  0.0000000000380851  0.0000000000000000
0.07178257576  0.0000000000000000  0.0000000000669951  0.0000000000013099
0.07375515152  0.0000000000000000  0.0000000000920646  0.0000000000026566
0.07572772727  0.0000000000000000  0.0000000001137560  -0.0000000000020161
0.07770030303  0.0000000000000000  0.0000000001087212  -0.0000000000084988
0.07967287879  0.0000000000000000  0.0000000001467777  -0.0000000000432208
0.08164545455  0.0000000000000000  0.0000000001783568  -0.0000000000700588
0.08361803030  0.0000000000000000  0.0000000002189695  -0.0000000001049646
0.08559060606  0.0000000000011457  0.0000000002654980  -0.0000000001468235
0.08756318182  0.0000000000047718  0.0000000003286293  -0.0000000002085700
0.08953575758  0.0000000000097494  0.0000000003986936  -0.0000000002750915
0.09150833333  0.0000000000127753  0.0000000004834217  -0.0000000003553086
0.09348090909  0.0000000000178883  0.0000000005855976  -0.0000000004504048
0.09545348485  0.0000000000246561  0.0000000007018712  -0.0000000005621582
0.09742606061  0.0000000000321909  0.0000000008333063  -0.0000000006905692
0.09939863636  0.0000000000419865  0.0000000009965349  -0.0000000008369146
0.10137121212  0.0000000000502008  0.0000000010921752  -0.0000000009089422
0.10334378788  0.0000000000557218  0.0000000011855482  -0.0000000009843698
0.10531636364  0.0000000000617843  0.0000000012850101  -0.0000000010593821
0.10728893939  0.0000000000684326  0.0000000013908242  -0.0000000011364714
0.10926151515  0.0000000000757093  0.0000000015018540  -0.0000000012148978
0.11123409091  0.0000000000836602  0.0000000016152495  -0.0000000012864569
0.11320666667  0.0000000000923388  0.0000000017356572  -0.0000000013554965
0.11517924242  0.0000000001018118  0.0000000018621265  -0.0000000014176557
0.11715181818  0.0000000001121544  0.0000000019961853  -0.0000000014732933
0.11912439394  0.0000000001234493  0.0000000021377324  -0.0000000015151180
0.12109696970  0.0000000001357911  0.0000000022861504  -0.0000000015478560
0.12306954545  0.0000000001482774  0.0000000024434595  -0.0000000015678531
0.12504212121  0.0000000001619652  0.0000000026092320  -0.0000000015727494
0.12701469697  0.0000000001769789  0.0000000027847870  -0.0000000015603496
0.12898727273  0.0000000001934414  0.0000000029685561  -0.0000000015237526
0.13095984848  0.0000000002104758  0.0000000031678302  -0.0000000014587337
0.13293242424  0.0000000002302153  0.0000000033773860  -0.0000000013616165
0.13490500000  0.0000000002446198  0.0000000036020400  -0.0000000012241099
0.13687757576  0.0000000002616394  0.0000000038373793  -0.0000000010428053
0.13885015152  0.0000000002773295  0.0000000040848700  -0.0000000008080318
0.14082272727  0.0000000002937998  0.0000000043425987  -0.0000000005119090
0.14279530303  0.0000000003121641  0.0000000046088192  -0.0000000001432673
0.14476787879  0.0000000003304928  0.0000000048825556  0.0000000003092158
0.14674045455  0.0000000003489362  0.0000000051604909  0.0000000008550001
0.14871303030  0.0000000003685934  0.0000000054374639  0.0000000015063269
0.15068560606  0.0000000003829266  0.0000000056440829  0.0000000021847223
0.15265818182  0.0000000003897644  0.0000000058134251  0.0000000025049864
0.15463075758  0.0000000003957850  0.0000000059998517  0.0000000027999660
0.15660333333  0.0000000004009753  0.0000000061870154  0.0000000031144242
0.15857590909  0.0000000004083360  0.0000000063739354  0.0000000034488211
0.16054848485  0.0000000004148628  0.0000000065606323  0.0000000038041570
0.16252106061  0.0000000004225969  0.0000000067471854  0.0000000041814949
0.16449363636  0.0000000004326410  0.0000000069319529  0.0000000045809944
0.16646621212  0.0000000004400127  0.0000000071159037  0.0000000050042878
0.16843878788  0.0000000004487154  0.0000000072977149  0.0000000054517923
0.17041136364  0.0000000004597787  0.0000000074763617  0.0000000059241213
0.17238393939  0.0000000004672108  0.0000000076527231  0.0000000064230720
0.17435651515  0.0000000004790375  0.0000000078245366  0.0000000069486802
0.17632909091  0.0000000004852676  0.0000000079933451  0.0000000075032677
0.17830166667  0.0000000004959330  0.0000000081560625  0.0000000080865432
0.18027424242  0.0000000005060503  0.0000000083131119  0.0000000087003505
0.18224681818  0.0000000005136397  0.0000000084639010  0.0000000093460264
0.18421939394  0.0000000005257314  0.0000000086063811  0.0000000100241661
0.18619196970  0.0000000005333371  0.0000000087407350  0.0000000107367202
0.18816454545  0.0000000005465103  0.0000000088644241  0.0000000114840419
0.19013712121  0.0000000005593431  0.0000000089767985  0.0000000122677077
0.19210969697  0.0000000005728733  0.0000000090761450  0.0000000130887041
0.19408227273  0.0000000005901865  0.0000000091602801  0.0000000139478314
0.19605484848  0.0000000006094160  0.0000000092280647  0.0000000148465784
0.19802742424  0.0000000006326662  0.0000000092770206  0.0000000157857286
0.20000000000  0.0000000006570417  0.0000000093051951  0.0000000167664360
