0.00100000000  0.0000000000000000  0.0000000000000000  0.0000000000000000
0.00301010101  0.0000000000000000  0.0000000025783776  0.0000000000000000
0.00502020202  0.0000000000000000  0.0000000445579574  0.0000000000096792
0.00703030303  0.0000000000000000  0.0000000451701230  0.0000000000228660
0.00904040404  0.0000000000000000  0.0000000239006032  0.0000000000244287
0.01105050505  0.0000000000000000  0.0000000149938685  0.0000000000239943
0.01306060606  0.0000000000000000  0.0000000099118538  0.0000000000226040
0.01507070707  0.0000000000000000  0.0000000053361336  0.0000000000203933
0.01708080808  0.0000000000000000  0.0000000038847637  0.0000000000189035
0.01909090909  0.0000000000000000  0.0000000026089190  0.0000000000166247
0.02110101010  0.0000000000000000  0.0000000018583132  0.0000000000155026
0.02311111111  0.0000000000000000  0.0000000014884502  0.0000000000135176
0.02512121212  0.0000000000000000  0.0000000011610773  0.0000000000126845
0.02713131313  0.0000000000000000  0.0000000008690795  0.0000000000109841
0.02914141414  0.0000000000000000  0.0000000006067814  0.0000000000094239
0.03115151515  0.0000000000000000  0.0000000004443999  0.0000000000069602
0.03316161616  0.0000000000000000  0.0000000003503020  0.0000000000046272
0.03517171717  0.0000000000000000  0.0000000017732024  0.0000000000043966
0.03718181818  0.0000000000000000  0.0000000014786020  0.0000000000041878
0.03919191919  0.0000000000000000  0.0000000012085452  0.0000000000039981
0.04120202020  0.0000000000000000  0.0000000010214451  0.0000000000038241
0.04321212121  0.0000000000000000  0.0000000008884891  0.0000000000036641
0.04522222222  0.0000000000000000  0.0000000007654468  0.0000000000035169
0.04723232323  0.0000000000000000  0.0000000006512271  0.0000000000033811
0.04924242424  0.0000000000000000  0.0000000005449084  0.0000000000032554
0.05125252525  0.0000000000000000  0.0000000004717714  0.0000000000031385
0.05326262626  0.0000000000000000  0.0000000004186362  0.0000000000030295
0.05527272727  0.0000000000000000  0.0000000003688395  0.0000000000029279
0.05728282828  0.0000000000000000  0.0000000003220658  0.0000000000028328
0.05929292929  0.0000000000000000  0.0000000002780515  0.0000000000027437
0.06130303030  0.0000000000000000  0.0000000002490264  0.0000000000026599
0.06331313131  0.0000000000000000  0.0000000002281975  0.0000000000025810
0.06532323232  0.0000000000000000  0.0000000002084992  0.0000000000025067
0.06733333333  0.0000000000000000  0.0000000001898413  0.0000000000024365
0.06934343434  0.0000000000000000  0.0000000001721439  0.0000000000023709
0.07135353535  0.0000000000000000  0.0000000001553447  0.0000000000023080
0.07336363636  0.0000000000000000  0.0000000001393530  0.0000000000022485
0.07537373737  0.0000000000000000  0.0000000001241240  0.0000000000021922
0.07738383838  0.0000000000000000  0.0000000001096038  0.0000000000021382
0.07939393939  0.0000000000000000  0.0000000000957442  0.0000000000020868
0.08140404040  0.0000000000000000  0.0000000000873012  0.0000000000020378
0.08341414141  0.0000000000000000  0.0000000000802918  0.0000000000019911
0.08542424242  0.0000000000000000  0.0000000000745705  0.0000000000019464
0.08743434343  0.0000000000000000  0.0000000000681269  0.0000000000019037
0.08944444444  0.0000000000000000  0.0000000000629365  0.0000000000018628
0.09145454545  0.0000000000000000  0.0000000000579542  0.0000000000018236
0.09346464646  0.0000000000000000  0.0000000000531680  0.0000000000017860
0.09547474747  0.0000000000000000  0.0000000000485664  0.0000000000017500
0.09748484848  0.0000000000000000  0.0000000000441398  0.0000000000017153
0.09949494949  0.0000000000000000  0.0000000000398769  0.0000000000016820
0.10150505051  0.0000000000000000  0.0000000000375095  0.0000000000016500
0.10351515152  0.0000000000000000  0.0000000000358009  0.0000000000016191
0.10552525253  0.0000000000000000  0.0000000000341520  0.0000000000015894
0.10753535354  0.0000000000000000  0.0000000000325600  0.0000000000015607
0.10954545455  0.0000000000000000  0.0000000000310224  0.0000000000015331
0.11155555556  0.0000000000000000  0.0000000000295363  0.0000000000015064
0.11356565657  0.0000000000000000  0.0000000000261375  0.0000000000014806
0.11557575758  0.0000000000000000  0.0000000000248421  0.0000000000014557
0.11758585859  0.0000000000000000  0.0000000000235883  0.0000000000014316
0.11959595960  0.0000000000000000  0.0000000000223737  0.0000000000014083
0.12160606061  0.0000000000000000  0.0000000000211971  0.0000000000013857
0.12361616162  0.0000000000000000  0.0000000000200557  0.0000000000013639
0.12562626263  0.0000000000000000  0.0000000000189486  0.0000000000013427
0.12763636364  0.0000000000000000  0.0000000000168923  0.0000000000013222
0.12964646465  0.0000000000000000  0.0000000000159054  0.0000000000013022
0.13165656566  0.0000000000000000  0.0000000000139885  0.0000000000012829
0.13366666667  0.0000000000000000  0.0000000000131174  0.0000000000012641
0.13567676768  0.0000000000000000  0.0000000000122707  0.0000000000012459
0.13768686869  0.0000000000000000  0.0000000000105136  0.0000000000012282
0.13969696970  0.0000000000000000  0.0000000000088127  0.0000000000012110
0.14170707071  0.0000000000000000  0.0000000000071766  0.0000000000011942
0.14371717172  0.0000000000000000  0.0000000000056323  0.0000000000011779
0.14572727273  0.0000000000000000  0.0000000000042119  0.0000000000011621
0.14773737374  0.0000000000000000  0.0000000000000000  0.0000000000011466
0.14974747475  0.0000000000000000  0.0000000000000000  0.0000000000011316
0.15175757576  0.0000000000000000  0.0000000000000000  0.0000000000011170
0.15376767677  0.0000000000000000  0.0000000000000000  0.0000000000011027
0.15577777778  0.0000000000000000  0.0000000000000000  0.0000000000010888
0.15778787879  0.0000000000000000  0.0000000000000000  0.0000000000010752
0.15979797980  0.0000000000000000  0.0000000000000000  0.0000000000010620
0.16180808081  0.0000000000000000  0.0000000000000000  0.0000000000010491
0.16381818182  0.0000000000000000  0.0000000000000000  0.0000000000010365
0.16582828283  0.0000000000000000  0.0000000000000000  0.0000000000010242
0.16783838384  0.0000000000000000  0.0000000000000000  0.0000000000010121
0.16984848485  0.0000000000000000  0.0000000000000000  0.0000000000010004
0.17185858586  0.0000000000000000  0.0000000000000000  0.0000000000000000
0.17386868687  0.0000000000000000  0.0000000000000000  0.0000000000000000
0.17587878788  0.0000000000000000  0.0000000000000000  0.0000000000000000
0.17788888889  0.0000000000000000  0.0000000000000000  0.0000000000000000
0.17989898990  0.0000000000000000  0.0000000000000000  0.0000000000000000
0.18190909091  0.0000000000000000  0.0000000000000000  0.0000000000000000
0.18391919192  0.0000000000000000  0.0000000000000000  0.0000000000000000
0.18592929293  0.0000000000000000  0.0000000000000000  0.0000000000000000
0.18793939394  0.0000000000000000  0.0000000000000000  0.0000000000000000
0.18994949495  0.0000000000000000  0.0000000000000000  0.0000000000000000
0.19195959596  0.0000000000000000  0.0000000000000000  0.0000000000000000
0.19396969697  0.0000000000000000  0.0000000000000000  0.0000000000000000
0.19597979798  0.0000000000000000  0.0000000000000000  0.0000000000000000
0.19798989899  0.0000000000000000  0.0000000000000000  0.0000000000000000
0.20000000000  0.0000000000000000  0.0000000000000000  0.0000000000000000
