0.10481100000  0.0000000000000000  0.0000000000000000  0.0000000000000000
0.10577250505  0.0000000000000000  0.0000000000000000  0.0175000000000000
0.10673401010  0.0000000000000000  0.0000000000000000  0.0483000000000000
0.10769551515  0.0000000000000000  0.0000000000000000  0.0711000000000000
0.10865702020  0.0000000000000000  0.0000000000000000  0.0886000000000000
0.10961852525  0.0000000000000000  0.0000000000000000  0.1038000000000000
0.11058003030  0.0000000000000000  0.0000000000000000  0.1177000000000000
0.11154153535  0.0000000000000000  0.0000000000000000  0.1306000000000000
0.11250304040  0.0000000000000000  0.0000000000000000  0.1429000000000000
0.11346454545  0.0000000000000000  0.0000000000000000  0.1547000000000000
0.11442605051  0.0000000000000000  0.0000000000000000  0.1661000000000000
0.11538755556  0.0000000000000000  0.0000000000000000  0.1773000000000000
0.11634906061  0.0000000000000000  0.0000000000000000  0.1882000000000000
0.11731056566  0.0000000000000000  0.0000000000000000  0.1989000000000000
0.11827207071  0.0000000000000000  0.0000000000000000  0.2095000000000000
0.11923357576  0.0000000000000000  0.0000000000000000  0.2200000000000000
0.12019508081  0.0000000000000000  0.0000000000000000  0.2304000000000000
0.12115658586  0.0000000000000000  0.0000000000000000  0.2407000000000000
0.12211809091  0.0000000000000000  0.0000000000000000  0.2509000000000000
0.12307959596  0.0000000000000000  0.0000000000000000  0.2611000000000000
0.12404110101  0.0000000000000000  0.0000000000000000  0.2713000000000000
0.12500260606  0.0000000000000000  0.0000000000000000  0.2814000000000000
0.12596411111  0.0000000000000000  0.0000000000000000  0.2916000000000000
0.12692561616  0.0000000000000000  0.0000000000000000  0.3017000000000000
0.12788712121  0.0000000000000000  0.0000000000000000  0.3118000000000000
0.12884862626  0.0000000000000000  0.0000000000000000  0.3219000000000000
0.12981013131  0.0000000000000000  0.0000000000000000  0.3320000000000000
0.13077163636  0.0000000000000000  0.0000000000000000  0.3421000000000000
0.13173314141  0.0000000000000000  0.0000000000000000  0.3522000000000000
0.13269464646  0.0000000000000000  0.0000000000000000  0.3624000000000000
0.13365615152  0.0000000000000000  0.0000000000000000  0.3726000000000000
0.13461765657  0.0000000000000000  0.0000000000000000  0.3827000000000000
0.13557916162  0.0000000000000000  0.0000000000000000  0.3930000000000000
0.13654066667  0.0000000000000000  0.0000000000000000  0.4032000000000000
0.13750217172  0.0000000000000000  0.0000000000000000  0.4135000000000000
0.13846367677  0.0000000000000000  0.0000000000000000  0.4238000000000000
0.13942518182  0.0000000000000000  0.0000000000000000  0.4341000000000000
0.14038668687  0.0000000000000000  0.0000000000000000  0.4445000000000000
0.14134819192  0.0000000000000000  0.0000000000000000  0.4549000000000000
0.14230969697  0.0000000000000000  0.0000000000000000  0.4653000000000000
0.14327120202  0.0000000000000000  0.0000000000000000  0.4758000000000000
0.14423270707  0.0000000000000000  0.0000000000000000  0.4863000000000000
0.14519421212  0.0000000000000000  0.0000000000000000  0.4969000000000000
0.14615571717  0.0000000000000000  0.0000000000000000  0.5075000000000000
0.14711722222  0.0000000000000000  0.0000000000000000  0.5181000000000000
0.14807872727  0.0000000000000000  0.0000000000000000  0.5288000000000000
0.14904023232  0.0000000000000000  0.0000000000000000  0.5395000000000000
0.15000173737  0.0000000000000000  0.0000000000000000  0.5503000000000000
0.15096324242  0.0000000000000000  0.0000000000000000  0.5611000000000000
0.15192474747  0.0000000000000000  0.0000000000000000  0.5719000000000000
0.15288625253  0.0000000000000000  0.0000000000000000  0.5828000000000000
0.15384775758  0.0000000000000000  0.0000000000000000  0.5938000000000000
0.15480926263  0.0000000000000000  0.0000000000000000  0.6047000000000000
0.15577076768  0.0000000000000000  0.0000000000000000  0.6158000000000000
0.15673227273  0.0000000000000000  0.0000000000000000  0.6269000000000000
0.15769377778  0.0000000000000000  0.0000000000000000  0.6380000000000000
0.15865528283  0.0000000000000000  0.0000000000000000  0.6492000000000000
0.15961678788  0.0000000000000000  0.0000000000000000  0.6604000000000000
0.16057829293  0.0000000000000000  0.0000000000000000  0.6716000000000000
0.16153979798  0.0000000000000000  0.0000000000000000  0.6829000000000000
0.16250130303  0.0000000000000000  0.0000000000000000  0.6943000000000000
0.16346280808  0.0000000000000000  0.0000000000000000  0.7057000000000000
0.16442431313  0.0000000000000000  0.0000000000000000  0.7171999999999999
0.16538581818  0.0000000000000000  0.0000000000000000  0.7287000000000000
0.16634732323  0.0000000000000000  0.0000000000000000  0.7402000000000000
0.16730882828  0.0000000000000000  0.0000000000000000  0.7518000000000000
0.16827033333  0.0000000000000000  0.0000000000000000  0.7635000000000000
0.16923183838  0.0000000000000000  0.0000000000000000  0.7752000000000000
0.17019334343  0.0000000000000000  0.0000000000000000  0.7869000000000000
0.17115484848  0.0000000000000000  0.0000000000000000  0.7987000000000000
0.17211635354  0.0000000000000000  0.0000000000000000  0.8106000000000000
0.17307785859  0.0000000000000000  0.0000000000000000  0.8225000000000000
0.17403936364  0.0000000000000000  0.0000000000000000  0.8344000000000000
0.17500086869  0.0000000000000000  0.0000000000000000  0.8464000000000000
0.17596237374  0.0000000000000000  0.0000000000000000  0.8584000000000001
0.17692387879  0.0000000000000000  0.0000000000000000  0.8705000000000001
0.17788538384  0.0000000000000000  0.0000000000000000  0.8826000000000001
0.17884688889  0.0000000000000000  0.0000000000000000  0.8948000000000000
0.17980839394  0.0000000000000000  0.0000000000000000  0.9071000000000000
0.18076989899  0.0000000000000000  0.0000000000000000  0.9194000000000000
0.18173140404  0.0000000000000000  0.0000000000000000  0.9317000000000000
0.18269290909  0.0000000000000000  0.0000000000000000  0.9441000000000001
0.18365441414  0.0000000000000000  0.0000000000000000  0.9565000000000000
0.18461591919  0.0000000000000000  0.0000000000000000  0.9690000000000000
0.18557742424  0.0000000000000000  0.0000000000000000  0.9815000000000000
0.18653892929  0.0000000000000000  0.0000000000000000  0.9941000000000000
0.18750043434  0.0000000000000000  0.0000000000000000  1.0066999999999999
0.18846193939  0.0000000000000000  0.0000000000000000  1.0194000000000001
0.18942344444  0.0000000000000000  0.0000000000000000  1.0321000000000000
0.19038494949  0.0000000000000000  0.0000000000000000  1.0448999999999999
0.19134645455  0.0000000000000000  0.0000000000000000  1.0577000000000001
0.19230795960  0.0000000000000000  0.0000000000000000  1.0706000000000000
0.19326946465  0.0000000000000000  0.0000000000000000  1.0834999999999999
0.19423096970  0.0000000000000000  0.0000000000000000  1.0965000000000000
0.19519247475  0.0000000000000000  0.0000000000000000  1.1094999999999999
0.19615397980  0.0000000000000000  0.0000000000000000  1.1226000000000000
0.19711548485  0.0000000000000000  0.0000000000000000  1.1356999999999999
0.19807698990  0.0000000000000000  0.0000000000000000  1.1489000000000000
0.19903849495  0.0000000000000000  0.0000000000000000  1.1620999999999999
0.20000000000  0.0000000000000000  0.0000000000000000  1.1754000000000000
