0.01930700000  0.0000000000000000  0.0000000000000000  0.0000000000000000
0.02113218182  0.0000000000000000  0.0000000000000000  0.0463000000000000
0.02295736364  0.0000000000000000  0.0000000000000000  0.1371000000000000
0.02478254545  0.0000000000000000  0.0000000000000000  0.2221000000000000
0.02660772727  0.0000000000000000  0.0000000000000000  0.3032000000000000
0.02843290909  0.0000000000000000  0.0000000000000000  0.3861000000000000
0.03025809091  0.0000000000000000  0.0000000000000000  0.4722000000000000
0.03208327273  0.0000000000000000  0.0000000000000000  0.5620000000000001
0.03390845455  0.0000000000000000  0.0000000000000000  0.6558000000000000
0.03573363636  0.0000000000000000  0.0000000000000000  0.7534999999999999
0.03755881818  0.0000000000000000  0.0000000000000000  0.8552999999999999
0.03938400000  0.0000000000000000  0.0000000000000000  0.9611000000000000
0.04120918182  0.0000000000000000  0.0000000000000000  1.0708000000000000
0.04303436364  0.0000000000000000  0.0000000000000000  1.1845000000000001
0.04485954545  0.0000000000000000  0.0000000000000000  1.3020000000000000
0.04668472727  0.0000000000000000  0.0000000000000000  1.4233000000000000
0.04850990909  0.0000000000000000  0.0000000000000000  1.5482000000000000
0.05033509091  0.0000000000000000  0.0000000000000000  1.6767000000000001
0.05216027273  0.0000000000000000  0.0000000000000000  1.8087000000000000
0.05398545455  0.0000000000000000  0.0000000000000000  1.9440999999999999
0.05581063636  0.0000000000000000  0.0000000000000000  2.0828000000000002
0.05763581818  0.0000000000000000  0.0000000000000000  2.2246999999999999
0.05946100000  0.0000000000000000  0.0000000000000000  2.3696000000000002
0.06128618182  0.0000000000000000  0.0000000000000000  2.5175000000000001
0.06311136364  0.0000000000000000  0.0000000000000000  2.6682999999999999
0.06493654545  0.0000000000000000  0.0000000000000000  2.8218000000000001
0.06676172727  0.0000000000000000  0.0000000000000000  2.9779000000000000
0.06858690909  0.0000000000000000  0.0000000000000000  3.1364999999999998
0.07041209091  0.0000000000000000  0.0000000000000000  3.2974999999999999
0.07223727273  0.0000000000000000  0.0000000000000000  3.4607999999999999
0.07406245455  0.0000000000000000  0.0000000000000000  3.6261999999999999
0.07588763636  0.0000000000000000  0.0000000000000000  3.7936000000000001
0.07771281818  0.0000000000000000  0.0000000000000000  3.9630000000000001
0.07953800000  0.0000000000000000  0.0000000000000000  4.1341000000000001
0.08136318182  0.0000000000000000  0.0000000000000000  4.3068999999999997
0.08318836364  0.0000000000000000  0.0000000000000000  4.4812000000000003
0.08501354545  0.0000000000000000  0.0000000000000000  4.6569000000000003
0.08683872727  0.0000000000000000  0.0000000000000000  4.8339999999999996
0.08866390909  0.0000000000000000  0.0000000000000000  5.0122999999999998
0.09048909091  0.0000000000000000  0.0000000000000000  5.1916000000000002
0.09231427273  0.0000000000000000  0.0000000000000000  5.3719000000000001
0.09413945455  0.0000000000000000  0.0000000000000000  5.5530999999999997
0.09596463636  0.0000000000000000  0.0000000000000000  5.7350000000000003
0.09778981818  0.0000000000000000  0.0000000000000000  5.9176000000000002
0.09961500000  0.0000000000000000  0.0000000000000000  6.1006999999999998
0.10144018182  0.0000000000000000  0.0000000000000000  6.2842000000000002
0.10326536364  0.0000000000000000  0.0000000000000000  6.4682000000000004
0.10509054545  0.0000000000000000  0.0000000000000000  6.6523000000000003
0.10691572727  0.0000000000000000  0.0000000000000000  6.8365999999999998
0.10874090909  0.0000000000000000  0.0000000000000000  7.0209999999999999
0.11056609091  0.0000000000000000  0.0000000000000000  7.2054000000000000
0.11239127273  0.0000000000000000  0.0000000000000000  7.3895999999999997
0.11421645455  0.0000000000000000  0.0000000000000000  7.5736999999999997
0.11604163636  0.0000000000000000  0.0000000000000000  7.7575000000000003
0.11786681818  0.0000000000000000  0.0000000000000000  7.9409000000000001
0.11969200000  0.0000000000000000  0.0000000000000000  8.1239000000000008
0.12151718182  0.0000000000000000  0.0000000000000000  8.3064000000000000
0.12334236364  0.0000000000000000  0.0000000000000000  8.4884000000000004
0.12516754545  0.0000000000000000  0.0000000000000000  8.6697000000000006
0.12699272727  0.0000000000000000  0.0000000000000000  8.8504000000000005
0.12881790909  0.0000000000000000  0.0000000000000000  9.0303000000000004
0.13064309091  0.0000000000000000  0.0000000000000000  9.2093000000000007
0.13246827273  0.0000000000000000  0.0000000000000000  9.3874999999999993
0.13429345455  0.0000000000000000  0.0000000000000000  9.5648000000000000
0.13611863636  0.0000000000000000  0.0000000000000000  9.7410999999999994
0.13794381818  0.0000000000000000  0.0000000000000000  9.9163999999999994
0.13976900000  0.0000000000000000  0.0000000000000000  10.0907000000000000
0.14159418182  0.0000000000000000  0.0000000000000000  10.2637999999999998
0.14341936364  0.0000000000000000  0.0000000000000000  10.4358000000000004
0.14524454545  0.0000000000000000  0.0000000000000000  10.6066000000000003
0.14706972727  0.0000000000000000  0.0000000000000000  10.7761999999999993
0.14889490909  0.0000000000000000  0.0000000000000000  10.9444999999999997
0.15072009091  0.0000000000000000  0.0000000000000000  11.1114999999999995
0.15254527273  0.0000000000000000  0.0000000000000000  11.2772000000000006
0.15437045455  0.0000000000000000  0.0000000000000000  11.4415999999999993
0.15619563636  0.0000000000000000  0.0000000000000000  11.6045999999999996
0.15802081818  0.0000000000000000  0.0000000000000000  11.7661999999999995
0.15984600000  0.0000000000000000  0.0000000000000000  11.9262999999999995
0.16167118182  0.0000000000000000  0.0000000000000000  12.0851000000000006
0.16349636364  0.0000000000000000  0.0000000000000000  12.2423000000000002
0.16532154545  0.0000000000000000  0.0000000000000000  12.3980999999999995
0.16714672727  0.0000000000000000  0.0000000000000000  12.5524000000000004
0.16897190909  0.0000000000000000  0.0000000000000000  12.7051999999999996
0.17079709091  0.0000000000000000  0.0000000000000000  12.8565000000000005
0.17262227273  0.0000000000000000  0.0000000000000000  13.0062999999999995
0.17444745455  0.0000000000000000  0.0000000000000000  13.1545000000000005
0.17627263636  0.0000000000000000  0.0000000000000000  13.3010999999999999
0.17809781818  0.0000000000000000  0.0000000000000000  13.4461999999999993
0.17992300000  0.0000000000000000  0.0000000000000000  13.5897000000000006
0.18174818182  0.0000000000000000  0.0000000000000000  13.7317000000000000
0.18357336364  0.0000000000000000  0.0000000000000000  13.8720999999999997
0.18539854545  0.0000000000000000  0.0000000000000000  14.0108999999999995
0.18722372727  0.0000000000000000  0.0000000000000000  14.1480999999999995
0.18904890909  0.0000000000000000  0.0000000000000000  14.2837999999999994
0.19087409091  0.0000000000000000  0.0000000000000000  14.4178999999999995
0.19269927273  0.0000000000000000  0.0000000000000000  14.5503000000000000
0.19452445455  0.0000000000000000  0.0000000000000000  14.6813000000000002
0.19634963636  0.0000000000000000  0.0000000000000000  14.8106000000000009
0.19817481818  0.0000000000000000  0.0000000000000000  14.9383999999999997
0.20000000000  0.0000000000000000  0.0000000000000000  15.0646000000000004
