0.00100000000  0.0000000000000000  0.0000000000000000  0.0000000000000000
0.00301010101  0.0000000000000000  0.0000000000000000  321.4114999999999895
0.00502020202  0.0000000000000000  0.0000000000000000  561.5376999999999725
0.00703030303  0.0000000000000000  0.0000000000000000  427.0894999999999868
0.00904040404  0.0000000000000000  0.0000000000000000  339.5539999999999736
0.01105050505  0.0000000000000000  0.0000000000000000  281.4003000000000156
0.01306060606  0.0000000000000000  0.0000000000000000  240.2358000000000118
0.01507070707  0.0000000000000000  0.0000000000000000  209.6009999999999991
0.01708080808  0.0000000000000000  0.0000000000000000  185.9166999999999916
0.01909090909  0.0000000000000000  0.0000000000000000  167.0559000000000083
0.02110101010  0.0000000000000000  0.0000000000000000  151.6786999999999921
0.02311111111  0.0000000000000000  0.0000000000000000  138.8994000000000142
0.02512121212  0.0000000000000000  0.0000000000000000  128.1096000000000004
0.02713131313  0.0000000000000000  0.0000000000000000  118.8773000000000053
0.02914141414  0.0000000000000000  0.0000000000000000  110.8871000000000038
0.03115151515  0.0000000000000000  0.0000000000000000  103.9037000000000006
0.03316161616  0.0000000000000000  0.0000000000000000  97.7479000000000013
0.03517171717  0.0000000000000000  0.0000000000000000  92.2804000000000002
0.03718181818  0.0000000000000000  0.0000000000000000  87.3918000000000035
0.03919191919  0.0000000000000000  0.0000000000000000  82.9946999999999946
0.04120202020  0.0000000000000000  0.0000000000000000  79.0183999999999997
0.04321212121  0.0000000000000000  0.0000000000000000  75.4051999999999936
0.04522222222  0.0000000000000000  0.0000000000000000  72.1075000000000017
0.04723232323  0.0000000000000000  0.0000000000000000  69.0857000000000028
0.04924242424  0.0000000000000000  0.0000000000000000  66.3066000000000031
0.05125252525  0.0000000000000000  0.0000000000000000  63.7421000000000006
0.05326262626  0.0000000000000000  0.0000000000000000  61.3680999999999983
0.05527272727  0.0000000000000000  0.0000000000000000  59.1642999999999972
0.05728282828  0.0000000000000000  0.0000000000000000  57.1129000000000033
0.05929292929  0.0000000000000000  0.0000000000000000  55.1987999999999985
0.06130303030  0.0000000000000000  0.0000000000000000  53.4084999999999965
0.06331313131  0.0000000000000000  0.0000000000000000  51.7304000000000030
0.06532323232  0.0000000000000000  0.0000000000000000  50.1544000000000025
0.06733333333  0.0000000000000000  0.0000000000000000  48.6713000000000022
0.06934343434  0.0000000000000000  0.0000000000000000  47.2732000000000028
0.07135353535  0.0000000000000000  0.0000000000000000  45.9530000000000030
0.07336363636  0.0000000000000000  0.0000000000000000  44.7043999999999997
0.07537373737  0.0000000000000000  0.0000000000000000  43.5217000000000027
0.07738383838  0.0000000000000000  0.0000000000000000  42.3997999999999990
0.07939393939  0.0000000000000000  0.0000000000000000  41.3342000000000027
0.08140404040  0.0000000000000000  0.0000000000000000  40.3205999999999989
0.08341414141  0.0000000000000000  0.0000000000000000  39.3554999999999993
0.08542424242  0.0000000000000000  0.0000000000000000  38.4354000000000013
0.08743434343  0.0000000000000000  0.0000000000000000  37.5572999999999979
0.08944444444  0.0000000000000000  0.0000000000000000  36.7182999999999993
0.09145454545  0.0000000000000000  0.0000000000000000  35.9157999999999973
0.09346464646  0.0000000000000000  0.0000000000000000  35.1475999999999971
0.09547474747  0.0000000000000000  0.0000000000000000  34.4114999999999966
0.09748484848  0.0000000000000000  0.0000000000000000  33.7055999999999969
0.09949494949  0.0000000000000000  0.0000000000000000  33.0279000000000025
0.10150505051  0.0000000000000000  0.0000000000000000  32.3770000000000024
0.10351515152  0.0000000000000000  0.0000000000000000  31.7511000000000010
0.10552525253  0.0000000000000000  0.0000000000000000  31.1489000000000011
0.10753535354  0.0000000000000000  0.0000000000000000  30.5690999999999988
0.10954545455  0.0000000000000000  0.0000000000000000  30.0104000000000006
0.11155555556  0.0000000000000000  0.0000000000000000  29.4716999999999985
0.11356565657  0.0000000000000000  0.0000000000000000  28.9520000000000017
0.11557575758  0.0000000000000000  0.0000000000000000  28.4502999999999986
0.11758585859  0.0000000000000000  0.0000000000000000  27.9655999999999985
0.11959595960  0.0000000000000000  0.0000000000000000  27.4970999999999997
0.12160606061  0.0000000000000000  0.0000000000000000  27.0440000000000005
0.12361616162  0.0000000000000000  0.0000000000000000  26.6055999999999990
0.12562626263  0.0000000000000000  0.0000000000000000  26.1812000000000005
0.12763636364  0.0000000000000000  0.0000000000000000  25.7699999999999996
0.12964646465  0.0000000000000000  0.0000000000000000  25.3716000000000008
0.13165656566  0.0000000000000000  0.0000000000000000  24.9851999999999990
0.13366666667  0.0000000000000000  0.0000000000000000  24.6103999999999985
0.13567676768  0.0000000000000000  0.0000000000000000  24.2467000000000006
0.13768686869  0.0000000000000000  0.0000000000000000  23.8935999999999993
0.13969696970  0.0000000000000000  0.0000000000000000  23.5504999999999995
0.14170707071  0.0000000000000000  0.0000000000000000  23.2171999999999983
0.14371717172  0.0000000000000000  0.0000000000000000  22.8931000000000004
0.14572727273  0.0000000000000000  0.0000000000000000  22.5779999999999994
0.14773737374  0.0000000000000000  0.0000000000000000  22.2713999999999999
0.14974747475  0.0000000000000000  0.0000000000000000  21.9729999999999990
0.15175757576  0.0000000000000000  0.0000000000000000  21.6825000000000010
0.15376767677  0.0000000000000000  0.0000000000000000  21.3994999999999997
0.15577777778  0.0000000000000000  0.0000000000000000  21.1237999999999992
0.15778787879  0.0000000000000000  0.0000000000000000  20.8552000000000000
0.15979797980  0.0000000000000000  0.0000000000000000  20.5931999999999995
0.16180808081  0.0000000000000000  0.0000000000000000  20.3378000000000014
0.16381818182  0.0000000000000000  0.0000000000000000  20.0885999999999996
0.16582828283  0.0000000000000000  0.0000000000000000  19.8454000000000015
0.16783838384  0.0000000000000000  0.0000000000000000  19.6080000000000005
0.16984848485  0.0000000000000000  0.0000000000000000  19.3762000000000008
0.17185858586  0.0000000000000000  0.0000000000000000  19.1498999999999988
0.17386868687  0.0000000000000000  0.0000000000000000  18.9286999999999992
0.17587878788  0.0000000000000000  0.0000000000000000  18.7125999999999983
0.17788888889  0.0000000000000000  0.0000000000000000  18.5014000000000003
0.17989898990  0.0000000000000000  0.0000000000000000  18.2947999999999986
0.18190909091  0.0000000000000000  0.0000000000000000  18.0929000000000002
0.18391919192  0.0000000000000000  0.0000000000000000  17.8952999999999989
0.18592929293  0.0000000000000000  0.0000000000000000  17.7020000000000017
0.18793939394  0.0000000000000000  0.0000000000000000  17.5127999999999986
0.18994949495  0.0000000000000000  0.0000000000000000  17.3276000000000003
0.19195959596  0.0000000000000000  0.0000000000000000  17.1463000000000001
0.19396969697  0.0000000000000000  0.0000000000000000  16.9686999999999983
0.19597979798  0.0000000000000000  0.0000000000000000  16.7947999999999986
0.19798989899  0.0000000000000000  0.0000000000000000  16.6244000000000014
0.20000000000  0.0000000000000000  0.0000000000000000  16.4573999999999998
