0.00100000000  0.0000000000000000  0.0000000000000000  0.0000000000000000
0.00301010101  0.0000000000000000  0.0000000000000000  45.2706000000000017
0.00502020202  0.0000000000000000  0.0000000000000000  82.4013000000000062
0.00703030303  0.0000000000000000  0.0000000000000000  67.1123999999999938
0.00904040404  0.0000000000000000  0.0000000000000000  54.9530000000000030
0.01105050505  0.0000000000000000  0.0000000000000000  46.3312000000000026
0.01306060606  0.0000000000000000  0.0000000000000000  40.0114999999999981
0.01507070707  0.0000000000000000  0.0000000000000000  35.2015000000000029
0.01708080808  0.0000000000000000  0.0000000000000000  31.4233000000000011
0.01909090909  0.0000000000000000  0.0000000000000000  28.3783999999999992
0.02110101010  0.0000000000000000  0.0000000000000000  25.8724999999999987
0.02311111111  0.0000000000000000  0.0000000000000000  23.7740000000000009
0.02512121212  0.0000000000000000  0.0000000000000000  21.9910999999999994
0.02713131313  0.0000000000000000  0.0000000000000000  20.4573999999999998
0.02914141414  0.0000000000000000  0.0000000000000000  19.1239999999999988
0.03115151515  0.0000000000000000  0.0000000000000000  17.9539000000000009
0.03316161616  0.0000000000000000  0.0000000000000000  16.9189000000000007
0.03517171717  0.0000000000000000  0.0000000000000000  15.9968000000000004
0.03718181818  0.0000000000000000  0.0000000000000000  15.1700999999999997
0.03919191919  0.0000000000000000  0.0000000000000000  14.4245999999999999
0.04120202020  0.0000000000000000  0.0000000000000000  13.7489000000000008
0.04321212121  0.0000000000000000  0.0000000000000000  13.1336999999999993
0.04522222222  0.0000000000000000  0.0000000000000000  12.5710999999999995
0.04723232323  0.0000000000000000  0.0000000000000000  12.0547000000000004
0.04924242424  0.0000000000000000  0.0000000000000000  11.5791000000000004
0.05125252525  0.0000000000000000  0.0000000000000000  11.1394000000000002
0.05326262626  0.0000000000000000  0.0000000000000000  10.7318999999999996
0.05527272727  0.0000000000000000  0.0000000000000000  10.3531999999999993
0.05728282828  0.0000000000000000  0.0000000000000000  10.0001999999999995
0.05929292929  0.0000000000000000  0.0000000000000000  9.6704000000000008
0.06130303030  0.0000000000000000  0.0000000000000000  9.3617000000000008
0.06331313131  0.0000000000000000  0.0000000000000000  9.0719999999999992
0.06532323232  0.0000000000000000  0.0000000000000000  8.7996999999999996
0.06733333333  0.0000000000000000  0.0000000000000000  8.5432000000000006
0.06934343434  0.0000000000000000  0.0000000000000000  8.3011999999999997
0.07135353535  0.0000000000000000  0.0000000000000000  8.0724999999999998
0.07336363636  0.0000000000000000  0.0000000000000000  7.8560999999999996
0.07537373737  0.0000000000000000  0.0000000000000000  7.6509000000000000
0.07738383838  0.0000000000000000  0.0000000000000000  7.4561000000000002
0.07939393939  0.0000000000000000  0.0000000000000000  7.2709999999999999
0.08140404040  0.0000000000000000  0.0000000000000000  7.0949000000000000
0.08341414141  0.0000000000000000  0.0000000000000000  6.9269999999999996
0.08542424242  0.0000000000000000  0.0000000000000000  6.7668999999999997
0.08743434343  0.0000000000000000  0.0000000000000000  6.6139999999999999
0.08944444444  0.0000000000000000  0.0000000000000000  6.4679000000000002
0.09145454545  0.0000000000000000  0.0000000000000000  6.3280000000000003
0.09346464646  0.0000000000000000  0.0000000000000000  6.1940999999999997
0.09547474747  0.0000000000000000  0.0000000000000000  6.0656999999999996
0.09748484848  0.0000000000000000  0.0000000000000000  5.9424999999999999
0.09949494949  0.0000000000000000  0.0000000000000000  5.8242000000000003
0.10150505051  0.0000000000000000  0.0000000000000000  5.7104999999999997
0.10351515152  0.0000000000000000  0.0000000000000000  5.6010999999999997
0.10552525253  0.0000000000000000  0.0000000000000000  5.4958999999999998
0.10753535354  0.0000000000000000  0.0000000000000000  5.3944999999999999
0.10954545455  0.0000000000000000  0.0000000000000000  5.2968000000000002
0.11155555556  0.0000000000000000  0.0000000000000000  5.2024999999999997
0.11356565657  0.0000000000000000  0.0000000000000000  5.1116000000000001
0.11557575758  0.0000000000000000  0.0000000000000000  5.0236999999999998
0.11758585859  0.0000000000000000  0.0000000000000000  4.9387999999999996
0.11959595960  0.0000000000000000  0.0000000000000000  4.8567999999999998
0.12160606061  0.0000000000000000  0.0000000000000000  4.7774000000000001
0.12361616162  0.0000000000000000  0.0000000000000000  4.7004999999999999
0.12562626263  0.0000000000000000  0.0000000000000000  4.6261000000000001
0.12763636364  0.0000000000000000  0.0000000000000000  4.5540000000000003
0.12964646465  0.0000000000000000  0.0000000000000000  4.4840999999999998
0.13165656566  0.0000000000000000  0.0000000000000000  4.4162999999999997
0.13366666667  0.0000000000000000  0.0000000000000000  4.3505000000000003
0.13567676768  0.0000000000000000  0.0000000000000000  4.2866999999999997
0.13768686869  0.0000000000000000  0.0000000000000000  4.2247000000000003
0.13969696970  0.0000000000000000  0.0000000000000000  4.1645000000000003
0.14170707071  0.0000000000000000  0.0000000000000000  4.1059000000000001
0.14371717172  0.0000000000000000  0.0000000000000000  4.0490000000000004
0.14572727273  0.0000000000000000  0.0000000000000000  3.9935999999999998
0.14773737374  0.0000000000000000  0.0000000000000000  3.9397000000000002
0.14974747475  0.0000000000000000  0.0000000000000000  3.8873000000000002
0.15175757576  0.0000000000000000  0.0000000000000000  3.8361999999999998
0.15376767677  0.0000000000000000  0.0000000000000000  3.7864000000000000
0.15577777778  0.0000000000000000  0.0000000000000000  3.7378999999999998
0.15778787879  0.0000000000000000  0.0000000000000000  3.6907000000000001
0.15979797980  0.0000000000000000  0.0000000000000000  3.6446000000000001
0.16180808081  0.0000000000000000  0.0000000000000000  3.5996000000000001
0.16381818182  0.0000000000000000  0.0000000000000000  3.5558000000000001
0.16582828283  0.0000000000000000  0.0000000000000000  3.5129999999999999
0.16783838384  0.0000000000000000  0.0000000000000000  3.4712000000000001
0.16984848485  0.0000000000000000  0.0000000000000000  3.4304000000000001
0.17185858586  0.0000000000000000  0.0000000000000000  3.3904999999999998
0.17386868687  0.0000000000000000  0.0000000000000000  3.3515999999999999
0.17587878788  0.0000000000000000  0.0000000000000000  3.3134999999999999
0.17788888889  0.0000000000000000  0.0000000000000000  3.2763000000000000
0.17989898990  0.0000000000000000  0.0000000000000000  3.2399000000000000
0.18190909091  0.0000000000000000  0.0000000000000000  3.2042999999999999
0.18391919192  0.0000000000000000  0.0000000000000000  3.1695000000000002
0.18592929293  0.0000000000000000  0.0000000000000000  3.1354000000000002
0.18793939394  0.0000000000000000  0.0000000000000000  3.1021000000000001
0.18994949495  0.0000000000000000  0.0000000000000000  3.0695000000000001
0.19195959596  0.0000000000000000  0.0000000000000000  3.0375000000000001
0.19396969697  0.0000000000000000  0.0000000000000000  3.0062000000000002
0.19597979798  0.0000000000000000  0.0000000000000000  2.9754999999999998
0.19798989899  0.0000000000000000  0.0000000000000000  2.9455000000000000
0.20000000000  0.0000000000000000  0.0000000000000000  2.9159999999999999
