0.00100000000  0.0000000000000000  0.0000000000000000  0.0000000000000000
0.00301010101  0.0000000000000000  0.0000000000000000  22.1034000000000006
0.00502020202  0.0000000000000000  0.0000000000000000  55.9311999999999969
0.00703030303  0.0000000000000000  0.0000000000000000  68.8294999999999959
0.00904040404  0.0000000000000000  0.0000000000000000  68.3922000000000025
0.01105050505  0.0000000000000000  0.0000000000000000  64.5613000000000028
0.01306060606  0.0000000000000000  0.0000000000000000  60.1257999999999981
0.01507070707  0.0000000000000000  0.0000000000000000  55.8706000000000031
0.01708080808  0.0000000000000000  0.0000000000000000  52.0026000000000010
0.01909090909  0.0000000000000000  0.0000000000000000  48.5482999999999976
0.02110101010  0.0000000000000000  0.0000000000000000  45.4774999999999991
0.02311111111  0.0000000000000000  0.0000000000000000  42.7456999999999994
0.02512121212  0.0000000000000000  0.0000000000000000  40.3078000000000003
0.02713131313  0.0000000000000000  0.0000000000000000  38.1236000000000033
0.02914141414  0.0000000000000000  0.0000000000000000  36.1578999999999979
0.03115151515  0.0000000000000000  0.0000000000000000  34.3811999999999998
0.03316161616  0.0000000000000000  0.0000000000000000  32.7685000000000031
0.03517171717  0.0000000000000000  0.0000000000000000  31.2987000000000002
0.03718181818  0.0000000000000000  0.0000000000000000  29.9541000000000004
0.03919191919  0.0000000000000000  0.0000000000000000  28.7195000000000000
0.04120202020  0.0000000000000000  0.0000000000000000  27.5822000000000003
0.04321212121  0.0000000000000000  0.0000000000000000  26.5313000000000017
0.04522222222  0.0000000000000000  0.0000000000000000  25.5574000000000012
0.04723232323  0.0000000000000000  0.0000000000000000  24.6523000000000003
0.04924242424  0.0000000000000000  0.0000000000000000  23.8090000000000011
0.05125252525  0.0000000000000000  0.0000000000000000  23.0215999999999994
0.05326262626  0.0000000000000000  0.0000000000000000  22.2845000000000013
0.05527272727  0.0000000000000000  0.0000000000000000  21.5931999999999995
0.05728282828  0.0000000000000000  0.0000000000000000  20.9435000000000002
0.05929292929  0.0000000000000000  0.0000000000000000  20.3318000000000012
0.06130303030  0.0000000000000000  0.0000000000000000  19.7547999999999995
0.06331313131  0.0000000000000000  0.0000000000000000  19.2097000000000016
0.06532323232  0.0000000000000000  0.0000000000000000  18.6938999999999993
0.06733333333  0.0000000000000000  0.0000000000000000  18.2051000000000016
0.06934343434  0.0000000000000000  0.0000000000000000  17.7411999999999992
0.07135353535  0.0000000000000000  0.0000000000000000  17.3003999999999998
0.07336363636  0.0000000000000000  0.0000000000000000  16.8810000000000002
0.07537373737  0.0000000000000000  0.0000000000000000  16.4814000000000007
0.07738383838  0.0000000000000000  0.0000000000000000  16.1004000000000005
0.07939393939  0.0000000000000000  0.0000000000000000  15.7365999999999993
0.08140404040  0.0000000000000000  0.0000000000000000  15.3888999999999996
0.08341414141  0.0000000000000000  0.0000000000000000  15.0562000000000005
0.08542424242  0.0000000000000000  0.0000000000000000  14.7376000000000005
0.08743434343  0.0000000000000000  0.0000000000000000  14.4321999999999999
0.08944444444  0.0000000000000000  0.0000000000000000  14.1392000000000007
0.09145454545  0.0000000000000000  0.0000000000000000  13.8579000000000008
0.09346464646  0.0000000000000000  0.0000000000000000  13.5875000000000004
0.09547474747  0.0000000000000000  0.0000000000000000  13.3275000000000006
0.09748484848  0.0000000000000000  0.0000000000000000  13.0772999999999993
0.09949494949  0.0000000000000000  0.0000000000000000  12.8362999999999996
0.10150505051  0.0000000000000000  0.0000000000000000  12.6039999999999992
0.10351515152  0.0000000000000000  0.0000000000000000  12.3800000000000008
0.10552525253  0.0000000000000000  0.0000000000000000  12.1638000000000002
0.10753535354  0.0000000000000000  0.0000000000000000  11.9550000000000001
0.10954545455  0.0000000000000000  0.0000000000000000  11.7531999999999996
0.11155555556  0.0000000000000000  0.0000000000000000  11.5581999999999994
0.11356565657  0.0000000000000000  0.0000000000000000  11.3695000000000004
0.11557575758  0.0000000000000000  0.0000000000000000  11.1867999999999999
0.11758585859  0.0000000000000000  0.0000000000000000  11.0099999999999998
0.11959595960  0.0000000000000000  0.0000000000000000  10.8385999999999996
0.12160606061  0.0000000000000000  0.0000000000000000  10.6724999999999994
0.12361616162  0.0000000000000000  0.0000000000000000  10.5114000000000001
0.12562626263  0.0000000000000000  0.0000000000000000  10.3551000000000002
0.12763636364  0.0000000000000000  0.0000000000000000  10.2034000000000002
0.12964646465  0.0000000000000000  0.0000000000000000  10.0559999999999992
0.13165656566  0.0000000000000000  0.0000000000000000  9.9128000000000007
0.13366666667  0.0000000000000000  0.0000000000000000  9.7736999999999998
0.13567676768  0.0000000000000000  0.0000000000000000  9.6382999999999992
0.13768686869  0.0000000000000000  0.0000000000000000  9.5067000000000004
0.13969696970  0.0000000000000000  0.0000000000000000  9.3787000000000003
0.14170707071  0.0000000000000000  0.0000000000000000  9.2539999999999996
0.14371717172  0.0000000000000000  0.0000000000000000  9.1326000000000001
0.14572727273  0.0000000000000000  0.0000000000000000  9.0143000000000004
0.14773737374  0.0000000000000000  0.0000000000000000  8.8989999999999991
0.14974747475  0.0000000000000000  0.0000000000000000  8.7866999999999997
0.15175757576  0.0000000000000000  0.0000000000000000  8.6770999999999994
0.15376767677  0.0000000000000000  0.0000000000000000  8.5702999999999996
0.15577777778  0.0000000000000000  0.0000000000000000  8.4659999999999993
0.15778787879  0.0000000000000000  0.0000000000000000  8.3643000000000001
0.15979797980  0.0000000000000000  0.0000000000000000  8.2649000000000008
0.16180808081  0.0000000000000000  0.0000000000000000  8.1678999999999995
0.16381818182  0.0000000000000000  0.0000000000000000  8.0731000000000002
0.16582828283  0.0000000000000000  0.0000000000000000  7.9805000000000001
0.16783838384  0.0000000000000000  0.0000000000000000  7.8899999999999997
0.16984848485  0.0000000000000000  0.0000000000000000  7.8014999999999999
0.17185858586  0.0000000000000000  0.0000000000000000  7.7149999999999999
0.17386868687  0.0000000000000000  0.0000000000000000  7.6303999999999998
0.17587878788  0.0000000000000000  0.0000000000000000  7.5476000000000001
0.17788888889  0.0000000000000000  0.0000000000000000  7.4665999999999997
0.17989898990  0.0000000000000000  0.0000000000000000  7.3872000000000000
0.18190909091  0.0000000000000000  0.0000000000000000  7.3095999999999997
0.18391919192  0.0000000000000000  0.0000000000000000  7.2336000000000000
0.18592929293  0.0000000000000000  0.0000000000000000  7.1590999999999996
0.18793939394  0.0000000000000000  0.0000000000000000  7.0861999999999998
0.18994949495  0.0000000000000000  0.0000000000000000  7.0147000000000004
0.19195959596  0.0000000000000000  0.0000000000000000  6.9446000000000003
0.19396969697  0.0000000000000000  0.0000000000000000  6.8758999999999997
0.19597979798  0.0000000000000000  0.0000000000000000  6.8086000000000002
0.19798989899  0.0000000000000000  0.0000000000000000  6.7426000000000004
0.20000000000  0.0000000000000000  0.0000000000000000  6.6778000000000004
