0.00100000000  0.0000000000000000  0.0000000000000000  0.0000000000000000
0.00301010101  0.0000000000000000  0.0000000000000000  3.6585000000000001
0.00502020202  0.0000000000000000  0.0000000000000000  5.7047999999999996
0.00703030303  0.0000000000000000  0.0000000000000000  3.4666999999999999
0.00904040404  0.0000000000000000  0.0000000000000000  2.5080000000000000
0.01105050505  0.0000000000000000  0.0000000000000000  1.9684999999999999
0.01306060606  0.0000000000000000  0.0000000000000000  1.6210000000000000
0.01507070707  0.0000000000000000  0.0000000000000000  1.3782000000000001
0.01708080808  0.0000000000000000  0.0000000000000000  1.1988000000000001
0.01909090909  0.0000000000000000  0.0000000000000000  1.0608000000000000
0.02110101010  0.0000000000000000  0.0000000000000000  0.9513000000000000
0.02311111111  0.0000000000000000  0.0000000000000000  0.8622000000000000
0.02512121212  0.0000000000000000  0.0000000000000000  0.7885000000000000
0.02713131313  0.0000000000000000  0.0000000000000000  0.7262999999999999
0.02914141414  0.0000000000000000  0.0000000000000000  0.6732000000000000
0.03115151515  0.0000000000000000  0.0000000000000000  0.6274000000000000
0.03316161616  0.0000000000000000  0.0000000000000000  0.5874000000000000
0.03517171717  0.0000000000000000  0.0000000000000000  0.5522000000000000
0.03718181818  0.0000000000000000  0.0000000000000000  0.5209000000000000
0.03919191919  0.0000000000000000  0.0000000000000000  0.4930000000000000
0.04120202020  0.0000000000000000  0.0000000000000000  0.4680000000000000
0.04321212121  0.0000000000000000  0.0000000000000000  0.4453000000000000
0.04522222222  0.0000000000000000  0.0000000000000000  0.4248000000000000
0.04723232323  0.0000000000000000  0.0000000000000000  0.4060000000000000
0.04924242424  0.0000000000000000  0.0000000000000000  0.3889000000000000
0.05125252525  0.0000000000000000  0.0000000000000000  0.3731000000000000
0.05326262626  0.0000000000000000  0.0000000000000000  0.3586000000000000
0.05527272727  0.0000000000000000  0.0000000000000000  0.3451000000000000
0.05728282828  0.0000000000000000  0.0000000000000000  0.3327000000000000
0.05929292929  0.0000000000000000  0.0000000000000000  0.3210000000000000
0.06130303030  0.0000000000000000  0.0000000000000000  0.3102000000000000
0.06331313131  0.0000000000000000  0.0000000000000000  0.3001000000000000
0.06532323232  0.0000000000000000  0.0000000000000000  0.2906000000000000
0.06733333333  0.0000000000000000  0.0000000000000000  0.2817000000000000
0.06934343434  0.0000000000000000  0.0000000000000000  0.2733000000000000
0.07135353535  0.0000000000000000  0.0000000000000000  0.2654000000000000
0.07336363636  0.0000000000000000  0.0000000000000000  0.2580000000000000
0.07537373737  0.0000000000000000  0.0000000000000000  0.2510000000000000
0.07738383838  0.0000000000000000  0.0000000000000000  0.2443000000000000
0.07939393939  0.0000000000000000  0.0000000000000000  0.2380000000000000
0.08140404040  0.0000000000000000  0.0000000000000000  0.2320000000000000
0.08341414141  0.0000000000000000  0.0000000000000000  0.2262000000000000
0.08542424242  0.0000000000000000  0.0000000000000000  0.2208000000000000
0.08743434343  0.0000000000000000  0.0000000000000000  0.2156000000000000
0.08944444444  0.0000000000000000  0.0000000000000000  0.2107000000000000
0.09145454545  0.0000000000000000  0.0000000000000000  0.2060000000000000
0.09346464646  0.0000000000000000  0.0000000000000000  0.2014000000000000
0.09547474747  0.0000000000000000  0.0000000000000000  0.1971000000000000
0.09748484848  0.0000000000000000  0.0000000000000000  0.1930000000000000
0.09949494949  0.0000000000000000  0.0000000000000000  0.1890000000000000
0.10150505051  0.0000000000000000  0.0000000000000000  0.1852000000000000
0.10351515152  0.0000000000000000  0.0000000000000000  0.1815000000000000
0.10552525253  0.0000000000000000  0.0000000000000000  0.1780000000000000
0.10753535354  0.0000000000000000  0.0000000000000000  0.1746000000000000
0.10954545455  0.0000000000000000  0.0000000000000000  0.1714000000000000
0.11155555556  0.0000000000000000  0.0000000000000000  0.1683000000000000
0.11356565657  0.0000000000000000  0.0000000000000000  0.1652000000000000
0.11557575758  0.0000000000000000  0.0000000000000000  0.1623000000000000
0.11758585859  0.0000000000000000  0.0000000000000000  0.1595000000000000
0.11959595960  0.0000000000000000  0.0000000000000000  0.1568000000000000
0.12160606061  0.0000000000000000  0.0000000000000000  0.1541000000000000
0.12361616162  0.0000000000000000  0.0000000000000000  0.1516000000000000
0.12562626263  0.0000000000000000  0.0000000000000000  0.1491000000000000
0.12763636364  0.0000000000000000  0.0000000000000000  0.1468000000000000
0.12964646465  0.0000000000000000  0.0000000000000000  0.1444000000000000
0.13165656566  0.0000000000000000  0.0000000000000000  0.1422000000000000
0.13366666667  0.0000000000000000  0.0000000000000000  0.1400000000000000
0.13567676768  0.0000000000000000  0.0000000000000000  0.1379000000000000
0.13768686869  0.0000000000000000  0.0000000000000000  0.1359000000000000
0.13969696970  0.0000000000000000  0.0000000000000000  0.1339000000000000
0.14170707071  0.0000000000000000  0.0000000000000000  0.1320000000000000
0.14371717172  0.0000000000000000  0.0000000000000000  0.1301000000000000
0.14572727273  0.0000000000000000  0.0000000000000000  0.1283000000000000
0.14773737374  0.0000000000000000  0.0000000000000000  0.1265000000000000
0.14974747475  0.0000000000000000  0.0000000000000000  0.1248000000000000
0.15175757576  0.0000000000000000  0.0000000000000000  0.1231000000000000
0.15376767677  0.0000000000000000  0.0000000000000000  0.1215000000000000
0.15577777778  0.0000000000000000  0.0000000000000000  0.1199000000000000
0.15778787879  0.0000000000000000  0.0000000000000000  0.1184000000000000
0.15979797980  0.0000000000000000  0.0000000000000000  0.1169000000000000
0.16180808081  0.0000000000000000  0.0000000000000000  0.1154000000000000
0.16381818182  0.0000000000000000  0.0000000000000000  0.1140000000000000
0.16582828283  0.0000000000000000  0.0000000000000000  0.1126000000000000
0.16783838384  0.0000000000000000  0.0000000000000000  0.1112000000000000
0.16984848485  0.0000000000000000  0.0000000000000000  0.1099000000000000
0.17185858586  0.0000000000000000  0.0000000000000000  0.1086000000000000
0.17386868687  0.0000000000000000  0.0000000000000000  0.1073000000000000
0.17587878788  0.0000000000000000  0.0000000000000000  0.1061000000000000
0.17788888889  0.0000000000000000  0.0000000000000000  0.1049000000000000
0.17989898990  0.0000000000000000  0.0000000000000000  0.1037000000000000
0.18190909091  0.0000000000000000  0.0000000000000000  0.1025000000000000
0.18391919192  0.0000000000000000  0.0000000000000000  0.1014000000000000
0.18592929293  0.0000000000000000  0.0000000000000000  0.1003000000000000
0.18793939394  0.0000000000000000  0.0000000000000000  0.0992000000000000
0.18994949495  0.0000000000000000  0.0000000000000000  0.0981000000000000
0.19195959596  0.0000000000000000  0.0000000000000000  0.0971000000000000
0.19396969697  0.0000000000000000  0.0000000000000000  0.0961000000000000
0.19597979798  0.0000000000000000  0.0000000000000000  0.0951000000000000
0.19798989899  0.0000000000000000  0.0000000000000000  0.0941000000000000
0.20000000000  0.0000000000000000  0.0000000000000000  0.0932000000000000
