0.00115140000  0.0000000000000000  0.0000000000000000  0.0000000000000000
0.00315997172  0.0000000000000000  0.0000000000000000  607.7653000000000247
0.00516854343  0.0000000000000000  0.0000000000000000  2965.7447999999999411
0.00717711515  0.0000000000000000  0.0000000000000000  6977.6385000000000218
0.00918568687  0.0000000000000000  0.0000000000000000  11551.7435000000004948
0.01119425859  0.0000000000000000  0.0000000000000000  15935.4778000000005704
0.01320283030  0.0000000000000000  0.0000000000000000  19723.5269999999982247
0.01521140202  0.0000000000000000  0.0000000000000000  22796.5139000000017404
0.01721997374  0.0000000000000000  0.0000000000000000  25189.4596999999994296
0.01922854545  0.0000000000000000  0.0000000000000000  26997.3091999999996915
0.02123711717  0.0000000000000000  0.0000000000000000  28326.0541999999986729
0.02324568889  0.0000000000000000  0.0000000000000000  29272.3938000000016473
0.02525426061  0.0000000000000000  0.0000000000000000  29917.5390000000006694
0.02726283232  0.0000000000000000  0.0000000000000000  30327.0588999999999942
0.02927140404  0.0000000000000000  0.0000000000000000  30552.8788999999997031
0.03127997576  0.0000000000000000  0.0000000000000000  30635.7540000000008149
0.03328854747  0.0000000000000000  0.0000000000000000  30607.5669000000016240
0.03529711919  0.0000000000000000  0.0000000000000000  30493.2576000000008207
0.03730569091  0.0000000000000000  0.0000000000000000  30312.3675000000002910
0.03931426263  0.0000000000000000  0.0000000000000000  30080.2469999999993888
0.04132283434  0.0000000000000000  0.0000000000000000  29808.9897999999993772
0.04333140606  0.0000000000000000  0.0000000000000000  29508.1519000000007509
0.04533997778  0.0000000000000000  0.0000000000000000  29185.3051999999988766
0.04734854949  0.0000000000000000  0.0000000000000000  28846.4635000000016589
0.04935712121  0.0000000000000000  0.0000000000000000  28496.4124999999985448
0.05136569293  0.0000000000000000  0.0000000000000000  28138.9654999999984284
0.05337426465  0.0000000000000000  0.0000000000000000  27777.1628999999993539
0.05538283636  0.0000000000000000  0.0000000000000000  27413.4281999999984691
0.05739140808  0.0000000000000000  0.0000000000000000  27049.6908000000003085
0.05939997980  0.0000000000000000  0.0000000000000000  26687.4831999999987602
0.06140855152  0.0000000000000000  0.0000000000000000  26328.0178999999989173
0.06341712323  0.0000000000000000  0.0000000000000000  25972.2488000000012107
0.06542569495  0.0000000000000000  0.0000000000000000  25620.9203999999990629
0.06743426667  0.0000000000000000  0.0000000000000000  25274.6071000000010827
0.06944283838  0.0000000000000000  0.0000000000000000  24933.7452999999986787
0.07145141010  0.0000000000000000  0.0000000000000000  24598.6589999999996508
0.07345998182  0.0000000000000000  0.0000000000000000  24269.5806999999986147
0.07546855354  0.0000000000000000  0.0000000000000000  23946.6686999999983527
0.07747712525  0.0000000000000000  0.0000000000000000  23630.0204999999987194
0.07948569697  0.0000000000000000  0.0000000000000000  23319.6847999999990861
0.08149426869  0.0000000000000000  0.0000000000000000  23015.6702000000004773
0.08350284040  0.0000000000000000  0.0000000000000000  22717.9534999999996217
0.08551141212  0.0000000000000000  0.0000000000000000  22426.4854000000013912
0.08751998384  0.0000000000000000  0.0000000000000000  22141.1961999999984982
0.08952855556  0.0000000000000000  0.0000000000000000  21861.9998000000014144
0.09153712727  0.0000000000000000  0.0000000000000000  21588.7973999999994703
0.09354569899  0.0000000000000000  0.0000000000000000  21321.4802999999992608
0.09555427071  0.0000000000000000  0.0000000000000000  21059.9324999999989814
0.09756284242  0.0000000000000000  0.0000000000000000  20804.0324000000000524
0.09957141414  0.0000000000000000  0.0000000000000000  20553.6546999999991385
0.10157998586  0.0000000000000000  0.0000000000000000  20308.6716999999989639
0.10358855758  0.0000000000000000  0.0000000000000000  20068.9543999999987136
0.10559712929  0.0000000000000000  0.0000000000000000  19834.3732999999992899
0.10760570101  0.0000000000000000  0.0000000000000000  19604.7993999999998778
0.10961427273  0.0000000000000000  0.0000000000000000  19380.1045999999987544
0.11162284444  0.0000000000000000  0.0000000000000000  19160.1621000000013737
0.11363141616  0.0000000000000000  0.0000000000000000  18944.8470000000015716
0.11563998788  0.0000000000000000  0.0000000000000000  18734.0367000000005646
0.11764855960  0.0000000000000000  0.0000000000000000  18527.6107000000010885
0.11965713131  0.0000000000000000  0.0000000000000000  18325.4513000000006286
0.12166570303  0.0000000000000000  0.0000000000000000  18127.4432000000015250
0.12367427475  0.0000000000000000  0.0000000000000000  17933.4742000000005646
0.12568284646  0.0000000000000000  0.0000000000000000  17743.4349000000001979
0.12769141818  0.0000000000000000  0.0000000000000000  17557.2184999999990396
0.12969998990  0.0000000000000000  0.0000000000000000  17374.7213999999985390
0.13170856162  0.0000000000000000  0.0000000000000000  17195.8428999999996449
0.13371713333  0.0000000000000000  0.0000000000000000  17020.4850000000005821
0.13572570505  0.0000000000000000  0.0000000000000000  16848.5527000000001863
0.13773427677  0.0000000000000000  0.0000000000000000  16679.9536999999982072
0.13974284848  0.0000000000000000  0.0000000000000000  16514.5986000000011700
0.14175142020  0.0000000000000000  0.0000000000000000  16352.4004999999997381
0.14375999192  0.0000000000000000  0.0000000000000000  16193.2754000000004453
0.14576856364  0.0000000000000000  0.0000000000000000  16037.1417000000001281
0.14777713535  0.0000000000000000  0.0000000000000000  15883.9204000000008818
0.14978570707  0.0000000000000000  0.0000000000000000  15733.5349999999998545
0.15179427879  0.0000000000000000  0.0000000000000000  15585.9110999999993510
0.15380285051  0.0000000000000000  0.0000000000000000  15440.9770000000007713
0.15581142222  0.0000000000000000  0.0000000000000000  15298.6630000000004657
0.15781999394  0.0000000000000000  0.0000000000000000  15158.9017000000003463
0.15982856566  0.0000000000000000  0.0000000000000000  15021.6276999999990949
0.16183713737  0.0000000000000000  0.0000000000000000  14886.7775999999994383
0.16384570909  0.0000000000000000  0.0000000000000000  14754.2901999999994587
0.16585428081  0.0000000000000000  0.0000000000000000  14624.1061000000008789
0.16786285253  0.0000000000000000  0.0000000000000000  14496.1676000000006752
0.16987142424  0.0000000000000000  0.0000000000000000  14370.4189000000005763
0.17187999596  0.0000000000000000  0.0000000000000000  14246.8060000000004948
0.17388856768  0.0000000000000000  0.0000000000000000  14125.2764000000006490
0.17589713939  0.0000000000000000  0.0000000000000000  14005.7793999999994412
0.17790571111  0.0000000000000000  0.0000000000000000  13888.2657999999992171
0.17991428283  0.0000000000000000  0.0000000000000000  13772.6877000000004045
0.18192285455  0.0000000000000000  0.0000000000000000  13658.9989000000005035
0.18393142626  0.0000000000000000  0.0000000000000000  13547.1543999999994412
0.18593999798  0.0000000000000000  0.0000000000000000  13437.1108000000003813
0.18794856970  0.0000000000000000  0.0000000000000000  13328.8258000000005268
0.18995714141  0.0000000000000000  0.0000000000000000  13222.2584999999999127
0.19196571313  0.0000000000000000  0.0000000000000000  13117.3690000000005966
0.19397428485  0.0000000000000000  0.0000000000000000  13014.1187000000008993
0.19598285657  0.0000000000000000  0.0000000000000000  12912.4703000000008615
0.19799142828  0.0000000000000000  0.0000000000000000  12812.3873000000003231
0.20000000000  0.0000000000000000  0.0000000000000000  12713.8345000000008440
