0.00100000000  0.0000000000000000  0.0000000000000000  0.0000000000000000
0.00301010101  0.0000000000000000  0.0000000000000000  7.9928999999999997
0.00502020202  0.0000000000000000  0.0000000000000000  14.5482999999999993
0.00703030303  0.0000000000000000  0.0000000000000000  11.8477999999999994
0.00904040404  0.0000000000000000  0.0000000000000000  9.6998999999999995
0.01105050505  0.0000000000000000  0.0000000000000000  8.1770999999999994
0.01306060606  0.0000000000000000  0.0000000000000000  7.0610999999999997
0.01507070707  0.0000000000000000  0.0000000000000000  6.2118000000000002
0.01708080808  0.0000000000000000  0.0000000000000000  5.5446999999999997
0.01909090909  0.0000000000000000  0.0000000000000000  5.0072000000000001
0.02110101010  0.0000000000000000  0.0000000000000000  4.5648999999999997
0.02311111111  0.0000000000000000  0.0000000000000000  4.1944999999999997
0.02512121212  0.0000000000000000  0.0000000000000000  3.8797999999999999
0.02713131313  0.0000000000000000  0.0000000000000000  3.6091000000000002
0.02914141414  0.0000000000000000  0.0000000000000000  3.3738000000000001
0.03115151515  0.0000000000000000  0.0000000000000000  3.1673000000000000
0.03316161616  0.0000000000000000  0.0000000000000000  2.9847000000000001
0.03517171717  0.0000000000000000  0.0000000000000000  2.8218999999999999
0.03718181818  0.0000000000000000  0.0000000000000000  2.6760999999999999
0.03919191919  0.0000000000000000  0.0000000000000000  2.5445000000000002
0.04120202020  0.0000000000000000  0.0000000000000000  2.4253000000000000
0.04321212121  0.0000000000000000  0.0000000000000000  2.3167000000000000
0.04522222222  0.0000000000000000  0.0000000000000000  2.2174999999999998
0.04723232323  0.0000000000000000  0.0000000000000000  2.1263999999999998
0.04924242424  0.0000000000000000  0.0000000000000000  2.0425000000000000
0.05125252525  0.0000000000000000  0.0000000000000000  1.9649000000000001
0.05326262626  0.0000000000000000  0.0000000000000000  1.8930000000000000
0.05527272727  0.0000000000000000  0.0000000000000000  1.8262000000000000
0.05728282828  0.0000000000000000  0.0000000000000000  1.7639000000000000
0.05929292929  0.0000000000000000  0.0000000000000000  1.7057000000000000
0.06130303030  0.0000000000000000  0.0000000000000000  1.6513000000000000
0.06331313131  0.0000000000000000  0.0000000000000000  1.6002000000000001
0.06532323232  0.0000000000000000  0.0000000000000000  1.5521000000000000
0.06733333333  0.0000000000000000  0.0000000000000000  1.5068999999999999
0.06934343434  0.0000000000000000  0.0000000000000000  1.4641999999999999
0.07135353535  0.0000000000000000  0.0000000000000000  1.4238000000000000
0.07336363636  0.0000000000000000  0.0000000000000000  1.3855999999999999
0.07537373737  0.0000000000000000  0.0000000000000000  1.3494999999999999
0.07738383838  0.0000000000000000  0.0000000000000000  1.3150999999999999
0.07939393939  0.0000000000000000  0.0000000000000000  1.2824000000000000
0.08140404040  0.0000000000000000  0.0000000000000000  1.2514000000000001
0.08341414141  0.0000000000000000  0.0000000000000000  1.2218000000000000
0.08542424242  0.0000000000000000  0.0000000000000000  1.1935000000000000
0.08743434343  0.0000000000000000  0.0000000000000000  1.1665000000000001
0.08944444444  0.0000000000000000  0.0000000000000000  1.1408000000000000
0.09145454545  0.0000000000000000  0.0000000000000000  1.1161000000000001
0.09346464646  0.0000000000000000  0.0000000000000000  1.0925000000000000
0.09547474747  0.0000000000000000  0.0000000000000000  1.0698000000000001
0.09748484848  0.0000000000000000  0.0000000000000000  1.0481000000000000
0.09949494949  0.0000000000000000  0.0000000000000000  1.0271999999999999
0.10150505051  0.0000000000000000  0.0000000000000000  1.0072000000000001
0.10351515152  0.0000000000000000  0.0000000000000000  0.9879000000000000
0.10552525253  0.0000000000000000  0.0000000000000000  0.9693000000000001
0.10753535354  0.0000000000000000  0.0000000000000000  0.9514000000000000
0.10954545455  0.0000000000000000  0.0000000000000000  0.9342000000000000
0.11155555556  0.0000000000000000  0.0000000000000000  0.9176000000000000
0.11356565657  0.0000000000000000  0.0000000000000000  0.9015000000000000
0.11557575758  0.0000000000000000  0.0000000000000000  0.8860000000000000
0.11758585859  0.0000000000000000  0.0000000000000000  0.8710000000000000
0.11959595960  0.0000000000000000  0.0000000000000000  0.8566000000000000
0.12160606061  0.0000000000000000  0.0000000000000000  0.8426000000000000
0.12361616162  0.0000000000000000  0.0000000000000000  0.8290000000000000
0.12562626263  0.0000000000000000  0.0000000000000000  0.8159000000000000
0.12763636364  0.0000000000000000  0.0000000000000000  0.8032000000000000
0.12964646465  0.0000000000000000  0.0000000000000000  0.7907999999999999
0.13165656566  0.0000000000000000  0.0000000000000000  0.7789000000000000
0.13366666667  0.0000000000000000  0.0000000000000000  0.7673000000000000
0.13567676768  0.0000000000000000  0.0000000000000000  0.7560000000000000
0.13768686869  0.0000000000000000  0.0000000000000000  0.7451000000000000
0.13969696970  0.0000000000000000  0.0000000000000000  0.7345000000000000
0.14170707071  0.0000000000000000  0.0000000000000000  0.7241000000000000
0.14371717172  0.0000000000000000  0.0000000000000000  0.7141000000000000
0.14572727273  0.0000000000000000  0.0000000000000000  0.7043000000000000
0.14773737374  0.0000000000000000  0.0000000000000000  0.6948000000000000
0.14974747475  0.0000000000000000  0.0000000000000000  0.6856000000000000
0.15175757576  0.0000000000000000  0.0000000000000000  0.6766000000000000
0.15376767677  0.0000000000000000  0.0000000000000000  0.6677999999999999
0.15577777778  0.0000000000000000  0.0000000000000000  0.6592000000000000
0.15778787879  0.0000000000000000  0.0000000000000000  0.6509000000000000
0.15979797980  0.0000000000000000  0.0000000000000000  0.6428000000000000
0.16180808081  0.0000000000000000  0.0000000000000000  0.6348000000000000
0.16381818182  0.0000000000000000  0.0000000000000000  0.6271000000000000
0.16582828283  0.0000000000000000  0.0000000000000000  0.6196000000000000
0.16783838384  0.0000000000000000  0.0000000000000000  0.6122000000000000
0.16984848485  0.0000000000000000  0.0000000000000000  0.6050000000000000
0.17185858586  0.0000000000000000  0.0000000000000000  0.5980000000000000
0.17386868687  0.0000000000000000  0.0000000000000000  0.5911000000000000
0.17587878788  0.0000000000000000  0.0000000000000000  0.5844000000000000
0.17788888889  0.0000000000000000  0.0000000000000000  0.5778000000000000
0.17989898990  0.0000000000000000  0.0000000000000000  0.5714000000000000
0.18190909091  0.0000000000000000  0.0000000000000000  0.5651000000000000
0.18391919192  0.0000000000000000  0.0000000000000000  0.5590000000000001
0.18592929293  0.0000000000000000  0.0000000000000000  0.5530000000000000
0.18793939394  0.0000000000000000  0.0000000000000000  0.5471000000000000
0.18994949495  0.0000000000000000  0.0000000000000000  0.5413000000000000
0.19195959596  0.0000000000000000  0.0000000000000000  0.5357000000000000
0.19396969697  0.0000000000000000  0.0000000000000000  0.5302000000000000
0.19597979798  0.0000000000000000  0.0000000000000000  0.5248000000000000
0.19798989899  0.0000000000000000  0.0000000000000000  0.5195000000000000
0.20000000000  0.0000000000000000  0.0000000000000000  0.5143000000000000
