0.00100000000  0.0000000000000000  0.0000000000000000  0.0000000000000000
0.00301010101  0.0000000000000000  0.0000000000000000  257.7463000000000193
0.00502020202  0.0000000000000000  0.0000000000000000  405.8668999999999869
0.00703030303  0.0000000000000000  0.0000000000000000  252.0427999999999997
0.00904040404  0.0000000000000000  0.0000000000000000  183.9593000000000131
0.01105050505  0.0000000000000000  0.0000000000000000  145.1092999999999904
0.01306060606  0.0000000000000000  0.0000000000000000  119.8875000000000028
0.01507070707  0.0000000000000000  0.0000000000000000  102.1620000000000061
0.01708080808  0.0000000000000000  0.0000000000000000  89.0122999999999962
0.01909090909  0.0000000000000000  0.0000000000000000  78.8649000000000058
0.02110101010  0.0000000000000000  0.0000000000000000  70.7952999999999975
0.02311111111  0.0000000000000000  0.0000000000000000  64.2236000000000047
0.02512121212  0.0000000000000000  0.0000000000000000  58.7680000000000007
0.02713131313  0.0000000000000000  0.0000000000000000  54.1661000000000001
0.02914141414  0.0000000000000000  0.0000000000000000  50.2321999999999989
0.03115151515  0.0000000000000000  0.0000000000000000  46.8305000000000007
0.03316161616  0.0000000000000000  0.0000000000000000  43.8599000000000032
0.03517171717  0.0000000000000000  0.0000000000000000  41.2432999999999979
0.03718181818  0.0000000000000000  0.0000000000000000  38.9211000000000027
0.03919191919  0.0000000000000000  0.0000000000000000  36.8462000000000032
0.04120202020  0.0000000000000000  0.0000000000000000  34.9810999999999979
0.04321212121  0.0000000000000000  0.0000000000000000  33.2954999999999970
0.04522222222  0.0000000000000000  0.0000000000000000  31.7648000000000010
0.04723232323  0.0000000000000000  0.0000000000000000  30.3685000000000009
0.04924242424  0.0000000000000000  0.0000000000000000  29.0896000000000008
0.05125252525  0.0000000000000000  0.0000000000000000  27.9140000000000015
0.05326262626  0.0000000000000000  0.0000000000000000  26.8296999999999990
0.05527272727  0.0000000000000000  0.0000000000000000  25.8262999999999998
0.05728282828  0.0000000000000000  0.0000000000000000  24.8951999999999991
0.05929292929  0.0000000000000000  0.0000000000000000  24.0289000000000001
0.06130303030  0.0000000000000000  0.0000000000000000  23.2208000000000006
0.06331313131  0.0000000000000000  0.0000000000000000  22.4651999999999994
0.06532323232  0.0000000000000000  0.0000000000000000  21.7572000000000010
0.06733333333  0.0000000000000000  0.0000000000000000  21.0924000000000014
0.06934343434  0.0000000000000000  0.0000000000000000  20.4669999999999987
0.07135353535  0.0000000000000000  0.0000000000000000  19.8776000000000010
0.07336363636  0.0000000000000000  0.0000000000000000  19.3212000000000010
0.07537373737  0.0000000000000000  0.0000000000000000  18.7950000000000017
0.07738383838  0.0000000000000000  0.0000000000000000  18.2967000000000013
0.07939393939  0.0000000000000000  0.0000000000000000  17.8242000000000012
0.08140404040  0.0000000000000000  0.0000000000000000  17.3753999999999991
0.08341414141  0.0000000000000000  0.0000000000000000  16.9485999999999990
0.08542424242  0.0000000000000000  0.0000000000000000  16.5423000000000009
0.08743434343  0.0000000000000000  0.0000000000000000  16.1550000000000011
0.08944444444  0.0000000000000000  0.0000000000000000  15.7853999999999992
0.09145454545  0.0000000000000000  0.0000000000000000  15.4322999999999997
0.09346464646  0.0000000000000000  0.0000000000000000  15.0946999999999996
0.09547474747  0.0000000000000000  0.0000000000000000  14.7714999999999996
0.09748484848  0.0000000000000000  0.0000000000000000  14.4618000000000002
0.09949494949  0.0000000000000000  0.0000000000000000  14.1648999999999994
0.10150505051  0.0000000000000000  0.0000000000000000  13.8798999999999992
0.10351515152  0.0000000000000000  0.0000000000000000  13.6060999999999996
0.10552525253  0.0000000000000000  0.0000000000000000  13.3429000000000002
0.10753535354  0.0000000000000000  0.0000000000000000  13.0897000000000006
0.10954545455  0.0000000000000000  0.0000000000000000  12.8460000000000001
0.11155555556  0.0000000000000000  0.0000000000000000  12.6111000000000004
0.11356565657  0.0000000000000000  0.0000000000000000  12.3846000000000007
0.11557575758  0.0000000000000000  0.0000000000000000  12.1661999999999999
0.11758585859  0.0000000000000000  0.0000000000000000  11.9552999999999994
0.11959595960  0.0000000000000000  0.0000000000000000  11.7515999999999998
0.12160606061  0.0000000000000000  0.0000000000000000  11.5547000000000004
0.12361616162  0.0000000000000000  0.0000000000000000  11.3643000000000001
0.12562626263  0.0000000000000000  0.0000000000000000  11.1800999999999995
0.12763636364  0.0000000000000000  0.0000000000000000  11.0016999999999996
0.12964646465  0.0000000000000000  0.0000000000000000  10.8289000000000009
0.13165656566  0.0000000000000000  0.0000000000000000  10.6615000000000002
0.13366666667  0.0000000000000000  0.0000000000000000  10.4992000000000001
0.13567676768  0.0000000000000000  0.0000000000000000  10.3416999999999994
0.13768686869  0.0000000000000000  0.0000000000000000  10.1889000000000003
0.13969696970  0.0000000000000000  0.0000000000000000  10.0404999999999998
0.14170707071  0.0000000000000000  0.0000000000000000  9.8963999999999999
0.14371717172  0.0000000000000000  0.0000000000000000  9.7563999999999993
0.14572727273  0.0000000000000000  0.0000000000000000  9.6203000000000003
0.14773737374  0.0000000000000000  0.0000000000000000  9.4878999999999998
0.14974747475  0.0000000000000000  0.0000000000000000  9.3590999999999998
0.15175757576  0.0000000000000000  0.0000000000000000  9.2338000000000005
0.15376767677  0.0000000000000000  0.0000000000000000  9.1117000000000008
0.15577777778  0.0000000000000000  0.0000000000000000  8.9929000000000006
0.15778787879  0.0000000000000000  0.0000000000000000  8.8771000000000004
0.15979797980  0.0000000000000000  0.0000000000000000  8.7642000000000007
0.16180808081  0.0000000000000000  0.0000000000000000  8.6541999999999994
0.16381818182  0.0000000000000000  0.0000000000000000  8.5469000000000008
0.16582828283  0.0000000000000000  0.0000000000000000  8.4422999999999995
0.16783838384  0.0000000000000000  0.0000000000000000  8.3400999999999996
0.16984848485  0.0000000000000000  0.0000000000000000  8.2403999999999993
0.17185858586  0.0000000000000000  0.0000000000000000  8.1431000000000004
0.17386868687  0.0000000000000000  0.0000000000000000  8.0480000000000000
0.17587878788  0.0000000000000000  0.0000000000000000  7.9551999999999996
0.17788888889  0.0000000000000000  0.0000000000000000  7.8643999999999998
0.17989898990  0.0000000000000000  0.0000000000000000  7.7756999999999996
0.18190909091  0.0000000000000000  0.0000000000000000  7.6890000000000001
0.18391919192  0.0000000000000000  0.0000000000000000  7.6040999999999999
0.18592929293  0.0000000000000000  0.0000000000000000  7.5212000000000003
0.18793939394  0.0000000000000000  0.0000000000000000  7.4400000000000004
0.18994949495  0.0000000000000000  0.0000000000000000  7.3605000000000000
0.19195959596  0.0000000000000000  0.0000000000000000  7.2827999999999999
0.19396969697  0.0000000000000000  0.0000000000000000  7.2065999999999999
0.19597979798  0.0000000000000000  0.0000000000000000  7.1321000000000003
0.19798989899  0.0000000000000000  0.0000000000000000  7.0590000000000002
0.20000000000  0.0000000000000000  0.0000000000000000  6.9874999999999998
