0.02559500000  0.0000000000000000  0.0000000000000000  0.0000000000000000
0.02735666667  0.0000000000000000  0.0000000000000000  0.0009000000000000
0.02911833333  0.0000000000000000  0.0000000000000000  0.0026000000000000
0.03088000000  0.0000000000000000  0.0000000000000000  0.0041000000000000
0.03264166667  0.0000000000000000  0.0000000000000000  0.0055000000000000
0.03440333333  0.0000000000000000  0.0000000000000000  0.0068000000000000
0.03616500000  0.0000000000000000  0.0000000000000000  0.0082000000000000
0.03792666667  0.0000000000000000  0.0000000000000000  0.0096000000000000
0.03968833333  0.0000000000000000  0.0000000000000000  0.0111000000000000
0.04145000000  0.0000000000000000  0.0000000000000000  0.0126000000000000
0.04321166667  0.0000000000000000  0.0000000000000000  0.0141000000000000
0.04497333333  0.0000000000000000  0.0000000000000000  0.0157000000000000
0.04673500000  0.0000000000000000  0.0000000000000000  0.0174000000000000
0.04849666667  0.0000000000000000  0.0000000000000000  0.0191000000000000
0.05025833333  0.0000000000000000  0.0000000000000000  0.0208000000000000
0.05202000000  0.0000000000000000  0.0000000000000000  0.0226000000000000
0.05378166667  0.0000000000000000  0.0000000000000000  0.0244000000000000
0.05554333333  0.0000000000000000  0.0000000000000000  0.0263000000000000
0.05730500000  0.0000000000000000  0.0000000000000000  0.0283000000000000
0.05906666667  0.0000000000000000  0.0000000000000000  0.0303000000000000
0.06082833333  0.0000000000000000  0.0000000000000000  0.0323000000000000
0.06259000000  0.0000000000000000  0.0000000000000000  0.0344000000000000
0.06435166667  0.0000000000000000  0.0000000000000000  0.0365000000000000
0.06611333333  0.0000000000000000  0.0000000000000000  0.0387000000000000
0.06787500000  0.0000000000000000  0.0000000000000000  0.0409000000000000
0.06963666667  0.0000000000000000  0.0000000000000000  0.0431000000000000
0.07139833333  0.0000000000000000  0.0000000000000000  0.0454000000000000
0.07316000000  0.0000000000000000  0.0000000000000000  0.0477000000000000
0.07492166667  0.0000000000000000  0.0000000000000000  0.0501000000000000
0.07668333333  0.0000000000000000  0.0000000000000000  0.0525000000000000
0.07844500000  0.0000000000000000  0.0000000000000000  0.0549000000000000
0.08020666667  0.0000000000000000  0.0000000000000000  0.0574000000000000
0.08196833333  0.0000000000000000  0.0000000000000000  0.0599000000000000
0.08373000000  0.0000000000000000  0.0000000000000000  0.0625000000000000
0.08549166667  0.0000000000000000  0.0000000000000000  0.0651000000000000
0.08725333333  0.0000000000000000  0.0000000000000000  0.0677000000000000
0.08901500000  0.0000000000000000  0.0000000000000000  0.0703000000000000
0.09077666667  0.0000000000000000  0.0000000000000000  0.0730000000000000
0.09253833333  0.0000000000000000  0.0000000000000000  0.0757000000000000
0.09430000000  0.0000000000000000  0.0000000000000000  0.0784000000000000
0.09606166667  0.0000000000000000  0.0000000000000000  0.0812000000000000
0.09782333333  0.0000000000000000  0.0000000000000000  0.0840000000000000
0.09958500000  0.0000000000000000  0.0000000000000000  0.0868000000000000
0.10134666667  0.0000000000000000  0.0000000000000000  0.0896000000000000
0.10310833333  0.0000000000000000  0.0000000000000000  0.0924000000000000
0.10487000000  0.0000000000000000  0.0000000000000000  0.0953000000000000
0.10663166667  0.0000000000000000  0.0000000000000000  0.0982000000000000
0.10839333333  0.0000000000000000  0.0000000000000000  0.1011000000000000
0.11015500000  0.0000000000000000  0.0000000000000000  0.1041000000000000
0.11191666667  0.0000000000000000  0.0000000000000000  0.1070000000000000
0.11367833333  0.0000000000000000  0.0000000000000000  0.1100000000000000
0.11544000000  0.0000000000000000  0.0000000000000000  0.1129000000000000
0.11720166667  0.0000000000000000  0.0000000000000000  0.1159000000000000
0.11896333333  0.0000000000000000  0.0000000000000000  0.1189000000000000
0.12072500000  0.0000000000000000  0.0000000000000000  0.1220000000000000
0.12248666667  0.0000000000000000  0.0000000000000000  0.1250000000000000
0.12424833333  0.0000000000000000  0.0000000000000000  0.1280000000000000
0.12601000000  0.0000000000000000  0.0000000000000000  0.1311000000000000
0.12777166667  0.0000000000000000  0.0000000000000000  0.1341000000000000
0.12953333333  0.0000000000000000  0.0000000000000000  0.1372000000000000
0.13129500000  0.0000000000000000  0.0000000000000000  0.1403000000000000
0.13305666667  0.0000000000000000  0.0000000000000000  0.1434000000000000
0.13481833333  0.0000000000000000  0.0000000000000000  0.1464000000000000
0.13658000000  0.0000000000000000  0.0000000000000000  0.1495000000000000
0.13834166667  0.0000000000000000  0.0000000000000000  0.1526000000000000
0.14010333333  0.0000000000000000  0.0000000000000000  0.1557000000000000
0.14186500000  0.0000000000000000  0.0000000000000000  0.1588000000000000
0.14362666667  0.0000000000000000  0.0000000000000000  0.1619000000000000
0.14538833333  0.0000000000000000  0.0000000000000000  0.1650000000000000
0.14715000000  0.0000000000000000  0.0000000000000000  0.1681000000000000
0.14891166667  0.0000000000000000  0.0000000000000000  0.1711000000000000
0.15067333333  0.0000000000000000  0.0000000000000000  0.1742000000000000
0.15243500000  0.0000000000000000  0.0000000000000000  0.1773000000000000
0.15419666667  0.0000000000000000  0.0000000000000000  0.1804000000000000
0.15595833333  0.0000000000000000  0.0000000000000000  0.1835000000000000
0.15772000000  0.0000000000000000  0.0000000000000000  0.1865000000000000
0.15948166667  0.0000000000000000  0.0000000000000000  0.1896000000000000
0.16124333333  0.0000000000000000  0.0000000000000000  0.1926000000000000
0.16300500000  0.0000000000000000  0.0000000000000000  0.1957000000000000
0.16476666667  0.0000000000000000  0.0000000000000000  0.1987000000000000
0.16652833333  0.0000000000000000  0.0000000000000000  0.2018000000000000
0.16829000000  0.0000000000000000  0.0000000000000000  0.2048000000000000
0.17005166667  0.0000000000000000  0.0000000000000000  0.2078000000000000
0.17181333333  0.0000000000000000  0.0000000000000000  0.2108000000000000
0.17357500000  0.0000000000000000  0.0000000000000000  0.2138000000000000
0.17533666667  0.0000000000000000  0.0000000000000000  0.2168000000000000
0.17709833333  0.0000000000000000  0.0000000000000000  0.2198000000000000
0.17886000000  0.0000000000000000  0.0000000000000000  0.2227000000000000
0.18062166667  0.0000000000000000  0.0000000000000000  0.2257000000000000
0.18238333333  0.0000000000000000  0.0000000000000000  0.2286000000000000
0.18414500000  0.0000000000000000  0.0000000000000000  0.2315000000000000
0.18590666667  0.0000000000000000  0.0000000000000000  0.2344000000000000
0.18766833333  0.0000000000000000  0.0000000000000000  0.2373000000000000
0.18943000000  0.0000000000000000  0.0000000000000000  0.2402000000000000
0.19119166667  0.0000000000000000  0.0000000000000000  0.2431000000000000
0.19295333333  0.0000000000000000  0.0000000000000000  0.2459000000000000
0.19471500000  0.0000000000000000  0.0000000000000000  0.2488000000000000
0.19647666667  0.0000000000000000  0.0000000000000000  0.2516000000000000
0.19823833333  0.0000000000000000  0.0000000000000000  0.2544000000000000
0.20000000000  0.0000000000000000  0.0000000000000000  0.2572000000000000
