0.00115100000  0.0000000000000000  0.0000000000000000  0.0000000000000000
0.00315957576  0.0000000000000000  0.0000000000000000  8.1105999999999998
0.00516815152  0.0000000000000000  0.0000000000000000  39.5803999999999974
0.00717672727  0.0000000000000000  0.0000000000000000  93.1229000000000013
0.00918530303  0.0000000000000000  0.0000000000000000  154.1624999999999943
0.01119387879  0.0000000000000000  0.0000000000000000  212.6535000000000082
0.01320245455  0.0000000000000000  0.0000000000000000  263.1886000000000081
0.01521103030  0.0000000000000000  0.0000000000000000  304.1779000000000224
0.01721960606  0.0000000000000000  0.0000000000000000  336.0914999999999964
0.01922818182  0.0000000000000000  0.0000000000000000  360.1979999999999791
0.02123675758  0.0000000000000000  0.0000000000000000  377.9126999999999725
0.02324533333  0.0000000000000000  0.0000000000000000  390.5262999999999920
0.02525390909  0.0000000000000000  0.0000000000000000  399.1225000000000023
0.02726248485  0.0000000000000000  0.0000000000000000  404.5763000000000034
0.02927106061  0.0000000000000000  0.0000000000000000  407.5803999999999974
0.03127963636  0.0000000000000000  0.0000000000000000  408.6784999999999854
0.03328821212  0.0000000000000000  0.0000000000000000  408.2957999999999856
0.03529678788  0.0000000000000000  0.0000000000000000  406.7649000000000115
0.03730536364  0.0000000000000000  0.0000000000000000  404.3466000000000236
0.03931393939  0.0000000000000000  0.0000000000000000  401.2454000000000178
0.04132251515  0.0000000000000000  0.0000000000000000  397.6227000000000089
0.04333109091  0.0000000000000000  0.0000000000000000  393.6059000000000196
0.04533966667  0.0000000000000000  0.0000000000000000  389.2957999999999856
0.04734824242  0.0000000000000000  0.0000000000000000  384.7728000000000179
0.04935681818  0.0000000000000000  0.0000000000000000  380.1005999999999858
0.05136539394  0.0000000000000000  0.0000000000000000  375.3299999999999841
0.05337396970  0.0000000000000000  0.0000000000000000  370.5015999999999963
0.05538254545  0.0000000000000000  0.0000000000000000  365.6476000000000113
0.05739112121  0.0000000000000000  0.0000000000000000  360.7937999999999761
0.05939969697  0.0000000000000000  0.0000000000000000  355.9605999999999995
0.06140827273  0.0000000000000000  0.0000000000000000  351.1641000000000190
0.06341684848  0.0000000000000000  0.0000000000000000  346.4171000000000049
0.06542542424  0.0000000000000000  0.0000000000000000  341.7294999999999732
0.06743400000  0.0000000000000000  0.0000000000000000  337.1087999999999738
0.06944257576  0.0000000000000000  0.0000000000000000  332.5611000000000104
0.07145115152  0.0000000000000000  0.0000000000000000  328.0903999999999883
0.07345972727  0.0000000000000000  0.0000000000000000  323.6999999999999886
0.07546830303  0.0000000000000000  0.0000000000000000  319.3919000000000210
0.07747687879  0.0000000000000000  0.0000000000000000  315.1675000000000182
0.07948545455  0.0000000000000000  0.0000000000000000  311.0273000000000252
0.08149403030  0.0000000000000000  0.0000000000000000  306.9714999999999918
0.08350260606  0.0000000000000000  0.0000000000000000  302.9997000000000185
0.08551118182  0.0000000000000000  0.0000000000000000  299.1114000000000033
0.08751975758  0.0000000000000000  0.0000000000000000  295.3054999999999950
0.08952833333  0.0000000000000000  0.0000000000000000  291.5810000000000173
0.09153690909  0.0000000000000000  0.0000000000000000  287.9363999999999919
0.09354548485  0.0000000000000000  0.0000000000000000  284.3704000000000178
0.09555406061  0.0000000000000000  0.0000000000000000  280.8813999999999851
0.09756263636  0.0000000000000000  0.0000000000000000  277.4676999999999794
0.09957121212  0.0000000000000000  0.0000000000000000  274.1277999999999793
0.10157978788  0.0000000000000000  0.0000000000000000  270.8598000000000070
0.10358836364  0.0000000000000000  0.0000000000000000  267.6621000000000095
0.10559693939  0.0000000000000000  0.0000000000000000  264.5328999999999837
0.10760551515  0.0000000000000000  0.0000000000000000  261.4705000000000155
0.10961409091  0.0000000000000000  0.0000000000000000  258.4732999999999947
0.11162266667  0.0000000000000000  0.0000000000000000  255.5394000000000005
0.11363124242  0.0000000000000000  0.0000000000000000  252.6673000000000116
0.11563981818  0.0000000000000000  0.0000000000000000  249.8552999999999997
0.11764839394  0.0000000000000000  0.0000000000000000  247.1016999999999939
0.11965696970  0.0000000000000000  0.0000000000000000  244.4052000000000078
0.12166554545  0.0000000000000000  0.0000000000000000  241.7639000000000067
0.12367412121  0.0000000000000000  0.0000000000000000  239.1766000000000076
0.12568269697  0.0000000000000000  0.0000000000000000  236.6416999999999859
0.12769127273  0.0000000000000000  0.0000000000000000  234.1578000000000088
0.12969984848  0.0000000000000000  0.0000000000000000  231.7236000000000047
0.13170842424  0.0000000000000000  0.0000000000000000  229.3376000000000090
0.13371700000  0.0000000000000000  0.0000000000000000  226.9985000000000070
0.13572557576  0.0000000000000000  0.0000000000000000  224.7051999999999907
0.13773415152  0.0000000000000000  0.0000000000000000  222.4564000000000021
0.13974272727  0.0000000000000000  0.0000000000000000  220.2507999999999981
0.14175130303  0.0000000000000000  0.0000000000000000  218.0872999999999990
0.14375987879  0.0000000000000000  0.0000000000000000  215.9649000000000001
0.14576845455  0.0000000000000000  0.0000000000000000  213.8822999999999865
0.14777703030  0.0000000000000000  0.0000000000000000  211.8386000000000138
0.14978560606  0.0000000000000000  0.0000000000000000  209.8326999999999884
0.15179418182  0.0000000000000000  0.0000000000000000  207.8636999999999944
0.15380275758  0.0000000000000000  0.0000000000000000  205.9304999999999950
0.15581133333  0.0000000000000000  0.0000000000000000  204.0322999999999922
0.15781990909  0.0000000000000000  0.0000000000000000  202.1682000000000130
0.15982848485  0.0000000000000000  0.0000000000000000  200.3371999999999957
0.16183706061  0.0000000000000000  0.0000000000000000  198.5384999999999991
0.16384563636  0.0000000000000000  0.0000000000000000  196.7713999999999999
0.16585421212  0.0000000000000000  0.0000000000000000  195.0349999999999966
0.16786278788  0.0000000000000000  0.0000000000000000  193.3285999999999945
0.16987136364  0.0000000000000000  0.0000000000000000  191.6513999999999953
0.17187993939  0.0000000000000000  0.0000000000000000  190.0026000000000010
0.17388851515  0.0000000000000000  0.0000000000000000  188.3816999999999950
0.17589709091  0.0000000000000000  0.0000000000000000  186.7879000000000076
0.17790566667  0.0000000000000000  0.0000000000000000  185.2204999999999870
0.17991424242  0.0000000000000000  0.0000000000000000  183.6788999999999987
0.18192281818  0.0000000000000000  0.0000000000000000  182.1625999999999976
0.18393139394  0.0000000000000000  0.0000000000000000  180.6708000000000141
0.18593996970  0.0000000000000000  0.0000000000000000  179.2031000000000063
0.18794854545  0.0000000000000000  0.0000000000000000  177.7588000000000079
0.18995712121  0.0000000000000000  0.0000000000000000  176.3375000000000057
0.19196569697  0.0000000000000000  0.0000000000000000  174.9385000000000048
0.19397427273  0.0000000000000000  0.0000000000000000  173.5613999999999919
0.19598284848  0.0000000000000000  0.0000000000000000  172.2056000000000040
0.19799142424  0.0000000000000000  0.0000000000000000  170.8708000000000027
0.20000000000  0.0000000000000000  0.0000000000000000  169.5562999999999931
