0.00100000000  0.0000000000000000  0.0000000000000000  0.0000000000000000
0.00301010101  0.0000000000000000  0.0000000000000000  192260.1541999999899417
0.00502020202  0.0000000000000000  0.0000000000000000  368771.2399999999906868
0.00703030303  0.0000000000000000  0.0000000000000000  325360.1256999999750406
0.00904040404  0.0000000000000000  0.0000000000000000  275842.2784000000101514
0.01105050505  0.0000000000000000  0.0000000000000000  237333.1841999999887776
0.01306060606  0.0000000000000000  0.0000000000000000  207767.0472000000008848
0.01507070707  0.0000000000000000  0.0000000000000000  184604.2532000000064727
0.01708080808  0.0000000000000000  0.0000000000000000  166039.4839999999967404
0.01909090909  0.0000000000000000  0.0000000000000000  150851.5497000000032131
0.02110101010  0.0000000000000000  0.0000000000000000  138205.0111000000033528
0.02311111111  0.0000000000000000  0.0000000000000000  127514.7921000000060303
0.02512121212  0.0000000000000000  0.0000000000000000  118360.9078000000008615
0.02713131313  0.0000000000000000  0.0000000000000000  110434.8343000000022585
0.02914141414  0.0000000000000000  0.0000000000000000  103505.1521999999968102
0.03115151515  0.0000000000000000  0.0000000000000000  97395.0190000000002328
0.03316161616  0.0000000000000000  0.0000000000000000  91967.0423000000009779
0.03517171717  0.0000000000000000  0.0000000000000000  87112.8920999999972992
0.03718181818  0.0000000000000000  0.0000000000000000  82746.0184000000008382
0.03919191919  0.0000000000000000  0.0000000000000000  78796.4464000000007218
0.04120202020  0.0000000000000000  0.0000000000000000  75206.9939000000013039
0.04321212121  0.0000000000000000  0.0000000000000000  71930.4771000000037020
0.04522222222  0.0000000000000000  0.0000000000000000  68927.6171000000031199
0.04723232323  0.0000000000000000  0.0000000000000000  66165.4513000000006286
0.04924242424  0.0000000000000000  0.0000000000000000  63616.1120999999984633
0.05125252525  0.0000000000000000  0.0000000000000000  61255.8792000000030384
0.05326262626  0.0000000000000000  0.0000000000000000  59064.4351000000024214
0.05527272727  0.0000000000000000  0.0000000000000000  57024.2758000000030734
0.05728282828  0.0000000000000000  0.0000000000000000  55120.2396000000007916
0.05929292929  0.0000000000000000  0.0000000000000000  53339.1278000000020256
0.06130303030  0.0000000000000000  0.0000000000000000  51669.3966999999975087
0.06331313131  0.0000000000000000  0.0000000000000000  50100.9061000000001513
0.06532323232  0.0000000000000000  0.0000000000000000  48624.7114000000001397
0.06733333333  0.0000000000000000  0.0000000000000000  47232.8931999999986147
0.06934343434  0.0000000000000000  0.0000000000000000  45918.4135000000023865
0.07135353535  0.0000000000000000  0.0000000000000000  44674.9971000000005006
0.07336363636  0.0000000000000000  0.0000000000000000  43497.0302000000010594
0.07537373737  0.0000000000000000  0.0000000000000000  42379.4758999999976368
0.07738383838  0.0000000000000000  0.0000000000000000  41317.8013999999966472
0.07939393939  0.0000000000000000  0.0000000000000000  40307.9170000000012806
0.08140404040  0.0000000000000000  0.0000000000000000  39346.1227999999973690
0.08341414141  0.0000000000000000  0.0000000000000000  38429.0633999999990920
0.08542424242  0.0000000000000000  0.0000000000000000  37553.6886999999987893
0.08743434343  0.0000000000000000  0.0000000000000000  36717.2197999999989406
0.08944444444  0.0000000000000000  0.0000000000000000  35917.1197000000029220
0.09145454545  0.0000000000000000  0.0000000000000000  35151.0673999999999069
0.09346464646  0.0000000000000000  0.0000000000000000  34416.9354999999995925
0.09547474747  0.0000000000000000  0.0000000000000000  33712.7701000000015483
0.09748484848  0.0000000000000000  0.0000000000000000  33036.7736999999979162
0.09949494949  0.0000000000000000  0.0000000000000000  32387.2898999999997613
0.10150505051  0.0000000000000000  0.0000000000000000  31762.7896000000000640
0.10351515152  0.0000000000000000  0.0000000000000000  31161.8591999999989639
0.10552525253  0.0000000000000000  0.0000000000000000  30583.1898000000001048
0.10753535354  0.0000000000000000  0.0000000000000000  30025.5675000000010186
0.10954545455  0.0000000000000000  0.0000000000000000  29487.8653999999987718
0.11155555556  0.0000000000000000  0.0000000000000000  28969.0354000000006636
0.11356565657  0.0000000000000000  0.0000000000000000  28468.1018000000003667
0.11557575758  0.0000000000000000  0.0000000000000000  27984.1549999999988358
0.11758585859  0.0000000000000000  0.0000000000000000  27516.3459000000002561
0.11959595960  0.0000000000000000  0.0000000000000000  27063.8813000000009197
0.12160606061  0.0000000000000000  0.0000000000000000  26626.0188999999991211
0.12361616162  0.0000000000000000  0.0000000000000000  26202.0636999999987893
0.12562626263  0.0000000000000000  0.0000000000000000  25791.3640000000013970
0.12763636364  0.0000000000000000  0.0000000000000000  25393.3081999999994878
0.12964646465  0.0000000000000000  0.0000000000000000  25007.3218999999990046
0.13165656566  0.0000000000000000  0.0000000000000000  24632.8647999999993772
0.13366666667  0.0000000000000000  0.0000000000000000  24269.4282999999995809
0.13567676768  0.0000000000000000  0.0000000000000000  23916.5335999999988417
0.13768686869  0.0000000000000000  0.0000000000000000  23573.7288999999982479
0.13969696970  0.0000000000000000  0.0000000000000000  23240.5879999999997381
0.14170707071  0.0000000000000000  0.0000000000000000  22916.7083999999995285
0.14371717172  0.0000000000000000  0.0000000000000000  22601.7095000000008440
0.14572727273  0.0000000000000000  0.0000000000000000  22295.2314000000005763
0.14773737374  0.0000000000000000  0.0000000000000000  21996.9334000000017113
0.14974747475  0.0000000000000000  0.0000000000000000  21706.4925000000002910
0.15175757576  0.0000000000000000  0.0000000000000000  21423.6026999999994587
0.15376767677  0.0000000000000000  0.0000000000000000  21147.9736000000011700
0.15577777778  0.0000000000000000  0.0000000000000000  20879.3296000000009371
0.15778787879  0.0000000000000000  0.0000000000000000  20617.4085999999988417
0.15979797980  0.0000000000000000  0.0000000000000000  20361.9618000000009488
0.16180808081  0.0000000000000000  0.0000000000000000  20112.7521999999989930
0.16381818182  0.0000000000000000  0.0000000000000000  19869.5544999999983702
0.16582828283  0.0000000000000000  0.0000000000000000  19632.1539000000011583
0.16783838384  0.0000000000000000  0.0000000000000000  19400.3457000000016706
0.16984848485  0.0000000000000000  0.0000000000000000  19173.9350000000013097
0.17185858586  0.0000000000000000  0.0000000000000000  18952.7355999999999767
0.17386868687  0.0000000000000000  0.0000000000000000  18736.5698000000011234
0.17587878788  0.0000000000000000  0.0000000000000000  18525.2678999999989173
0.17788888889  0.0000000000000000  0.0000000000000000  18318.6677000000017870
0.17989898990  0.0000000000000000  0.0000000000000000  18116.6143000000010943
0.18190909091  0.0000000000000000  0.0000000000000000  17918.9592999999986205
0.18391919192  0.0000000000000000  0.0000000000000000  17725.5607999999992899
0.18592929293  0.0000000000000000  0.0000000000000000  17536.2829999999994470
0.18793939394  0.0000000000000000  0.0000000000000000  17350.9956999999994878
0.18994949495  0.0000000000000000  0.0000000000000000  17169.5741000000016356
0.19195959596  0.0000000000000000  0.0000000000000000  16991.8987000000015541
0.19396969697  0.0000000000000000  0.0000000000000000  16817.8548000000009779
0.19597979798  0.0000000000000000  0.0000000000000000  16647.3320999999996275
0.19798989899  0.0000000000000000  0.0000000000000000  16480.2252000000007683
0.20000000000  0.0000000000000000  0.0000000000000000  16316.4325000000008004
