0.00100000000  0.0000000000000000  0.0000000000000000  0.0000000000000000
0.00301010101  0.0000000000000000  0.0000000000000000  108.6907000000000068
0.00502020202  0.0000000000000000  0.0000000000000000  171.1527000000000100
0.00703030303  0.0000000000000000  0.0000000000000000  106.2856000000000023
0.00904040404  0.0000000000000000  0.0000000000000000  77.5750000000000028
0.01105050505  0.0000000000000000  0.0000000000000000  61.1921000000000035
0.01306060606  0.0000000000000000  0.0000000000000000  50.5561999999999969
0.01507070707  0.0000000000000000  0.0000000000000000  43.0814000000000021
0.01708080808  0.0000000000000000  0.0000000000000000  37.5362000000000009
0.01909090909  0.0000000000000000  0.0000000000000000  33.2571000000000012
0.02110101010  0.0000000000000000  0.0000000000000000  29.8540999999999990
0.02311111111  0.0000000000000000  0.0000000000000000  27.0828999999999986
0.02512121212  0.0000000000000000  0.0000000000000000  24.7821999999999996
0.02713131313  0.0000000000000000  0.0000000000000000  22.8416999999999994
0.02914141414  0.0000000000000000  0.0000000000000000  21.1827000000000005
0.03115151515  0.0000000000000000  0.0000000000000000  19.7482000000000006
0.03316161616  0.0000000000000000  0.0000000000000000  18.4955999999999996
0.03517171717  0.0000000000000000  0.0000000000000000  17.3921999999999990
0.03718181818  0.0000000000000000  0.0000000000000000  16.4129000000000005
0.03919191919  0.0000000000000000  0.0000000000000000  15.5379000000000005
0.04120202020  0.0000000000000000  0.0000000000000000  14.7514000000000003
0.04321212121  0.0000000000000000  0.0000000000000000  14.0405999999999995
0.04522222222  0.0000000000000000  0.0000000000000000  13.3950999999999993
0.04723232323  0.0000000000000000  0.0000000000000000  12.8063000000000002
0.04924242424  0.0000000000000000  0.0000000000000000  12.2669999999999995
0.05125252525  0.0000000000000000  0.0000000000000000  11.7712000000000003
0.05326262626  0.0000000000000000  0.0000000000000000  11.3140000000000001
0.05527272727  0.0000000000000000  0.0000000000000000  10.8909000000000002
0.05728282828  0.0000000000000000  0.0000000000000000  10.4982000000000006
0.05929292929  0.0000000000000000  0.0000000000000000  10.1328999999999994
0.06130303030  0.0000000000000000  0.0000000000000000  9.7920999999999996
0.06331313131  0.0000000000000000  0.0000000000000000  9.4734999999999996
0.06532323232  0.0000000000000000  0.0000000000000000  9.1748999999999992
0.06733333333  0.0000000000000000  0.0000000000000000  8.8946000000000005
0.06934343434  0.0000000000000000  0.0000000000000000  8.6309000000000005
0.07135353535  0.0000000000000000  0.0000000000000000  8.3823000000000008
0.07336363636  0.0000000000000000  0.0000000000000000  8.1477000000000004
0.07537373737  0.0000000000000000  0.0000000000000000  7.9257999999999997
0.07738383838  0.0000000000000000  0.0000000000000000  7.7157000000000000
0.07939393939  0.0000000000000000  0.0000000000000000  7.5164000000000000
0.08140404040  0.0000000000000000  0.0000000000000000  7.3270999999999997
0.08341414141  0.0000000000000000  0.0000000000000000  7.1471999999999998
0.08542424242  0.0000000000000000  0.0000000000000000  6.9757999999999996
0.08743434343  0.0000000000000000  0.0000000000000000  6.8125000000000000
0.08944444444  0.0000000000000000  0.0000000000000000  6.6566999999999998
0.09145454545  0.0000000000000000  0.0000000000000000  6.5077999999999996
0.09346464646  0.0000000000000000  0.0000000000000000  6.3654000000000002
0.09547474747  0.0000000000000000  0.0000000000000000  6.2290999999999999
0.09748484848  0.0000000000000000  0.0000000000000000  6.0984999999999996
0.09949494949  0.0000000000000000  0.0000000000000000  5.9733000000000001
0.10150505051  0.0000000000000000  0.0000000000000000  5.8531000000000004
0.10351515152  0.0000000000000000  0.0000000000000000  5.7377000000000002
0.10552525253  0.0000000000000000  0.0000000000000000  5.6266999999999996
0.10753535354  0.0000000000000000  0.0000000000000000  5.5198999999999998
0.10954545455  0.0000000000000000  0.0000000000000000  5.4170999999999996
0.11155555556  0.0000000000000000  0.0000000000000000  5.3179999999999996
0.11356565657  0.0000000000000000  0.0000000000000000  5.2225999999999999
0.11557575758  0.0000000000000000  0.0000000000000000  5.1303999999999998
0.11758585859  0.0000000000000000  0.0000000000000000  5.0415000000000001
0.11959595960  0.0000000000000000  0.0000000000000000  4.9555999999999996
0.12160606061  0.0000000000000000  0.0000000000000000  4.8726000000000003
0.12361616162  0.0000000000000000  0.0000000000000000  4.7923000000000000
0.12562626263  0.0000000000000000  0.0000000000000000  4.7145999999999999
0.12763636364  0.0000000000000000  0.0000000000000000  4.6394000000000002
0.12964646465  0.0000000000000000  0.0000000000000000  4.5664999999999996
0.13165656566  0.0000000000000000  0.0000000000000000  4.4958999999999998
0.13366666667  0.0000000000000000  0.0000000000000000  4.4275000000000002
0.13567676768  0.0000000000000000  0.0000000000000000  4.3611000000000004
0.13768686869  0.0000000000000000  0.0000000000000000  4.2965999999999998
0.13969696970  0.0000000000000000  0.0000000000000000  4.2340999999999998
0.14170707071  0.0000000000000000  0.0000000000000000  4.1733000000000002
0.14371717172  0.0000000000000000  0.0000000000000000  4.1142000000000003
0.14572727273  0.0000000000000000  0.0000000000000000  4.0568000000000000
0.14773737374  0.0000000000000000  0.0000000000000000  4.0010000000000003
0.14974747475  0.0000000000000000  0.0000000000000000  3.9466999999999999
0.15175757576  0.0000000000000000  0.0000000000000000  3.8938000000000001
0.15376767677  0.0000000000000000  0.0000000000000000  3.8424000000000000
0.15577777778  0.0000000000000000  0.0000000000000000  3.7923000000000000
0.15778787879  0.0000000000000000  0.0000000000000000  3.7433999999999998
0.15979797980  0.0000000000000000  0.0000000000000000  3.6958000000000002
0.16180808081  0.0000000000000000  0.0000000000000000  3.6495000000000002
0.16381818182  0.0000000000000000  0.0000000000000000  3.6042000000000001
0.16582828283  0.0000000000000000  0.0000000000000000  3.5600999999999998
0.16783838384  0.0000000000000000  0.0000000000000000  3.5169999999999999
0.16984848485  0.0000000000000000  0.0000000000000000  3.4750000000000001
0.17185858586  0.0000000000000000  0.0000000000000000  3.4339000000000000
0.17386868687  0.0000000000000000  0.0000000000000000  3.3938000000000001
0.17587878788  0.0000000000000000  0.0000000000000000  3.3546999999999998
0.17788888889  0.0000000000000000  0.0000000000000000  3.3163999999999998
0.17989898990  0.0000000000000000  0.0000000000000000  3.2789999999999999
0.18190909091  0.0000000000000000  0.0000000000000000  3.2423999999999999
0.18391919192  0.0000000000000000  0.0000000000000000  3.2065999999999999
0.18592929293  0.0000000000000000  0.0000000000000000  3.1716000000000002
0.18793939394  0.0000000000000000  0.0000000000000000  3.1374000000000000
0.18994949495  0.0000000000000000  0.0000000000000000  3.1038999999999999
0.19195959596  0.0000000000000000  0.0000000000000000  3.0710999999999999
0.19396969697  0.0000000000000000  0.0000000000000000  3.0390000000000001
0.19597979798  0.0000000000000000  0.0000000000000000  3.0076000000000001
0.19798989899  0.0000000000000000  0.0000000000000000  2.9767999999999999
0.20000000000  0.0000000000000000  0.0000000000000000  2.9466000000000001
