0.00100000000  0.0000000000000000  0.0000000000000000  0.0000000000000000
0.00301010101  0.0000000000000000  0.0000000000000000  21984.3914000000004307
0.00502020202  0.0000000000000000  0.0000000000000000  33920.7237000000022817
0.00703030303  0.0000000000000000  0.0000000000000000  20126.4242000000012922
0.00904040404  0.0000000000000000  0.0000000000000000  14421.6481000000003405
0.01105050505  0.0000000000000000  0.0000000000000000  11259.2865000000001601
0.01306060606  0.0000000000000000  0.0000000000000000  9240.7476999999998952
0.01507070707  0.0000000000000000  0.0000000000000000  7838.1297000000004118
0.01708080808  0.0000000000000000  0.0000000000000000  6806.0513000000000829
0.01909090909  0.0000000000000000  0.0000000000000000  6014.5069000000003143
0.02110101010  0.0000000000000000  0.0000000000000000  5388.0541999999995824
0.02311111111  0.0000000000000000  0.0000000000000000  4879.8609999999998763
0.02512121212  0.0000000000000000  0.0000000000000000  4459.2988999999997759
0.02713131313  0.0000000000000000  0.0000000000000000  4105.4858000000003813
0.02914141414  0.0000000000000000  0.0000000000000000  3803.6911000000000058
0.03115151515  0.0000000000000000  0.0000000000000000  3543.2242000000001099
0.03316161616  0.0000000000000000  0.0000000000000000  3316.1377000000002226
0.03517171717  0.0000000000000000  0.0000000000000000  3116.3996999999999389
0.03718181818  0.0000000000000000  0.0000000000000000  2939.3497999999999593
0.03919191919  0.0000000000000000  0.0000000000000000  2781.3296999999997752
0.04120202020  0.0000000000000000  0.0000000000000000  2639.4275999999999840
0.04321212121  0.0000000000000000  0.0000000000000000  2511.2971999999999753
0.04522222222  0.0000000000000000  0.0000000000000000  2395.0264000000001943
0.04723232323  0.0000000000000000  0.0000000000000000  2289.0414999999998145
0.04924242424  0.0000000000000000  0.0000000000000000  2192.0354999999999563
0.05125252525  0.0000000000000000  0.0000000000000000  2102.9137999999998101
0.05326262626  0.0000000000000000  0.0000000000000000  2020.7528999999999542
0.05527272727  0.0000000000000000  0.0000000000000000  1944.7679000000000542
0.05728282828  0.0000000000000000  0.0000000000000000  1874.2878000000000611
0.05929292929  0.0000000000000000  0.0000000000000000  1808.7354000000000269
0.06130303030  0.0000000000000000  0.0000000000000000  1747.6114000000000033
0.06331313131  0.0000000000000000  0.0000000000000000  1690.4818000000000211
0.06532323232  0.0000000000000000  0.0000000000000000  1636.9674999999999727
0.06733333333  0.0000000000000000  0.0000000000000000  1586.7358999999999014
0.06934343434  0.0000000000000000  0.0000000000000000  1539.4938999999999396
0.07135353535  0.0000000000000000  0.0000000000000000  1494.9824000000000979
0.07336363636  0.0000000000000000  0.0000000000000000  1452.9715000000001055
0.07537373737  0.0000000000000000  0.0000000000000000  1413.2561000000000604
0.07738383838  0.0000000000000000  0.0000000000000000  1375.6530999999999949
0.07939393939  0.0000000000000000  0.0000000000000000  1339.9984999999999218
0.08140404040  0.0000000000000000  0.0000000000000000  1306.1446000000000822
0.08341414141  0.0000000000000000  0.0000000000000000  1273.9583999999999833
0.08542424242  0.0000000000000000  0.0000000000000000  1243.3196000000000367
0.08743434343  0.0000000000000000  0.0000000000000000  1214.1194000000000415
0.08944444444  0.0000000000000000  0.0000000000000000  1186.2587000000000899
0.09145454545  0.0000000000000000  0.0000000000000000  1159.6474000000000615
0.09346464646  0.0000000000000000  0.0000000000000000  1134.2034000000001015
0.09547474747  0.0000000000000000  0.0000000000000000  1109.8515999999999622
0.09748484848  0.0000000000000000  0.0000000000000000  1086.5229999999999109
0.09949494949  0.0000000000000000  0.0000000000000000  1064.1545000000000982
0.10150505051  0.0000000000000000  0.0000000000000000  1042.6881000000000768
0.10351515152  0.0000000000000000  0.0000000000000000  1022.0702999999999747
0.10552525253  0.0000000000000000  0.0000000000000000  1002.2518000000000029
0.10753535354  0.0000000000000000  0.0000000000000000  983.1869000000000369
0.10954545455  0.0000000000000000  0.0000000000000000  964.8336000000000467
0.11155555556  0.0000000000000000  0.0000000000000000  947.1526000000000067
0.11356565657  0.0000000000000000  0.0000000000000000  930.1077999999999975
0.11557575758  0.0000000000000000  0.0000000000000000  913.6653000000000020
0.11758585859  0.0000000000000000  0.0000000000000000  897.7939000000000078
0.11959595960  0.0000000000000000  0.0000000000000000  882.4642999999999802
0.12160606061  0.0000000000000000  0.0000000000000000  867.6493000000000393
0.12361616162  0.0000000000000000  0.0000000000000000  853.3232000000000426
0.12562626263  0.0000000000000000  0.0000000000000000  839.4624000000000024
0.12763636364  0.0000000000000000  0.0000000000000000  826.0445999999999458
0.12964646465  0.0000000000000000  0.0000000000000000  813.0488000000000284
0.13165656566  0.0000000000000000  0.0000000000000000  800.4554000000000542
0.13366666667  0.0000000000000000  0.0000000000000000  788.2460999999999558
0.13567676768  0.0000000000000000  0.0000000000000000  776.4035000000000082
0.13768686869  0.0000000000000000  0.0000000000000000  764.9113999999999578
0.13969696970  0.0000000000000000  0.0000000000000000  753.7545000000000073
0.14170707071  0.0000000000000000  0.0000000000000000  742.9181999999999562
0.14371717172  0.0000000000000000  0.0000000000000000  732.3889000000000351
0.14572727273  0.0000000000000000  0.0000000000000000  722.1539000000000215
0.14773737374  0.0000000000000000  0.0000000000000000  712.2009000000000469
0.14974747475  0.0000000000000000  0.0000000000000000  702.5185000000000173
0.15175757576  0.0000000000000000  0.0000000000000000  693.0956999999999653
0.15376767677  0.0000000000000000  0.0000000000000000  683.9221999999999753
0.15577777778  0.0000000000000000  0.0000000000000000  674.9883999999999560
0.15778787879  0.0000000000000000  0.0000000000000000  666.2848999999999933
0.15979797980  0.0000000000000000  0.0000000000000000  657.8029000000000224
0.16180808081  0.0000000000000000  0.0000000000000000  649.5339999999999918
0.16381818182  0.0000000000000000  0.0000000000000000  641.4705000000000155
0.16582828283  0.0000000000000000  0.0000000000000000  633.6046000000000049
0.16783838384  0.0000000000000000  0.0000000000000000  625.9293000000000120
0.16984848485  0.0000000000000000  0.0000000000000000  618.4375999999999749
0.17185858586  0.0000000000000000  0.0000000000000000  611.1231000000000222
0.17386868687  0.0000000000000000  0.0000000000000000  603.9795000000000300
0.17587878788  0.0000000000000000  0.0000000000000000  597.0009999999999764
0.17788888889  0.0000000000000000  0.0000000000000000  590.1819000000000415
0.17989898990  0.0000000000000000  0.0000000000000000  583.5167000000000144
0.18190909091  0.0000000000000000  0.0000000000000000  577.0004000000000133
0.18391919192  0.0000000000000000  0.0000000000000000  570.6278999999999542
0.18592929293  0.0000000000000000  0.0000000000000000  564.3946999999999434
0.18793939394  0.0000000000000000  0.0000000000000000  558.2961000000000240
0.18994949495  0.0000000000000000  0.0000000000000000  552.3278999999999996
0.19195959596  0.0000000000000000  0.0000000000000000  546.4859000000000151
0.19396969697  0.0000000000000000  0.0000000000000000  540.7661000000000513
0.19597979798  0.0000000000000000  0.0000000000000000  535.1648000000000138
0.19798989899  0.0000000000000000  0.0000000000000000  529.6784000000000106
0.20000000000  0.0000000000000000  0.0000000000000000  524.3031999999999471
