0.00100000000  0.0000000000000000  0.0000000000000000  0.0000000000000000
0.00301010101  0.0000000000000000  0.0000000000000000  139550.3552999999956228
0.00502020202  0.0000000000000000  0.0000000000000000  210962.4078999999910593
0.00703030303  0.0000000000000000  0.0000000000000000  119357.4119000000064261
0.00904040404  0.0000000000000000  0.0000000000000000  84021.4354000000021188
0.01105050505  0.0000000000000000  0.0000000000000000  64989.3712000000014086
0.01306060606  0.0000000000000000  0.0000000000000000  53035.0800000000017462
0.01507070707  0.0000000000000000  0.0000000000000000  44813.4234999999971478
0.01708080808  0.0000000000000000  0.0000000000000000  38806.6586999999999534
0.01909090909  0.0000000000000000  0.0000000000000000  34223.7168999999994412
0.02110101010  0.0000000000000000  0.0000000000000000  30610.9455000000016298
0.02311111111  0.0000000000000000  0.0000000000000000  27689.2430999999996857
0.02512121212  0.0000000000000000  0.0000000000000000  25277.3541000000004715
0.02713131313  0.0000000000000000  0.0000000000000000  23252.3921999999984109
0.02914141414  0.0000000000000000  0.0000000000000000  21528.0704000000005180
0.03115151515  0.0000000000000000  0.0000000000000000  20042.0064999999995052
0.03316161616  0.0000000000000000  0.0000000000000000  18747.9747999999999593
0.03517171717  0.0000000000000000  0.0000000000000000  17610.9890999999988708
0.03718181818  0.0000000000000000  0.0000000000000000  16604.0809000000008382
0.03919191919  0.0000000000000000  0.0000000000000000  15706.1252999999996973
0.04120202020  0.0000000000000000  0.0000000000000000  14900.3389999999999418
0.04321212121  0.0000000000000000  0.0000000000000000  14173.2189999999991414
0.04522222222  0.0000000000000000  0.0000000000000000  13513.7778999999991356
0.04723232323  0.0000000000000000  0.0000000000000000  12912.9843000000000757
0.04924242424  0.0000000000000000  0.0000000000000000  12363.3456999999998516
0.05125252525  0.0000000000000000  0.0000000000000000  11858.5938999999998487
0.05326262626  0.0000000000000000  0.0000000000000000  11393.4451000000008207
0.05527272727  0.0000000000000000  0.0000000000000000  10963.4135000000005675
0.05728282828  0.0000000000000000  0.0000000000000000  10564.6664000000000669
0.05929292929  0.0000000000000000  0.0000000000000000  10193.9091000000007625
0.06130303030  0.0000000000000000  0.0000000000000000  9848.2942000000002736
0.06331313131  0.0000000000000000  0.0000000000000000  9525.3477999999995518
0.06532323232  0.0000000000000000  0.0000000000000000  9222.9102000000002590
0.06733333333  0.0000000000000000  0.0000000000000000  8939.0877999999993335
0.06934343434  0.0000000000000000  0.0000000000000000  8672.2131000000008498
0.07135353535  0.0000000000000000  0.0000000000000000  8420.8119999999998981
0.07336363636  0.0000000000000000  0.0000000000000000  8183.5765000000001237
0.07537373737  0.0000000000000000  0.0000000000000000  7959.3422000000000480
0.07738383838  0.0000000000000000  0.0000000000000000  7747.0685999999996056
0.07939393939  0.0000000000000000  0.0000000000000000  7545.8236999999999171
0.08140404040  0.0000000000000000  0.0000000000000000  7354.7696999999998297
0.08341414141  0.0000000000000000  0.0000000000000000  7173.1514999999999418
0.08542424242  0.0000000000000000  0.0000000000000000  7000.2869000000000597
0.08743434343  0.0000000000000000  0.0000000000000000  6835.5579999999999927
0.08944444444  0.0000000000000000  0.0000000000000000  6678.4035999999996420
0.09145454545  0.0000000000000000  0.0000000000000000  6528.3130000000001019
0.09346464646  0.0000000000000000  0.0000000000000000  6384.8203999999996086
0.09547474747  0.0000000000000000  0.0000000000000000  6247.5000000000000000
0.09748484848  0.0000000000000000  0.0000000000000000  6115.9620999999997366
0.09949494949  0.0000000000000000  0.0000000000000000  5989.8487999999997555
0.10150505051  0.0000000000000000  0.0000000000000000  5868.8312999999998283
0.10351515152  0.0000000000000000  0.0000000000000000  5752.6071000000001732
0.10552525253  0.0000000000000000  0.0000000000000000  5640.8967000000002372
0.10753535354  0.0000000000000000  0.0000000000000000  5533.4422000000004118
0.10954545455  0.0000000000000000  0.0000000000000000  5430.0050000000001091
0.11155555556  0.0000000000000000  0.0000000000000000  5330.3639000000002852
0.11356565657  0.0000000000000000  0.0000000000000000  5234.3136000000004060
0.11557575758  0.0000000000000000  0.0000000000000000  5141.6635999999998603
0.11758585859  0.0000000000000000  0.0000000000000000  5052.2363999999997759
0.11959595960  0.0000000000000000  0.0000000000000000  4965.8667999999997846
0.12160606061  0.0000000000000000  0.0000000000000000  4882.4004000000004453
0.12361616162  0.0000000000000000  0.0000000000000000  4801.6934000000001106
0.12562626263  0.0000000000000000  0.0000000000000000  4723.6112000000002809
0.12763636364  0.0000000000000000  0.0000000000000000  4648.0277999999998428
0.12964646465  0.0000000000000000  0.0000000000000000  4574.8249999999998181
0.13165656566  0.0000000000000000  0.0000000000000000  4503.8922000000002299
0.13366666667  0.0000000000000000  0.0000000000000000  4435.1255000000001019
0.13567676768  0.0000000000000000  0.0000000000000000  4368.4269000000003871
0.13768686869  0.0000000000000000  0.0000000000000000  4303.7047000000002299
0.13969696970  0.0000000000000000  0.0000000000000000  4240.8724000000001979
0.14170707071  0.0000000000000000  0.0000000000000000  4179.8482000000003609
0.14371717172  0.0000000000000000  0.0000000000000000  4120.5551999999997861
0.14572727273  0.0000000000000000  0.0000000000000000  4062.9209000000000742
0.14773737374  0.0000000000000000  0.0000000000000000  4006.8766000000000531
0.14974747475  0.0000000000000000  0.0000000000000000  3952.3573000000001230
0.15175757576  0.0000000000000000  0.0000000000000000  3899.3016999999999825
0.15376767677  0.0000000000000000  0.0000000000000000  3847.6516000000001441
0.15577777778  0.0000000000000000  0.0000000000000000  3797.3519000000001142
0.15778787879  0.0000000000000000  0.0000000000000000  3748.3503000000000611
0.15979797980  0.0000000000000000  0.0000000000000000  3700.5972000000001572
0.16180808081  0.0000000000000000  0.0000000000000000  3654.0455000000001746
0.16381818182  0.0000000000000000  0.0000000000000000  3608.6503999999999905
0.16582828283  0.0000000000000000  0.0000000000000000  3564.3692999999998392
0.16783838384  0.0000000000000000  0.0000000000000000  3521.1617000000001099
0.16984848485  0.0000000000000000  0.0000000000000000  3478.9890999999997803
0.17185858586  0.0000000000000000  0.0000000000000000  3437.8146999999999025
0.17386868687  0.0000000000000000  0.0000000000000000  3397.6033999999999651
0.17587878788  0.0000000000000000  0.0000000000000000  3358.3220000000001164
0.17788888889  0.0000000000000000  0.0000000000000000  3319.9384000000000015
0.17989898990  0.0000000000000000  0.0000000000000000  3282.4221999999999753
0.18190909091  0.0000000000000000  0.0000000000000000  3245.7444999999997890
0.18391919192  0.0000000000000000  0.0000000000000000  3209.8773000000001048
0.18592929293  0.0000000000000000  0.0000000000000000  3174.7941999999998188
0.18793939394  0.0000000000000000  0.0000000000000000  3140.4695999999999003
0.18994949495  0.0000000000000000  0.0000000000000000  3106.8791999999998552
0.19195959596  0.0000000000000000  0.0000000000000000  3073.9998000000000502
0.19396969697  0.0000000000000000  0.0000000000000000  3041.8090000000001965
0.19597979798  0.0000000000000000  0.0000000000000000  3010.2854000000002088
0.19798989899  0.0000000000000000  0.0000000000000000  2979.4083999999998014
0.20000000000  0.0000000000000000  0.0000000000000000  2949.1583999999998014
