0.00100000000  0.0000000000000000  0.0000000000000000  0.0000000000000000
0.00301010101  0.0000000000000000  0.0000000000000000  0.1214000000000000
0.00502020202  0.0000000000000000  0.0000000000000000  0.3057000000000000
0.00703030303  0.0000000000000000  0.0000000000000000  0.3747000000000000
0.00904040404  0.0000000000000000  0.0000000000000000  0.3721000000000000
0.01105050505  0.0000000000000000  0.0000000000000000  0.3513000000000000
0.01306060606  0.0000000000000000  0.0000000000000000  0.3272000000000000
0.01507070707  0.0000000000000000  0.0000000000000000  0.3042000000000000
0.01708080808  0.0000000000000000  0.0000000000000000  0.2832000000000000
0.01909090909  0.0000000000000000  0.0000000000000000  0.2645000000000000
0.02110101010  0.0000000000000000  0.0000000000000000  0.2478000000000000
0.02311111111  0.0000000000000000  0.0000000000000000  0.2330000000000000
0.02512121212  0.0000000000000000  0.0000000000000000  0.2198000000000000
0.02713131313  0.0000000000000000  0.0000000000000000  0.2079000000000000
0.02914141414  0.0000000000000000  0.0000000000000000  0.1972000000000000
0.03115151515  0.0000000000000000  0.0000000000000000  0.1876000000000000
0.03316161616  0.0000000000000000  0.0000000000000000  0.1788000000000000
0.03517171717  0.0000000000000000  0.0000000000000000  0.1708000000000000
0.03718181818  0.0000000000000000  0.0000000000000000  0.1635000000000000
0.03919191919  0.0001000000000000  0.0000000000000000  0.1567000000000000
0.04120202020  0.0001000000000000  0.0000000000000000  0.1505000000000000
0.04321212121  0.0001000000000000  0.0000000000000000  0.1448000000000000
0.04522222222  0.0001000000000000  0.0000000000000000  0.1395000000000000
0.04723232323  0.0001000000000000  0.0000000000000000  0.1345000000000000
0.04924242424  0.0002000000000000  0.0000000000000000  0.1299000000000000
0.05125252525  0.0002000000000000  0.0000000000000000  0.1256000000000000
0.05326262626  0.0002000000000000  0.0000000000000000  0.1215000000000000
0.05527272727  0.0003000000000000  0.0000000000000000  0.1177000000000000
0.05728282828  0.0003000000000000  0.0000000000000000  0.1142000000000000
0.05929292929  0.0003000000000000  0.0000000000000000  0.1108000000000000
0.06130303030  0.0004000000000000  0.0000000000000000  0.1076000000000000
0.06331313131  0.0004000000000000  0.0000000000000000  0.1046000000000000
0.06532323232  0.0004000000000000  0.0000000000000000  0.1018000000000000
0.06733333333  0.0004000000000000  0.0000000000000000  0.0991000000000000
0.06934343434  0.0004000000000000  0.0000000000000000  0.0965000000000000
0.07135353535  0.0005000000000000  0.0000000000000000  0.0941000000000000
0.07336363636  0.0005000000000000  0.0000000000000000  0.0918000000000000
0.07537373737  0.0005000000000000  0.0000000000000000  0.0896000000000000
0.07738383838  0.0006000000000000  0.0000000000000000  0.0875000000000000
0.07939393939  0.0006000000000000  0.0000000000000000  0.0854000000000000
0.08140404040  0.0006000000000000  0.0000000000000000  0.0835000000000000
0.08341414141  0.0006000000000000  0.0000000000000000  0.0817000000000000
0.08542424242  0.0006000000000000  0.0000000000000000  0.0799000000000000
0.08743434343  0.0007000000000000  0.0000000000000000  0.0783000000000000
0.08944444444  0.0007000000000000  0.0000000000000000  0.0767000000000000
0.09145454545  0.0007000000000000  0.0000000000000000  0.0751000000000000
0.09346464646  0.0007000000000000  0.0000000000000000  0.0736000000000000
0.09547474747  0.0007000000000000  0.0000000000000000  0.0722000000000000
0.09748484848  0.0007000000000000  0.0000000000000000  0.0708000000000000
0.09949494949  0.0007000000000000  0.0000000000000000  0.0695000000000000
0.10150505051  0.0007000000000000  0.0000000000000000  0.0682000000000000
0.10351515152  0.0007000000000000  0.0000000000000000  0.0670000000000000
0.10552525253  0.0007000000000000  0.0000000000000000  0.0658000000000000
0.10753535354  0.0007000000000000  0.0000000000000000  0.0647000000000000
0.10954545455  0.0007000000000000  0.0000000000000000  0.0636000000000000
0.11155555556  0.0007000000000000  0.0000000000000000  0.0625000000000000
0.11356565657  0.0006000000000000  0.0000000000000000  0.0615000000000000
0.11557575758  0.0006000000000000  0.0000000000000000  0.0605000000000000
0.11758585859  0.0006000000000000  0.0000000000000000  0.0595000000000000
0.11959595960  0.0006000000000000  0.0000000000000000  0.0586000000000000
0.12160606061  0.0006000000000000  0.0000000000000000  0.0577000000000000
0.12361616162  0.0006000000000000  0.0000000000000000  0.0568000000000000
0.12562626263  0.0006000000000000  0.0000000000000000  0.0560000000000000
0.12763636364  0.0006000000000000  0.0000000000000000  0.0552000000000000
0.12964646465  0.0006000000000000  0.0000000000000000  0.0544000000000000
0.13165656566  0.0006000000000000  0.0000000000000000  0.0536000000000000
0.13366666667  0.0005000000000000  0.0000000000000000  0.0528000000000000
0.13567676768  0.0005000000000000  0.0000000000000000  0.0521000000000000
0.13768686869  0.0005000000000000  0.0000000000000000  0.0514000000000000
0.13969696970  0.0005000000000000  0.0000000000000000  0.0507000000000000
0.14170707071  0.0005000000000000  0.0000000000000000  0.0500000000000000
0.14371717172  0.0005000000000000  0.0000000000000000  0.0494000000000000
0.14572727273  0.0005000000000000  0.0000000000000000  0.0487000000000000
0.14773737374  0.0005000000000000  0.0000000000000000  0.0481000000000000
0.14974747475  0.0005000000000000  0.0000000000000000  0.0475000000000000
0.15175757576  0.0004000000000000  0.0000000000000000  0.0469000000000000
0.15376767677  0.0004000000000000  0.0000000000000000  0.0463000000000000
0.15577777778  0.0004000000000000  0.0000000000000000  0.0458000000000000
0.15778787879  0.0004000000000000  0.0000000000000000  0.0452000000000000
0.15979797980  0.0004000000000000  0.0000000000000000  0.0447000000000000
0.16180808081  0.0004000000000000  0.0000000000000000  0.0442000000000000
0.16381818182  0.0003000000000000  0.0000000000000000  0.0436000000000000
0.16582828283  0.0003000000000000  0.0000000000000000  0.0431000000000000
0.16783838384  0.0003000000000000  0.0000000000000000  0.0427000000000000
0.16984848485  0.0003000000000000  0.0000000000000000  0.0422000000000000
0.17185858586  0.0003000000000000  0.0000000000000000  0.0417000000000000
0.17386868687  0.0003000000000000  0.0000000000000000  0.0413000000000000
0.17587878788  0.0003000000000000  0.0000000000000000  0.0408000000000000
0.17788888889  0.0003000000000000  0.0000000000000000  0.0404000000000000
0.17989898990  0.0002000000000000  0.0000000000000000  0.0400000000000000
0.18190909091  0.0002000000000000  0.0000000000000000  0.0395000000000000
0.18391919192  0.0002000000000000  0.0000000000000000  0.0391000000000000
0.18592929293  0.0002000000000000  0.0000000000000000  0.0387000000000000
0.18793939394  0.0002000000000000  0.0000000000000000  0.0383000000000000
0.18994949495  0.0002000000000000  0.0000000000000000  0.0380000000000000
0.19195959596  0.0002000000000000  0.0000000000000000  0.0376000000000000
0.19396969697  0.0002000000000000  0.0000000000000000  0.0372000000000000
0.19597979798  0.0002000000000000  0.0000000000000000  0.0369000000000000
0.19798989899  0.0001000000000000  0.0000000000000000  0.0365000000000000
0.20000000000  0.0001000000000000  0.0000000000000000  0.0361000000000000
