0.02559500000  0.0000000000000000  0.0000000000000000  0.0000000000000000
0.02735666667  0.0000000000000000  0.0000000000000000  0.0004000000000000
0.02911833333  0.0000000000000000  0.0000000000000000  0.0011000000000000
0.03088000000  0.0000000000000000  0.0000000000000000  0.0017000000000000
0.03264166667  0.0000000000000000  0.0000000000000000  0.0023000000000000
0.03440333333  0.0000000000000000  0.0000000000000000  0.0029000000000000
0.03616500000  0.0000000000000000  0.0000000000000000  0.0035000000000000
0.03792666667  0.0000000000000000  0.0000000000000000  0.0041000000000000
0.03968833333  0.0000000000000000  0.0000000000000000  0.0047000000000000
0.04145000000  0.0000000000000000  0.0000000000000000  0.0053000000000000
0.04321166667  0.0000000000000000  0.0000000000000000  0.0060000000000000
0.04497333333  0.0000000000000000  0.0000000000000000  0.0066000000000000
0.04673500000  0.0000000000000000  0.0000000000000000  0.0073000000000000
0.04849666667  0.0000000000000000  0.0000000000000000  0.0080000000000000
0.05025833333  0.0000000000000000  0.0000000000000000  0.0088000000000000
0.05202000000  0.0000000000000000  0.0000000000000000  0.0095000000000000
0.05378166667  0.0000000000000000  0.0000000000000000  0.0103000000000000
0.05554333333  0.0000000000000000  0.0000000000000000  0.0111000000000000
0.05730500000  0.0000000000000000  0.0000000000000000  0.0119000000000000
0.05906666667  0.0000000000000000  0.0000000000000000  0.0128000000000000
0.06082833333  0.0000000000000000  0.0000000000000000  0.0136000000000000
0.06259000000  0.0000000000000000  0.0000000000000000  0.0145000000000000
0.06435166667  0.0000000000000000  0.0000000000000000  0.0154000000000000
0.06611333333  0.0000000000000000  0.0000000000000000  0.0163000000000000
0.06787500000  0.0000000000000000  0.0000000000000000  0.0172000000000000
0.06963666667  0.0000000000000000  0.0000000000000000  0.0182000000000000
0.07139833333  0.0000000000000000  0.0000000000000000  0.0191000000000000
0.07316000000  0.0000000000000000  0.0000000000000000  0.0201000000000000
0.07492166667  0.0000000000000000  0.0000000000000000  0.0211000000000000
0.07668333333  0.0000000000000000  0.0000000000000000  0.0221000000000000
0.07844500000  0.0000000000000000  0.0000000000000000  0.0232000000000000
0.08020666667  0.0000000000000000  0.0000000000000000  0.0242000000000000
0.08196833333  0.0000000000000000  0.0000000000000000  0.0253000000000000
0.08373000000  0.0000000000000000  0.0000000000000000  0.0263000000000000
0.08549166667  0.0000000000000000  0.0000000000000000  0.0274000000000000
0.08725333333  0.0000000000000000  0.0000000000000000  0.0285000000000000
0.08901500000  0.0000000000000000  0.0000000000000000  0.0297000000000000
0.09077666667  0.0000000000000000  0.0000000000000000  0.0308000000000000
0.09253833333  0.0000000000000000  0.0000000000000000  0.0319000000000000
0.09430000000  0.0000000000000000  0.0000000000000000  0.0331000000000000
0.09606166667  0.0000000000000000  0.0000000000000000  0.0342000000000000
0.09782333333  0.0000000000000000  0.0000000000000000  0.0354000000000000
0.09958500000  0.0000000000000000  0.0000000000000000  0.0366000000000000
0.10134666667  0.0000000000000000  0.0000000000000000  0.0378000000000000
0.10310833333  0.0000000000000000  0.0000000000000000  0.0390000000000000
0.10487000000  0.0000000000000000  0.0000000000000000  0.0402000000000000
0.10663166667  0.0000000000000000  0.0000000000000000  0.0414000000000000
0.10839333333  0.0000000000000000  0.0000000000000000  0.0426000000000000
0.11015500000  0.0000000000000000  0.0000000000000000  0.0439000000000000
0.11191666667  0.0000000000000000  0.0000000000000000  0.0451000000000000
0.11367833333  0.0000000000000000  0.0000000000000000  0.0464000000000000
0.11544000000  0.0000000000000000  0.0000000000000000  0.0476000000000000
0.11720166667  0.0000000000000000  0.0000000000000000  0.0489000000000000
0.11896333333  0.0000000000000000  0.0000000000000000  0.0502000000000000
0.12072500000  0.0000000000000000  0.0000000000000000  0.0514000000000000
0.12248666667  0.0000000000000000  0.0000000000000000  0.0527000000000000
0.12424833333  0.0000000000000000  0.0000000000000000  0.0540000000000000
0.12601000000  0.0000000000000000  0.0000000000000000  0.0553000000000000
0.12777166667  0.0000000000000000  0.0000000000000000  0.0566000000000000
0.12953333333  0.0000000000000000  0.0000000000000000  0.0579000000000000
0.13129500000  0.0000000000000000  0.0000000000000000  0.0592000000000000
0.13305666667  0.0000000000000000  0.0000000000000000  0.0605000000000000
0.13481833333  0.0000000000000000  0.0000000000000000  0.0618000000000000
0.13658000000  0.0000000000000000  0.0000000000000000  0.0631000000000000
0.13834166667  0.0000000000000000  0.0000000000000000  0.0644000000000000
0.14010333333  0.0000000000000000  0.0000000000000000  0.0657000000000000
0.14186500000  0.0000000000000000  0.0000000000000000  0.0670000000000000
0.14362666667  0.0000000000000000  0.0000000000000000  0.0683000000000000
0.14538833333  0.0000000000000000  0.0000000000000000  0.0696000000000000
0.14715000000  0.0000000000000000  0.0000000000000000  0.0709000000000000
0.14891166667  0.0000000000000000  0.0000000000000000  0.0722000000000000
0.15067333333  0.0000000000000000  0.0000000000000000  0.0735000000000000
0.15243500000  0.0000000000000000  0.0000000000000000  0.0748000000000000
0.15419666667  0.0000000000000000  0.0000000000000000  0.0761000000000000
0.15595833333  0.0000000000000000  0.0000000000000000  0.0774000000000000
0.15772000000  0.0000000000000000  0.0000000000000000  0.0787000000000000
0.15948166667  0.0000000000000000  0.0000000000000000  0.0799000000000000
0.16124333333  0.0000000000000000  0.0000000000000000  0.0812000000000000
0.16300500000  0.0000000000000000  0.0000000000000000  0.0825000000000000
0.16476666667  0.0000000000000000  0.0000000000000000  0.0838000000000000
0.16652833333  0.0000000000000000  0.0000000000000000  0.0851000000000000
0.16829000000  0.0000000000000000  0.0000000000000000  0.0864000000000000
0.17005166667  0.0000000000000000  0.0000000000000000  0.0876000000000000
0.17181333333  0.0000000000000000  0.0000000000000000  0.0889000000000000
0.17357500000  0.0000000000000000  0.0000000000000000  0.0902000000000000
0.17533666667  0.0000000000000000  0.0000000000000000  0.0914000000000000
0.17709833333  0.0000000000000000  0.0000000000000000  0.0927000000000000
0.17886000000  0.0000000000000000  0.0000000000000000  0.0939000000000000
0.18062166667  0.0000000000000000  0.0000000000000000  0.0952000000000000
0.18238333333  0.0000000000000000  0.0000000000000000  0.0964000000000000
0.18414500000  0.0000000000000000  0.0000000000000000  0.0976000000000000
0.18590666667  0.0000000000000000  0.0000000000000000  0.0989000000000000
0.18766833333  0.0000000000000000  0.0000000000000000  0.1001000000000000
0.18943000000  0.0000000000000000  0.0000000000000000  0.1013000000000000
0.19119166667  0.0000000000000000  0.0000000000000000  0.1025000000000000
0.19295333333  0.0000000000000000  0.0000000000000000  0.1037000000000000
0.19471500000  0.0000000000000000  0.0000000000000000  0.1049000000000000
0.19647666667  0.0000000000000000  0.0000000000000000  0.1061000000000000
0.19823833333  0.0000000000000000  0.0000000000000000  0.1073000000000000
0.20000000000  0.0000000000000000  0.0000000000000000  0.1084000000000000
