0.01456300000  0.0000000000000000  0.0000000000000000  0.0000000000000000
0.01643610101  0.0000000000000000  0.0000000000000000  0.4228000000000000
0.01830920202  0.0000000000000000  0.0000000000000000  1.2856000000000001
0.02018230303  0.0000000000000000  0.0000000000000000  2.1476000000000002
0.02205540404  0.0000000000000000  0.0000000000000000  3.0099000000000000
0.02392850505  0.0000000000000000  0.0000000000000000  3.9163999999999999
0.02580160606  0.0000000000000000  0.0000000000000000  4.8766999999999996
0.02767470707  0.0000000000000000  0.0000000000000000  5.8936000000000002
0.02954780808  0.0000000000000000  0.0000000000000000  6.9673999999999996
0.03142090909  0.0000000000000000  0.0000000000000000  8.0976999999999997
0.03329401010  0.0000000000000000  0.0000000000000000  9.2834000000000003
0.03516711111  0.0000000000000000  0.0000000000000000  10.5230999999999995
0.03704021212  0.0000000000000000  0.0000000000000000  11.8154000000000003
0.03891331313  0.0000000000000000  0.0000000000000000  13.1584000000000003
0.04078641414  0.0000000000000000  0.0000000000000000  14.5503999999999998
0.04265951515  0.0000000000000000  0.0000000000000000  15.9894999999999996
0.04453261616  0.0000000000000000  0.0000000000000000  17.4736000000000011
0.04640571717  0.0000000000000000  0.0000000000000000  19.0005999999999986
0.04827881818  0.0000000000000000  0.0000000000000000  20.5684000000000005
0.05015191919  0.0000000000000000  0.0000000000000000  22.1747000000000014
0.05202502020  0.0000000000000000  0.0000000000000000  23.8172999999999995
0.05389812121  0.0000000000000000  0.0000000000000000  25.4939000000000000
0.05577122222  0.0000000000000000  0.0000000000000000  27.2021000000000015
0.05764432323  0.0000000000000000  0.0000000000000000  28.9398000000000017
0.05951742424  0.0000000000000000  0.0000000000000000  30.7044999999999995
0.06139052525  0.0000000000000000  0.0000000000000000  32.4938999999999965
0.06326362626  0.0000000000000000  0.0000000000000000  34.3057999999999979
0.06513672727  0.0000000000000000  0.0000000000000000  36.1377999999999986
0.06700982828  0.0000000000000000  0.0000000000000000  37.9879000000000033
0.06888292929  0.0000000000000000  0.0000000000000000  39.8537000000000035
0.07075603030  0.0000000000000000  0.0000000000000000  41.7331000000000003
0.07262913131  0.0000000000000000  0.0000000000000000  43.6240000000000023
0.07450223232  0.0000000000000000  0.0000000000000000  45.5242999999999967
0.07637533333  0.0000000000000000  0.0000000000000000  47.4322000000000017
0.07824843434  0.0000000000000000  0.0000000000000000  49.3455000000000013
0.08012153535  0.0000000000000000  0.0000000000000000  51.2625999999999991
0.08199463636  0.0000000000000000  0.0000000000000000  53.1814999999999998
0.08386773737  0.0000000000000000  0.0000000000000000  55.1006000000000000
0.08574083838  0.0000000000000000  0.0000000000000000  57.0182000000000002
0.08761393939  0.0000000000000000  0.0000000000000000  58.9326999999999970
0.08948704040  0.0000000000000000  0.0000000000000000  60.8427000000000007
0.09136014141  0.0000000000000000  0.0000000000000000  62.7464999999999975
0.09323324242  0.0000000000000000  0.0000000000000000  64.6430000000000007
0.09510634343  0.0000000000000000  0.0000000000000000  66.5307999999999993
0.09697944444  0.0000000000000000  0.0000000000000000  68.4086999999999961
0.09885254545  0.0000000000000000  0.0000000000000000  70.2754999999999939
0.10072564646  0.0000000000000000  0.0000000000000000  72.1300999999999988
0.10259874747  0.0000000000000000  0.0000000000000000  73.9715000000000060
0.10447184848  0.0000000000000000  0.0000000000000000  75.7988000000000000
0.10634494949  0.0000000000000000  0.0000000000000000  77.6110999999999933
0.10821805051  0.0000000000000000  0.0000000000000000  79.4074999999999989
0.11009115152  0.0000000000000000  0.0000000000000000  81.1872999999999934
0.11196425253  0.0000000000000000  0.0000000000000000  82.9497999999999962
0.11383735354  0.0000000000000000  0.0000000000000000  84.6944000000000017
0.11571045455  0.0000000000000000  0.0000000000000000  86.4202999999999975
0.11758355556  0.0000000000000000  0.0000000000000000  88.1270999999999987
0.11945665657  0.0000000000000000  0.0000000000000000  89.8144000000000062
0.12132975758  0.0000000000000000  0.0000000000000000  91.4816000000000003
0.12320285859  0.0000000000000000  0.0000000000000000  93.1282999999999959
0.12507595960  0.0000000000000000  0.0000000000000000  94.7541999999999973
0.12694906061  0.0000000000000000  0.0000000000000000  96.3589999999999947
0.12882216162  0.0000000000000000  0.0000000000000000  97.9424999999999955
0.13069526263  0.0000000000000000  0.0000000000000000  99.5041999999999973
0.13256836364  0.0000000000000000  0.0000000000000000  101.0442000000000036
0.13444146465  0.0000000000000000  0.0000000000000000  102.5622000000000043
0.13631456566  0.0000000000000000  0.0000000000000000  104.0580000000000069
0.13818766667  0.0000000000000000  0.0000000000000000  105.5315999999999974
0.14006076768  0.0000000000000000  0.0000000000000000  106.9830000000000041
0.14193386869  0.0000000000000000  0.0000000000000000  108.4119000000000028
0.14380696970  0.0000000000000000  0.0000000000000000  109.8185000000000002
0.14568007071  0.0000000000000000  0.0000000000000000  111.2026999999999930
0.14755317172  0.0000000000000000  0.0000000000000000  112.5644999999999953
0.14942627273  0.0000000000000000  0.0000000000000000  113.9040999999999997
0.15129937374  0.0000000000000000  0.0000000000000000  115.2212999999999994
0.15317247475  0.0000000000000000  0.0000000000000000  116.5164999999999935
0.15504557576  0.0000000000000000  0.0000000000000000  117.7895000000000039
0.15691867677  0.0000000000000000  0.0000000000000000  119.0405999999999977
0.15879177778  0.0000000000000000  0.0000000000000000  120.2698000000000036
0.16066487879  0.0000000000000000  0.0000000000000000  121.4774000000000029
0.16253797980  0.0000000000000000  0.0000000000000000  122.6633999999999958
0.16441108081  0.0000000000000000  0.0000000000000000  123.8281000000000063
0.16628418182  0.0000000000000000  0.0000000000000000  124.9715000000000060
0.16815728283  0.0000000000000000  0.0000000000000000  126.0939999999999941
0.17003038384  0.0000000000000000  0.0000000000000000  127.1955999999999989
0.17190348485  0.0000000000000000  0.0000000000000000  128.2766000000000020
0.17377658586  0.0000000000000000  0.0000000000000000  129.3370999999999924
0.17564968687  0.0000000000000000  0.0000000000000000  130.3774999999999977
0.17752278788  0.0000000000000000  0.0000000000000000  131.3978999999999928
0.17939588889  0.0000000000000000  0.0000000000000000  132.3985000000000127
0.18126898990  0.0000000000000000  0.0000000000000000  133.3796000000000106
0.18314209091  0.0000000000000000  0.0000000000000000  134.3413999999999930
0.18501519192  0.0000000000000000  0.0000000000000000  135.2840999999999951
0.18688829293  0.0000000000000000  0.0000000000000000  136.2079999999999984
0.18876139394  0.0000000000000000  0.0000000000000000  137.1133000000000095
0.19063449495  0.0000000000000000  0.0000000000000000  138.0003000000000100
0.19250759596  0.0000000000000000  0.0000000000000000  138.8692000000000064
0.19438069697  0.0000000000000000  0.0000000000000000  139.7202000000000055
0.19625379798  0.0000000000000000  0.0000000000000000  140.5535999999999888
0.19812689899  0.0000000000000000  0.0000000000000000  141.3696999999999946
0.20000000000  0.0000000000000000  0.0000000000000000  142.1685999999999979
