0.00100000000  0.0000000000000000  0.0000000000000000  0.0000000000000000
0.00301010101  0.0000000000000000  0.0000000000000000  6.5917000000000003
0.00502020202  0.0000000000000000  0.0000000000000000  14.8664000000000005
0.00703030303  0.0000000000000000  0.0000000000000000  16.1549000000000014
0.00904040404  0.0000000000000000  0.0000000000000000  15.0655999999999999
0.01105050505  0.0000000000000000  0.0000000000000000  13.7020999999999997
0.01306060606  0.0000000000000000  0.0000000000000000  12.4486000000000008
0.01507070707  0.0000000000000000  0.0000000000000000  11.3623999999999992
0.01708080808  0.0000000000000000  0.0000000000000000  10.4322999999999997
0.01909090909  0.0000000000000000  0.0000000000000000  9.6343999999999994
0.02110101010  0.0000000000000000  0.0000000000000000  8.9454999999999991
0.02311111111  0.0000000000000000  0.0000000000000000  8.3461999999999996
0.02512121212  0.0000000000000000  0.0000000000000000  7.8209000000000000
0.02713131313  0.0000000000000000  0.0000000000000000  7.3571000000000000
0.02914141414  0.0000000000000000  0.0000000000000000  6.9447999999999999
0.03115151515  0.0000000000000000  0.0000000000000000  6.5759999999999996
0.03316161616  0.0000000000000000  0.0000000000000000  6.2443999999999997
0.03517171717  0.0000000000000000  0.0000000000000000  5.9444999999999997
0.03718181818  0.0000000000000000  0.0000000000000000  5.6719999999999997
0.03919191919  0.0000000000000000  0.0000000000000000  5.4234000000000000
0.04120202020  0.0000000000000000  0.0000000000000000  5.1957000000000004
0.04321212121  0.0000000000000000  0.0000000000000000  4.9863999999999997
0.04522222222  0.0000000000000000  0.0000000000000000  4.7933000000000003
0.04723232323  0.0000000000000000  0.0000000000000000  4.6146000000000003
0.04924242424  0.0000000000000000  0.0000000000000000  4.4486999999999997
0.05125252525  0.0000000000000000  0.0000000000000000  4.2944000000000004
0.05326262626  0.0000000000000000  0.0000000000000000  4.1504000000000003
0.05527272727  0.0000000000000000  0.0000000000000000  4.0157999999999996
0.05728282828  0.0000000000000000  0.0000000000000000  3.8896999999999999
0.05929292929  0.0000000000000000  0.0000000000000000  3.7711999999999999
0.06130303030  0.0000000000000000  0.0000000000000000  3.6597000000000000
0.06331313131  0.0000000000000000  0.0000000000000000  3.5547000000000000
0.06532323232  0.0000000000000000  0.0000000000000000  3.4554999999999998
0.06733333333  0.0000000000000000  0.0000000000000000  3.3616999999999999
0.06934343434  0.0000000000000000  0.0000000000000000  3.2728999999999999
0.07135353535  0.0000000000000000  0.0000000000000000  3.1886000000000001
0.07336363636  0.0000000000000000  0.0000000000000000  3.1086000000000000
0.07537373737  0.0000000000000000  0.0000000000000000  3.0325000000000002
0.07738383838  0.0000000000000000  0.0000000000000000  2.9600000000000000
0.07939393939  0.0000000000000000  0.0000000000000000  2.8908999999999998
0.08140404040  0.0000000000000000  0.0000000000000000  2.8249000000000000
0.08341414141  0.0000000000000000  0.0000000000000000  2.7618999999999998
0.08542424242  0.0000000000000000  0.0000000000000000  2.7017000000000002
0.08743434343  0.0000000000000000  0.0000000000000000  2.6440000000000001
0.08944444444  0.0000000000000000  0.0000000000000000  2.5886999999999998
0.09145454545  0.0000000000000000  0.0000000000000000  2.5356999999999998
0.09346464646  0.0000000000000000  0.0000000000000000  2.4847999999999999
0.09547474747  0.0000000000000000  0.0000000000000000  2.4359999999999999
0.09748484848  0.0000000000000000  0.0000000000000000  2.3889999999999998
0.09949494949  0.0000000000000000  0.0000000000000000  2.3437000000000001
0.10150505051  0.0000000000000000  0.0000000000000000  2.3001999999999998
0.10351515152  0.0000000000000000  0.0000000000000000  2.2582000000000000
0.10552525253  0.0000000000000000  0.0000000000000000  2.2178000000000000
0.10753535354  0.0000000000000000  0.0000000000000000  2.1787000000000001
0.10954545455  0.0000000000000000  0.0000000000000000  2.1410999999999998
0.11155555556  0.0000000000000000  0.0000000000000000  2.1046999999999998
0.11356565657  0.0000000000000000  0.0000000000000000  2.0695000000000001
0.11557575758  0.0000000000000000  0.0000000000000000  2.0354000000000001
0.11758585859  0.0000000000000000  0.0000000000000000  2.0024999999999999
0.11959595960  0.0000000000000000  0.0000000000000000  1.9705999999999999
0.12160606061  0.0000000000000000  0.0000000000000000  1.9397000000000000
0.12361616162  0.0000000000000000  0.0000000000000000  1.9097999999999999
0.12562626263  0.0000000000000000  0.0000000000000000  1.8807000000000000
0.12763636364  0.0000000000000000  0.0000000000000000  1.8526000000000000
0.12964646465  0.0000000000000000  0.0000000000000000  1.8251999999999999
0.13165656566  0.0000000000000000  0.0000000000000000  1.7987000000000000
0.13366666667  0.0000000000000000  0.0000000000000000  1.7728999999999999
0.13567676768  0.0000000000000000  0.0000000000000000  1.7479000000000000
0.13768686869  0.0000000000000000  0.0000000000000000  1.7235000000000000
0.13969696970  0.0000000000000000  0.0000000000000000  1.6998000000000000
0.14170707071  0.0000000000000000  0.0000000000000000  1.6768000000000001
0.14371717172  0.0000000000000000  0.0000000000000000  1.6543000000000001
0.14572727273  0.0000000000000000  0.0000000000000000  1.6325000000000001
0.14773737374  0.0000000000000000  0.0000000000000000  1.6112000000000000
0.14974747475  0.0000000000000000  0.0000000000000000  1.5905000000000000
0.15175757576  0.0000000000000000  0.0000000000000000  1.5703000000000000
0.15376767677  0.0000000000000000  0.0000000000000000  1.5506000000000000
0.15577777778  0.0000000000000000  0.0000000000000000  1.5314000000000001
0.15778787879  0.0000000000000000  0.0000000000000000  1.5125999999999999
0.15979797980  0.0000000000000000  0.0000000000000000  1.4943000000000000
0.16180808081  0.0000000000000000  0.0000000000000000  1.4764999999999999
0.16381818182  0.0000000000000000  0.0000000000000000  1.4591000000000001
0.16582828283  0.0000000000000000  0.0000000000000000  1.4419999999999999
0.16783838384  0.0000000000000000  0.0000000000000000  1.4254000000000000
0.16984848485  0.0000000000000000  0.0000000000000000  1.4091000000000000
0.17185858586  0.0000000000000000  0.0000000000000000  1.3932000000000000
0.17386868687  0.0000000000000000  0.0000000000000000  1.3776999999999999
0.17587878788  0.0000000000000000  0.0000000000000000  1.3625000000000000
0.17788888889  0.0000000000000000  0.0000000000000000  1.3475999999999999
0.17989898990  0.0000000000000000  0.0000000000000000  1.3331000000000000
0.18190909091  0.0000000000000000  0.0000000000000000  1.3189000000000000
0.18391919192  0.0000000000000000  0.0000000000000000  1.3048999999999999
0.18592929293  0.0000000000000000  0.0000000000000000  1.2912999999999999
0.18793939394  0.0000000000000000  0.0000000000000000  1.2779000000000000
0.18994949495  0.0000000000000000  0.0000000000000000  1.2647999999999999
0.19195959596  0.0000000000000000  0.0000000000000000  1.2520000000000000
0.19396969697  0.0000000000000000  0.0000000000000000  1.2394000000000001
0.19597979798  0.0000000000000000  0.0000000000000000  1.2271000000000001
0.19798989899  0.0000000000000000  0.0000000000000000  1.2150000000000001
0.20000000000  0.0000000000000000  0.0000000000000000  1.2032000000000000
