0.01456300000  0.0000000000000000  0.0000000000000000  0.0000000000000000
0.01643610101  0.0000000000000000  0.0000000000000000  0.0317000000000000
0.01830920202  0.0000000000000000  0.0000000000000000  0.0964000000000000
0.02018230303  0.0000000000000000  0.0000000000000000  0.1610000000000000
0.02205540404  0.0000000000000000  0.0000000000000000  0.2257000000000000
0.02392850505  0.0000000000000000  0.0000000000000000  0.2937000000000000
0.02580160606  0.0000000000000000  0.0000000000000000  0.3657000000000000
0.02767470707  0.0000000000000000  0.0000000000000000  0.4420000000000000
0.02954780808  0.0000000000000000  0.0000000000000000  0.5225000000000000
0.03142090909  0.0000000000000000  0.0000000000000000  0.6072000000000000
0.03329401010  0.0000000000000000  0.0000000000000000  0.6962000000000000
0.03516711111  0.0000000000000000  0.0000000000000000  0.7891000000000000
0.03704021212  0.0000000000000000  0.0000000000000000  0.8860000000000000
0.03891331313  0.0000000000000000  0.0000000000000000  0.9867000000000000
0.04078641414  0.0000000000000000  0.0000000000000000  1.0911000000000000
0.04265951515  0.0000000000000000  0.0000000000000000  1.1990000000000001
0.04453261616  0.0000000000000000  0.0000000000000000  1.3103000000000000
0.04640571717  0.0000000000000000  0.0000000000000000  1.4248000000000001
0.04827881818  0.0000000000000000  0.0000000000000000  1.5424000000000000
0.05015191919  0.0000000000000000  0.0000000000000000  1.6629000000000000
0.05202502020  0.0000000000000000  0.0000000000000000  1.7860000000000000
0.05389812121  0.0000000000000000  0.0000000000000000  1.9117999999999999
0.05577122222  0.0000000000000000  0.0000000000000000  2.0398999999999998
0.05764432323  0.0000000000000000  0.0000000000000000  2.1701999999999999
0.05951742424  0.0000000000000000  0.0000000000000000  2.3025000000000002
0.06139052525  0.0000000000000000  0.0000000000000000  2.4367000000000001
0.06326362626  0.0000000000000000  0.0000000000000000  2.5726000000000000
0.06513672727  0.0000000000000000  0.0000000000000000  2.7100000000000000
0.06700982828  0.0000000000000000  0.0000000000000000  2.8487000000000000
0.06888292929  0.0000000000000000  0.0000000000000000  2.9885999999999999
0.07075603030  0.0000000000000000  0.0000000000000000  3.1295000000000002
0.07262913131  0.0000000000000000  0.0000000000000000  3.2713000000000001
0.07450223232  0.0000000000000000  0.0000000000000000  3.4138000000000002
0.07637533333  0.0000000000000000  0.0000000000000000  3.5569000000000002
0.07824843434  0.0000000000000000  0.0000000000000000  3.7004000000000001
0.08012153535  0.0000000000000000  0.0000000000000000  3.8441999999999998
0.08199463636  0.0000000000000000  0.0000000000000000  3.9881000000000002
0.08386773737  0.0000000000000000  0.0000000000000000  4.1319999999999997
0.08574083838  0.0000000000000000  0.0000000000000000  4.2758000000000003
0.08761393939  0.0000000000000000  0.0000000000000000  4.4192999999999998
0.08948704040  0.0000000000000000  0.0000000000000000  4.5625999999999998
0.09136014141  0.0000000000000000  0.0000000000000000  4.7053000000000003
0.09323324242  0.0000000000000000  0.0000000000000000  4.8475000000000001
0.09510634343  0.0000000000000000  0.0000000000000000  4.9890999999999996
0.09697944444  0.0000000000000000  0.0000000000000000  5.1299000000000001
0.09885254545  0.0000000000000000  0.0000000000000000  5.2698999999999998
0.10072564646  0.0000000000000000  0.0000000000000000  5.4089999999999998
0.10259874747  0.0000000000000000  0.0000000000000000  5.5471000000000004
0.10447184848  0.0000000000000000  0.0000000000000000  5.6840999999999999
0.10634494949  0.0000000000000000  0.0000000000000000  5.8200000000000003
0.10821805051  0.0000000000000000  0.0000000000000000  5.9546999999999999
0.11009115152  0.0000000000000000  0.0000000000000000  6.0881999999999996
0.11196425253  0.0000000000000000  0.0000000000000000  6.2203999999999997
0.11383735354  0.0000000000000000  0.0000000000000000  6.3512000000000004
0.11571045455  0.0000000000000000  0.0000000000000000  6.4805999999999999
0.11758355556  0.0000000000000000  0.0000000000000000  6.6086000000000000
0.11945665657  0.0000000000000000  0.0000000000000000  6.7351000000000001
0.12132975758  0.0000000000000000  0.0000000000000000  6.8601000000000001
0.12320285859  0.0000000000000000  0.0000000000000000  6.9836000000000000
0.12507595960  0.0000000000000000  0.0000000000000000  7.1055999999999999
0.12694906061  0.0000000000000000  0.0000000000000000  7.2259000000000002
0.12882216162  0.0000000000000000  0.0000000000000000  7.3445999999999998
0.13069526263  0.0000000000000000  0.0000000000000000  7.4618000000000002
0.13256836364  0.0000000000000000  0.0000000000000000  7.5772000000000004
0.13444146465  0.0000000000000000  0.0000000000000000  7.6910999999999996
0.13631456566  0.0000000000000000  0.0000000000000000  7.8033000000000001
0.13818766667  0.0000000000000000  0.0000000000000000  7.9138000000000002
0.14006076768  0.0000000000000000  0.0000000000000000  8.0226000000000006
0.14193386869  0.0000000000000000  0.0000000000000000  8.1296999999999997
0.14380696970  0.0000000000000000  0.0000000000000000  8.2352000000000007
0.14568007071  0.0000000000000000  0.0000000000000000  8.3390000000000004
0.14755317172  0.0000000000000000  0.0000000000000000  8.4411000000000005
0.14942627273  0.0000000000000000  0.0000000000000000  8.5416000000000007
0.15129937374  0.0000000000000000  0.0000000000000000  8.6403999999999996
0.15317247475  0.0000000000000000  0.0000000000000000  8.7375000000000007
0.15504557576  0.0000000000000000  0.0000000000000000  8.8330000000000002
0.15691867677  0.0000000000000000  0.0000000000000000  8.9268000000000001
0.15879177778  0.0000000000000000  0.0000000000000000  9.0190000000000001
0.16066487879  0.0000000000000000  0.0000000000000000  9.1095000000000006
0.16253797980  0.0000000000000000  0.0000000000000000  9.1984999999999992
0.16441108081  0.0000000000000000  0.0000000000000000  9.2858000000000001
0.16628418182  0.0000000000000000  0.0000000000000000  9.3714999999999993
0.16815728283  0.0000000000000000  0.0000000000000000  9.4557000000000002
0.17003038384  0.0000000000000000  0.0000000000000000  9.5382999999999996
0.17190348485  0.0000000000000000  0.0000000000000000  9.6194000000000006
0.17377658586  0.0000000000000000  0.0000000000000000  9.6989000000000001
0.17564968687  0.0000000000000000  0.0000000000000000  9.7768999999999995
0.17752278788  0.0000000000000000  0.0000000000000000  9.8534000000000006
0.17939588889  0.0000000000000000  0.0000000000000000  9.9284999999999997
0.18126898990  0.0000000000000000  0.0000000000000000  10.0021000000000004
0.18314209091  0.0000000000000000  0.0000000000000000  10.0741999999999994
0.18501519192  0.0000000000000000  0.0000000000000000  10.1448999999999998
0.18688829293  0.0000000000000000  0.0000000000000000  10.2141999999999999
0.18876139394  0.0000000000000000  0.0000000000000000  10.2820000000000000
0.19063449495  0.0000000000000000  0.0000000000000000  10.3485999999999994
0.19250759596  0.0000000000000000  0.0000000000000000  10.4137000000000004
0.19438069697  0.0000000000000000  0.0000000000000000  10.4774999999999991
0.19625379798  0.0000000000000000  0.0000000000000000  10.5399999999999991
0.19812689899  0.0000000000000000  0.0000000000000000  10.6012000000000004
0.20000000000  0.0000000000000000  0.0000000000000000  10.6610999999999994
