0.00100000000  0.0000000000000000  0.0000000000000000  0.0000000000000000
0.00301010101  0.0000000000000000  0.0000000000000000  3.3948000000000000
0.00502020202  0.0000000000000000  0.0000000000000000  6.1791999999999998
0.00703030303  0.0000000000000000  0.0000000000000000  5.0327000000000002
0.00904040404  0.0000000000000000  0.0000000000000000  4.1208999999999998
0.01105050505  0.0000000000000000  0.0000000000000000  3.4744000000000002
0.01306060606  0.0000000000000000  0.0000000000000000  3.0004000000000000
0.01507070707  0.0000000000000000  0.0000000000000000  2.6396999999999999
0.01708080808  0.0000000000000000  0.0000000000000000  2.3563999999999998
0.01909090909  0.0000000000000000  0.0000000000000000  2.1280999999999999
0.02110101010  0.0000000000000000  0.0000000000000000  1.9401999999999999
0.02311111111  0.0000000000000000  0.0000000000000000  1.7827999999999999
0.02512121212  0.0000000000000000  0.0000000000000000  1.6491000000000000
0.02713131313  0.0000000000000000  0.0000000000000000  1.5341000000000000
0.02914141414  0.0000000000000000  0.0000000000000000  1.4340999999999999
0.03115151515  0.0000000000000000  0.0000000000000000  1.3464000000000000
0.03316161616  0.0000000000000000  0.0000000000000000  1.2686999999999999
0.03517171717  0.0000000000000000  0.0000000000000000  1.1996000000000000
0.03718181818  0.0000000000000000  0.0000000000000000  1.1375999999999999
0.03919191919  0.0000000000000000  0.0000000000000000  1.0817000000000001
0.04120202020  0.0000000000000000  0.0000000000000000  1.0309999999999999
0.04321212121  0.0000000000000000  0.0000000000000000  0.9849000000000000
0.04522222222  0.0000000000000000  0.0000000000000000  0.9427000000000000
0.04723232323  0.0000000000000000  0.0000000000000000  0.9040000000000000
0.04924242424  0.0000000000000000  0.0000000000000000  0.8683000000000000
0.05125252525  0.0000000000000000  0.0000000000000000  0.8353000000000000
0.05326262626  0.0000000000000000  0.0000000000000000  0.8048000000000000
0.05527272727  0.0000000000000000  0.0000000000000000  0.7764000000000000
0.05728282828  0.0000000000000000  0.0000000000000000  0.7499000000000000
0.05929292929  0.0000000000000000  0.0000000000000000  0.7251000000000000
0.06130303030  0.0000000000000000  0.0000000000000000  0.7020000000000000
0.06331313131  0.0000000000000000  0.0000000000000000  0.6803000000000000
0.06532323232  0.0000000000000000  0.0000000000000000  0.6598000000000001
0.06733333333  0.0000000000000000  0.0000000000000000  0.6405999999999999
0.06934343434  0.0000000000000000  0.0000000000000000  0.6225000000000001
0.07135353535  0.0000000000000000  0.0000000000000000  0.6052999999999999
0.07336363636  0.0000000000000000  0.0000000000000000  0.5891000000000000
0.07537373737  0.0000000000000000  0.0000000000000000  0.5737000000000000
0.07738383838  0.0000000000000000  0.0000000000000000  0.5591000000000000
0.07939393939  0.0000000000000000  0.0000000000000000  0.5452000000000000
0.08140404040  0.0000000000000000  0.0000000000000000  0.5320000000000000
0.08341414141  0.0000000000000000  0.0000000000000000  0.5194000000000000
0.08542424242  0.0000000000000000  0.0000000000000000  0.5074000000000000
0.08743434343  0.0000000000000000  0.0000000000000000  0.4959000000000000
0.08944444444  0.0000000000000000  0.0000000000000000  0.4850000000000000
0.09145454545  0.0000000000000000  0.0000000000000000  0.4745000000000000
0.09346464646  0.0000000000000000  0.0000000000000000  0.4644000000000000
0.09547474747  0.0000000000000000  0.0000000000000000  0.4548000000000000
0.09748484848  0.0000000000000000  0.0000000000000000  0.4456000000000000
0.09949494949  0.0000000000000000  0.0000000000000000  0.4367000000000000
0.10150505051  0.0000000000000000  0.0000000000000000  0.4282000000000000
0.10351515152  0.0000000000000000  0.0000000000000000  0.4200000000000000
0.10552525253  0.0000000000000000  0.0000000000000000  0.4121000000000000
0.10753535354  0.0000000000000000  0.0000000000000000  0.4045000000000000
0.10954545455  0.0000000000000000  0.0000000000000000  0.3971000000000000
0.11155555556  0.0000000000000000  0.0000000000000000  0.3901000000000000
0.11356565657  0.0000000000000000  0.0000000000000000  0.3832000000000000
0.11557575758  0.0000000000000000  0.0000000000000000  0.3766000000000000
0.11758585859  0.0000000000000000  0.0000000000000000  0.3703000000000000
0.11959595960  0.0000000000000000  0.0000000000000000  0.3641000000000000
0.12160606061  0.0000000000000000  0.0000000000000000  0.3582000000000000
0.12361616162  0.0000000000000000  0.0000000000000000  0.3524000000000000
0.12562626263  0.0000000000000000  0.0000000000000000  0.3468000000000000
0.12763636364  0.0000000000000000  0.0000000000000000  0.3414000000000000
0.12964646465  0.0000000000000000  0.0000000000000000  0.3362000000000000
0.13165656566  0.0000000000000000  0.0000000000000000  0.3311000000000000
0.13366666667  0.0000000000000000  0.0000000000000000  0.3262000000000000
0.13567676768  0.0000000000000000  0.0000000000000000  0.3214000000000000
0.13768686869  0.0000000000000000  0.0000000000000000  0.3167000000000000
0.13969696970  0.0000000000000000  0.0000000000000000  0.3122000000000000
0.14170707071  0.0000000000000000  0.0000000000000000  0.3078000000000000
0.14371717172  0.0000000000000000  0.0000000000000000  0.3035000000000000
0.14572727273  0.0000000000000000  0.0000000000000000  0.2994000000000000
0.14773737374  0.0000000000000000  0.0000000000000000  0.2954000000000000
0.14974747475  0.0000000000000000  0.0000000000000000  0.2914000000000000
0.15175757576  0.0000000000000000  0.0000000000000000  0.2876000000000000
0.15376767677  0.0000000000000000  0.0000000000000000  0.2839000000000000
0.15577777778  0.0000000000000000  0.0000000000000000  0.2802000000000000
0.15778787879  0.0000000000000000  0.0000000000000000  0.2767000000000000
0.15979797980  0.0000000000000000  0.0000000000000000  0.2732000000000000
0.16180808081  0.0000000000000000  0.0000000000000000  0.2699000000000000
0.16381818182  0.0000000000000000  0.0000000000000000  0.2666000000000000
0.16582828283  0.0000000000000000  0.0000000000000000  0.2634000000000000
0.16783838384  0.0000000000000000  0.0000000000000000  0.2602000000000000
0.16984848485  0.0000000000000000  0.0000000000000000  0.2572000000000000
0.17185858586  0.0000000000000000  0.0000000000000000  0.2542000000000000
0.17386868687  0.0000000000000000  0.0000000000000000  0.2513000000000000
0.17587878788  0.0000000000000000  0.0000000000000000  0.2484000000000000
0.17788888889  0.0000000000000000  0.0000000000000000  0.2456000000000000
0.17989898990  0.0000000000000000  0.0000000000000000  0.2429000000000000
0.18190909091  0.0000000000000000  0.0000000000000000  0.2402000000000000
0.18391919192  0.0000000000000000  0.0000000000000000  0.2376000000000000
0.18592929293  0.0000000000000000  0.0000000000000000  0.2350000000000000
0.18793939394  0.0000000000000000  0.0000000000000000  0.2325000000000000
0.18994949495  0.0000000000000000  0.0000000000000000  0.2301000000000000
0.19195959596  0.0000000000000000  0.0000000000000000  0.2277000000000000
0.19396969697  0.0000000000000000  0.0000000000000000  0.2254000000000000
0.19597979798  0.0000000000000000  0.0000000000000000  0.2231000000000000
0.19798989899  0.0000000000000000  0.0000000000000000  0.2208000000000000
0.20000000000  0.0000000000000000  0.0000000000000000  0.2186000000000000
