0.00828600000  0.0000000000000000  0.0000000000000000  0.0000000000000000
0.01022250505  0.0000000000000000  0.0000000000000000  0.0833000000000000
0.01215901010  0.0000000000000000  0.0000000000000000  0.2716000000000000
0.01409551515  0.0000000000000000  0.0000000000000000  0.4897000000000000
0.01603202020  0.0000000000000000  0.0000000000000000  0.7282999999999999
0.01796852525  0.0000000000000000  0.0000000000000000  0.9921000000000000
0.01990503030  0.0000000000000000  0.0000000000000000  1.2811999999999999
0.02184153535  0.0000000000000000  0.0000000000000000  1.5944000000000000
0.02377804040  0.0000000000000000  0.0000000000000000  1.9306000000000001
0.02571454545  0.0000000000000000  0.0000000000000000  2.2881000000000000
0.02765105051  0.0000000000000000  0.0000000000000000  2.6654000000000000
0.02958755556  0.0000000000000000  0.0000000000000000  3.0607000000000002
0.03152406061  0.0000000000000000  0.0000000000000000  3.4721000000000002
0.03346056566  0.0000000000000000  0.0000000000000000  3.8978000000000002
0.03539707071  0.0000000000000000  0.0000000000000000  4.3357999999999999
0.03733357576  0.0000000000000000  0.0000000000000000  4.7843999999999998
0.03927008081  0.0000000000000000  0.0000000000000000  5.2415000000000003
0.04120658586  0.0000000000000000  0.0000000000000000  5.7055999999999996
0.04314309091  0.0000000000000000  0.0000000000000000  6.1746999999999996
0.04507959596  0.0000000000000000  0.0000000000000000  6.6474000000000002
0.04701610101  0.0000000000000000  0.0000000000000000  7.1219000000000001
0.04895260606  0.0000000000000000  0.0000000000000000  7.5968999999999998
0.05088911111  0.0000000000000000  0.0000000000000000  8.0709999999999997
0.05282561616  0.0000000000000000  0.0000000000000000  8.5429999999999993
0.05476212121  0.0000000000000000  0.0000000000000000  9.0115999999999996
0.05669862626  0.0000000000000000  0.0000000000000000  9.4758999999999993
0.05863513131  0.0000000000000000  0.0000000000000000  9.9349000000000007
0.06057163636  0.0000000000000000  0.0000000000000000  10.3879000000000001
0.06250814141  0.0000000000000000  0.0000000000000000  10.8339999999999996
0.06444464646  0.0000000000000000  0.0000000000000000  11.2726000000000006
0.06638115152  0.0000000000000000  0.0000000000000000  11.7032000000000007
0.06831765657  0.0000000000000000  0.0000000000000000  12.1251999999999995
0.07025416162  0.0000000000000000  0.0000000000000000  12.5383999999999993
0.07219066667  0.0000000000000000  0.0000000000000000  12.9422999999999995
0.07412717172  0.0000000000000000  0.0000000000000000  13.3367000000000004
0.07606367677  0.0000000000000000  0.0000000000000000  13.7212999999999994
0.07800018182  0.0000000000000000  0.0000000000000000  14.0960999999999999
0.07993668687  0.0000000000000000  0.0000000000000000  14.4610000000000003
0.08187319192  0.0000000000000000  0.0000000000000000  14.8157999999999994
0.08380969697  0.0000000000000000  0.0000000000000000  15.1605000000000008
0.08574620202  0.0000000000000000  0.0000000000000000  15.4952000000000005
0.08768270707  0.0000000000000000  0.0000000000000000  15.8198000000000008
0.08961921212  0.0000000000000000  0.0000000000000000  16.1344999999999992
0.09155571717  0.0000000000000000  0.0000000000000000  16.4393999999999991
0.09349222222  0.0000000000000000  0.0000000000000000  16.7346000000000004
0.09542872727  0.0000000000000000  0.0000000000000000  17.0200999999999993
0.09736523232  0.0000000000000000  0.0000000000000000  17.2961999999999989
0.09930173737  0.0000000000000000  0.0000000000000000  17.5629999999999988
0.10123824242  0.0000000000000000  0.0000000000000000  17.8205999999999989
0.10317474747  0.0000000000000000  0.0000000000000000  18.0692999999999984
0.10511125253  0.0000000000000000  0.0000000000000000  18.3093000000000004
0.10704775758  0.0000000000000000  0.0000000000000000  18.5406000000000013
0.10898426263  0.0000000000000000  0.0000000000000000  18.7636000000000003
0.11092076768  0.0000000000000000  0.0000000000000000  18.9785000000000004
0.11285727273  0.0000000000000000  0.0000000000000000  19.1853000000000016
0.11479377778  0.0000000000000000  0.0000000000000000  19.3843999999999994
0.11673028283  0.0000000000000000  0.0000000000000000  19.5759000000000007
0.11866678788  0.0000000000000000  0.0000000000000000  19.7600000000000016
0.12060329293  0.0000000000000000  0.0000000000000000  19.9369000000000014
0.12253979798  0.0000000000000000  0.0000000000000000  20.1068999999999996
0.12447630303  0.0000000000000000  0.0000000000000000  20.2700999999999993
0.12641280808  0.0000000000000000  0.0000000000000000  20.4267000000000003
0.12834931313  0.0000000000000000  0.0000000000000000  20.5770000000000017
0.13028581818  0.0000000000000000  0.0000000000000000  20.7210000000000001
0.13222232323  0.0000000000000000  0.0000000000000000  20.8590000000000018
0.13415882828  0.0000000000000000  0.0000000000000000  20.9911999999999992
0.13609533333  0.0000000000000000  0.0000000000000000  21.1176999999999992
0.13803183838  0.0000000000000000  0.0000000000000000  21.2387000000000015
0.13996834343  0.0000000000000000  0.0000000000000000  21.3543999999999983
0.14190484848  0.0000000000000000  0.0000000000000000  21.4649999999999999
0.14384135354  0.0000000000000000  0.0000000000000000  21.5704999999999991
0.14577785859  0.0000000000000000  0.0000000000000000  21.6711999999999989
0.14771436364  0.0000000000000000  0.0000000000000000  21.7672999999999988
0.14965086869  0.0000000000000000  0.0000000000000000  21.8587999999999987
0.15158737374  0.0000000000000000  0.0000000000000000  21.9459000000000017
0.15352387879  0.0000000000000000  0.0000000000000000  22.0288000000000004
0.15546038384  0.0000000000000000  0.0000000000000000  22.1075000000000017
0.15739688889  0.0000000000000000  0.0000000000000000  22.1823000000000015
0.15933339394  0.0000000000000000  0.0000000000000000  22.2531999999999996
0.16126989899  0.0000000000000000  0.0000000000000000  22.3203999999999994
0.16320640404  0.0000000000000000  0.0000000000000000  22.3839000000000006
0.16514290909  0.0000000000000000  0.0000000000000000  22.4439999999999991
0.16707941414  0.0000000000000000  0.0000000000000000  22.5006999999999984
0.16901591919  0.0000000000000000  0.0000000000000000  22.5542000000000016
0.17095242424  0.0000000000000000  0.0000000000000000  22.6045000000000016
0.17288892929  0.0000000000000000  0.0000000000000000  22.6517000000000017
0.17482543434  0.0000000000000000  0.0000000000000000  22.6960000000000015
0.17676193939  0.0000000000000000  0.0000000000000000  22.7374000000000009
0.17869844444  0.0000000000000000  0.0000000000000000  22.7759999999999998
0.18063494949  0.0000000000000000  0.0000000000000000  22.8120000000000012
0.18257145455  0.0000000000000000  0.0000000000000000  22.8454000000000015
0.18450795960  0.0000000000000000  0.0000000000000000  22.8763000000000005
0.18644446465  0.0000000000000000  0.0000000000000000  22.9048000000000016
0.18838096970  0.0000000000000000  0.0000000000000000  22.9309000000000012
0.19031747475  0.0000000000000000  0.0000000000000000  22.9547999999999988
0.19225397980  0.0000000000000000  0.0000000000000000  22.9765000000000015
0.19419048485  0.0000000000000000  0.0000000000000000  22.9959999999999987
0.19612698990  0.0000000000000000  0.0000000000000000  23.0136000000000003
0.19806349495  0.0000000000000000  0.0000000000000000  23.0290999999999997
0.20000000000  0.0000000000000000  0.0000000000000000  23.0427999999999997
