0.00202400000  0.0000000000000000  0.0000000000000000  0.0000000000000000
0.00402375758  0.0000000000000000  0.0000000000000000  6.0929000000000002
0.00602351515  0.0000000000000000  0.0000000000000000  26.3462999999999994
0.00802327273  0.0000000000000000  0.0000000000000000  59.3729999999999976
0.01002303030  0.0000000000000000  0.0000000000000000  100.3011000000000053
0.01202278788  0.0000000000000000  0.0000000000000000  145.9742999999999995
0.01402254545  0.0000000000000000  0.0000000000000000  193.3136000000000081
0.01602230303  0.0000000000000000  0.0000000000000000  239.8249000000000137
0.01802206061  0.0000000000000000  0.0000000000000000  283.7656999999999812
0.02002181818  0.0000000000000000  0.0000000000000000  324.0923999999999978
0.02202157576  0.0000000000000000  0.0000000000000000  360.3091000000000008
0.02402133333  0.0000000000000000  0.0000000000000000  392.3016999999999825
0.02602109091  0.0000000000000000  0.0000000000000000  420.1990999999999872
0.02802084848  0.0000000000000000  0.0000000000000000  444.2681000000000040
0.03002060606  0.0000000000000000  0.0000000000000000  464.8435000000000059
0.03202036364  0.0000000000000000  0.0000000000000000  482.2817999999999756
0.03402012121  0.0000000000000000  0.0000000000000000  496.9343000000000075
0.03601987879  0.0000000000000000  0.0000000000000000  509.1320000000000050
0.03801963636  0.0000000000000000  0.0000000000000000  519.1778000000000475
0.04001939394  0.0000000000000000  0.0000000000000000  527.3438999999999623
0.04201915152  0.0000000000000000  0.0000000000000000  533.8724999999999454
0.04401890909  0.0000000000000000  0.0000000000000000  538.9765999999999622
0.04601866667  0.0000000000000000  0.0000000000000000  542.8431000000000495
0.04801842424  0.0000000000000000  0.0000000000000000  545.6349999999999909
0.05001818182  0.0000000000000000  0.0000000000000000  547.4945999999999913
0.05201793939  0.0000000000000000  0.0000000000000000  548.5454999999999472
0.05401769697  0.0000000000000000  0.0000000000000000  548.8953999999999951
0.05601745455  0.0000000000000000  0.0000000000000000  548.6377999999999702
0.05801721212  0.0000000000000000  0.0000000000000000  547.8541000000000167
0.06001696970  0.0000000000000000  0.0000000000000000  546.6154000000000224
0.06201672727  0.0000000000000000  0.0000000000000000  544.9833999999999605
0.06401648485  0.0000000000000000  0.0000000000000000  543.0118999999999687
0.06601624242  0.0000000000000000  0.0000000000000000  540.7481000000000222
0.06801600000  0.0000000000000000  0.0000000000000000  538.2329999999999472
0.07001575758  0.0000000000000000  0.0000000000000000  535.5025000000000546
0.07201551515  0.0000000000000000  0.0000000000000000  532.5881000000000540
0.07401527273  0.0000000000000000  0.0000000000000000  529.5175000000000409
0.07601503030  0.0000000000000000  0.0000000000000000  526.3147000000000162
0.07801478788  0.0000000000000000  0.0000000000000000  523.0009999999999764
0.08001454545  0.0000000000000000  0.0000000000000000  519.5951000000000022
0.08201430303  0.0000000000000000  0.0000000000000000  516.1132999999999811
0.08401406061  0.0000000000000000  0.0000000000000000  512.5700000000000500
0.08601381818  0.0000000000000000  0.0000000000000000  508.9778999999999769
0.08801357576  0.0000000000000000  0.0000000000000000  505.3482000000000198
0.09001333333  0.0000000000000000  0.0000000000000000  501.6904999999999859
0.09201309091  0.0000000000000000  0.0000000000000000  498.0135999999999967
0.09401284848  0.0000000000000000  0.0000000000000000  494.3249999999999886
0.09601260606  0.0000000000000000  0.0000000000000000  490.6313000000000102
0.09801236364  0.0000000000000000  0.0000000000000000  486.9384999999999764
0.10001212121  0.0000000000000000  0.0000000000000000  483.2517000000000280
0.10201187879  0.0000000000000000  0.0000000000000000  479.5753000000000270
0.10401163636  0.0000000000000000  0.0000000000000000  475.9132999999999925
0.10601139394  0.0000000000000000  0.0000000000000000  472.2690999999999804
0.10801115152  0.0000000000000000  0.0000000000000000  468.6458999999999833
0.11001090909  0.0000000000000000  0.0000000000000000  465.0459999999999923
0.11201066667  0.0000000000000000  0.0000000000000000  461.4719000000000051
0.11401042424  0.0000000000000000  0.0000000000000000  457.9254999999999995
0.11601018182  0.0000000000000000  0.0000000000000000  454.4083999999999719
0.11800993939  0.0000000000000000  0.0000000000000000  450.9220000000000255
0.12000969697  0.0000000000000000  0.0000000000000000  447.4676999999999794
0.12200945455  0.0000000000000000  0.0000000000000000  444.0464000000000055
0.12400921212  0.0000000000000000  0.0000000000000000  440.6589999999999918
0.12600896970  0.0000000000000000  0.0000000000000000  437.3061000000000149
0.12800872727  0.0000000000000000  0.0000000000000000  433.9884000000000128
0.13000848485  0.0000000000000000  0.0000000000000000  430.7062000000000239
0.13200824242  0.0000000000000000  0.0000000000000000  427.4597999999999729
0.13400800000  0.0000000000000000  0.0000000000000000  424.2497000000000185
0.13600775758  0.0000000000000000  0.0000000000000000  421.0756999999999834
0.13800751515  0.0000000000000000  0.0000000000000000  417.9381999999999948
0.14000727273  0.0000000000000000  0.0000000000000000  414.8369000000000142
0.14200703030  0.0000000000000000  0.0000000000000000  411.7719999999999914
0.14400678788  0.0000000000000000  0.0000000000000000  408.7432000000000016
0.14600654545  0.0000000000000000  0.0000000000000000  405.7504999999999882
0.14800630303  0.0000000000000000  0.0000000000000000  402.7936000000000263
0.15000606061  0.0000000000000000  0.0000000000000000  399.8724000000000274
0.15200581818  0.0000000000000000  0.0000000000000000  396.9864000000000033
0.15400557576  0.0000000000000000  0.0000000000000000  394.1356000000000108
0.15600533333  0.0000000000000000  0.0000000000000000  391.3195000000000050
0.15800509091  0.0000000000000000  0.0000000000000000  388.5378000000000043
0.16000484848  0.0000000000000000  0.0000000000000000  385.7902000000000271
0.16200460606  0.0000000000000000  0.0000000000000000  383.0763000000000034
0.16400436364  0.0000000000000000  0.0000000000000000  380.3956999999999766
0.16600412121  0.0000000000000000  0.0000000000000000  377.7481000000000222
0.16800387879  0.0000000000000000  0.0000000000000000  375.1329999999999814
0.17000363636  0.0000000000000000  0.0000000000000000  372.5500000000000114
0.17200339394  0.0000000000000000  0.0000000000000000  369.9988000000000170
0.17400315152  0.0000000000000000  0.0000000000000000  367.4787999999999784
0.17600290909  0.0000000000000000  0.0000000000000000  364.9898000000000025
0.17800266667  0.0000000000000000  0.0000000000000000  362.5312000000000126
0.18000242424  0.0000000000000000  0.0000000000000000  360.1027000000000271
0.18200218182  0.0000000000000000  0.0000000000000000  357.7038000000000011
0.18400193939  0.0000000000000000  0.0000000000000000  355.3340999999999781
0.18600169697  0.0000000000000000  0.0000000000000000  352.9932000000000016
0.18800145455  0.0000000000000000  0.0000000000000000  350.6807000000000016
0.19000121212  0.0000000000000000  0.0000000000000000  348.3960999999999899
0.19200096970  0.0000000000000000  0.0000000000000000  346.1390000000000100
0.19400072727  0.0000000000000000  0.0000000000000000  343.9091000000000236
0.19600048485  0.0000000000000000  0.0000000000000000  341.7058999999999855
0.19800024242  0.0000000000000000  0.0000000000000000  339.5291000000000281
0.20000000000  0.0000000000000000  0.0000000000000000  337.3781000000000176
