0.05963600000  0.0000000000000000  0.0000000000000000  0.0000000000000000
0.06105381818  0.0000000000000000  0.0000000000000000  0.0000000000000000
0.06247163636  0.0000000000000000  0.0000000000000000  0.0001000000000000
0.06388945455  0.0000000000000000  0.0000000000000000  0.0001000000000000
0.06530727273  0.0000000000000000  0.0000000000000000  0.0002000000000000
0.06672509091  0.0000000000000000  0.0000000000000000  0.0002000000000000
0.06814290909  0.0000000000000000  0.0000000000000000  0.0002000000000000
0.06956072727  0.0000000000000000  0.0000000000000000  0.0003000000000000
0.07097854545  0.0000000000000000  0.0000000000000000  0.0003000000000000
0.07239636364  0.0000000000000000  0.0000000000000000  0.0003000000000000
0.07381418182  0.0000000000000000  0.0000000000000000  0.0003000000000000
0.07523200000  0.0000000000000000  0.0000000000000000  0.0004000000000000
0.07664981818  0.0000000000000000  0.0000000000000000  0.0004000000000000
0.07806763636  0.0000000000000000  0.0000000000000000  0.0004000000000000
0.07948545455  0.0000000000000000  0.0000000000000000  0.0005000000000000
0.08090327273  0.0000000000000000  0.0000000000000000  0.0005000000000000
0.08232109091  0.0000000000000000  0.0000000000000000  0.0005000000000000
0.08373890909  0.0000000000000000  0.0000000000000000  0.0005000000000000
0.08515672727  0.0000000000000000  0.0000000000000000  0.0006000000000000
0.08657454545  0.0000000000000000  0.0000000000000000  0.0006000000000000
0.08799236364  0.0000000000000000  0.0000000000000000  0.0006000000000000
0.08941018182  0.0000000000000000  0.0000000000000000  0.0007000000000000
0.09082800000  0.0000000000000000  0.0000000000000000  0.0007000000000000
0.09224581818  0.0000000000000000  0.0000000000000000  0.0007000000000000
0.09366363636  0.0000000000000000  0.0000000000000000  0.0008000000000000
0.09508145455  0.0000000000000000  0.0000000000000000  0.0008000000000000
0.09649927273  0.0000000000000000  0.0000000000000000  0.0008000000000000
0.09791709091  0.0000000000000000  0.0000000000000000  0.0009000000000000
0.09933490909  0.0000000000000000  0.0000000000000000  0.0009000000000000
0.10075272727  0.0000000000000000  0.0000000000000000  0.0009000000000000
0.10217054545  0.0000000000000000  0.0000000000000000  0.0010000000000000
0.10358836364  0.0000000000000000  0.0000000000000000  0.0010000000000000
0.10500618182  0.0000000000000000  0.0000000000000000  0.0010000000000000
0.10642400000  0.0000000000000000  0.0000000000000000  0.0011000000000000
0.10784181818  0.0000000000000000  0.0000000000000000  0.0011000000000000
0.10925963636  0.0000000000000000  0.0000000000000000  0.0011000000000000
0.11067745455  0.0000000000000000  0.0000000000000000  0.0012000000000000
0.11209527273  0.0000000000000000  0.0000000000000000  0.0012000000000000
0.11351309091  0.0000000000000000  0.0000000000000000  0.0013000000000000
0.11493090909  0.0000000000000000  0.0000000000000000  0.0013000000000000
0.11634872727  0.0000000000000000  0.0000000000000000  0.0013000000000000
0.11776654545  0.0000000000000000  0.0000000000000000  0.0014000000000000
0.11918436364  0.0000000000000000  0.0000000000000000  0.0014000000000000
0.12060218182  0.0000000000000000  0.0000000000000000  0.0014000000000000
0.12202000000  0.0000000000000000  0.0000000000000000  0.0015000000000000
0.12343781818  0.0000000000000000  0.0000000000000000  0.0015000000000000
0.12485563636  0.0000000000000000  0.0000000000000000  0.0016000000000000
0.12627345455  0.0000000000000000  0.0000000000000000  0.0016000000000000
0.12769127273  0.0000000000000000  0.0000000000000000  0.0016000000000000
0.12910909091  0.0000000000000000  0.0000000000000000  0.0017000000000000
0.13052690909  0.0000000000000000  0.0000000000000000  0.0017000000000000
0.13194472727  0.0000000000000000  0.0000000000000000  0.0018000000000000
0.13336254545  0.0000000000000000  0.0000000000000000  0.0018000000000000
0.13478036364  0.0000000000000000  0.0000000000000000  0.0019000000000000
0.13619818182  0.0000000000000000  0.0000000000000000  0.0019000000000000
0.13761600000  0.0000000000000000  0.0000000000000000  0.0019000000000000
0.13903381818  0.0000000000000000  0.0000000000000000  0.0020000000000000
0.14045163636  0.0000000000000000  0.0000000000000000  0.0020000000000000
0.14186945455  0.0000000000000000  0.0000000000000000  0.0021000000000000
0.14328727273  0.0000000000000000  0.0000000000000000  0.0021000000000000
0.14470509091  0.0000000000000000  0.0000000000000000  0.0022000000000000
0.14612290909  0.0000000000000000  0.0000000000000000  0.0022000000000000
0.14754072727  0.0000000000000000  0.0000000000000000  0.0023000000000000
0.14895854545  0.0000000000000000  0.0000000000000000  0.0023000000000000
0.15037636364  0.0000000000000000  0.0000000000000000  0.0023000000000000
0.15179418182  0.0000000000000000  0.0000000000000000  0.0024000000000000
0.15321200000  0.0000000000000000  0.0000000000000000  0.0024000000000000
0.15462981818  0.0000000000000000  0.0000000000000000  0.0025000000000000
0.15604763636  0.0000000000000000  0.0000000000000000  0.0025000000000000
0.15746545455  0.0000000000000000  0.0000000000000000  0.0026000000000000
0.15888327273  0.0000000000000000  0.0000000000000000  0.0026000000000000
0.16030109091  0.0000000000000000  0.0000000000000000  0.0027000000000000
0.16171890909  0.0000000000000000  0.0000000000000000  0.0027000000000000
0.16313672727  0.0000000000000000  0.0000000000000000  0.0028000000000000
0.16455454545  0.0000000000000000  0.0000000000000000  0.0028000000000000
0.16597236364  0.0000000000000000  0.0000000000000000  0.0029000000000000
0.16739018182  0.0000000000000000  0.0000000000000000  0.0029000000000000
0.16880800000  0.0000000000000000  0.0000000000000000  0.0030000000000000
0.17022581818  0.0000000000000000  0.0000000000000000  0.0030000000000000
0.17164363636  0.0000000000000000  0.0000000000000000  0.0031000000000000
0.17306145455  0.0000000000000000  0.0000000000000000  0.0031000000000000
0.17447927273  0.0000000000000000  0.0000000000000000  0.0032000000000000
0.17589709091  0.0000000000000000  0.0000000000000000  0.0032000000000000
0.17731490909  0.0000000000000000  0.0000000000000000  0.0033000000000000
0.17873272727  0.0000000000000000  0.0000000000000000  0.0033000000000000
0.18015054545  0.0000000000000000  0.0000000000000000  0.0034000000000000
0.18156836364  0.0000000000000000  0.0000000000000000  0.0034000000000000
0.18298618182  0.0000000000000000  0.0000000000000000  0.0035000000000000
0.18440400000  0.0000000000000000  0.0000000000000000  0.0035000000000000
0.18582181818  0.0000000000000000  0.0000000000000000  0.0036000000000000
0.18723963636  0.0000000000000000  0.0000000000000000  0.0036000000000000
0.18865745455  0.0000000000000000  0.0000000000000000  0.0037000000000000
0.19007527273  0.0000000000000000  0.0000000000000000  0.0037000000000000
0.19149309091  0.0000000000000000  0.0000000000000000  0.0038000000000000
0.19291090909  0.0000000000000000  0.0000000000000000  0.0039000000000000
0.19432872727  0.0000000000000000  0.0000000000000000  0.0039000000000000
0.19574654545  0.0000000000000000  0.0000000000000000  0.0040000000000000
0.19716436364  0.0000000000000000  0.0000000000000000  0.0040000000000000
0.19858218182  0.0000000000000000  0.0000000000000000  0.0041000000000000
0.20000000000  0.0000000000000000  0.0000000000000000  0.0041000000000000
