0.03393200000  0.0000000000000000  0.0000000000000000  0.0000000000000000
0.09446400000  0.0129000000000000  1.4964000000000000  1.5648000000000000
0.15499600000  0.0180000000000000  0.5894000000000000  0.6216000000000000
0.21552800000  0.0114000000000000  0.1741000000000000  0.1557000000000000
0.27606000000  0.0079000000000000  0.0715000000000000  0.0702000000000000
0.33659200000  0.0058000000000000  0.0305000000000000  0.0345000000000000
0.39712400000  0.0046000000000000  0.0152000000000000  0.0237000000000000
0.45765600000  0.0037000000000000  0.0094000000000000  0.0171000000000000
0.51818800000  0.0031000000000000  0.0058000000000000  0.0134000000000000
0.57872000000  0.0026000000000000  0.0039000000000000  0.0111000000000000
0.63925200000  0.0022000000000000  0.0029000000000000  0.0094000000000000
0.69978400000  0.0019000000000000  0.0022000000000000  0.0082000000000000
0.76031600000  0.0017000000000000  0.0016000000000000  0.0071000000000000
0.82084800000  0.0014000000000000  0.0011000000000000  0.0061000000000000
0.88138000000  0.0013000000000000  0.0009000000000000  0.0056000000000000
0.94191200000  0.0011000000000000  0.0007000000000000  0.0050000000000000
1.00244400000  0.0010000000000000  0.0006000000000000  0.0044000000000000
1.06297600000  0.0009000000000000  0.0005000000000000  0.0040000000000000
1.12350800000  0.0008000000000000  0.0004000000000000  0.0037000000000000
1.18404000000  0.0008000000000000  0.0003000000000000  0.0034000000000000
1.24457200000  0.0007000000000000  0.0003000000000000  0.0032000000000000
1.30510400000  0.0007000000000000  0.0003000000000000  0.0030000000000000
1.36563600000  0.0006000000000000  0.0002000000000000  0.0028000000000000
1.42616800000  0.0006000000000000  0.0002000000000000  0.0026000000000000
1.48670000000  0.0005000000000000  0.0002000000000000  0.0025000000000000
1.54723200000  0.0005000000000000  0.0002000000000000  0.0023000000000000
1.60776400000  0.0005000000000000  0.0001000000000000  0.0022000000000000
1.66829600000  0.0004000000000000  0.0001000000000000  0.0021000000000000
1.72882800000  0.0004000000000000  0.0001000000000000  0.0020000000000000
1.78936000000  0.0004000000000000  0.0001000000000000  0.0019000000000000
1.84989200000  0.0004000000000000  0.0001000000000000  0.0018000000000000
1.91042400000  0.0003000000000000  0.0001000000000000  0.0017000000000000
1.97095600000  0.0003000000000000  0.0001000000000000  0.0017000000000000
2.03148800000  0.0003000000000000  0.0001000000000000  0.0016000000000000
2.09202000000  0.0003000000000000  0.0001000000000000  0.0015000000000000
2.15255200000  0.0003000000000000  0.0001000000000000  0.0015000000000000
2.21308400000  0.0003000000000000  0.0001000000000000  0.0014000000000000
2.27361600000  0.0002000000000000  0.0001000000000000  0.0013000000000000
2.33414800000  0.0002000000000000  0.0000000000000000  0.0013000000000000
2.39468000000  0.0002000000000000  0.0000000000000000  0.0012000000000000
2.45521200000  0.0002000000000000  0.0000000000000000  0.0012000000000000
2.51574400000  0.0002000000000000  0.0000000000000000  0.0011000000000000
2.57627600000  0.0002000000000000  0.0000000000000000  0.0011000000000000
2.63680800000  0.0002000000000000  0.0000000000000000  0.0011000000000000
2.69734000000  0.0002000000000000  0.0000000000000000  0.0010000000000000
2.75787200000  0.0002000000000000  0.0000000000000000  0.0010000000000000
2.81840400000  0.0002000000000000  0.0000000000000000  0.0010000000000000
2.87893600000  0.0002000000000000  0.0000000000000000  0.0010000000000000
2.93946800000  0.0001000000000000  0.0000000000000000  0.0009000000000000
3.00000000000  0.0001000000000000  0.0000000000000000  0.0009000000000000
