0.02559500000  0.0000000000000000  0.0000000000000000  0.0000000000000000
0.08629714286  3.8978999999999999  543.2023000000000366  582.9669000000000096
0.14699928571  8.2695000000000007  317.8011999999999944  321.4735999999999763
0.20770142857  5.6238999999999999  90.7404999999999973  85.7266000000000048
0.26840357143  4.1595000000000004  41.6174999999999997  38.9686000000000021
0.32910571429  3.2637000000000000  17.7911999999999999  19.8023999999999987
0.38980785714  2.6738000000000000  9.5320999999999998  14.1395000000000000
0.45051000000  2.2370999999999999  5.8929000000000000  10.4017999999999997
0.51121214286  1.9153000000000000  3.6901999999999999  8.4457000000000004
0.57191428571  1.6687000000000001  2.6067999999999998  7.1540999999999997
0.63261642857  1.4855000000000000  1.9314000000000000  6.2652000000000001
0.69331857143  1.3087000000000000  1.4916000000000000  5.5617999999999999
0.75402071429  1.1667000000000001  1.1205000000000001  4.9745999999999997
0.81472285714  1.0593999999999999  0.8446000000000000  4.5160999999999998
0.87542500000  0.9736000000000000  0.7090000000000000  4.1859999999999999
0.93612714286  0.9022000000000000  0.5885000000000000  3.9188000000000001
0.99682928571  0.8268000000000000  0.4710000000000000  3.6208000000000000
1.05753142857  0.7629000000000000  0.4005000000000000  3.3712000000000000
1.11823357143  0.7054000000000000  0.3460000000000000  3.1516000000000002
1.17893571429  0.6506000000000000  0.2948000000000000  2.9348999999999998
1.23963785714  0.6075000000000000  0.2508000000000000  2.7631000000000001
1.30034000000  0.5703000000000000  0.2226000000000000  2.6156000000000001
1.36104214286  0.5373000000000000  0.1991000000000000  2.4908000000000001
1.42174428571  0.5040000000000000  0.1760000000000000  2.3586999999999998
1.48244642857  0.4737000000000000  0.1547000000000000  2.2364000000000002
1.54314857143  0.4446000000000000  0.1395000000000000  2.1183000000000001
1.60385071429  0.4199000000000000  0.1279000000000000  2.0249999999999999
1.66455285714  0.3989000000000000  0.1175000000000000  1.9453000000000000
1.72525500000  0.3802000000000000  0.1081000000000000  1.8746000000000000
1.78595714286  0.3632000000000000  0.0992000000000000  1.8091999999999999
1.84665928571  0.3470000000000000  0.0906000000000000  1.7454000000000001
1.90736142857  0.3320000000000000  0.0825000000000000  1.6845000000000001
1.96806357143  0.3183000000000000  0.0749000000000000  1.6281000000000001
2.02876571429  0.3072000000000000  0.0690000000000000  1.5835999999999999
2.08946785714  0.2994000000000000  0.0661000000000000  1.5629999999999999
2.15017000000  0.2920000000000000  0.0636000000000000  1.5437000000000001
2.21087214286  0.2911000000000000  0.0625000000000000  1.5578000000000001
2.27157428571  0.2788000000000000  0.0589000000000000  1.5095000000000001
2.33227642857  0.2677000000000000  0.0556000000000000  1.4664999999999999
2.39297857143  0.2569000000000000  0.0524000000000000  1.4234000000000000
2.45368071429  0.2475000000000000  0.0495000000000000  1.3863000000000001
2.51438285714  0.2389000000000000  0.0468000000000000  1.3516999999999999
2.57508500000  0.2299000000000000  0.0440000000000000  1.3140000000000001
2.63578714286  0.2232000000000000  0.0417000000000000  1.2887000000000000
2.69648928571  0.2152000000000000  0.0391000000000000  1.2544999999999999
2.75719142857  0.2086000000000000  0.0368000000000000  1.2272000000000001
2.81789357143  0.2018000000000000  0.0346000000000000  1.1980999999999999
2.87859571429  0.1954000000000000  0.0324000000000000  1.1701999999999999
2.93929785714  0.1881000000000000  0.0301000000000000  1.1356999999999999
3.00000000000  0.1814000000000000  0.0279000000000000  1.1036999999999999
