0.01930700000  0.0000000000000000  0.0000000000000000  0.0000000000000000
0.08013746939  0.0006000000000000  0.1014000000000000  0.1213000000000000
0.14096793878  0.0008000000000000  0.0372000000000000  0.0340000000000000
0.20179840816  0.0004000000000000  0.0066000000000000  0.0065000000000000
0.26262887755  0.0002000000000000  0.0026000000000000  0.0024000000000000
0.32345934694  0.0002000000000000  0.0010000000000000  0.0011000000000000
0.38428981633  0.0001000000000000  0.0005000000000000  0.0007000000000000
0.44512028571  0.0001000000000000  0.0003000000000000  0.0005000000000000
0.50595075510  0.0001000000000000  0.0002000000000000  0.0004000000000000
0.56678122449  0.0001000000000000  0.0001000000000000  0.0003000000000000
0.62761169388  0.0001000000000000  0.0001000000000000  0.0002000000000000
0.68844216327  0.0000000000000000  0.0001000000000000  0.0002000000000000
0.74927263265  0.0000000000000000  0.0000000000000000  0.0002000000000000
0.81010310204  0.0000000000000000  0.0000000000000000  0.0001000000000000
0.87093357143  0.0000000000000000  0.0000000000000000  0.0001000000000000
0.93176404082  0.0000000000000000  0.0000000000000000  0.0001000000000000
0.99259451020  0.0000000000000000  0.0000000000000000  0.0001000000000000
1.05342497959  0.0000000000000000  0.0000000000000000  0.0001000000000000
1.11425544898  0.0000000000000000  0.0000000000000000  0.0001000000000000
1.17508591837  0.0000000000000000  0.0000000000000000  0.0001000000000000
1.23591638776  0.0000000000000000  0.0000000000000000  0.0001000000000000
1.29674685714  0.0000000000000000  0.0000000000000000  0.0001000000000000
1.35757732653  0.0000000000000000  0.0000000000000000  0.0001000000000000
1.41840779592  0.0000000000000000  0.0000000000000000  0.0001000000000000
1.47923826531  0.0000000000000000  0.0000000000000000  0.0000000000000000
1.54006873469  0.0000000000000000  0.0000000000000000  0.0000000000000000
1.60089920408  0.0000000000000000  0.0000000000000000  0.0000000000000000
1.66172967347  0.0000000000000000  0.0000000000000000  0.0000000000000000
1.72256014286  0.0000000000000000  0.0000000000000000  0.0000000000000000
1.78339061224  0.0000000000000000  0.0000000000000000  0.0000000000000000
1.84422108163  0.0000000000000000  0.0000000000000000  0.0000000000000000
1.90505155102  0.0000000000000000  0.0000000000000000  0.0000000000000000
1.96588202041  0.0000000000000000  0.0000000000000000  0.0000000000000000
2.02671248980  0.0000000000000000  0.0000000000000000  0.0000000000000000
2.08754295918  0.0000000000000000  0.0000000000000000  0.0000000000000000
2.14837342857  0.0000000000000000  0.0000000000000000  0.0000000000000000
2.20920389796  0.0000000000000000  0.0000000000000000  0.0000000000000000
2.27003436735  0.0000000000000000  0.0000000000000000  0.0000000000000000
2.33086483673  0.0000000000000000  0.0000000000000000  0.0000000000000000
2.39169530612  0.0000000000000000  0.0000000000000000  0.0000000000000000
2.45252577551  0.0000000000000000  0.0000000000000000  0.0000000000000000
2.51335624490  0.0000000000000000  0.0000000000000000  0.0000000000000000
2.57418671429  0.0000000000000000  0.0000000000000000  0.0000000000000000
2.63501718367  0.0000000000000000  0.0000000000000000  0.0000000000000000
2.69584765306  0.0000000000000000  0.0000000000000000  0.0000000000000000
2.75667812245  0.0000000000000000  0.0000000000000000  0.0000000000000000
2.81750859184  0.0000000000000000  0.0000000000000000  0.0000000000000000
2.87833906122  0.0000000000000000  0.0000000000000000  0.0000000000000000
2.93916953061  0.0000000000000000  0.0000000000000000  0.0000000000000000
3.00000000000  0.0000000000000000  0.0000000000000000  0.0000000000000000
