0.00100000000  0.0000000000000000  0.0000000000000000  0.0000000000000000
0.06220408163  12.3704000000000001  1757.4351999999998952  1779.8255999999998949
0.12340816327  41.9084000000000003  2749.4949000000001433  2398.2613000000001193
0.18461224490  22.4603999999999999  503.2887000000000057  427.0090999999999894
0.24581632653  16.0084000000000017  199.9749999999999943  168.7350000000000136
0.30702040816  12.5787999999999993  76.5323000000000064  93.2306999999999988
0.36822448980  10.3092000000000006  44.1706000000000003  57.7229999999999990
0.42942857143  8.6875999999999998  25.1372000000000000  41.3119999999999976
0.49063265306  7.4622999999999999  15.8222000000000005  33.7246000000000024
0.55183673469  6.5301000000000000  11.0419999999999998  28.2422000000000004
0.61304081633  5.7961999999999998  7.8223000000000003  24.6753000000000000
0.67424489796  5.2111999999999998  6.2172999999999998  22.1771999999999991
0.73544897959  4.7039000000000000  4.7876000000000003  20.1091000000000015
0.79665306122  4.2582000000000004  3.5114000000000001  18.2193000000000005
0.85785714286  3.8853000000000000  2.9115000000000002  16.6987999999999985
0.91906122449  3.5691999999999999  2.4079000000000002  15.5074000000000005
0.98026530612  3.3018999999999998  1.9584999999999999  14.4717000000000002
1.04146938776  3.0741000000000001  1.6411000000000000  13.5800999999999998
1.10267346939  2.8603999999999998  1.4297000000000000  12.7824000000000009
1.16387755102  2.6698000000000000  1.2356000000000000  12.0496999999999996
1.22508163265  2.4986000000000002  1.0567000000000000  11.3735999999999997
1.28628571429  2.3523000000000001  0.9288999999999999  10.7897999999999996
1.34748979592  2.2105999999999999  0.8295000000000000  10.2515000000000001
1.40869387755  2.0855999999999999  0.7383999999999999  9.7678999999999991
1.46989795918  1.9750000000000001  0.6546000000000000  9.3331999999999997
1.53110204082  1.8783000000000001  0.5925000000000000  8.9474000000000000
1.59230612245  1.7917000000000001  0.5489000000000001  8.6407000000000007
1.65351020408  1.7161000000000000  0.5089000000000000  8.3722999999999992
1.71471428571  1.6274000000000000  0.4655000000000000  8.0266999999999999
1.77591836735  1.5522000000000000  0.4266000000000000  7.7347999999999999
1.83712244898  1.4774000000000000  0.3885000000000000  7.4351000000000003
1.89832653061  1.4089000000000000  0.3529000000000000  7.1562000000000001
1.95953061224  1.3479000000000001  0.3198000000000000  6.9058000000000002
2.02073469388  1.2938000000000001  0.2920000000000000  6.6829999999999998
2.08193877551  1.2461000000000000  0.2756000000000000  6.5152999999999999
2.14314285714  1.1960999999999999  0.2611000000000000  6.3335999999999997
2.20434693878  1.1511000000000000  0.2477000000000000  6.1703000000000001
2.26555102041  1.1075999999999999  0.2346000000000000  6.0077999999999996
2.32675510204  1.0685000000000000  0.2224000000000000  5.8623000000000003
2.38795918367  1.0304000000000000  0.2106000000000000  5.7165999999999997
2.44916326531  0.9958000000000000  0.1995000000000000  5.5850999999999997
2.51036734694  0.9673000000000000  0.1896000000000000  5.4824000000000002
2.57157142857  0.9367000000000000  0.1794000000000000  5.3630000000000004
2.63277551020  0.9030000000000000  0.1687000000000000  5.2218000000000000
2.69397959184  0.8710000000000000  0.1584000000000000  5.0856000000000003
2.75518367347  0.8431000000000000  0.1489000000000000  4.9694000000000003
2.81638775510  0.8176000000000000  0.1400000000000000  4.8628999999999998
2.87759183673  0.7927000000000000  0.1313000000000000  4.7567000000000004
2.93879591837  0.7730000000000000  0.1236000000000000  4.6783999999999999
3.00000000000  0.7546000000000000  0.1161000000000000  4.6052000000000000
