0.00100000000  0.0000000000000000  0.0000000000000000  0.0000000000000000
0.06220408163  8.4499999999999993  2124.7006999999998698  2041.1469999999999345
0.12340816327  34.3098999999999990  2394.8134000000000015  6730.7218000000002576
0.18461224490  19.7636000000000003  450.5384000000000242  3146.5048999999999069
0.24581632653  15.3003000000000000  191.9504000000000019  1679.5068000000001120
0.30702040816  12.4945000000000004  76.0489000000000033  1043.0274999999999181
0.36822448980  10.4566999999999997  44.8063999999999965  688.6108000000000402
0.42942857143  9.0045999999999999  26.0592000000000006  515.3934000000000424
0.49063265306  7.8615000000000004  16.6667999999999985  425.4993999999999801
0.55183673469  6.9237000000000002  11.7032000000000007  357.2934000000000196
0.61304081633  6.1257999999999999  8.2640999999999991  309.5835000000000150
0.67424489796  5.4669999999999996  6.5210999999999997  273.7398000000000025
0.73544897959  4.9526000000000003  5.0401999999999996  247.8711999999999875
0.79665306122  4.5366000000000000  3.7408999999999999  225.5115000000000123
0.85785714286  4.1936999999999998  3.1425999999999998  208.2644999999999982
0.91906122449  3.8978999999999999  2.6295000000000002  193.7346000000000004
0.98026530612  3.6414000000000000  2.1594000000000002  181.2536000000000058
1.04146938776  3.3950999999999998  1.8117000000000001  167.5358999999999980
1.10267346939  3.1594000000000002  1.5784000000000000  155.2994999999999948
1.16387755102  2.9447000000000001  1.3623000000000001  144.5303000000000111
1.22508163265  2.7492000000000001  1.1623000000000001  134.6646000000000072
1.28628571429  2.5747000000000000  1.0165999999999999  125.2909999999999968
1.34748979592  2.4262999999999999  0.9103000000000000  117.4106000000000023
1.40869387755  2.2936000000000001  0.8121000000000000  110.1312000000000069
1.46989795918  2.1789000000000001  0.7222000000000000  104.6312000000000069
1.53110204082  2.0846000000000000  0.6576000000000000  100.1972999999999985
1.59230612245  1.9792000000000001  0.6064000000000001  94.7479000000000013
1.65351020408  1.8882000000000001  0.5599000000000000  89.9724999999999966
1.71471428571  1.7948999999999999  0.5133000000000000  85.0845999999999947
1.77591836735  1.7100000000000000  0.4698000000000000  80.6015000000000015
1.83712244898  1.6329000000000000  0.4291000000000000  76.1538999999999930
1.89832653061  1.5608000000000000  0.3905000000000000  72.4968999999999966
1.95953061224  1.4950000000000001  0.3542000000000000  69.1311000000000035
2.02073469388  1.4328000000000001  0.3228000000000000  65.7663000000000011
2.08193877551  1.3772000000000000  0.3041000000000000  62.8980000000000032
2.14314285714  1.3314999999999999  0.2901000000000000  60.4731999999999985
2.20434693878  1.2855000000000001  0.2761000000000000  58.0412000000000035
2.26555102041  1.2491000000000001  0.2642000000000000  56.0561999999999969
2.32675510204  1.2024999999999999  0.2501000000000000  53.6270000000000024
2.38795918367  1.1593000000000000  0.2367000000000000  51.3618000000000023
2.44916326531  1.1208000000000000  0.2244000000000000  49.3228000000000009
2.51036734694  1.0827000000000000  0.2122000000000000  47.3141000000000034
2.57157142857  1.0486000000000000  0.2008000000000000  45.4958000000000027
2.63277551020  1.0160000000000000  0.1898000000000000  43.7580000000000027
2.69397959184  0.9808000000000000  0.1784000000000000  41.9222999999999999
2.75518367347  0.9483000000000000  0.1676000000000000  40.2218999999999980
2.81638775510  0.9191000000000000  0.1575000000000000  38.6777000000000015
2.87759183673  0.8908000000000000  0.1476000000000000  37.1876000000000033
2.93879591837  0.8648000000000000  0.1383000000000000  35.8096000000000032
3.00000000000  0.8391999999999999  0.1291000000000000  34.4652999999999992
