0.42919300000  0.0000000000000000  0.0000000000000000  0.0000000000000000
0.48165844898  0.0000000000000000  0.0000000000000000  0.0000000000000000
0.53412389796  0.0000000000000000  0.0000000000000000  0.0000000000000000
0.58658934694  0.0000000000000000  0.0000000000000000  0.0000000000000000
0.63905479592  0.0000000000000000  0.0000000000000000  0.0000000000000000
0.69152024490  0.0000000000000000  0.0000000000000000  0.0000000000000000
0.74398569388  0.0000000000000000  0.0000000000000000  0.0000000000000000
0.79645114286  0.0000000000000000  0.0000000000000000  0.0000000000000000
0.84891659184  0.0000000000000000  0.0000000000000000  0.0000000000000000
0.90138204082  0.0000000000000000  0.0000000000000000  0.0000000000000000
0.95384748980  0.0000000000000000  0.0000000000000000  0.0000000000000000
1.00631293878  0.0000000000000000  0.0000000000000000  0.0000000000000000
1.05877838776  0.0000000000000000  0.0000000000000000  0.0000000000000000
1.11124383673  0.0000000000000000  0.0000000000000000  0.0000000000000000
1.16370928571  0.0000000000000000  0.0000000000000000  0.0000000000000000
1.21617473469  0.0000000000000000  0.0000000000000000  0.0000000000000000
1.26864018367  0.0000000000000000  0.0000000000000000  0.0000000000000000
1.32110563265  0.0000000000000000  0.0000000000000000  0.0000000000000000
1.37357108163  0.0000000000000000  0.0000000000000000  0.0000000000000000
1.42603653061  0.0000000000000000  0.0000000000000000  0.0000000000000000
1.47850197959  0.0000000000000000  0.0000000000000000  0.0000000000000000
1.53096742857  0.0000000000000000  0.0000000000000000  0.0000000000000000
1.58343287755  0.0000000000000000  0.0000000000000000  0.0000000000000000
1.63589832653  0.0000000000000000  0.0000000000000000  0.0000000000000000
1.68836377551  0.0000000000000000  0.0000000000000000  0.0000000000000000
1.74082922449  0.0000000000000000  0.0000000000000000  0.0000000000000000
1.79329467347  0.0000000000000000  0.0000000000000000  0.0000000000000000
1.84576012245  0.0000000000000000  0.0000000000000000  0.0000000000000000
1.89822557143  0.0000000000000000  0.0000000000000000  0.0000000000000000
1.95069102041  0.0000000000000000  0.0000000000000000  0.0000000000000000
2.00315646939  0.0000000000000000  0.0000000000000000  0.0000000000000000
2.05562191837  0.0000000000000000  0.0000000000000000  0.0000000000000000
2.10808736735  0.0000000000000000  0.0000000000000000  0.0000000000000000
2.16055281633  0.0000000000000000  0.0000000000000000  0.0000000000000000
2.21301826531  0.0000000000000000  0.0000000000000000  0.0000000000000000
2.26548371429  0.0000000000000000  0.0000000000000000  0.0000000000000000
2.31794916327  0.0000000000000000  0.0000000000000000  0.0000000000000000
2.37041461224  0.0000000000000000  0.0000000000000000  0.0000000000000000
2.42288006122  0.0000000000000000  0.0000000000000000  0.0000000000000000
2.47534551020  0.0000000000000000  0.0000000000000000  0.0000000000000000
2.52781095918  0.0000000000000000  0.0000000000000000  0.0000000000000000
2.58027640816  0.0000000000000000  0.0000000000000000  0.0000000000000000
2.63274185714  0.0000000000000000  0.0000000000000000  0.0000000000000000
2.68520730612  0.0000000000000000  0.0000000000000000  0.0000000000000000
2.73767275510  0.0000000000000000  0.0000000000000000  0.0000000000000000
2.79013820408  0.0000000000000000  0.0000000000000000  0.0000000000000000
2.84260365306  0.0000000000000000  0.0000000000000000  0.0000000000000000
2.89506910204  0.0000000000000000  0.0000000000000000  0.0000000000000000
2.94753455102  0.0000000000000000  0.0000000000000000  0.0000000000000000
3.00000000000  0.0000000000000000  0.0000000000000000  0.0000000000000000
