0.00152600000  0.0000000000000000  0.0000000000000000  0.0000000000000000
0.06271934694  3.0733999999999999  1059.4872000000000298  638.3931999999999789
0.12391269388  5.0506000000000002  358.9211999999999989  310.7522999999999911
0.18510604082  2.1621999999999999  49.4470999999999989  42.3365000000000009
0.24629938776  1.3764000000000001  17.1842000000000006  14.5505999999999993
0.30749273469  0.9949000000000000  6.0393999999999997  7.3665000000000003
0.36868608163  0.7625999999999999  3.2568000000000001  4.2694999999999999
0.42987942857  0.6205000000000001  1.7923000000000000  2.9449000000000001
0.49107277551  0.5110000000000000  1.0802000000000000  2.3050000000000002
0.55226612245  0.4299000000000000  0.7255000000000000  1.8552000000000000
0.61345946939  0.3698000000000000  0.4985000000000000  1.5703000000000000
0.67465281633  0.3240000000000000  0.3862000000000000  1.3756999999999999
0.73584616327  0.2877000000000000  0.2924000000000000  1.2266999999999999
0.79703951020  0.2610000000000000  0.2149000000000000  1.1138999999999999
0.85823285714  0.2459000000000000  0.1842000000000000  1.0543000000000000
0.91942620408  0.2252000000000000  0.1518000000000000  0.9758000000000000
0.98061955102  0.2048000000000000  0.1214000000000000  0.8950000000000000
1.04181289796  0.1872000000000000  0.0999000000000000  0.8246000000000000
1.10300624490  0.1717000000000000  0.0858000000000000  0.7649000000000000
1.16419959184  0.1586000000000000  0.0733000000000000  0.7134000000000000
1.22539293878  0.1470000000000000  0.0621000000000000  0.6671000000000000
1.28658628571  0.1365000000000000  0.0539000000000000  0.6238000000000000
1.34777963265  0.1274000000000000  0.0478000000000000  0.5887000000000000
1.40897297959  0.1187000000000000  0.0420000000000000  0.5538999999999999
1.47016632653  0.1117000000000000  0.0370000000000000  0.5256999999999999
1.53135967347  0.1048000000000000  0.0330000000000000  0.4972000000000000
1.59255302041  0.0989000000000000  0.0303000000000000  0.4753000000000000
1.65374636735  0.0942000000000000  0.0279000000000000  0.4580000000000000
1.71493971429  0.0890000000000000  0.0255000000000000  0.4377000000000000
1.77613306122  0.0845000000000000  0.0232000000000000  0.4201000000000000
1.83732640816  0.0799000000000000  0.0210000000000000  0.4010000000000000
1.89851975510  0.0760000000000000  0.0190000000000000  0.3847000000000000
1.95971310204  0.0726000000000000  0.0172000000000000  0.3702000000000000
2.02090644898  0.0690000000000000  0.0156000000000000  0.3549000000000000
2.08209979592  0.0661000000000000  0.0146000000000000  0.3441000000000000
2.14329314286  0.0631000000000000  0.0138000000000000  0.3326000000000000
2.20448648980  0.0603000000000000  0.0130000000000000  0.3217000000000000
2.26567983673  0.0580000000000000  0.0123000000000000  0.3131000000000000
2.32687318367  0.0557000000000000  0.0116000000000000  0.3044000000000000
2.38806653061  0.0530000000000000  0.0108000000000000  0.2932000000000000
2.44925987755  0.0511000000000000  0.0102000000000000  0.2856000000000000
2.51045322449  0.0491000000000000  0.0096000000000000  0.2776000000000000
2.57164657143  0.0471000000000000  0.0090000000000000  0.2691000000000000
2.63283991837  0.0453000000000000  0.0085000000000000  0.2612000000000000
2.69403326531  0.0437000000000000  0.0079000000000000  0.2542000000000000
2.75522661224  0.0421000000000000  0.0074000000000000  0.2475000000000000
2.81641995918  0.0407000000000000  0.0070000000000000  0.2410000000000000
2.87761330612  0.0393000000000000  0.0065000000000000  0.2349000000000000
2.93880665306  0.0379000000000000  0.0061000000000000  0.2285000000000000
3.00000000000  0.0367000000000000  0.0056000000000000  0.2232000000000000
