0.04498400000  0.0000000000000000  0.0000000000000000  0.0000000000000000
0.10529044898  0.0523000000000000  4.5094000000000003  4.3120000000000003
0.16559689796  0.0781000000000000  2.2496000000000000  2.1362999999999999
0.22590334694  0.0548000000000000  0.7805000000000000  0.6326000000000001
0.28620979592  0.0394000000000000  0.3099000000000000  0.3277000000000000
0.34651624490  0.0300000000000000  0.1475000000000000  0.1725000000000000
0.40682269388  0.0240000000000000  0.0749000000000000  0.1199000000000000
0.46712914286  0.0197000000000000  0.0476000000000000  0.0897000000000000
0.52743559184  0.0165000000000000  0.0301000000000000  0.0710000000000000
0.58774204082  0.0140000000000000  0.0204000000000000  0.0596000000000000
0.64804848980  0.0122000000000000  0.0153000000000000  0.0511000000000000
0.70835493878  0.0107000000000000  0.0117000000000000  0.0452000000000000
0.76866138776  0.0094000000000000  0.0086000000000000  0.0401000000000000
0.82896783673  0.0085000000000000  0.0066000000000000  0.0361000000000000
0.88927428571  0.0076000000000000  0.0054000000000000  0.0328000000000000
0.94958073469  0.0069000000000000  0.0044000000000000  0.0300000000000000
1.00988718367  0.0063000000000000  0.0035000000000000  0.0274000000000000
1.07019363265  0.0058000000000000  0.0030000000000000  0.0255000000000000
1.13050008163  0.0053000000000000  0.0026000000000000  0.0236000000000000
1.19080653061  0.0049000000000000  0.0022000000000000  0.0221000000000000
1.25111297959  0.0045000000000000  0.0018000000000000  0.0206000000000000
1.31141942857  0.0042000000000000  0.0016000000000000  0.0193000000000000
1.37172587755  0.0039000000000000  0.0014000000000000  0.0180000000000000
1.43203232653  0.0037000000000000  0.0013000000000000  0.0171000000000000
1.49233877551  0.0034000000000000  0.0011000000000000  0.0161000000000000
1.55264522449  0.0032000000000000  0.0010000000000000  0.0151000000000000
1.61295167347  0.0030000000000000  0.0009000000000000  0.0144000000000000
1.67325812245  0.0028000000000000  0.0008000000000000  0.0137000000000000
1.73356457143  0.0026000000000000  0.0007000000000000  0.0129000000000000
1.79387102041  0.0025000000000000  0.0007000000000000  0.0124000000000000
1.85417746939  0.0023000000000000  0.0006000000000000  0.0117000000000000
1.91448391837  0.0022000000000000  0.0005000000000000  0.0111000000000000
1.97479036735  0.0021000000000000  0.0005000000000000  0.0106000000000000
2.03509681633  0.0020000000000000  0.0004000000000000  0.0102000000000000
2.09540326531  0.0018000000000000  0.0004000000000000  0.0097000000000000
2.15570971429  0.0018000000000000  0.0004000000000000  0.0093000000000000
2.21601616327  0.0017000000000000  0.0004000000000000  0.0089000000000000
2.27632261224  0.0016000000000000  0.0003000000000000  0.0086000000000000
2.33662906122  0.0015000000000000  0.0003000000000000  0.0082000000000000
2.39693551020  0.0014000000000000  0.0003000000000000  0.0080000000000000
2.45724195918  0.0014000000000000  0.0003000000000000  0.0077000000000000
2.51754840816  0.0013000000000000  0.0003000000000000  0.0075000000000000
2.57785485714  0.0012000000000000  0.0002000000000000  0.0071000000000000
2.63816130612  0.0012000000000000  0.0002000000000000  0.0068000000000000
2.69846775510  0.0011000000000000  0.0002000000000000  0.0067000000000000
2.75877420408  0.0011000000000000  0.0002000000000000  0.0065000000000000
2.81908065306  0.0011000000000000  0.0002000000000000  0.0063000000000000
2.87938710204  0.0010000000000000  0.0002000000000000  0.0062000000000000
2.93969355102  0.0010000000000000  0.0002000000000000  0.0060000000000000
3.00000000000  0.0010000000000000  0.0001000000000000  0.0058000000000000
