0.00100000000  0.0000000000000000  0.0000000000000000  0.0000000000000000
0.06220408163  0.1950000000000000  70.5729000000000042  45.8768999999999991
0.12340816327  0.2527000000000000  18.3321000000000005  16.7723000000000013
0.18461224490  0.0954000000000000  2.1996000000000002  1.9805999999999999
0.24581632653  0.0607000000000000  0.7609000000000000  0.6812000000000000
0.30702040816  0.0419000000000000  0.2550000000000000  0.3312000000000000
0.36822448980  0.0316000000000000  0.1354000000000000  0.1889000000000000
0.42942857143  0.0248000000000000  0.0719000000000000  0.1265000000000000
0.49063265306  0.0202000000000000  0.0429000000000000  0.0979000000000000
0.55183673469  0.0167000000000000  0.0283000000000000  0.0778000000000000
0.61304081633  0.0142000000000000  0.0192000000000000  0.0651000000000000
0.67424489796  0.0122000000000000  0.0146000000000000  0.0561000000000000
0.73544897959  0.0107000000000000  0.0108000000000000  0.0491000000000000
0.79665306122  0.0094000000000000  0.0077000000000000  0.0432000000000000
0.85785714286  0.0083000000000000  0.0062000000000000  0.0387000000000000
0.91906122449  0.0075000000000000  0.0050000000000000  0.0350000000000000
0.98026530612  0.0067000000000000  0.0040000000000000  0.0319000000000000
1.04146938776  0.0061000000000000  0.0033000000000000  0.0291000000000000
1.10267346939  0.0056000000000000  0.0028000000000000  0.0272000000000000
1.16387755102  0.0052000000000000  0.0024000000000000  0.0252000000000000
1.22508163265  0.0047000000000000  0.0020000000000000  0.0235000000000000
1.28628571429  0.0044000000000000  0.0017000000000000  0.0217000000000000
1.34748979592  0.0040000000000000  0.0015000000000000  0.0203000000000000
1.40869387755  0.0038000000000000  0.0013000000000000  0.0192000000000000
1.46989795918  0.0035000000000000  0.0012000000000000  0.0180000000000000
1.53110204082  0.0033000000000000  0.0010000000000000  0.0171000000000000
1.59230612245  0.0031000000000000  0.0009000000000000  0.0161000000000000
1.65351020408  0.0029000000000000  0.0009000000000000  0.0152000000000000
1.71471428571  0.0027000000000000  0.0008000000000000  0.0144000000000000
1.77591836735  0.0025000000000000  0.0007000000000000  0.0138000000000000
1.83712244898  0.0024000000000000  0.0006000000000000  0.0131000000000000
1.89832653061  0.0022000000000000  0.0006000000000000  0.0124000000000000
1.95953061224  0.0021000000000000  0.0005000000000000  0.0120000000000000
2.02073469388  0.0020000000000000  0.0005000000000000  0.0114000000000000
2.08193877551  0.0019000000000000  0.0004000000000000  0.0109000000000000
2.14314285714  0.0018000000000000  0.0004000000000000  0.0102000000000000
2.20434693878  0.0017000000000000  0.0004000000000000  0.0098000000000000
2.26555102041  0.0016000000000000  0.0003000000000000  0.0095000000000000
2.32675510204  0.0015000000000000  0.0003000000000000  0.0092000000000000
2.38795918367  0.0014000000000000  0.0003000000000000  0.0087000000000000
2.44916326531  0.0014000000000000  0.0003000000000000  0.0085000000000000
2.51036734694  0.0013000000000000  0.0003000000000000  0.0081000000000000
2.57157142857  0.0013000000000000  0.0002000000000000  0.0079000000000000
2.63277551020  0.0012000000000000  0.0002000000000000  0.0075000000000000
2.69397959184  0.0011000000000000  0.0002000000000000  0.0072000000000000
2.75518367347  0.0011000000000000  0.0002000000000000  0.0071000000000000
2.81638775510  0.0011000000000000  0.0002000000000000  0.0069000000000000
2.87759183673  0.0010000000000000  0.0002000000000000  0.0068000000000000
2.93879591837  0.0010000000000000  0.0002000000000000  0.0066000000000000
3.00000000000  0.0009000000000000  0.0001000000000000  0.0063000000000000
