0.01456300000  0.0000000000000000  0.0000000000000000  0.0000000000000000
0.07549028571  0.0000000000000000  0.0040000000000000  0.0046000000000000
0.13641757143  0.0000000000000000  0.0013000000000000  0.0011000000000000
0.19734485714  0.0000000000000000  0.0002000000000000  0.0002000000000000
0.25827214286  0.0000000000000000  0.0001000000000000  0.0001000000000000
0.31919942857  0.0000000000000000  0.0000000000000000  0.0000000000000000
0.38012671429  0.0000000000000000  0.0000000000000000  0.0000000000000000
0.44105400000  0.0000000000000000  0.0000000000000000  0.0000000000000000
0.50198128571  0.0000000000000000  0.0000000000000000  0.0000000000000000
0.56290857143  0.0000000000000000  0.0000000000000000  0.0000000000000000
0.62383585714  0.0000000000000000  0.0000000000000000  0.0000000000000000
0.68476314286  0.0000000000000000  0.0000000000000000  0.0000000000000000
0.74569042857  0.0000000000000000  0.0000000000000000  0.0000000000000000
0.80661771429  0.0000000000000000  0.0000000000000000  0.0000000000000000
0.86754500000  0.0000000000000000  0.0000000000000000  0.0000000000000000
0.92847228571  0.0000000000000000  0.0000000000000000  0.0000000000000000
0.98939957143  0.0000000000000000  0.0000000000000000  0.0000000000000000
1.05032685714  0.0000000000000000  0.0000000000000000  0.0000000000000000
1.11125414286  0.0000000000000000  0.0000000000000000  0.0000000000000000
1.17218142857  0.0000000000000000  0.0000000000000000  0.0000000000000000
1.23310871429  0.0000000000000000  0.0000000000000000  0.0000000000000000
1.29403600000  0.0000000000000000  0.0000000000000000  0.0000000000000000
1.35496328571  0.0000000000000000  0.0000000000000000  0.0000000000000000
1.41589057143  0.0000000000000000  0.0000000000000000  0.0000000000000000
1.47681785714  0.0000000000000000  0.0000000000000000  0.0000000000000000
1.53774514286  0.0000000000000000  0.0000000000000000  0.0000000000000000
1.59867242857  0.0000000000000000  0.0000000000000000  0.0000000000000000
1.65959971429  0.0000000000000000  0.0000000000000000  0.0000000000000000
1.72052700000  0.0000000000000000  0.0000000000000000  0.0000000000000000
1.78145428571  0.0000000000000000  0.0000000000000000  0.0000000000000000
1.84238157143  0.0000000000000000  0.0000000000000000  0.0000000000000000
1.90330885714  0.0000000000000000  0.0000000000000000  0.0000000000000000
1.96423614286  0.0000000000000000  0.0000000000000000  0.0000000000000000
2.02516342857  0.0000000000000000  0.0000000000000000  0.0000000000000000
2.08609071429  0.0000000000000000  0.0000000000000000  0.0000000000000000
2.14701800000  0.0000000000000000  0.0000000000000000  0.0000000000000000
2.20794528571  0.0000000000000000  0.0000000000000000  0.0000000000000000
2.26887257143  0.0000000000000000  0.0000000000000000  0.0000000000000000
2.32979985714  0.0000000000000000  0.0000000000000000  0.0000000000000000
2.39072714286  0.0000000000000000  0.0000000000000000  0.0000000000000000
2.45165442857  0.0000000000000000  0.0000000000000000  0.0000000000000000
2.51258171429  0.0000000000000000  0.0000000000000000  0.0000000000000000
2.57350900000  0.0000000000000000  0.0000000000000000  0.0000000000000000
2.63443628571  0.0000000000000000  0.0000000000000000  0.0000000000000000
2.69536357143  0.0000000000000000  0.0000000000000000  0.0000000000000000
2.75629085714  0.0000000000000000  0.0000000000000000  0.0000000000000000
2.81721814286  0.0000000000000000  0.0000000000000000  0.0000000000000000
2.87814542857  0.0000000000000000  0.0000000000000000  0.0000000000000000
2.93907271429  0.0000000000000000  0.0000000000000000  0.0000000000000000
3.00000000000  0.0000000000000000  0.0000000000000000  0.0000000000000000
