0.02559500   0.0000005788552426
0.02857896   0.0000008864359623
0.03191080   0.0000008857252362
0.03563108   0.0000006093102460
0.03978508   0.0000003006739000
0.04442337   0.0000002164108800
0.04960240   0.0000001338667171
0.05538523   0.0000000959197679
0.06184225   0.0000000647496653
0.06905204   0.0000000495004703
0.07710238   0.0000000324736953
0.08609126   0.0000000222739565
0.09612809   0.0000000154032644
0.10733505   0.0000000114259462
0.11984857   0.0000000090915083
0.13382095   0.0000000064849479
0.14942228   0.0000000035745439
0.16684248   0.0000000027832096
0.18629359   0.0000000019740585
0.20801237   0.0000000013284383
0.23226321   0.0000000010857200
0.25934131   0.0000000008147083
0.28957626   0.0000000005121052
0.32333612   0.0000000003553567
0.36103183   0.0000000002680579
0.40312224   0.0000000001756759
0.45011970   0.0000000001374651
0.50259630   0.0000000000961127
0.56119081   0.0000000000748459
0.62661648   0.0000000000568428
0.69966972   0.0000000000458744
0.78123977   0.0000000000336274
0.87231956   0.0000000000266264
0.97401776   0.0000000000206822
1.08757231   0.0000000000164545
1.21436546   0.0000000000131939
1.35594062   0.0000000000108399
1.51402112   0.0000000000087850
1.69053123   0.0000000000075963
1.88761954   0.0000000000062691
2.10768512   0.0000000000051765
2.35340675   0.0000000000045836
2.62777550   0.0000000000039215
2.93413116   0.0000000000031823
3.27620289   0.0000000000027561
3.65815458   0.0000000000023841
4.08463560   0.0000000000020088
4.56083734   0.0000000000017668
5.09255641   0.0000000000015153
5.68626523   0.0000000000013310
6.34919080   0.0000000000011614
7.08940264   0.0000000000010130
7.91591109   0.0000000000008902
8.83877691   0.0000000000007844
9.86923380   0.0000000000006910
11.01982512   0.0000000000006097
12.30455657   0.0000000000005399
13.73906671   0.0000000000004780
15.34081727   0.0000000000004238
17.12930577   0.0000000000003770
19.12630279   0.0000000000003347
21.35611701   0.0000000000002973
23.84589111   0.0000000000002641
26.62593218   0.0000000000002352
29.73008058   0.0000000000002094
33.19612194   0.0000000000001902
37.06624705   0.0000000000001694
41.38756549   0.0000000000001493
46.21267901   0.0000000000001341
51.60032188   0.0000000000001188
57.61607583   0.0000000000001062
64.33316834   0.0000000000000957
71.83336403   0.0000000000000861
80.20795992   0.0000000000000754
89.55889678   0.0000000000000682
100.00000000   0.0000000000000602
