0.00016000   0.0029478929153126
0.00019116   0.0028737455254398
0.00022839   0.0027851588343373
0.00027287   0.0026793209639285
0.00032601   0.0025528724571239
0.00038950   0.0024017996434767
0.00046536   0.0022213072390975
0.00055599   0.0020056661369556
0.00066427   0.0017480315561936
0.00079364   0.0014402257782358
0.00094821   0.0010724785734005
0.00113288   0.0007605836268274
0.00135351   0.0005439895801840
0.00161711   0.0003838331064946
0.00193205   0.0008314459197829
0.00230832   0.0006193802625752
0.00275787   0.0003913768161865
0.00329498   0.0002176863785198
0.00393669   0.0001409529167202
0.00470337   0.0000951536971784
0.00561937   0.0000656187547485
0.00671377   0.0000396362292884
0.00802130   0.0000265692933519
0.00958348   0.0000167369136209
0.01144990   0.0000112961265893
0.01367981   0.0000069143721840
0.01634400   0.0000036626687664
0.01952706   0.0000020710417767
0.02333002   0.0000014048935935
0.02787363   0.0000008122201237
0.03330213   0.0000004321612847
0.03978784   0.0000002269227376
0.04753667   0.0000001371669003
0.05679462   0.0000000774209931
0.06785558   0.0000000475524891
0.08107071   0.0000000243903826
0.09685954   0.0000000143478195
0.11572330   0.0000000095596429
0.13826084   0.0000000055256775
0.16518766   0.0000000028149919
0.19735857   0.0000000015025059
0.23579489   0.0000000010430607
0.28171683   0.0000000005881974
0.33658224   0.0000000003238042
0.40213289   0.0000000001762030
0.48044977   0.0000000001127281
0.57401917   0.0000000000701653
0.68581155   0.0000000000479403
0.81937591   0.0000000000297167
0.97895244   0.0000000000203986
1.16960710   0.0000000000143474
1.39739246   0.0000000000102762
1.66953987   0.0000000000077388
1.99468901   0.0000000000055501
2.38316216   0.0000000000045125
2.84729192   0.0000000000033928
3.40181268   0.0000000000026342
4.06432844   0.0000000000020194
4.85587162   0.0000000000016172
5.80157080   0.0000000000012955
6.93144843   0.0000000000010406
8.28137397   0.0000000000008466
9.89420255   0.0000000000006890
11.82113555   0.0000000000005644
14.12334596   0.0000000000004636
16.87392046   0.0000000000003832
20.16017965   0.0000000000003157
24.08645013   0.0000000000002612
28.77737647   0.0000000000002168
34.38187829   0.0000000000001838
41.07787782   0.0000000000001503
49.07794833   0.0000000000001251
58.63606253   0.0000000000001041
70.05565526   0.0000000000000883
83.69925642   0.0000000000000727
100.00000000   0.0000000000000602
