0.24420500   0.0000000003125258
0.26459674   0.0000000004560203
0.28669124   0.0000000006114948
0.31063070   0.0000000006508371
0.33656915   0.0000000005266812
0.36467354   0.0000000003921598
0.39512471   0.0000000002464075
0.42811863   0.0000000001924397
0.46386763   0.0000000001517925
0.50260176   0.0000000001098526
0.54457029   0.0000000000911195
0.59004330   0.0000000000708224
0.63931342   0.0000000000597927
0.69269773   0.0000000000506595
0.75053976   0.0000000000407638
0.81321174   0.0000000000315371
0.88111700   0.0000000000272485
0.95469252   0.0000000000226019
1.03441178   0.0000000000183346
1.12078781   0.0000000000160005
1.21437645   0.0000000000134715
1.31577999   0.0000000000115913
1.42565098   0.0000000000100390
1.54469648   0.0000000000086881
1.67368258   0.0000000000077993
1.81343935   0.0000000000068364
1.96486616   0.0000000000057930
2.12893751   0.0000000000051599
2.30670922   0.0000000000047256
2.49932534   0.0000000000042551
2.70802538   0.0000000000037453
2.93415242   0.0000000000031929
3.17916164   0.0000000000028590
3.44462976   0.0000000000025987
3.73226514   0.0000000000023168
4.04391881   0.0000000000020329
4.38159636   0.0000000000018606
4.74747084   0.0000000000016739
5.14389678   0.0000000000015008
5.57342530   0.0000000000013672
6.03882055   0.0000000000012267
6.54307749   0.0000000000011217
7.08944117   0.0000000000010135
7.68142761   0.0000000000009254
8.32284643   0.0000000000008422
9.01782536   0.0000000000007652
9.77083681   0.0000000000006997
10.58672664   0.0000000000006394
11.47074535   0.0000000000005842
12.42858188   0.0000000000005341
13.46640021   0.0000000000004888
14.59087902   0.0000000000004477
15.80925468   0.0000000000004099
17.12936782   0.0000000000003771
18.55971378   0.0000000000003454
20.10949728   0.0000000000003164
21.78869166   0.0000000000002906
23.60810306   0.0000000000002671
25.57943996   0.0000000000002453
27.71538852   0.0000000000002254
30.02969424   0.0000000000002072
32.53725041   0.0000000000001937
35.25419391   0.0000000000001791
38.19800914   0.0000000000001634
41.38764045   0.0000000000001493
44.84361413   0.0000000000001384
48.58817043   0.0000000000001266
52.64540675   0.0000000000001166
57.04143267   0.0000000000001074
61.80453797   0.0000000000000990
66.96537473   0.0000000000000923
72.55715454   0.0000000000000851
78.61586225   0.0000000000000773
85.18048752   0.0000000000000716
92.29327577   0.0000000000000661
100.00000000   0.0000000000000602
