0.00016016   0.0000094849574807
0.00018963   0.0000007138349391
0.00022453   0.0000005046568623
0.00026585   0.0000004173004080
0.00031477   0.0000003698731840
0.00037270   0.0000003409144852
0.00044128   0.0000003221687137
0.00052249   0.0000003096037812
0.00061864   0.0000003011606986
0.00073248   0.0000002951435018
0.00086727   0.0000002908807995
0.00102687   0.0000002878002057
0.00121584   0.0000002855730562
0.00143958   0.0000002840575731
0.00170449   0.0000002827162750
0.00201816   0.0000002815699286
0.00238955   0.0000002810524697
0.00282928   0.0000002798778641
0.00334993   0.0000002790583741
0.00396639   0.0000002782044228
0.00469630   0.0000002774097954
0.00556052   0.0000002762999241
0.00658379   0.0000002750710790
0.00779535   0.0000002738430054
0.00922988   0.0000002722516750
0.01092838   0.0000002706254284
0.01293946   0.0000002687371299
0.01532061   0.0000002663011447
0.01813995   0.0000002636681645
0.02147812   0.0000002606822098
0.02543058   0.0000002571037481
0.03011039   0.0000002531729995
0.03565139   0.0000002487479341
0.04221206   0.0000002436434553
0.04998004   0.0000002380461928
0.05917751   0.0000002317195928
0.07006752   0.0000002250042764
0.08296155   0.0000002176205961
0.09822837   0.0000002096651146
0.11630463   0.0000002012525875
0.13770733   0.0000001924941019
0.16304863   0.0000001834154795
0.19305329   0.0000001741373235
0.22857951   0.0000001647151454
0.27064335   0.0000001553429501
0.32044791   0.0000001459836551
0.37941764   0.0000001368888865
0.44923915   0.0000001279951041
0.53190940   0.0000001192836728
0.62979288   0.0000001108578202
0.74568914   0.0000001027727970
0.88291297   0.0000000950393044
1.04538911   0.0000000875196069
1.23776456   0.0000000803391459
1.46554150   0.0000000736087523
1.73523459   0.0000000671458803
2.05455736   0.0000000610821312
2.43264281   0.0000000553142506
2.88030462   0.0000000500072089
3.41034642   0.0000000451037054
4.03792801   0.0000000404236110
4.78099893   0.0000000362241841
5.66081187   0.0000000323638951
6.70253047   0.0000000288267624
7.93594907   0.0000000256973235
9.39634485   0.0000000227319642
11.12548679   0.0000000201384238
13.17283032   0.0000000178451567
15.59693179   0.0000000157669804
18.46712327   0.0000000138123611
21.86549549   0.0000000122637870
25.88924578   0.0000000110872465
30.65345797   0.0000000096644972
36.29439395   0.0000000085845324
42.97339092   0.0000000076208316
50.88147578   0.0000000065340869
60.24482878   0.0000000060137297
71.33125247   0.0000000050326678
84.45783117   0.0000000044545987
100.00000000   0.0000000040160242
