0.00000130   0.0000094894223042
0.00000164   0.0000006111807475
0.00000206   0.0000004365136880
0.00000259   0.0000003672851163
0.00000326   0.0000003321489356
0.00000411   0.0000003123216934
0.00000517   0.0000003008959801
0.00000650   0.0000002937195425
0.00000818   0.0000002892278945
0.00001030   0.0000002865788256
0.00001296   0.0000002848081437
0.00001631   0.0000002839397949
0.00002052   0.0000002831343624
0.00002582   0.0000002827841994
0.00003250   0.0000002824004467
0.00004089   0.0000002821496416
0.00005146   0.0000002821267553
0.00006476   0.0000002822220406
0.00008149   0.0000002820933533
0.00010255   0.0000002818615659
0.00012904   0.0000002817675755
0.00016239   0.0000002819304792
0.00020435   0.0000002818757675
0.00025715   0.0000002817545546
0.00032360   0.0000002815350338
0.00040722   0.0000002815913402
0.00051244   0.0000002814834018
0.00064486   0.0000002813031982
0.00081149   0.0000002813406711
0.00102117   0.0000002808001001
0.00128504   0.0000002806047404
0.00161710   0.0000002802087610
0.00203495   0.0000002797722205
0.00256078   0.0000002793499322
0.00322248   0.0000002785040795
0.00405516   0.0000002776916279
0.00510300   0.0000002767471680
0.00642161   0.0000002751734082
0.00808094   0.0000002733430242
0.01016903   0.0000002713566626
0.01279669   0.0000002687510823
0.01610333   0.0000002655429059
0.02026440   0.0000002618332073
0.02550068   0.0000002570710384
0.03209000   0.0000002514031442
0.04038199   0.0000002449387869
0.05081662   0.0000002373898710
0.06394753   0.0000002286571917
0.08047144   0.0000002189720980
0.10126510   0.0000002081843721
0.12743179   0.0000001965631721
0.16035991   0.0000001842971927
0.20179658   0.0000001716138192
0.25394041   0.0000001588782301
0.31955809   0.0000001462628245
0.40213125   0.0000001338177090
0.50604115   0.0000001218468177
0.63680115   0.0000001103780370
0.80134928   0.0000000993741126
1.00841630   0.0000000890413672
1.26898902   0.0000000793643456
1.59689319   0.0000000702450517
2.00952715   0.0000000618388955
2.52878487   0.0000000540697388
3.18221773   0.0000000470182192
4.00449632   0.0000000406494548
5.03925002   0.0000000350070144
6.34138197   0.0000000300431100
7.97998216   0.0000000254138589
10.04199331   0.0000000217253715
12.63682395   0.0000000185392473
15.90215354   0.0000000155538696
20.01123764   0.0000000131512781
25.18210072   0.0000000111061284
31.68910430   0.0000000094968807
39.87750435   0.0000000077802616
50.18177032   0.0000000068145514
63.14863764   0.0000000057468767
79.46611708   0.0000000043763969
100.00000000   0.0000000038354452
