0.00006907   0.0000094884144089
0.00008265   0.0000006921347075
0.00009891   0.0000004901459996
0.00011837   0.0000004066191225
0.00014165   0.0000003613972160
0.00016951   0.0000003344674807
0.00020285   0.0000003171482970
0.00024276   0.0000003058339779
0.00029050   0.0000002982170164
0.00034765   0.0000002931117367
0.00041603   0.0000002894012459
0.00049786   0.0000002870275983
0.00059578   0.0000002851866740
0.00071297   0.0000002840152800
0.00085321   0.0000002827881600
0.00102103   0.0000002821576126
0.00122187   0.0000002814848903
0.00146220   0.0000002810093367
0.00174981   0.0000002805262475
0.00209399   0.0000002800687241
0.00250587   0.0000002795703657
0.00299876   0.0000002787805722
0.00358861   0.0000002782466891
0.00429447   0.0000002773838964
0.00513917   0.0000002765174244
0.00615003   0.0000002754861493
0.00735971   0.0000002742115926
0.00880734   0.0000002726546348
0.01053970   0.0000002712016518
0.01261282   0.0000002688920513
0.01509371   0.0000002664628619
0.01806257   0.0000002637488820
0.02161541   0.0000002605706235
0.02586707   0.0000002567521299
0.03095501   0.0000002526389330
0.03704373   0.0000002475605439
0.04433007   0.0000002421463560
0.05304961   0.0000002358109541
0.06348424   0.0000002289172123
0.07597133   0.0000002215235615
0.09091456   0.0000002133288059
0.10879708   0.0000002045764415
0.13019700   0.0000001954709922
0.15580620   0.0000001858729012
0.18645262   0.0000001760295448
0.22312706   0.0000001660651282
0.26701521   0.0000001561181533
0.31953598   0.0000001462278342
0.38238735   0.0000001364536491
0.45760133   0.0000001270221209
0.54760958   0.0000001178174588
0.65532207   0.0000001089452637
0.78422115   0.0000001004059991
0.93847414   0.0000000922944445
1.12306803   0.0000000844387043
1.34397077   0.0000000770137224
1.60832414   0.0000000700098188
1.92467470   0.0000000633573508
2.30325008   0.0000000571349524
2.75628964   0.0000000513672305
3.29844016   0.0000000459842573
3.94722940   0.0000000410862953
4.72363275   0.0000000365524884
5.65275135   0.0000000324166168
6.76462365   0.0000000286727287
8.09519653   0.0000000252935466
9.68748748   0.0000000221811516
11.59297533   0.0000000194880372
13.87326458   0.0000000173107983
16.60207710   0.0000000151917095
19.86763550   0.0000000136422465
23.77551545   0.0000000116348930
28.45205886   0.0000000099653239
34.04845860   0.0000000094622077
40.74564651   0.0000000079095110
48.76014299   0.0000000065904250
58.35105706   0.0000000059441326
69.82846339   0.0000000050535495
83.56342704   0.0000000045612121
100.00000000   0.0000000044254215
