0.00000230   0.0000094909602215
0.00000288   0.0000006212191570
0.00000359   0.0000004429913792
0.00000449   0.0000003718926049
0.00000561   0.0000003357354706
0.00000701   0.0000003148267732
0.00000875   0.0000003024536704
0.00001094   0.0000002949792994
0.00001367   0.0000002900696071
0.00001707   0.0000002872403175
0.00002133   0.0000002850694283
0.00002665   0.0000002841804393
0.00003329   0.0000002833600367
0.00004159   0.0000002827295366
0.00005196   0.0000002825259576
0.00006492   0.0000002822786440
0.00008111   0.0000002821684538
0.00010133   0.0000002820422960
0.00012660   0.0000002820652474
0.00015816   0.0000002818827390
0.00019760   0.0000002819139419
0.00024687   0.0000002817506151
0.00030843   0.0000002816870393
0.00038533   0.0000002819772880
0.00048141   0.0000002815412554
0.00060145   0.0000002813598592
0.00075142   0.0000002810013166
0.00093878   0.0000002810695645
0.00117285   0.0000002806186287
0.00146530   0.0000002803465037
0.00183066   0.0000002799919170
0.00228712   0.0000002795788964
0.00285739   0.0000002787428662
0.00356986   0.0000002781718677
0.00445998   0.0000002769276817
0.00557204   0.0000002760550354
0.00696139   0.0000002745884346
0.00869716   0.0000002727714616
0.01086573   0.0000002706317051
0.01357501   0.0000002680701095
0.01695984   0.0000002647336090
0.02118865   0.0000002608938989
0.02647187   0.0000002562587977
0.03307244   0.0000002507287106
0.04131880   0.0000002443077254
0.05162133   0.0000002366767719
0.06449272   0.0000002282966223
0.08057349   0.0000002188669071
0.10066388   0.0000002084407703
0.12576366   0.0000001972767522
0.15712187   0.0000001854179391
0.19629903   0.0000001731466866
0.24524471   0.0000001608163228
0.30639462   0.0000001485468353
0.38279180   0.0000001364149144
0.47823805   0.0000001247323516
0.59748309   0.0000001134958534
0.74646099   0.0000001026951029
0.93258540   0.0000000925498881
1.16511852   0.0000000829001580
1.45563202   0.0000000738659499
1.81858286   0.0000000654340109
2.27203276   0.0000000576229689
2.83854696   0.0000000504419159
3.54631720   0.0000000439291576
4.43056460   0.0000000380660382
5.53529241   0.0000000328349661
6.91547575   0.0000000281358521
8.63979738   0.0000000241343098
10.79406558   0.0000000206593001
13.48548428   0.0000000175745543
16.84798790   0.0000000149729879
21.04890639   0.0000000123107620
26.29729216   0.0000000107512823
32.85432328   0.0000000091228988
41.04630056   0.0000000079382375
51.28088549   0.0000000064426608
64.06738684   0.0000000053654577
80.04210569   0.0000000046465958
100.00000000   0.0000000039921584
