0.00100000000  0.0000000000000000  0.0000000000000000  0.0000000000000000
2.04179591837  0.0000066060983930  0.0000014730640719  0.0003125353641371
4.08259183673  0.0000250869076992  0.0000030312293305  0.0024350015968113
6.12338775510  0.0000248909468984  0.0000023001247244  0.0031202009238034
8.16418367347  0.0000280450346500  0.0000022049325788  0.0040398062685043
10.20497959184  0.0000301861093128  0.0000021261257971  0.0048274743975407
12.24577551020  0.0000311535714684  0.0000020339527818  0.0054550713495708
14.28657142857  0.0000306381904160  0.0000018599396649  0.0057529117831606
16.32736734694  0.0000298515154074  0.0000017103487446  0.0059632218333423
18.36816326531  0.0000290701638584  0.0000016032402055  0.0062022194961003
20.40895918367  0.0000281813413514  0.0000015104650993  0.0064022609396828
22.44975510204  0.0000269868346117  0.0000013998344618  0.0064574912038209
24.49055102041  0.0000255252057213  0.0000012663500525  0.0063334678310955
26.53134693878  0.0000241496179273  0.0000011466042781  0.0061822867270902
28.57214285714  0.0000232415726057  0.0000010883943852  0.0062502220002442
30.61293877551  0.0000226736824118  0.0000010928075380  0.0065733464511584
32.65373469388  0.0000219784994054  0.0000011081371678  0.0068935192997855
34.69453061224  0.0000209963161078  0.0000010610945085  0.0069117121991747
36.73532653061  0.0000199044904234  0.0000009591797639  0.0066283991307387
38.77612244898  0.0000188618591425  0.0000008459330570  0.0062520946063220
40.81691836735  0.0000179582891344  0.0000007615508594  0.0059655572192388
42.85771428571  0.0000172100286606  0.0000007163562828  0.0058309935886587
44.89851020408  0.0000165540881352  0.0000006850594698  0.0057904011740965
46.93930612245  0.0000159399578574  0.0000006582516176  0.0057853676955955
48.98010204082  0.0000153462536905  0.0000006281812415  0.0057605975827750
51.02089795918  0.0000147786597343  0.0000005981641260  0.0056948302547555
53.06169387755  0.0000142454037109  0.0000005708255418  0.0056056320497100
55.10248979592  0.0000137467169519  0.0000005431553117  0.0055122206266043
57.14328571429  0.0000132773544897  0.0000005173961300  0.0054328325032093
59.18408163265  0.0000128278774451  0.0000004951239907  0.0053830325001556
61.22487755102  0.0000123903049761  0.0000004804583004  0.0053603340169863
63.26567346939  0.0000119617330410  0.0000004704791371  0.0053525823315637
65.30646938776  0.0000115440191630  0.0000004604995107  0.0053477881242972
67.34726530612  0.0000111441237242  0.0000004493790570  0.0053340317103291
69.38806122449  0.0000107734465564  0.0000004359980066  0.0052995315407809
71.42885714286  0.0000104431994033  0.0000004197086575  0.0052361166093948
73.46965306122  0.0000101537281028  0.0000004011222824  0.0051477559697377
75.51044897959  0.0000099002367338  0.0000003810835734  0.0050412017964224
77.55124489796  0.0000096762262825  0.0000003603563599  0.0049230256352996
79.59204081633  0.0000094747038144  0.0000003396007010  0.0047994240269754
81.63283673469  0.0000092889994542  0.0000003231394780  0.0046761025309126
83.67363265306  0.0000091132187772  0.0000003083612439  0.0045582436013123
85.71442857143  0.0000089423179279  0.0000002946614800  0.0044505268729348
87.75522448980  0.0000087719044906  0.0000002823365209  0.0043572111232702
89.79602040816  0.0000085977966813  0.0000002716306505  0.0042822629129995
91.83681632653  0.0000084153622504  0.0000002627541089  0.0042295262812823
93.87761224490  0.0000082186198114  0.0000002559031304  0.0042029337437716
95.91840816327  0.0000079990247557  0.0000002512821927  0.0042067643835905
97.95920408163  0.0000077437780060  0.0000002491294421  0.0042459625924256
100.00000000000  0.0000074333678530  0.0000002497473151  0.0043265439685822
