0.00100000000  0.0000000000000000  0.0000000000000000  0.0000000000000000
2.04179591837  0.0000230883971485  0.0000051473287545  0.0004382402318660
4.08259183673  0.0000330205469493  0.0000039998506349  0.0009638110238398
6.12338775510  0.0000142780536684  0.0000013183880197  0.0005518516073985
8.16418367347  0.0000094483553187  0.0000007424154727  0.0004462369486435
10.20497959184  0.0000071636072429  0.0000005061303020  0.0003991724524327
12.24577551020  0.0000058109352868  0.0000003781749759  0.0003702551456057
14.28657142857  0.0000049193119259  0.0000002990161978  0.0003513247608897
16.32736734694  0.0000043102956645  0.0000002519094700  0.0003470474023294
18.36816326531  0.0000038499705397  0.0000002137346470  0.0003400553169185
20.40895918367  0.0000034970712021  0.0000001841916243  0.0003338587936787
22.44975510204  0.0000032366475583  0.0000001636510164  0.0003354746145394
24.49055102041  0.0000030620360520  0.0000001510013562  0.0003491797298715
26.53134693878  0.0000029595158016  0.0000001434395848  0.0003740098255156
28.57214285714  0.0000029017321625  0.0000001380988107  0.0004036203775316
30.61293877551  0.0000028742260413  0.0000001346295097  0.0004358128976177
32.65373469388  0.0000028769989902  0.0000001338235795  0.0004726361250504
34.69453061224  0.0000029120571894  0.0000001338337665  0.0005163175782000
36.73532653061  0.0000029799864515  0.0000001346633708  0.0005683497091064
38.77612244898  0.0000030825599138  0.0000001363936292  0.0006305361235503
40.81691836735  0.0000032058822792  0.0000001395541519  0.0006989598232310
42.85771428571  0.0000033201817911  0.0000001436083171  0.0007633656561419
44.89851020408  0.0000033878282220  0.0000001439715569  0.0008096319793139
46.93930612245  0.0000034015040705  0.0000001404708316  0.0008343949977956
48.98010204082  0.0000033900460147  0.0000001351090742  0.0008482584133374
51.02089795918  0.0000033902249339  0.0000001313377737  0.0008653804888445
53.06169387755  0.0000034403058622  0.0000001312438471  0.0009010122735151
55.10248979592  0.0000035504093902  0.0000001340038102  0.0009600288013030
57.14328571429  0.0000037125917946  0.0000001390595904  0.0010405027214694
59.18408163265  0.0000039162347160  0.0000001457521917  0.0011394161497306
61.22487755102  0.0000041456897689  0.0000001547132533  0.0012513868845544
63.26567346939  0.0000043835015988  0.0000001648369966  0.0013696640058250
65.30646938776  0.0000046197354987  0.0000001746444943  0.0014901358955312
67.34726530612  0.0000048445024104  0.0000001835143789  0.0016082951178599
69.38806122449  0.0000050470322363  0.0000001909275557  0.0017186359847488
71.42885714286  0.0000052156558203  0.0000001961612353  0.0018148783738720
73.46965306122  0.0000053402852073  0.0000001986584088  0.0018910867920692
75.51044897959  0.0000054228814181  0.0000001985592720  0.0019471654461468
77.55124489796  0.0000054724667274  0.0000001964126012  0.0019868334880303
79.59204081633  0.0000054996919764  0.0000001928514873  0.0020149933629035
81.63283673469  0.0000055161074647  0.0000001907571153  0.0020372998775776
83.67363265306  0.0000055337735931  0.0000001891523011  0.0020598968027267
85.71442857143  0.0000055650804801  0.0000001881031008  0.0020893110264251
87.75522448980  0.0000056228963374  0.0000001882279964  0.0021325738443422
89.79602040816  0.0000057210127176  0.0000001901792719  0.0021975888884715
91.83681632653  0.0000058748978493  0.0000001947001957  0.0022938028534029
93.87761224490  0.0000061027933954  0.0000002027161551  0.0024332948905969
95.91840816327  0.0000064271969474  0.0000002154769683  0.0026325049887963
97.95920408163  0.0000068767463265  0.0000002347845676  0.0029150131724139
100.00000000000  0.0000074883736750  0.0000002633718335  0.0033161363443966
