0.00100000000  0.0000000000000000  0.0000000000000000  0.0000000000000000
2.04179591837  0.0000010076542643  0.0000002247813328  0.0000031097737712
4.08259183673  0.0000009076924613  0.0000001097189009  0.0000042651689516
6.12338775510  0.0000002800854520  0.0000000259496483  0.0000017288201026
8.16418367347  0.0000001487109816  0.0000000117480739  0.0000011195415404
10.20497959184  0.0000000948366351  0.0000000066880666  0.0000008331393079
12.24577551020  0.0000000665317130  0.0000000043181849  0.0000006648812086
14.28657142857  0.0000000495458010  0.0000000030149963  0.0000005536946043
16.32736734694  0.0000000384400674  0.0000000022277330  0.0000004745950839
18.36816326531  0.0000000308128087  0.0000000017098009  0.0000004153561152
20.40895918367  0.0000000253661384  0.0000000013537332  0.0000003692916415
22.44975510204  0.0000000213340210  0.0000000010981739  0.0000003324308853
24.49055102041  0.0000000182449797  0.0000000009088254  0.0000003022620378
26.53134693878  0.0000000157956670  0.0000000007642607  0.0000002771168233
28.57214285714  0.0000000138099621  0.0000000006516535  0.0000002558357153
30.61293877551  0.0000000121706835  0.0000000005645799  0.0000002375906929
32.65373469388  0.0000000107972647  0.0000000004983356  0.0000002217745431
34.69453061224  0.0000000096376869  0.0000000004403543  0.0000002079304259
36.73532653061  0.0000000086529596  0.0000000003891769  0.0000001957093161
38.77612244898  0.0000000078169737  0.0000000003436685  0.0000001848389329
40.81691836735  0.0000000071234134  0.0000000003066836  0.0000001751005979
42.85771428571  0.0000000065702856  0.0000000002787163  0.0000001663186740
44.89851020408  0.0000000061559585  0.0000000002533792  0.0000001583510933
46.93930612245  0.0000000058671429  0.0000000002303162  0.0000001510849795
48.98010204082  0.0000000056529380  0.0000000002092502  0.0000001444381746
51.02089795918  0.0000000054626113  0.0000000001917606  0.0000001383445464
53.06169387755  0.0000000052536419  0.0000000001774302  0.0000001327485487
55.10248979592  0.0000000049901640  0.0000000001642342  0.0000001276031806
57.14328571429  0.0000000046578436  0.0000000001520515  0.0000001228639366
59.18408163265  0.0000000042829632  0.0000000001407627  0.0000001184820307
61.22487755102  0.0000000038938103  0.0000000001315676  0.0000001144138742
63.26567346939  0.0000000035149351  0.0000000001238286  0.0000001106216749
65.30646938776  0.0000000031677871  0.0000000001165857  0.0000001070724961
67.34726530612  0.0000000028711673  0.0000000001097854  0.0000001037375053
69.38806122449  0.0000000026341670  0.0000000001033850  0.0000001005934175
71.42885714286  0.0000000024486061  0.0000000000973506  0.0000000976241715
73.46965306122  0.0000000023050835  0.0000000000916528  0.0000000948161435
75.51044897959  0.0000000021952227  0.0000000000852977  0.0000000921572305
77.55124489796  0.0000000021115424  0.0000000000802562  0.0000000896366463
79.59204081633  0.0000000020473449  0.0000000000754778  0.0000000872447470
81.63283673469  0.0000000019966200  0.0000000000717831  0.0000000849728654
83.67363265306  0.0000000019539639  0.0000000000684779  0.0000000828132152
85.71442857143  0.0000000019145067  0.0000000000653347  0.0000000807587645
87.75522448980  0.0000000018738495  0.0000000000623434  0.0000000788031495
89.79602040816  0.0000000018280093  0.0000000000594938  0.0000000769405976
91.83681632653  0.0000000017733704  0.0000000000567775  0.0000000751658606
93.87761224490  0.0000000017066415  0.0000000000541857  0.0000000734741584
95.91840816327  0.0000000016248148  0.0000000000507403  0.0000000718611208
97.95920408163  0.0000000015251335  0.0000000000484184  0.0000000703227610
100.00000000000  0.0000000014050581  0.0000000000461975  0.0000000688554260
