0.10481100000  0.0000000000000000  0.0000000000000000  0.0000000000000000
2.14348832653  0.0000056156546726  0.0000012237970080  0.0001535165252092
4.18216565306  0.0000327497618976  0.0000039219202284  0.0011665893009616
6.22084297959  0.0000503262453436  0.0000046158455017  0.0021351275592319
8.25952030612  0.0000519853337075  0.0000040843680146  0.0025365541059957
10.29819763265  0.0000493077089353  0.0000034795917661  0.0027023266989330
12.33687495918  0.0000453939492121  0.0000029549156278  0.0027457365353985
14.37555228571  0.0000413189209858  0.0000024901352861  0.0026958681941925
16.41422961224  0.0000376748177425  0.0000021693886495  0.0026655722814232
18.45290693878  0.0000343165836084  0.0000018954477823  0.0026097618031121
20.49158426531  0.0000313367197847  0.0000016631395007  0.0025351555724401
22.53026159184  0.0000287201635758  0.0000014681823345  0.0024539760295865
24.56893891837  0.0000263861378909  0.0000013136855836  0.0023852904559216
26.60761624490  0.0000242790786927  0.0000011882601763  0.0023268381713754
28.64629357143  0.0000224120908133  0.0000010779571948  0.0022643819333020
30.68497089796  0.0000208270789525  0.0000009782673132  0.0021863485786189
32.72364822449  0.0000194201925367  0.0000008990559759  0.0021122238280025
34.76232555102  0.0000180601165179  0.0000008323981802  0.0020603511556984
36.80100287755  0.0000169416650925  0.0000007593694758  0.0019921729383895
38.83968020408  0.0000159575107581  0.0000006887418947  0.0019246593971978
40.87835753061  0.0000149395792835  0.0000006381333384  0.0018804874982273
42.91703485714  0.0000140732950926  0.0000005965167110  0.0018290839245872
44.95571218367  0.0000133819937412  0.0000005517353431  0.0017670035847093
46.99438951020  0.0000126461272499  0.0000005146114688  0.0017228724315901
49.03306683673  0.0000118361093659  0.0000004846725488  0.0016975731091727
51.07174416327  0.0000110852300410  0.0000004595080882  0.0016722106240327
53.11042148980  0.0000104792803739  0.0000004353741543  0.0016367059339758
55.14909881633  0.0000100421368904  0.0000004077907135  0.0015888582645994
57.18777614286  0.0000097280495302  0.0000003786926683  0.0015336642940984
59.22645346939  0.0000094073154288  0.0000003523550857  0.0014850982178288
61.26513079592  0.0000089851697223  0.0000003347253904  0.0014530831765501
63.30380812245  0.0000085140457207  0.0000003220472994  0.0014307489083787
65.34248544898  0.0000080932143014  0.0000003090384031  0.0014067927437255
67.38116277551  0.0000077753045603  0.0000002943380591  0.0013757528792301
69.41984010204  0.0000075200073072  0.0000002791488097  0.0013417958328698
71.45851742857  0.0000072782378029  0.0000002647061917  0.0013096826372318
73.49719475510  0.0000070240542601  0.0000002515456741  0.0012817821208641
75.53587208163  0.0000067582551769  0.0000002395050941  0.0012577154035266
77.57454940816  0.0000064830370059  0.0000002284035773  0.0012369768739311
79.61322673469  0.0000062049511323  0.0000002179881784  0.0012186671027139
81.65190406122  0.0000059396609132  0.0000002103503308  0.0012010887649335
83.69058138776  0.0000057042050766  0.0000002031589041  0.0011825356041677
85.72925871429  0.0000055127647022  0.0000001955658165  0.0011616542256970
87.76793604082  0.0000053596376882  0.0000001877025749  0.0011389348392525
89.80661336735  0.0000052309257877  0.0000001798318177  0.0011155776789441
91.84529069388  0.0000051133485091  0.0000001721808408  0.0010927049447949
93.88396802041  0.0000049945286866  0.0000001649414061  0.0010713541565033
95.92264534694  0.0000048628909105  0.0000001583135704  0.0010524871854928
97.96132267347  0.0000047072411431  0.0000001523478846  0.0010370107912942
100.00000000000  0.0000045160492550  0.0000001472008118  0.0010258077931933
