0.05963600000  0.0000000000000000  0.0000000000000000  0.0000000000000000
2.09923526531  0.0000126635806860  0.0000027886018612  0.0003404916718295
4.13883453061  0.0000600446504196  0.0000072194448329  0.0021047389331019
6.17843379592  0.0000716261935955  0.0000065848721282  0.0029785647961163
8.21803306122  0.0000672525870737  0.0000052731445266  0.0032098368467406
10.25763232653  0.0000607469826422  0.0000042774090583  0.0032611687106369
12.29723159184  0.0000540837085639  0.0000034877411608  0.0031897773953885
14.33683085714  0.0000482872572723  0.0000029219255271  0.0031099752745158
16.37643012245  0.0000432721391223  0.0000025032197340  0.0030269176280691
18.41602938776  0.0000388729710707  0.0000021676729748  0.0029374317514865
20.45562865306  0.0000350494411082  0.0000019039566092  0.0028533646513105
22.49522791837  0.0000318565232069  0.0000016442748063  0.0027088062247961
24.53482718367  0.0000291078610924  0.0000014422317240  0.0025872382263216
26.57442644898  0.0000264333190317  0.0000013257961027  0.0025574210737632
28.61402571429  0.0000246024678289  0.0000011470741209  0.0023897893070662
30.65362497959  0.0000228786836339  0.0000010232568358  0.0022738785283840
32.69322424490  0.0000209696601015  0.0000009675633078  0.0022493172415764
34.73282351020  0.0000194325770721  0.0000008920322841  0.0021854548160341
36.77242277551  0.0000181433437748  0.0000008126534218  0.0021100354574812
38.81202204082  0.0000169795791795  0.0000007383822069  0.0020410052603242
40.85162130612  0.0000159531650215  0.0000006755122115  0.0019732370255848
42.89122057143  0.0000149704476929  0.0000006309945836  0.0019177326874142
44.93081983673  0.0000139669859384  0.0000005940020995  0.0018798530150371
46.97041910204  0.0000132159259554  0.0000005500404501  0.0018215275428204
49.01001836735  0.0000129413769017  0.0000004903234499  0.0017138503666656
51.04961763265  0.0000127161458926  0.0000004388813899  0.0016090442328313
53.08921689796  0.0000121141749920  0.0000004132318567  0.0015665771950841
55.12881616327  0.0000111652427281  0.0000004042550096  0.0015770010854667
57.16841542857  0.0000102130737144  0.0000003952246134  0.0015888492251151
59.20801469388  0.0000095900235244  0.0000003757979714  0.0015664599836205
61.24761395918  0.0000092013896844  0.0000003545157562  0.0015238861064595
63.28721322449  0.0000088477917757  0.0000003363020124  0.0014828166428368
65.32681248980  0.0000084403178896  0.0000003211796793  0.0014521224136569
67.36641175510  0.0000080336819059  0.0000003072941848  0.0014253804141936
69.40601102041  0.0000076919569584  0.0000002928442942  0.0013957139249206
71.44561028571  0.0000074315549276  0.0000002774799850  0.0013613906206703
73.48520955102  0.0000072011706391  0.0000002624959765  0.0013273559901101
75.52480881633  0.0000069478367230  0.0000002490579979  0.0012986138263893
77.56440808163  0.0000066391666509  0.0000002376889762  0.0012779407297898
79.60400734694  0.0000063088558457  0.0000002274246456  0.0012616246196318
81.64360661224  0.0000060056453609  0.0000002197409771  0.0012447870543890
83.68320587755  0.0000057788983680  0.0000002116703766  0.0012228574417687
85.72280514286  0.0000056416856218  0.0000002024174739  0.0011946947472904
87.76240440816  0.0000055603311212  0.0000001926683439  0.0011632783489982
89.80200367347  0.0000055001247702  0.0000001830656241  0.0011316266573409
91.84160293878  0.0000054304052468  0.0000001741384023  0.0011024577834481
93.88120220408  0.0000053243197948  0.0000001663134629  0.0010782140591019
95.92080146939  0.0000051566575299  0.0000001599829350  0.0010611590144972
97.96040073469  0.0000048999760777  0.0000001553779278  0.0010535383879316
100.00000000000  0.0000045187796335  0.0000001528659402  0.0010578107835287
