0.00100000000  0.0000000000000000  0.0000000000000000  0.0000000000000000
2.04179591837  0.0000078059196820  0.0000017419132347  0.0001409625733252
4.08259183673  0.0000127858181019  0.0000015481233238  0.0003665671045484
6.12338775510  0.0000077892050719  0.0000007176714432  0.0003184797370743
8.16418367347  0.0000069088628651  0.0000005427011631  0.0003935014498109
10.20497959184  0.0000077237808917  0.0000005479235019  0.0005775244748489
12.24577551020  0.0000088015118465  0.0000005677959102  0.0007719203114285
14.28657142857  0.0000106201254668  0.0000006437988348  0.0010583014895122
16.32736734694  0.0000128506454645  0.0000007463919280  0.0014149597047206
18.36816326531  0.0000141197106179  0.0000007736655014  0.0016539952381974
20.40895918367  0.0000154337963046  0.0000008069329961  0.0019102957356095
22.44975510204  0.0000180297715232  0.0000009321684205  0.0023951410648699
24.49055102041  0.0000199086085550  0.0000010092693316  0.0027938520410715
26.53134693878  0.0000207442052800  0.0000010159274511  0.0030226332744433
28.57214285714  0.0000214975328299  0.0000010214959269  0.0032456250369024
30.61293877551  0.0000222488319205  0.0000010355001635  0.0034787101422773
32.65373469388  0.0000228703833058  0.0000010535521544  0.0036950576505571
34.69453061224  0.0000234468273047  0.0000010643468870  0.0039115014636469
36.73532653061  0.0000241222630640  0.0000010776008958  0.0041629295681334
38.77612244898  0.0000247667072557  0.0000010839264110  0.0044213840270253
40.81691836735  0.0000249976156069  0.0000010694335842  0.0045841639917973
42.85771428571  0.0000245160783999  0.0000010220229559  0.0045551725895178
44.89851020408  0.0000236278879169  0.0000009457926125  0.0044065364681197
46.93930612245  0.0000228698737727  0.0000008782485365  0.0042854499841484
48.98010204082  0.0000226909244933  0.0000008467819085  0.0043210946894644
51.02089795918  0.0000231143311002  0.0000008593825023  0.0045347042000573
53.06169387755  0.0000238382459164  0.0000008995981121  0.0048583732183890
55.10248979592  0.0000245521066112  0.0000009409677182  0.0052074936621399
57.14328571429  0.0000249834249449  0.0000009635894877  0.0054846600527741
59.18408163265  0.0000251205701670  0.0000009645155828  0.0056684647495310
61.22487755102  0.0000250570847439  0.0000009587414642  0.0057804052292792
63.26567346939  0.0000248833332745  0.0000009499525122  0.0058486973975742
65.30646938776  0.0000246809126681  0.0000009380418306  0.0059043644038419
67.34726530612  0.0000244899049353  0.0000009261910099  0.0059646952449470
69.38806122449  0.0000243153349262  0.0000009148917313  0.0060328815705240
71.42885714286  0.0000241603729946  0.0000009045194994  0.0061117401011186
73.46965306122  0.0000240275736433  0.0000008954410183  0.0062043229927334
75.51044897959  0.0000239183495977  0.0000008879764769  0.0063137425098721
77.55124489796  0.0000238249354730  0.0000008816598025  0.0064383951519814
79.59204081633  0.0000237324104019  0.0000008752859472  0.0065716713720423
81.63283673469  0.0000236275175072  0.0000008778969397  0.0067061693450144
83.67363265306  0.0000234993585135  0.0000008811964250  0.0068338394819943
85.71442857143  0.0000233394973127  0.0000008814619227  0.0069459968297505
87.75522448980  0.0000231419717714  0.0000008774781655  0.0070334632281388
89.79602040816  0.0000229030287176  0.0000008680942200  0.0070868312626083
91.83681632653  0.0000226205041150  0.0000008522919934  0.0070968520081683
93.87761224490  0.0000222928474276  0.0000008292661600  0.0070549403664538
95.91840816327  0.0000219178690180  0.0000007985080253  0.0069537725004277
97.95920408163  0.0000214913966012  0.0000007598829783  0.0067879298353935
100.00000000000  0.0000210061269935  0.0000007136889930  0.0065545244294142
