0.00100000000  0.0000000000000000  0.0000000000000000  0.0000000000000000
2.04179591837  0.0000928069505301  0.0000207020168490  0.0002934978068807
4.08259183673  0.0001495818328930  0.0000180805490379  0.0007278155026786
6.12338775510  0.0000652577851402  0.0000060459689693  0.0004176485999568
8.16418367347  0.0000441241890840  0.0000034857355276  0.0003444456758445
10.20497959184  0.0000338108947856  0.0000023843831176  0.0003079431554227
12.24577551020  0.0000275875689166  0.0000017905292518  0.0002857873452712
14.28657142857  0.0000233906948217  0.0000014233744238  0.0002709449859767
16.32736734694  0.0000203576607702  0.0000011797863501  0.0002605057135113
18.36816326531  0.0000180495543234  0.0000010015612482  0.0002522109209535
20.40895918367  0.0000162278755391  0.0000008660387241  0.0002449314260321
22.44975510204  0.0000147512615430  0.0000007593198203  0.0002383360968503
24.49055102041  0.0000135305548648  0.0000006739848325  0.0002324659378161
26.53134693878  0.0000125069351882  0.0000006051343625  0.0002275937453747
28.57214285714  0.0000116369106983  0.0000005491097371  0.0002236569327987
30.61293877551  0.0000108889055969  0.0000005051167710  0.0002205855674375
32.65373469388  0.0000102394206133  0.0000004725862653  0.0002183058447022
34.69453061224  0.0000096698428252  0.0000004418206159  0.0002166113814585
36.73532653061  0.0000091657841163  0.0000004122399735  0.0002153119600117
38.77612244898  0.0000087152743398  0.0000003831599348  0.0002141075845620
40.81691836735  0.0000083059886384  0.0000003575957107  0.0002121964075494
42.85771428571  0.0000079267665266  0.0000003362577248  0.0002086190277793
44.89851020408  0.0000075681535909  0.0000003115039568  0.0002024739289020
46.93930612245  0.0000072250638426  0.0000002836208277  0.0001935705959757
48.98010204082  0.0000069020866478  0.0000002554876459  0.0001835442995305
51.02089795918  0.0000066049722830  0.0000002318615917  0.0001741568375499
53.06169387755  0.0000063382735626  0.0000002141215764  0.0001668065915284
55.10248979592  0.0000061058777859  0.0000002010242432  0.0001626849807779
57.14328571429  0.0000059089354730  0.0000001929597089  0.0001624795725188
59.18408163265  0.0000057421311352  0.0000001887858131  0.0001656702752813
61.22487755102  0.0000056001962602  0.0000001892920176  0.0001717109836349
63.26567346939  0.0000054781629307  0.0000001930610679  0.0001800070660153
65.30646938776  0.0000053702674756  0.0000001977162679  0.0001896272147425
67.34726530612  0.0000052687255928  0.0000002015355745  0.0001989851807275
69.38806122449  0.0000051658054711  0.0000002027930665  0.0002063250592616
71.42885714286  0.0000050590923488  0.0000002011840184  0.0002110755819573
73.46965306122  0.0000049478188721  0.0000001968053346  0.0002130891347879
75.51044897959  0.0000048322475623  0.0000001899660111  0.0002125005175852
77.55124489796  0.0000047135839668  0.0000001812578666  0.0002096949311985
79.59204081633  0.0000045936995544  0.0000001713398905  0.0002052282737172
81.63283673469  0.0000044747701831  0.0000001627665530  0.0001997308037119
83.67363265306  0.0000043589785444  0.0000001545554275  0.0001938260451473
85.71442857143  0.0000042483074199  0.0000001466792261  0.0001880804038593
87.75522448980  0.0000041444826502  0.0000001395051951  0.0001829886041372
89.79602040816  0.0000040490307359  0.0000001333242068  0.0001789889117066
91.83681632653  0.0000039634262246  0.0000001283838695  0.0001765020748528
93.87761224490  0.0000038893304185  0.0000001249340310  0.0001759936781733
95.91840816327  0.0000038289731859  0.0000001232896608  0.0001780714434489
97.95920408163  0.0000037858441229  0.0000001239306459  0.0001836535750096
100.00000000000  0.0000037661912008  0.0000001276931290  0.0001943076683400
