0.01456300000  0.0000000000000000  0.0000000000000000  0.0000000000000000
2.05508212245  0.0000746086619054  0.0000165909025661  0.0014752094883509
4.09560124490  0.0001361918271359  0.0000164533784284  0.0037315144324134
6.13612036735  0.0000752106709364  0.0000069541100226  0.0025236899235826
8.17663948980  0.0000508240812359  0.0000039924205533  0.0019997126975289
10.21715861224  0.0000373974762906  0.0000026485170263  0.0016914830487541
12.25767773469  0.0000290425169785  0.0000018910946318  0.0014675800592364
14.29819685714  0.0000235015945433  0.0000014136593179  0.0012929565685669
16.33871597959  0.0000193301812213  0.0000011143719499  0.0011688442307528
18.37923510204  0.0000163938124052  0.0000008915306513  0.0010582712718754
20.41975422449  0.0000138580022353  0.0000007421461143  0.0009803589087531
22.46027334694  0.0000119332721063  0.0000006253848813  0.0009103394194997
24.50079246939  0.0000106161937582  0.0000005275470312  0.0008406054014020
26.54131159184  0.0000094146902888  0.0000004544828419  0.0007859385571840
28.58183071429  0.0000082150068150  0.0000004009698948  0.0007460356754119
30.62234983673  0.0000073971424203  0.0000003537646303  0.0007029748190416
32.66286895918  0.0000068680160195  0.0000003137382648  0.0006585940449695
34.70338808163  0.0000063142410795  0.0000002803108498  0.0006229753023731
36.74390720408  0.0000057257394610  0.0000002522565740  0.0005950132562179
38.78442632653  0.0000051629720879  0.0000002273407187  0.0005713141209276
40.82494544898  0.0000047043746965  0.0000002061868278  0.0005482897320983
42.86546457143  0.0000043978976528  0.0000001887178263  0.0005237464275216
44.90598369388  0.0000041634911196  0.0000001721522898  0.0005000011568382
46.94650281633  0.0000039058001039  0.0000001576431435  0.0004799051379782
48.98702193878  0.0000036180759570  0.0000001449568758  0.0004632868841423
51.02754106122  0.0000033510744823  0.0000001344587692  0.0004480912620259
53.06806018367  0.0000031425090009  0.0000001254336911  0.0004328140592256
55.10857930612  0.0000029805398544  0.0000001166777992  0.0004176693620795
57.14909842857  0.0000028410799536  0.0000001084099321  0.0004032798970117
59.18961755102  0.0000027068993540  0.0000001007472516  0.0003900555278959
61.23013667347  0.0000025796163235  0.0000000945404820  0.0003778049934314
63.27065579592  0.0000024649741661  0.0000000892794444  0.0003662222631100
65.31117491837  0.0000023672146522  0.0000000842479943  0.0003550678405670
67.35169404082  0.0000022798350720  0.0000000794780708  0.0003444638358404
69.39221316327  0.0000021906657420  0.0000000750499139  0.0003347247006476
71.43273228571  0.0000020885974034  0.0000000710252461  0.0003261358843562
73.47325140816  0.0000019667922253  0.0000000674205717  0.0003188452388455
75.51377053061  0.0000018342336431  0.0000000641197790  0.0003124953110677
77.55428965306  0.0000017036932773  0.0000000609914351  0.0003066235307756
79.59480877551  0.0000015876061790  0.0000000579250801  0.0003007985765140
81.63532789796  0.0000014964652914  0.0000000554903614  0.0002946662613001
83.67584702041  0.0000014292461861  0.0000000531799760  0.0002882346697053
85.71636614286  0.0000013802159013  0.0000000508697274  0.0002816544616711
87.75688526531  0.0000013438706507  0.0000000485948160  0.0002750677006564
89.79740438776  0.0000013150753175  0.0000000463853326  0.0002686058082132
91.83792351020  0.0000012891204216  0.0000000442663593  0.0002623890607301
93.87844263265  0.0000012617202989  0.0000000422582555  0.0002565270340764
95.91896175510  0.0000012289605613  0.0000000403772135  0.0002511198772641
97.95948087755  0.0000011872021422  0.0000000386359540  0.0002462603014977
100.00000000000  0.0000011329469007  0.0000000370444581  0.0002420362162381
