0.10481100000  0.0000000000000000  0.0000000000000000  0.0000000000000000
2.14348832653  0.0000000021783069  0.0000000004746558  0.0000000349042113
4.18216565306  0.0000000034963362  0.0000000004186934  0.0000000827353291
6.22084297959  0.0000000029893790  0.0000000002741778  0.0000000896090964
8.25952030612  0.0000000021673646  0.0000000001702819  0.0000000777981188
10.29819763265  0.0000000016196201  0.0000000001134682  0.0000000672094426
12.33687495918  0.0000000012574767  0.0000000000812109  0.0000000588380177
14.37555228571  0.0000000010194789  0.0000000000601136  0.0000000522240254
16.41422961224  0.0000000008322272  0.0000000000468702  0.0000000469145188
18.45290693878  0.0000000006942473  0.0000000000365333  0.0000000425702806
20.49158426531  0.0000000005915541  0.0000000000298771  0.0000000389551419
22.53026159184  0.0000000005121345  0.0000000000239234  0.0000000359021010
24.56893891837  0.0000000004453864  0.0000000000192967  0.0000000332910677
26.60761624490  0.0000000003886346  0.0000000000165286  0.0000000310329029
28.64629357143  0.0000000003429582  0.0000000000123626  0.0000000290602582
30.68497089796  0.0000000003089385  0.0000000000108602  0.0000000273217425
32.72364822449  0.0000000002802054  0.0000000000087124  0.0000000257785514
34.76232555102  0.0000000002515213  0.0000000000068740  0.0000000244001652
36.80100287755  0.0000000002308797  0.0000000000042482  0.0000000231602978
38.83968020408  0.0000000002136446  0.0000000000000000  0.0000000220394834
40.87835753061  0.0000000001944182  0.0000000000000000  0.0000000210220940
42.91703485714  0.0000000001794115  0.0000000000000000  0.0000000200935505
44.95571218367  0.0000000001688603  0.0000000000000000  0.0000000192425129
46.99438951020  0.0000000001565481  0.0000000000000000  0.0000000184605000
49.03306683673  0.0000000001422255  0.0000000000000000  0.0000000177395511
51.07174416327  0.0000000001295628  0.0000000000000000  0.0000000170722741
53.11042148980  0.0000000001202426  0.0000000000000000  0.0000000164525746
55.14909881633  0.0000000001144100  0.0000000000000000  0.0000000158754144
57.18777614286  0.0000000001109547  0.0000000000000000  0.0000000153366314
59.22645346939  0.0000000001071518  0.0000000000000000  0.0000000148328877
61.26513079592  0.0000000001010707  0.0000000000000000  0.0000000143611947
63.30380812245  0.0000000000939788  0.0000000000000000  0.0000000139184525
65.34248544898  0.0000000000879039  0.0000000000000000  0.0000000135017812
67.38116277551  0.0000000000827429  0.0000000000000000  0.0000000131087785
69.41984010204  0.0000000000796737  0.0000000000000000  0.0000000127375703
71.45851742857  0.0000000000767748  0.0000000000000000  0.0000000123865124
73.49719475510  0.0000000000735961  0.0000000000000000  0.0000000120540787
75.53587208163  0.0000000000701766  0.0000000000000000  0.0000000117388282
77.57454940816  0.0000000000655982  0.0000000000000000  0.0000000114394599
79.61322673469  0.0000000000620100  0.0000000000000000  0.0000000111547880
81.65190406122  0.0000000000586412  0.0000000000000000  0.0000000108837167
83.69058138776  0.0000000000557432  0.0000000000000000  0.0000000106252498
85.72925871429  0.0000000000535033  0.0000000000000000  0.0000000103784890
87.76793604082  0.0000000000518137  0.0000000000000000  0.0000000101426621
89.80661336735  0.0000000000504607  0.0000000000000000  0.0000000099170837
91.84529069388  0.0000000000492483  0.0000000000000000  0.0000000097011271
93.88396802041  0.0000000000479972  0.0000000000000000  0.0000000094942180
95.92264534694  0.0000000000465427  0.0000000000000000  0.0000000092958292
97.96132267347  0.0000000000447332  0.0000000000000000  0.0000000091054758
100.00000000000  0.0000000000424295  0.0000000000000000  0.0000000089227110
