0.00100000000  0.0000000000000000  0.0000000000000000  0.0000000000000000
2.04179591837  0.0000000010964671  0.0000000002446048  0.0000000014750441
4.08259183673  0.0000000009587137  0.0000000001161030  0.0000000019687904
6.12338775510  0.0000000002933371  0.0000000000253856  0.0000000007879174
8.16418367347  0.0000000001554476  0.0000000000069585  0.0000000005064710
10.20497959184  0.0000000000981617  0.0000000000000000  0.0000000003750810
12.24577551020  0.0000000000675641  0.0000000000000000  0.0000000002982751
14.28657142857  0.0000000000492216  0.0000000000000000  0.0000000002477176
16.32736734694  0.0000000000380724  0.0000000000000000  0.0000000002118633
18.36816326531  0.0000000000304991  0.0000000000000000  0.0000000001850910
20.40895918367  0.0000000000242084  0.0000000000000000  0.0000000001643288
22.44975510204  0.0000000000194211  0.0000000000000000  0.0000000001477529
24.49055102041  0.0000000000145712  0.0000000000000000  0.0000000001342106
26.53134693878  0.0000000000126054  0.0000000000000000  0.0000000001229377
28.57214285714  0.0000000000091041  0.0000000000000000  0.0000000001134070
30.61293877551  0.0000000000080170  0.0000000000000000  0.0000000001052435
32.65373469388  0.0000000000042880  0.0000000000000000  0.0000000000981724
34.69453061224  0.0000000000000000  0.0000000000000000  0.0000000000919878
36.73532653061  0.0000000000000000  0.0000000000000000  0.0000000000865327
38.77612244898  0.0000000000000000  0.0000000000000000  0.0000000000816851
40.81691836735  0.0000000000000000  0.0000000000000000  0.0000000000773487
42.85771428571  0.0000000000000000  0.0000000000000000  0.0000000000734468
44.89851020408  0.0000000000000000  0.0000000000000000  0.0000000000699172
46.93930612245  0.0000000000000000  0.0000000000000000  0.0000000000667090
48.98010204082  0.0000000000000000  0.0000000000000000  0.0000000000637803
51.02089795918  0.0000000000000000  0.0000000000000000  0.0000000000610960
53.06169387755  0.0000000000000000  0.0000000000000000  0.0000000000586268
55.10248979592  0.0000000000000000  0.0000000000000000  0.0000000000563478
57.14328571429  0.0000000000000000  0.0000000000000000  0.0000000000542379
59.18408163265  0.0000000000000000  0.0000000000000000  0.0000000000512971
61.22487755102  0.0000000000000000  0.0000000000000000  0.0000000000495073
63.26567346939  0.0000000000000000  0.0000000000000000  0.0000000000478370
65.30646938776  0.0000000000000000  0.0000000000000000  0.0000000000462746
67.34726530612  0.0000000000000000  0.0000000000000000  0.0000000000448100
69.38806122449  0.0000000000000000  0.0000000000000000  0.0000000000434342
71.42885714286  0.0000000000000000  0.0000000000000000  0.0000000000421394
73.46965306122  0.0000000000000000  0.0000000000000000  0.0000000000409187
75.51044897959  0.0000000000000000  0.0000000000000000  0.0000000000397658
77.55124489796  0.0000000000000000  0.0000000000000000  0.0000000000386754
79.59204081633  0.0000000000000000  0.0000000000000000  0.0000000000376424
81.63283673469  0.0000000000000000  0.0000000000000000  0.0000000000366625
83.67363265306  0.0000000000000000  0.0000000000000000  0.0000000000357316
85.71442857143  0.0000000000000000  0.0000000000000000  0.0000000000348462
87.75522448980  0.0000000000000000  0.0000000000000000  0.0000000000340031
89.79602040816  0.0000000000000000  0.0000000000000000  0.0000000000331992
91.83681632653  0.0000000000000000  0.0000000000000000  0.0000000000324319
93.87761224490  0.0000000000000000  0.0000000000000000  0.0000000000316988
95.91840816327  0.0000000000000000  0.0000000000000000  0.0000000000309976
97.95920408163  0.0000000000000000  0.0000000000000000  0.0000000000293457
100.00000000000  0.0000000000000000  0.0000000000000000  0.0000000000287233
