0.00100000000  0.0000000000000000  0.0000000000000000  0.0000000000000000
2.04179591837  0.0000087561667403  0.0000019518705445  0.0002175974284284
4.08259183673  0.0000462717084013  0.0000056023109614  0.0020709720022297
6.12338775510  0.0000475668571303  0.0000043957552606  0.0026218540871319
8.16418367347  0.0000535466015239  0.0000042110771213  0.0033745821188701
10.20497959184  0.0000578808680761  0.0000040958362465  0.0040706726036498
12.24577551020  0.0000590719508590  0.0000038502848017  0.0045432844548032
14.28657142857  0.0000587989373278  0.0000035907703067  0.0048907377471990
16.32736734694  0.0000578975824725  0.0000033694783523  0.0051758271692872
18.36816326531  0.0000564465192740  0.0000031611231133  0.0054030600985182
20.40895918367  0.0000542871849106  0.0000029260717507  0.0055073097611074
22.44975510204  0.0000516316729487  0.0000026665200978  0.0054868215049967
24.49055102041  0.0000489033432348  0.0000024173926885  0.0054005378193119
26.53134693878  0.0000465698067184  0.0000022235397311  0.0053519892614939
28.57214285714  0.0000446934641206  0.0000020918870754  0.0053805368022814
30.61293877551  0.0000429290993236  0.0000019891248305  0.0054154242871868
32.65373469388  0.0000410822720164  0.0000018921955636  0.0053920290482219
34.69453061224  0.0000392305494225  0.0000017742964022  0.0053204577541709
36.73532653061  0.0000374701433803  0.0000016499748100  0.0052316636873866
38.77612244898  0.0000358458790180  0.0000015287292843  0.0051490408017968
40.81691836735  0.0000343549541568  0.0000014305549639  0.0050804545333984
42.85771428571  0.0000329863444406  0.0000013651988754  0.0050319312094352
44.89851020408  0.0000317208150850  0.0000013065228902  0.0050062607542590
46.93930612245  0.0000305233453995  0.0000012498946300  0.0049900029375810
48.98010204082  0.0000293716985850  0.0000011899983984  0.0049651165237567
51.02089795918  0.0000282619541774  0.0000011332420448  0.0049139072351921
53.06169387755  0.0000272038381555  0.0000010777338751  0.0048266656464264
55.10248979592  0.0000262098998435  0.0000010173843943  0.0047174061788009
57.14328571429  0.0000252824885858  0.0000009570902941  0.0046040883839995
59.18408163265  0.0000244170167180  0.0000009010231025  0.0045033045645502
61.22487755102  0.0000236037001046  0.0000008607967691  0.0044299179975710
63.26567346939  0.0000228288524553  0.0000008333276081  0.0043865040717902
65.30646938776  0.0000220809133324  0.0000008104249836  0.0043637930377755
67.34726530612  0.0000213534966664  0.0000007898200015  0.0043524743847862
69.38806122449  0.0000206468116032  0.0000007695025976  0.0043434382659372
71.42885714286  0.0000199680583542  0.0000007475185320  0.0043276208216482
73.46965306122  0.0000193279303620  0.0000007226713931  0.0042981937762136
75.51044897959  0.0000187301877881  0.0000006954106564  0.0042559402700679
77.55124489796  0.0000181745860411  0.0000006663001285  0.0042033532366448
79.59204081633  0.0000176589354018  0.0000006360616239  0.0041429471454032
81.63283673469  0.0000171796867929  0.0000006124881685  0.0040771962227897
83.67363265306  0.0000167324740071  0.0000005904022205  0.0040084960011644
85.71442857143  0.0000163124824484  0.0000005685279371  0.0039391277506411
87.75522448980  0.0000159147257167  0.0000005471746727  0.0038712435812555
89.79602040816  0.0000155341975120  0.0000005266913343  0.0038068652162878
91.83681632653  0.0000151659017602  0.0000005073463868  0.0037478947852144
93.87761224490  0.0000148047707489  0.0000004893357768  0.0036961371391693
95.91840816327  0.0000144454759289  0.0000004729105471  0.0036533328508888
97.95920408163  0.0000140821304018  0.0000004582452318  0.0036212015443836
100.00000000000  0.0000137078719056  0.0000004454963616  0.0036014959095170
