0.75431200000  0.0000000000000000  0.0000000000000000  0.0000000000000000
2.77973420408  0.0000000008687642  0.0000000001459601  0.0000000154871623
4.80515640816  0.0000000028411121  0.0000000003087896  0.0000000762327168
6.83057861224  0.0000000049443586  0.0000000004332400  0.0000001691658049
8.85600081633  0.0000000062003417  0.0000000004765094  0.0000002550369698
10.88142302041  0.0000000067524872  0.0000000004703219  0.0000003195145237
12.90684522449  0.0000000068729227  0.0000000004411951  0.0000003629205667
14.93226742857  0.0000000067893886  0.0000000004041307  0.0000003900198190
16.95768963265  0.0000000063109111  0.0000000003683226  0.0000004058063761
18.98311183673  0.0000000059658280  0.0000000003326225  0.0000004134843906
21.00853404082  0.0000000056534423  0.0000000003004872  0.0000004157278055
23.03395624490  0.0000000053353648  0.0000000002720489  0.0000004143383560
25.05937844898  0.0000000049456137  0.0000000002470577  0.0000004105793338
27.08480065306  0.0000000045915088  0.0000000002250477  0.0000004051815443
29.11022285714  0.0000000042534410  0.0000000002056897  0.0000003987300778
31.13564506122  0.0000000040988027  0.0000000001890977  0.0000003914718312
33.16106726531  0.0000000038435000  0.0000000001758180  0.0000003839290891
35.18648946939  0.0000000035620060  0.0000000001627627  0.0000003762282002
37.21191167347  0.0000000034467740  0.0000000001499296  0.0000003683350410
39.23733387755  0.0000000032233012  0.0000000001374913  0.0000003605824669
41.26275608163  0.0000000030056054  0.0000000001278738  0.0000003529354658
43.28817828571  0.0000000028450607  0.0000000001199832  0.0000003453931584
45.31360048980  0.0000000027145971  0.0000000001123332  0.0000003380083150
47.33902269388  0.0000000025873814  0.0000000001049369  0.0000003308228406
49.36444489796  0.0000000024541577  0.0000000000977957  0.0000003238556192
51.38986710204  0.0000000023434862  0.0000000000920890  0.0000003170869935
53.41528930612  0.0000000022621884  0.0000000000871067  0.0000003105122741
55.44071151020  0.0000000021733151  0.0000000000822989  0.0000003041621256
57.46613371429  0.0000000020587089  0.0000000000776655  0.0000002980487929
59.49155591837  0.0000000019260036  0.0000000000731975  0.0000002921606398
61.51697812245  0.0000000018296551  0.0000000000687814  0.0000002864441866
63.54240032653  0.0000000017833961  0.0000000000657503  0.0000002808808896
65.56782253061  0.0000000017176153  0.0000000000628265  0.0000002755246460
67.59324473469  0.0000000016151945  0.0000000000600092  0.0000002703833668
69.61866693878  0.0000000015419142  0.0000000000572787  0.0000002653924797
71.64408914286  0.0000000015177606  0.0000000000546278  0.0000002605274534
73.66951134694  0.0000000014829027  0.0000000000520659  0.0000002558336728
75.69493355102  0.0000000013994174  0.0000000000495969  0.0000002513375814
77.72035575510  0.0000000012989278  0.0000000000472099  0.0000002470050242
79.74577795918  0.0000000012186090  0.0000000000448943  0.0000002427971827
81.77120016327  0.0000000011695155  0.0000000000421969  0.0000002386983250
83.79662236735  0.0000000011518527  0.0000000000406502  0.0000002347024544
85.82204457143  0.0000000011541141  0.0000000000391475  0.0000002308140806
87.84746677551  0.0000000011490070  0.0000000000376917  0.0000002270518123
89.87288897959  0.0000000011130401  0.0000000000362844  0.0000002234311966
91.89831118367  0.0000000010538371  0.0000000000349221  0.0000002199407671
93.92373338776  0.0000000009938865  0.0000000000335996  0.0000002165562311
95.94915559184  0.0000000009545375  0.0000000000323123  0.0000002132545009
97.97457779592  0.0000000009559307  0.0000000000310558  0.0000002100137393
100.00000000000  0.0000000010170159  0.0000000000298264  0.0000002068133160
