0.10481100000  0.0000000000000000  0.0000000000000000  0.0000000000000000
2.14348832653  0.0000000120355821  0.0000000026225683  0.0000001935165725
4.18216565306  0.0000000194248182  0.0000000023261616  0.0000004607708509
6.22084297959  0.0000000166483463  0.0000000015269418  0.0000005000357659
8.25952030612  0.0000000120879705  0.0000000009497069  0.0000004346419698
10.29819763265  0.0000000090419401  0.0000000006380655  0.0000003757846423
12.33687495918  0.0000000070251261  0.0000000004572876  0.0000003291651600
14.37555228571  0.0000000056982092  0.0000000003433830  0.0000002922757154
16.41422961224  0.0000000046537433  0.0000000002679486  0.0000002626580311
18.45290693878  0.0000000038835945  0.0000000002144878  0.0000002384063173
20.49158426531  0.0000000033100847  0.0000000001756491  0.0000002182108042
22.53026159184  0.0000000028663639  0.0000000001465055  0.0000002011470236
24.56893891837  0.0000000024933555  0.0000000001241069  0.0000001865525715
26.60761624490  0.0000000021761365  0.0000000001064655  0.0000001739295682
28.64629357143  0.0000000019207393  0.0000000000913679  0.0000001628981059
30.68497089796  0.0000000017304352  0.0000000000803662  0.0000001531685726
32.72364822449  0.0000000015696743  0.0000000000709404  0.0000001445305055
34.76232555102  0.0000000014092018  0.0000000000633944  0.0000001368186943
36.80100287755  0.0000000012936686  0.0000000000565862  0.0000001298756926
38.83968020408  0.0000000011971838  0.0000000000504164  0.0000001235976935
40.87835753061  0.0000000010895784  0.0000000000454024  0.0000001179034180
42.91703485714  0.0000000010055630  0.0000000000415735  0.0000001127033629
44.95571218367  0.0000000009464649  0.0000000000380571  0.0000001079334902
46.99438951020  0.0000000008775254  0.0000000000348210  0.0000001035537112
49.03306683673  0.0000000007973433  0.0000000000318334  0.0000000995195980
51.07174416327  0.0000000007264406  0.0000000000284077  0.0000000957851178
53.11042148980  0.0000000006742366  0.0000000000254376  0.0000000923139476
55.14909881633  0.0000000006415496  0.0000000000236513  0.0000000890775796
57.18777614286  0.0000000006221694  0.0000000000219824  0.0000000860539759
59.22645346939  0.0000000006008472  0.0000000000204211  0.0000000832277220
61.26513079592  0.0000000005667775  0.0000000000191544  0.0000000805843984
63.30380812245  0.0000000005270508  0.0000000000171133  0.0000000781050295
65.34248544898  0.0000000004930156  0.0000000000161533  0.0000000757709332
67.38116277551  0.0000000004696094  0.0000000000142650  0.0000000735675174
69.41984010204  0.0000000004521905  0.0000000000134653  0.0000000714852693
71.45851742857  0.0000000004357380  0.0000000000127089  0.0000000695160526
73.49719475510  0.0000000004177027  0.0000000000110237  0.0000000676518534
75.53587208163  0.0000000003983046  0.0000000000103975  0.0000000658845258
77.57454940816  0.0000000003779133  0.0000000000088345  0.0000000642066768
79.61322673469  0.0000000003572871  0.0000000000083257  0.0000000626114746
81.65190406122  0.0000000003379194  0.0000000000069746  0.0000000610924306
83.69058138776  0.0000000003212565  0.0000000000056672  0.0000000596436257
85.72925871429  0.0000000003083771  0.0000000000054166  0.0000000582597705
87.76793604082  0.0000000002986627  0.0000000000042133  0.0000000569366621
89.80661336735  0.0000000002908839  0.0000000000020645  0.0000000556707201
91.84529069388  0.0000000002839140  0.0000000000000000  0.0000000544586716
93.88396802041  0.0000000002767200  0.0000000000000000  0.0000000532975184
95.92264534694  0.0000000002683539  0.0000000000000000  0.0000000521845079
97.96132267347  0.0000000002579438  0.0000000000000000  0.0000000511171092
100.00000000000  0.0000000002446860  0.0000000000000000  0.0000000500929911
