0.03393200000  0.0000000000000000  0.0000000000000000  0.0000000000000000
2.07405583673  0.0000000096718513  0.0000000021415889  0.0000001464637919
4.11417967347  0.0000000107139530  0.0000000012913065  0.0000002417415473
6.15430351020  0.0000000057138600  0.0000000005257788  0.0000001622558011
8.19442734694  0.0000000035692652  0.0000000002756573  0.0000001195646573
10.23455118367  0.0000000024060763  0.0000000001688652  0.0000000947269351
12.27467502041  0.0000000017625783  0.0000000001140162  0.0000000784779201
14.31479885714  0.0000000013458241  0.0000000000800907  0.0000000670092107
16.35492269388  0.0000000010751749  0.0000000000604779  0.0000000584711483
18.39504653061  0.0000000008728869  0.0000000000471865  0.0000000518660659
20.43517036735  0.0000000007351156  0.0000000000378446  0.0000000465992621
22.47529420408  0.0000000006107431  0.0000000000310244  0.0000000423046750
24.51541804082  0.0000000005303592  0.0000000000240967  0.0000000387301911
26.55554187755  0.0000000004578839  0.0000000000204032  0.0000000357117032
28.59566571429  0.0000000004193721  0.0000000000165357  0.0000000331242985
30.63578955102  0.0000000003779565  0.0000000000134717  0.0000000308858094
32.67591338776  0.0000000003244049  0.0000000000109613  0.0000000289318754
34.71603722449  0.0000000002915069  0.0000000000087597  0.0000000272069500
36.75616106122  0.0000000002688664  0.0000000000068165  0.0000000256737409
38.79628489796  0.0000000002433549  0.0000000000031766  0.0000000243036723
40.83640873469  0.0000000002208615  0.0000000000000000  0.0000000230712578
42.87653257143  0.0000000002045024  0.0000000000000000  0.0000000219561590
44.91665640816  0.0000000001902915  0.0000000000000000  0.0000000209428195
46.95678024490  0.0000000001756382  0.0000000000000000  0.0000000200182887
48.99690408163  0.0000000001613576  0.0000000000000000  0.0000000191712992
51.03702791837  0.0000000001484290  0.0000000000000000  0.0000000183923445
53.07715175510  0.0000000001370507  0.0000000000000000  0.0000000176734893
55.11727559184  0.0000000001271685  0.0000000000000000  0.0000000170080140
57.15739942857  0.0000000001190470  0.0000000000000000  0.0000000163901112
59.19752326531  0.0000000001134318  0.0000000000000000  0.0000000158146921
61.23764710204  0.0000000001109581  0.0000000000000000  0.0000000152773497
63.27777093878  0.0000000001104999  0.0000000000000000  0.0000000147745227
65.31789477551  0.0000000001092261  0.0000000000000000  0.0000000143033996
67.35801861224  0.0000000001045800  0.0000000000000000  0.0000000138615227
69.39814244898  0.0000000000960778  0.0000000000000000  0.0000000134464338
71.43826628571  0.0000000000851847  0.0000000000000000  0.0000000130554839
73.47839012245  0.0000000000763973  0.0000000000000000  0.0000000126862751
75.51851395918  0.0000000000704736  0.0000000000000000  0.0000000123367181
77.55863779592  0.0000000000670908  0.0000000000000000  0.0000000120052731
79.59876163265  0.0000000000651544  0.0000000000000000  0.0000000116906926
81.63888546939  0.0000000000636778  0.0000000000000000  0.0000000113918545
83.67900930612  0.0000000000619197  0.0000000000000000  0.0000000111077220
85.71913314286  0.0000000000598361  0.0000000000000000  0.0000000108372527
87.75925697959  0.0000000000575521  0.0000000000000000  0.0000000105794741
89.79938081633  0.0000000000541981  0.0000000000000000  0.0000000103335020
91.83950465306  0.0000000000518836  0.0000000000000000  0.0000000100985312
93.87962848980  0.0000000000496785  0.0000000000000000  0.0000000098738265
95.91975232653  0.0000000000476672  0.0000000000000000  0.0000000096587155
97.95987616327  0.0000000000459272  0.0000000000000000  0.0000000094525818
100.00000000000  0.0000000000445295  0.0000000000000000  0.0000000092548596
