0.00100000000  0.0000000000000000  0.0000000000000000  0.0000000000000000
2.04179591837  0.0000009875917088  0.0000002200925098  0.0000134585885049
4.08259183673  0.0000008920424619  0.0000001078856167  0.0000184151579118
6.12338775510  0.0000002789232657  0.0000000257784219  0.0000075004519488
8.16418367347  0.0000001483254075  0.0000000116892404  0.0000048548555968
10.20497959184  0.0000000948327366  0.0000000066581098  0.0000036103298993
12.24577551020  0.0000000661885861  0.0000000043006956  0.0000028797869657
14.28657142857  0.0000000491562262  0.0000000030034298  0.0000023970555677
16.32736734694  0.0000000381069623  0.0000000022194327  0.0000020537065807
18.36816326531  0.0000000304737876  0.0000000017035819  0.0000017967035876
20.40895918367  0.0000000252863449  0.0000000013486394  0.0000015967103302
22.44975510204  0.0000000213499223  0.0000000010939986  0.0000014368511699
24.49055102041  0.0000000181707200  0.0000000009054721  0.0000013062181142
26.53134693878  0.0000000155570100  0.0000000007615934  0.0000011974488694
28.57214285714  0.0000000134778577  0.0000000006494750  0.0000011053708094
30.61293877551  0.0000000118868320  0.0000000005626884  0.0000010263228463
32.65373469388  0.0000000106668616  0.0000000004965911  0.0000009577042526
34.69453061224  0.0000000097132920  0.0000000004387032  0.0000008975839880
36.73532653061  0.0000000089093480  0.0000000003876212  0.0000008445221084
38.77612244898  0.0000000081490839  0.0000000003422537  0.0000007974143020
40.81691836735  0.0000000073757438  0.0000000003054573  0.0000007553644663
42.85771428571  0.0000000066362984  0.0000000002776890  0.0000007175696991
44.89851020408  0.0000000059887059  0.0000000002525538  0.0000006833618702
46.93930612245  0.0000000054732762  0.0000000002296710  0.0000006522009871
48.98010204082  0.0000000050692406  0.0000000002087525  0.0000006236922378
51.02089795918  0.0000000047349662  0.0000000001913740  0.0000005975294825
53.06169387755  0.0000000044353171  0.0000000001771209  0.0000005734558368
55.10248979592  0.0000000041456649  0.0000000001639718  0.0000005512492600
57.14328571429  0.0000000038661373  0.0000000001518036  0.0000005307008270
59.18408163265  0.0000000036023038  0.0000000001405077  0.0000005116263879
61.22487755102  0.0000000033589695  0.0000000001312916  0.0000004938672574
63.26567346939  0.0000000031401546  0.0000000001235257  0.0000004772860597
65.30646938776  0.0000000029462438  0.0000000001162588  0.0000004617660913
67.34726530612  0.0000000027746768  0.0000000001094440  0.0000004472079724
69.38806122449  0.0000000026230902  0.0000000001030411  0.0000004335244915
71.42885714286  0.0000000024893961  0.0000000000970137  0.0000004206387098
73.46965306122  0.0000000023717411  0.0000000000913298  0.0000004084824972
75.51044897959  0.0000000022681895  0.0000000000849944  0.0000003969955663
77.55124489796  0.0000000021765290  0.0000000000799737  0.0000003861246154
79.59204081633  0.0000000020947324  0.0000000000752173  0.0000003758220125
81.63283673469  0.0000000020209814  0.0000000000715418  0.0000003660449790
83.67363265306  0.0000000019536399  0.0000000000682544  0.0000003567550537
85.71442857143  0.0000000018912332  0.0000000000651279  0.0000003479175179
87.75522448980  0.0000000018324268  0.0000000000621513  0.0000003395009607
89.79602040816  0.0000000017760126  0.0000000000593140  0.0000003314768946
91.83681632653  0.0000000017208928  0.0000000000566072  0.0000003238194245
93.87761224490  0.0000000016660682  0.0000000000530333  0.0000003165049586
95.91840816327  0.0000000016106271  0.0000000000506061  0.0000003095119430
97.95920408163  0.0000000015537362  0.0000000000482839  0.0000003028206769
100.00000000000  0.0000000014946319  0.0000000000460598  0.0000002964130956
