0.02559500000  0.0000000000000000  0.0000000000000000  0.0000000000000000
2.06588897959  0.0000000021935861  0.0000000004863320  0.0000000326830745
4.10618295918  0.0000000023087131  0.0000000002786033  0.0000000514540625
6.14647693878  0.0000000011209377  0.0000000001027509  0.0000000316074675
8.18677091837  0.0000000006695030  0.0000000000516432  0.0000000226845120
10.22706489796  0.0000000004548525  0.0000000000301997  0.0000000177242187
12.26735887755  0.0000000003272538  0.0000000000184065  0.0000000145564545
14.30765285714  0.0000000002508735  0.0000000000113040  0.0000000123531833
16.34794683673  0.0000000002004137  0.0000000000067185  0.0000000107302821
18.38824081633  0.0000000001611875  0.0000000000000000  0.0000000094845336
20.42853479592  0.0000000001319991  0.0000000000000000  0.0000000084976206
22.46882877551  0.0000000001138673  0.0000000000000000  0.0000000076959746
24.50912275510  0.0000000000993522  0.0000000000000000  0.0000000070320276
26.54941673469  0.0000000000838339  0.0000000000000000  0.0000000064732388
28.58971071429  0.0000000000717028  0.0000000000000000  0.0000000059963094
30.63000469388  0.0000000000641476  0.0000000000000000  0.0000000055842701
32.67029867347  0.0000000000565959  0.0000000000000000  0.0000000052248710
34.71059265306  0.0000000000502442  0.0000000000000000  0.0000000049086700
36.75088663265  0.0000000000459042  0.0000000000000000  0.0000000046281952
38.79118061224  0.0000000000424516  0.0000000000000000  0.0000000043777596
40.83147459184  0.0000000000382798  0.0000000000000000  0.0000000041528846
42.87176857143  0.0000000000341410  0.0000000000000000  0.0000000039498135
44.91206255102  0.0000000000311462  0.0000000000000000  0.0000000037654480
46.95235653061  0.0000000000291608  0.0000000000000000  0.0000000035973111
48.99265051020  0.0000000000266743  0.0000000000000000  0.0000000034433765
51.03294448980  0.0000000000242851  0.0000000000000000  0.0000000033019385
53.07323846939  0.0000000000228578  0.0000000000000000  0.0000000031715489
55.11353244898  0.0000000000212510  0.0000000000000000  0.0000000030509728
57.15382642857  0.0000000000196398  0.0000000000000000  0.0000000029391341
59.19412040816  0.0000000000182686  0.0000000000000000  0.0000000028350996
61.23441438776  0.0000000000172822  0.0000000000000000  0.0000000027380671
63.27470836735  0.0000000000145784  0.0000000000000000  0.0000000026473603
65.31500234694  0.0000000000139315  0.0000000000000000  0.0000000025623943
67.35529632653  0.0000000000131648  0.0000000000000000  0.0000000024826539
69.39559030612  0.0000000000123173  0.0000000000000000  0.0000000024076708
71.43588428571  0.0000000000105230  0.0000000000000000  0.0000000023370242
73.47617826531  0.0000000000089323  0.0000000000000000  0.0000000022703401
75.51647224490  0.0000000000085062  0.0000000000000000  0.0000000022072897
77.55676622449  0.0000000000081703  0.0000000000000000  0.0000000021475878
79.59706020408  0.0000000000068890  0.0000000000000000  0.0000000020909796
81.63735418367  0.0000000000056314  0.0000000000000000  0.0000000020372361
83.67764816327  0.0000000000053644  0.0000000000000000  0.0000000019861485
85.71794214286  0.0000000000031439  0.0000000000000000  0.0000000019375236
87.75823612245  0.0000000000010075  0.0000000000000000  0.0000000018911857
89.79853010204  0.0000000000000000  0.0000000000000000  0.0000000018469755
91.83882408163  0.0000000000000000  0.0000000000000000  0.0000000018047476
93.87911806122  0.0000000000000000  0.0000000000000000  0.0000000017643696
95.91941204082  0.0000000000000000  0.0000000000000000  0.0000000017257204
97.95970602041  0.0000000000000000  0.0000000000000000  0.0000000016886890
100.00000000000  0.0000000000000000  0.0000000000000000  0.0000000016531736
