0.00828600000  0.0000000000000000  0.0000000000000000  0.0000000000000000
2.04893322449  0.1351000000000000  0.0000000000000000  34.3734999999999999
4.08958044898  0.3458000000000000  0.0000000000000000  48.7334000000000032
6.13022767347  0.2086000000000000  0.0000000000000000  23.5936999999999983
8.17087489796  0.0683000000000000  0.0000000000000000  15.9137000000000004
10.21152212245  0.0034000000000000  0.0000000000000000  12.0545000000000009
12.25216934694  0.0039000000000000  0.0000000000000000  9.6905000000000001
14.29281657143  0.0038000000000000  0.0000000000000000  8.1033000000000008
16.33346379592  0.0033000000000000  0.0000000000000000  6.9627999999999997
18.37411102041  0.0032000000000000  0.0000000000000000  6.1031000000000004
20.41475824490  0.0030000000000000  0.0000000000000000  5.4320000000000004
22.45540546939  0.0029000000000000  0.0000000000000000  4.8933000000000000
24.49605269388  0.0028000000000000  0.0000000000000000  4.4512999999999998
26.53669991837  0.0027000000000000  0.0000000000000000  4.0822000000000003
28.57734714286  0.0027000000000000  0.0000000000000000  3.7690999999999999
30.61799436735  0.0027000000000000  0.0000000000000000  3.5003000000000002
32.65864159184  0.0026000000000000  0.0000000000000000  3.2671999999999999
34.69928881633  0.0025000000000000  0.0000000000000000  3.0630000000000002
36.73993604082  0.0024000000000000  0.0000000000000000  2.8826000000000001
38.78058326531  0.0024000000000000  0.0000000000000000  2.7221000000000002
40.82123048980  0.0023000000000000  0.0000000000000000  2.5783000000000000
42.86187771429  0.0023000000000000  0.0000000000000000  2.4489000000000001
44.90252493878  0.0023000000000000  0.0000000000000000  2.3315999999999999
46.94317216327  0.0023000000000000  0.0000000000000000  2.2248000000000001
48.98381938776  0.0024000000000000  0.0000000000000000  2.1272000000000002
51.02446661224  0.0024000000000000  0.0000000000000000  2.0377000000000001
53.06511383673  0.0025000000000000  0.0000000000000000  1.9553000000000000
55.10576106122  0.0025000000000000  0.0000000000000000  1.8793000000000000
57.14640828571  0.0024000000000000  0.0000000000000000  1.8090999999999999
59.18705551020  0.0023000000000000  0.0000000000000000  1.7440000000000000
61.22770273469  0.0022000000000000  0.0000000000000000  1.6833000000000000
63.26834995918  0.0021000000000000  0.0000000000000000  1.6266000000000000
65.30899718367  0.0021000000000000  0.0000000000000000  1.5734999999999999
67.34964440816  0.0021000000000000  0.0000000000000000  1.5236000000000001
69.39029163265  0.0021000000000000  0.0000000000000000  1.4765999999999999
71.43093885714  0.0022000000000000  0.0000000000000000  1.4323999999999999
73.47158608163  0.0022000000000000  0.0000000000000000  1.3908000000000000
75.51223330612  0.0023000000000000  0.0000000000000000  1.3513999999999999
77.55288053061  0.0023000000000000  0.0000000000000000  1.3142000000000000
79.59352775510  0.0023000000000000  0.0000000000000000  1.2789999999999999
81.63417497959  0.0023000000000000  0.0000000000000000  1.2456000000000000
83.67482220408  0.0022000000000000  0.0000000000000000  1.2139000000000000
85.71546942857  0.0022000000000000  0.0000000000000000  1.1838000000000000
87.75611665306  0.0021000000000000  0.0000000000000000  1.1551000000000000
89.79676387755  0.0021000000000000  0.0000000000000000  1.1276999999999999
91.83741110204  0.0020000000000000  0.0000000000000000  1.1015999999999999
93.87805832653  0.0020000000000000  0.0000000000000000  1.0766000000000000
95.91870555102  0.0020000000000000  0.0000000000000000  1.0527000000000000
97.95935277551  0.0020000000000000  0.0000000000000000  1.0298000000000000
100.00000000000  0.0020000000000000  0.0000000000000000  1.0077000000000000
