0.01098500000  0.0000000000000000  0.0000000000000000  0.0000000000000000
2.05157714286  0.1207000000000000  0.0000000000000000  31.0887999999999991
4.09216928571  0.3577000000000000  0.0000000000000000  44.8153999999999968
6.13276142857  0.2908000000000000  0.0000000000000000  22.6564000000000014
8.17335357143  0.1996000000000000  0.0000000000000000  15.4042999999999992
10.21394571429  0.0963000000000000  0.0000000000000000  11.7631999999999994
12.25453785714  0.0092000000000000  0.0000000000000000  9.5518000000000001
14.29513000000  0.0059000000000000  0.0000000000000000  8.0098000000000003
16.33572214286  0.0037000000000000  0.0000000000000000  6.8958000000000004
18.37631428571  0.0038000000000000  0.0000000000000000  6.0526000000000000
20.41690642857  0.0033000000000000  0.0000000000000000  5.3929999999999998
22.45749857143  0.0032000000000000  0.0000000000000000  4.8620999999999999
24.49809071429  0.0030000000000000  0.0000000000000000  4.4260999999999999
26.53868285714  0.0028000000000000  0.0000000000000000  4.0614999999999997
28.57927500000  0.0027000000000000  0.0000000000000000  3.7519000000000000
30.61986714286  0.0027000000000000  0.0000000000000000  3.4857000000000000
32.66045928571  0.0027000000000000  0.0000000000000000  3.2545999999999999
34.70105142857  0.0026000000000000  0.0000000000000000  3.0520999999999998
36.74164357143  0.0025000000000000  0.0000000000000000  2.8731000000000000
38.78223571429  0.0026000000000000  0.0000000000000000  2.7134999999999998
40.82282785714  0.0026000000000000  0.0000000000000000  2.5706000000000002
42.86342000000  0.0025000000000000  0.0000000000000000  2.4419000000000000
44.90401214286  0.0025000000000000  0.0000000000000000  2.3254000000000001
46.94460428571  0.0024000000000000  0.0000000000000000  2.2193999999999998
48.98519642857  0.0024000000000000  0.0000000000000000  2.1225000000000001
51.02578857143  0.0024000000000000  0.0000000000000000  2.0335999999999999
53.06638071429  0.0024000000000000  0.0000000000000000  1.9518000000000000
55.10697285714  0.0023000000000000  0.0000000000000000  1.8761000000000001
57.14756500000  0.0023000000000000  0.0000000000000000  1.8061000000000000
59.18815714286  0.0023000000000000  0.0000000000000000  1.7411000000000001
61.22874928571  0.0022000000000000  0.0000000000000000  1.6805000000000001
63.26934142857  0.0022000000000000  0.0000000000000000  1.6238999999999999
65.30993357143  0.0022000000000000  0.0000000000000000  1.5710000000000000
67.35052571429  0.0022000000000000  0.0000000000000000  1.5212000000000001
69.39111785714  0.0023000000000000  0.0000000000000000  1.4743999999999999
71.43171000000  0.0023000000000000  0.0000000000000000  1.4303999999999999
73.47230214286  0.0023000000000000  0.0000000000000000  1.3889000000000000
75.51289428571  0.0023000000000000  0.0000000000000000  1.3496999999999999
77.55348642857  0.0023000000000000  0.0000000000000000  1.3126000000000000
79.59407857143  0.0023000000000000  0.0000000000000000  1.2776000000000001
81.63467071429  0.0022000000000000  0.0000000000000000  1.2443000000000000
83.67526285714  0.0022000000000000  0.0000000000000000  1.2126999999999999
85.71585500000  0.0021000000000000  0.0000000000000000  1.1827000000000001
87.75644714286  0.0021000000000000  0.0000000000000000  1.1539999999999999
89.79703928571  0.0020000000000000  0.0000000000000000  1.1267000000000000
91.83763142857  0.0020000000000000  0.0000000000000000  1.1007000000000000
93.87822357143  0.0020000000000000  0.0000000000000000  1.0757000000000001
95.91881571429  0.0020000000000000  0.0000000000000000  1.0518000000000001
97.95940785714  0.0021000000000000  0.0000000000000000  1.0287999999999999
100.00000000000  0.0022000000000000  0.0000000000000000  1.0066999999999999
