0.24420500000  0.0000000000000000  0.0000000000000000  0.0000000000000000
2.28003755102  0.0000000000000000  0.0000000000000000  8751.8379999999997381
4.31587010204  0.0000000000000000  0.0000000000000000  33559.9101000000009662
6.35170265306  0.0000000000000000  0.0000000000000000  54033.7422999999980675
8.38753520408  0.0000000000000000  0.0000000000000000  58442.9671000000016647
10.42336775510  0.0000000000000000  0.0000000000000000  57111.8323000000018510
12.45920030612  0.0000000000000000  0.0000000000000000  54139.6812999999965541
14.49503285714  0.0000000000000000  0.0000000000000000  50840.7372000000032131
16.53086540816  0.0000000000000000  0.0000000000000000  47648.6019000000014785
18.56669795918  0.0000000000000000  0.0000000000000000  44699.2217999999993481
20.60253051020  0.0000000000000000  0.0000000000000000  42021.3308000000033644
22.63836306122  0.0000000000000000  0.0000000000000000  39604.5572000000029220
24.67419561224  0.0000000000000000  0.0000000000000000  37425.4207000000023982
26.71002816327  0.0000000000000000  0.0000000000000000  35457.5736000000033528
28.74586071429  0.0000000000000000  0.0000000000000000  33675.7745999999970081
30.78169326531  0.0000000000000000  0.0000000000000000  32057.2772000000004482
32.81752581633  0.0000000000000000  0.0000000000000000  30582.1396999999997206
34.85335836735  0.0000000000000000  0.0000000000000000  29233.0999000000010710
36.88919091837  0.0000000000000000  0.0000000000000000  27995.2940999999991618
38.92502346939  0.0000000000000000  0.0000000000000000  26855.9402000000009139
40.96085602041  0.0000000000000000  0.0000000000000000  25804.0354000000006636
42.99668857143  0.0000000000000000  0.0000000000000000  24830.0875999999989290
45.03252112245  0.0000000000000000  0.0000000000000000  23925.8832000000002154
47.06835367347  0.0000000000000000  0.0000000000000000  23084.2913999999982479
49.10418622449  0.0000000000000000  0.0000000000000000  22299.0990999999994528
51.14001877551  0.0000000000000000  0.0000000000000000  21564.8732999999992899
53.17585132653  0.0000000000000000  0.0000000000000000  20876.8457999999991443
55.21168387755  0.0000000000000000  0.0000000000000000  20230.8175999999984924
57.24751642857  0.0000000000000000  0.0000000000000000  19623.0773999999983062
59.28334897959  0.0000000000000000  0.0000000000000000  19050.3346999999994296
61.31918153061  0.0000000000000000  0.0000000000000000  18509.6621999999988475
63.35501408163  0.0000000000000000  0.0000000000000000  17998.4481999999989057
65.39084663265  0.0000000000000000  0.0000000000000000  17514.3551000000006752
67.42667918367  0.0000000000000000  0.0000000000000000  17055.2851000000009662
69.46251173469  0.0000000000000000  0.0000000000000000  16619.3502999999982421
71.49834428571  0.0000000000000000  0.0000000000000000  16204.8474000000005617
73.53417683673  0.0000000000000000  0.0000000000000000  15810.2358000000003813
75.57000938776  0.0000000000000000  0.0000000000000000  15434.1187000000008993
77.60584193878  0.0000000000000000  0.0000000000000000  15075.2265999999999622
79.64167448980  0.0000000000000000  0.0000000000000000  14732.4035000000003492
81.67750704082  0.0000000000000000  0.0000000000000000  14404.5946000000003551
83.71333959184  0.0000000000000000  0.0000000000000000  14090.8351000000002387
85.74917214286  0.0000000000000000  0.0000000000000000  13790.2410999999992782
87.78500469388  0.0000000000000000  0.0000000000000000  13502.0012000000006083
89.82083724490  0.0000000000000000  0.0000000000000000  13225.3695999999999913
91.85666979592  0.0000000000000000  0.0000000000000000  12959.6589000000003580
93.89250234694  0.0000000000000000  0.0000000000000000  12704.2353000000002794
95.92833489796  0.0000000000000000  0.0000000000000000  12458.5128000000004249
97.96416744898  0.0000000000000000  0.0000000000000000  12221.9493000000002212
100.00000000000  0.0000000000000000  0.0000000000000000  11994.0424000000002707
