0.00100000000  0.0000000000000000  0.0000000000000000  0.0000000000000000
2.04179591837  0.0029000000000000  0.0000000000000000  8.6550999999999991
4.08259183673  0.0086000000000000  0.0000000000000000  11.2276000000000007
6.12338775510  0.0055000000000000  0.0000000000000000  4.3597000000000001
8.16418367347  0.0049000000000000  0.0000000000000000  2.7197000000000000
10.20497959184  0.0045000000000000  0.0000000000000000  1.9573000000000000
12.24577551020  0.0042000000000000  0.0000000000000000  1.5163000000000000
14.28657142857  0.0041000000000000  0.0000000000000000  1.2242999999999999
16.32736734694  0.0039000000000000  0.0000000000000000  1.0181000000000000
18.36816326531  0.0038000000000000  0.0000000000000000  0.8677000000000000
20.40895918367  0.0036000000000000  0.0000000000000000  0.7550000000000000
22.44975510204  0.0034000000000000  0.0000000000000000  0.6663000000000000
24.49055102041  0.0032000000000000  0.0000000000000000  0.5925000000000000
26.53134693878  0.0032000000000000  0.0000000000000000  0.5299000000000000
28.57214285714  0.0031000000000000  0.0000000000000000  0.4761000000000000
30.61293877551  0.0030000000000000  0.0000000000000000  0.4299000000000000
32.65373469388  0.0030000000000000  0.0000000000000000  0.3905000000000000
34.69453061224  0.0029000000000000  0.0000000000000000  0.3576000000000000
36.73532653061  0.0028000000000000  0.0000000000000000  0.3305000000000000
38.77612244898  0.0027000000000000  0.0000000000000000  0.3078000000000000
40.81691836735  0.0026000000000000  0.0000000000000000  0.2880000000000000
42.85771428571  0.0025000000000000  0.0000000000000000  0.2700000000000000
44.89851020408  0.0024000000000000  0.0000000000000000  0.2531000000000000
46.93930612245  0.0023000000000000  0.0000000000000000  0.2373000000000000
48.98010204082  0.0023000000000000  0.0000000000000000  0.2227000000000000
51.02089795918  0.0022000000000000  0.0000000000000000  0.2093000000000000
53.06169387755  0.0022000000000000  0.0000000000000000  0.1972000000000000
55.10248979592  0.0021000000000000  0.0000000000000000  0.1866000000000000
57.14328571429  0.0021000000000000  0.0000000000000000  0.1770000000000000
59.18408163265  0.0020000000000000  0.0000000000000000  0.1685000000000000
61.22487755102  0.0020000000000000  0.0000000000000000  0.1607000000000000
63.26567346939  0.0019000000000000  0.0000000000000000  0.1536000000000000
65.30646938776  0.0018000000000000  0.0000000000000000  0.1469000000000000
67.34726530612  0.0018000000000000  0.0000000000000000  0.1405000000000000
69.38806122449  0.0018000000000000  0.0000000000000000  0.1345000000000000
71.42885714286  0.0017000000000000  0.0000000000000000  0.1288000000000000
73.46965306122  0.0017000000000000  0.0000000000000000  0.1234000000000000
75.51044897959  0.0017000000000000  0.0000000000000000  0.1183000000000000
77.55124489796  0.0016000000000000  0.0000000000000000  0.1134000000000000
79.59204081633  0.0016000000000000  0.0000000000000000  0.1088000000000000
81.63283673469  0.0016000000000000  0.0000000000000000  0.1045000000000000
83.67363265306  0.0015000000000000  0.0000000000000000  0.1003000000000000
85.71442857143  0.0015000000000000  0.0000000000000000  0.0965000000000000
87.75522448980  0.0015000000000000  0.0000000000000000  0.0928000000000000
89.79602040816  0.0014000000000000  0.0000000000000000  0.0894000000000000
91.83681632653  0.0014000000000000  0.0000000000000000  0.0862000000000000
93.87761224490  0.0014000000000000  0.0000000000000000  0.0832000000000000
95.91840816327  0.0014000000000000  0.0000000000000000  0.0805000000000000
97.95920408163  0.0013000000000000  0.0000000000000000  0.0780000000000000
100.00000000000  0.0013000000000000  0.0000000000000000  0.0757000000000000
