0.00115140000  0.0000000000000000  0.0000000000000000  0.0000000000000000
2.04194422857  0.0001000000000000  0.0000000000000000  266.6580000000000155
4.08273705714  0.0011000000000000  0.0000000000000000  358.9488999999999805
6.12352988571  0.0015000000000000  0.0000000000000000  148.0021000000000129
8.16432271429  0.0018000000000000  0.0000000000000000  95.5828999999999951
10.20511554286  0.0020000000000000  0.0000000000000000  70.9068999999999932
12.24590837143  0.0022000000000000  0.0000000000000000  56.4322999999999979
14.28670120000  0.0023000000000000  0.0000000000000000  46.8870000000000005
16.32749402857  0.0024000000000000  0.0000000000000000  40.1099999999999994
18.36828685714  0.0025000000000000  0.0000000000000000  35.0461999999999989
20.40907968571  0.0025000000000000  0.0000000000000000  31.1172000000000004
22.44987251429  0.0025000000000000  0.0000000000000000  27.9792999999999985
24.49066534286  0.0026000000000000  0.0000000000000000  25.4150999999999989
26.53145817143  0.0026000000000000  0.0000000000000000  23.2801000000000009
28.57225100000  0.0026000000000000  0.0000000000000000  21.4749000000000017
30.61304382857  0.0026000000000000  0.0000000000000000  19.9284999999999997
32.65383665714  0.0026000000000000  0.0000000000000000  18.5887999999999991
34.69462948571  0.0026000000000000  0.0000000000000000  17.4170000000000016
36.73542231429  0.0027000000000000  0.0000000000000000  16.3832999999999984
38.77621514286  0.0027000000000000  0.0000000000000000  15.4648000000000003
40.81700797143  0.0027000000000000  0.0000000000000000  14.6432000000000002
42.85780080000  0.0026000000000000  0.0000000000000000  13.9038000000000004
44.89859362857  0.0026000000000000  0.0000000000000000  13.2350999999999992
46.93938645714  0.0026000000000000  0.0000000000000000  12.6272000000000002
48.98017928571  0.0025000000000000  0.0000000000000000  12.0722000000000005
51.02097211429  0.0025000000000000  0.0000000000000000  11.5635999999999992
53.06176494286  0.0025000000000000  0.0000000000000000  11.0957000000000008
55.10255777143  0.0025000000000000  0.0000000000000000  10.6638000000000002
57.14335060000  0.0025000000000000  0.0000000000000000  10.2638999999999996
59.18414342857  0.0025000000000000  0.0000000000000000  9.8926999999999996
61.22493625714  0.0026000000000000  0.0000000000000000  9.5470000000000006
63.26572908571  0.0026000000000000  0.0000000000000000  9.2243999999999993
65.30652191429  0.0026000000000000  0.0000000000000000  8.9227000000000007
67.34731474286  0.0026000000000000  0.0000000000000000  8.6399000000000008
69.38810757143  0.0026000000000000  0.0000000000000000  8.3742000000000001
71.42890040000  0.0025000000000000  0.0000000000000000  8.1242000000000001
73.46969322857  0.0025000000000000  0.0000000000000000  7.8886000000000003
75.51048605714  0.0025000000000000  0.0000000000000000  7.6660000000000004
77.55127888571  0.0024000000000000  0.0000000000000000  7.4554999999999998
79.59207171429  0.0023000000000000  0.0000000000000000  7.2561000000000000
81.63286454286  0.0023000000000000  0.0000000000000000  7.0670000000000002
83.67365737143  0.0023000000000000  0.0000000000000000  6.8872999999999998
85.71445020000  0.0022000000000000  0.0000000000000000  6.7164000000000001
87.75524302857  0.0022000000000000  0.0000000000000000  6.5536000000000003
89.79603585714  0.0022000000000000  0.0000000000000000  6.3983999999999996
91.83682868571  0.0022000000000000  0.0000000000000000  6.2502000000000004
93.87762151429  0.0022000000000000  0.0000000000000000  6.1086000000000000
95.91841434286  0.0023000000000000  0.0000000000000000  5.9730999999999996
97.95920717143  0.0024000000000000  0.0000000000000000  5.8433999999999999
100.00000000000  0.0025000000000000  0.0000000000000000  5.7191000000000001
