89.16856387000  0.0000000000000000  0.0000000000000000
20495.51206256653  0.0000000000000000  260.3448000000000206
40901.85556126306  0.0000000000000000  1017.0085000000000264
61308.19905995959  0.0000000000000000  2012.3728000000000975
81714.54255865612  0.0000000000000000  3011.0860999999999876
102120.88605735265  0.0000000000000000  4010.6649999999999636
122527.22955604918  0.0000000000000000  5010.6078999999999724
142933.57305474571  0.0000000000000000  6010.7399999999997817
163339.91655344222  0.0000000000000000  7010.9836999999997715
183746.26005213874  0.0000000000000000  8011.2989999999999782
204152.60355083528  0.0000000000000000  9011.6630000000004657
224558.94704953182  0.0000000000000000  10012.0617000000002008
244965.29054822834  0.0000000000000000  11012.4860000000007858
265371.63404692488  0.0000000000000000  12012.9297000000005937
285777.97754562146  0.0000000000000000  13013.3886000000002241
306184.32104431797  0.0000000000000000  14013.8593999999993684
326590.66454301449  0.0000000000000000  15014.3400000000001455
346997.00804171100  0.0000000000000000  16014.8284999999996217
367403.35154040752  0.0000000000000000  17015.3234999999986030
387809.69503910409  0.0000000000000000  18015.8241000000016356
408216.03853780060  0.0000000000000000  19016.3293000000012398
428622.38203649712  0.0000000000000000  20016.8385999999991327
449028.72553519369  0.0000000000000000  21017.3512000000009721
469435.06903389021  0.0000000000000000  22017.8667999999997846
489841.41253258672  0.0000000000000000  23018.3849999999983993
510247.75603128324  0.0000000000000000  24018.9055999999982305
530654.09952997975  0.0000000000000000  25019.4281000000009954
551060.44302867632  0.0000000000000000  26019.9523999999983062
571466.78652737290  0.0000000000000000  27020.4782999999988533
591873.13002606935  0.0000000000000000  28021.0056000000004133
612279.47352476593  0.0000000000000000  29021.5341999999982363
632685.81702346238  0.0000000000000000  30022.0639000000010128
653092.16052215896  0.0000000000000000  31022.5947000000014668
673498.50402085553  0.0000000000000000  32023.1264999999984866
693904.84751955199  0.0000000000000000  33023.6590999999971245
714311.19101824856  0.0000000000000000  34024.1924999999973807
734717.53451694502  0.0000000000000000  35024.7266000000017812
755123.87801564159  0.0000000000000000  36025.2614000000030501
775530.22151433816  0.0000000000000000  37025.7967999999964377
795936.56501303462  0.0000000000000000  38026.3326999999990221
816342.90851173119  0.0000000000000000  39026.8692000000010012
836749.25201042776  0.0000000000000000  40027.4061999999976251
857155.59550912422  0.0000000000000000  41027.9435999999986961
877561.93900782079  0.0000000000000000  42028.4813999999969383
897968.28250651737  0.0000000000000000  43029.0195999999996275
918374.62600521382  0.0000000000000000  44029.5581999999994878
938780.96950391040  0.0000000000000000  45030.0970999999990454
959187.31300260685  0.0000000000000000  46030.6362999999983003
979593.65650130343  0.0000000000000000  47031.1759000000020023
1000000.00000000000  0.0000000000000000  48031.7157000000006519
