0.00355600000  0.0000000000000000  0.0000000000000000  0.0000000000000000
2.04429975510  0.0773000000000000  0.0000000000000000  99.8050000000000068
4.08504351020  0.0062000000000000  0.0000000000000000  137.2694999999999936
6.12578726531  0.0042000000000000  0.0000000000000000  60.3652999999999977
8.16653102041  0.0035000000000000  0.0000000000000000  39.5347000000000008
10.20727477551  0.0034000000000000  0.0000000000000000  29.5059000000000005
12.24801853061  0.0033000000000000  0.0000000000000000  23.5608000000000004
14.28876228571  0.0031000000000000  0.0000000000000000  19.6163999999999987
16.32950604082  0.0031000000000000  0.0000000000000000  16.8045000000000009
18.37024979592  0.0031000000000000  0.0000000000000000  14.6975999999999996
20.41099355102  0.0030000000000000  0.0000000000000000  13.0597999999999992
22.45173730612  0.0029000000000000  0.0000000000000000  11.7494999999999994
24.49248106122  0.0029000000000000  0.0000000000000000  10.6774000000000004
26.53322481633  0.0029000000000000  0.0000000000000000  9.7838999999999992
28.57396857143  0.0029000000000000  0.0000000000000000  9.0279000000000007
30.61471232653  0.0028000000000000  0.0000000000000000  8.3797999999999995
32.65545608163  0.0028000000000000  0.0000000000000000  7.8179999999999996
34.69619983673  0.0027000000000000  0.0000000000000000  7.3262999999999998
36.73694359184  0.0027000000000000  0.0000000000000000  6.8925000000000001
38.77768734694  0.0027000000000000  0.0000000000000000  6.5068000000000001
40.81843110204  0.0026000000000000  0.0000000000000000  6.1618000000000004
42.85917485714  0.0026000000000000  0.0000000000000000  5.8510999999999997
44.89991861224  0.0026000000000000  0.0000000000000000  5.5701000000000001
46.94066236735  0.0025000000000000  0.0000000000000000  5.3146000000000004
48.98140612245  0.0025000000000000  0.0000000000000000  5.0812999999999997
51.02214987755  0.0025000000000000  0.0000000000000000  4.8673999999999999
53.06289363265  0.0024000000000000  0.0000000000000000  4.6706000000000003
55.10363738776  0.0024000000000000  0.0000000000000000  4.4889000000000001
57.14438114286  0.0024000000000000  0.0000000000000000  4.3205999999999998
59.18512489796  0.0025000000000000  0.0000000000000000  4.1643999999999997
61.22586865306  0.0025000000000000  0.0000000000000000  4.0189000000000004
63.26661240816  0.0026000000000000  0.0000000000000000  3.8830000000000000
65.30735616327  0.0026000000000000  0.0000000000000000  3.7559999999999998
67.34809991837  0.0025000000000000  0.0000000000000000  3.6370000000000000
69.38884367347  0.0024000000000000  0.0000000000000000  3.5253000000000001
71.42958742857  0.0023000000000000  0.0000000000000000  3.4203000000000001
73.47033118367  0.0022000000000000  0.0000000000000000  3.3212000000000002
75.51107493878  0.0020000000000000  0.0000000000000000  3.2277000000000000
77.55181869388  0.0020000000000000  0.0000000000000000  3.1391000000000000
79.59256244898  0.0019000000000000  0.0000000000000000  3.0550999999999999
81.63330620408  0.0020000000000000  0.0000000000000000  2.9754000000000000
83.67404995918  0.0020000000000000  0.0000000000000000  2.8996000000000000
85.71479371429  0.0021000000000000  0.0000000000000000  2.8273999999999999
87.75553746939  0.0022000000000000  0.0000000000000000  2.7587000000000002
89.79628122449  0.0024000000000000  0.0000000000000000  2.6930999999999998
91.83702497959  0.0025000000000000  0.0000000000000000  2.6305999999999998
93.87776873469  0.0025000000000000  0.0000000000000000  2.5709000000000000
95.91851248980  0.0025000000000000  0.0000000000000000  2.5139000000000000
97.95925624490  0.0023000000000000  0.0000000000000000  2.4594999999999998
100.00000000000  0.0021000000000000  0.0000000000000000  2.4075000000000002
