0.01456300000  0.0000000000000000  0.0000000000000000  0.0000000000000000
2.05508212245  0.0000000000000000  0.0000000000000000  65418.7009000000034575
4.09560124490  0.0000000000000000  0.0000000000000000  96801.9793000000063330
6.13612036735  0.0000000000000000  0.0000000000000000  51953.7416000000011991
8.17663948980  0.0000000000000000  0.0000000000000000  35868.2174999999988358
10.21715861224  0.0000000000000000  0.0000000000000000  27471.6857999999992899
12.25767773469  0.0000000000000000  0.0000000000000000  22280.9350000000013097
14.29819685714  0.0000000000000000  0.0000000000000000  18745.0306999999993423
16.33871597959  0.0000000000000000  0.0000000000000000  16178.3320999999996275
18.37923510204  0.0000000000000000  0.0000000000000000  14229.2209999999995489
20.41975422449  0.0000000000000000  0.0000000000000000  12698.2625000000007276
22.46027334694  0.0000000000000000  0.0000000000000000  11463.7283999999999651
24.50079246939  0.0000000000000000  0.0000000000000000  10447.0391999999992549
26.54131159184  0.0000000000000000  0.0000000000000000  9595.1713999999992666
28.58183071429  0.0000000000000000  0.0000000000000000  8871.0357999999996537
30.62234983673  0.0000000000000000  0.0000000000000000  8247.9035000000003492
32.66286895918  0.0000000000000000  0.0000000000000000  7706.0214999999998327
34.70338808163  0.0000000000000000  0.0000000000000000  7230.4745999999995547
36.74390720408  0.0000000000000000  0.0000000000000000  6809.7888000000002648
38.78442632653  0.0000000000000000  0.0000000000000000  6434.9925000000002910
40.82494544898  0.0000000000000000  0.0000000000000000  6098.9695000000001528
42.86546457143  0.0000000000000000  0.0000000000000000  5796.0027000000000044
44.90598369388  0.0000000000000000  0.0000000000000000  5521.4462000000003172
46.94650281633  0.0000000000000000  0.0000000000000000  5271.4857000000001790
48.98702193878  0.0000000000000000  0.0000000000000000  5042.9603999999999360
51.02754106122  0.0000000000000000  0.0000000000000000  4833.2287999999998647
53.06806018367  0.0000000000000000  0.0000000000000000  4640.0659999999998035
55.10857930612  0.0000000000000000  0.0000000000000000  4461.5851000000002387
57.14909842857  0.0000000000000000  0.0000000000000000  4296.1751000000003842
59.18961755102  0.0000000000000000  0.0000000000000000  4142.4522999999999229
61.23013667347  0.0000000000000000  0.0000000000000000  3999.2215999999998530
63.27065579592  0.0000000000000000  0.0000000000000000  3865.4454999999998108
65.31117491837  0.0000000000000000  0.0000000000000000  3740.2186999999998989
67.35169404082  0.0000000000000000  0.0000000000000000  3622.7480000000000473
69.39221316327  0.0000000000000000  0.0000000000000000  3512.3353999999999360
71.43273228571  0.0000000000000000  0.0000000000000000  3408.3640000000000327
73.47325140816  0.0000000000000000  0.0000000000000000  3310.2869999999998072
75.51377053061  0.0000000000000000  0.0000000000000000  3217.6176000000000386
77.55428965306  0.0000000000000000  0.0000000000000000  3129.9211000000000240
79.59480877551  0.0000000000000000  0.0000000000000000  3046.8083000000001448
81.63532789796  0.0000000000000000  0.0000000000000000  2967.9295000000001892
83.67584702041  0.0000000000000000  0.0000000000000000  2892.9697000000001026
85.71636614286  0.0000000000000000  0.0000000000000000  2821.6442999999999302
87.75688526531  0.0000000000000000  0.0000000000000000  2753.6957000000002154
89.79740438776  0.0000000000000000  0.0000000000000000  2688.8899999999998727
91.83792351020  0.0000000000000000  0.0000000000000000  2627.0145999999999731
93.87844263265  0.0000000000000000  0.0000000000000000  2567.8753000000001521
95.91896175510  0.0000000000000000  0.0000000000000000  2511.2950000000000728
97.95948087755  0.0000000000000000  0.0000000000000000  2457.1113999999997759
100.00000000000  0.0000000000000000  0.0000000000000000  2405.1756999999997788
