30.37065375000  0.0000000000000000  0.0000000000000000
20437.91410979592  0.0000000000000000  5883444.9654999999329448
40845.45756584183  0.0000000000000000  24218350.7274999991059303
61253.00102188775  0.0000000000000000  49329742.4039999991655350
81660.54447793367  0.0000000000000000  74682820.6686999946832657
102068.08793397958  0.0000000000000000  100080468.9483000040054321
122475.63139002550  0.0000000000000000  125494684.7388000041246414
142883.17484607143  0.0000000000000000  150916936.5090999901294708
163290.71830211734  0.0000000000000000  176343708.2518000006675720
183698.26175816325  0.0000000000000000  201773278.5137000083923340
204105.80521420916  0.0000000000000000  227204703.0494000017642975
224513.34867025510  0.0000000000000000  252637420.0543999969959259
244920.89212630101  0.0000000000000000  278071074.1147000193595886
265328.43558234698  0.0000000000000000  303505429.3075000047683716
285735.97903839289  0.0000000000000000  328940322.8359000086784363
306143.52249443880  0.0000000000000000  354375638.7135000228881836
326551.06595048471  0.0000000000000000  379811292.0582000017166138
346958.60940653062  0.0000000000000000  405247219.3144999742507935
367366.15286257653  0.0000000000000000  430683371.9491000175476074
387773.69631862245  0.0000000000000000  456119712.2578999996185303
408181.23977466836  0.0000000000000000  481556210.5044999718666077
428588.78323071433  0.0000000000000000  506992842.9204000234603882
448996.32668676024  0.0000000000000000  532429590.2789999842643738
469403.87014280615  0.0000000000000000  557866436.8602000474929810
489811.41359885206  0.0000000000000000  583303369.6854000091552734
510218.95705489797  0.0000000000000000  608740377.9450000524520874
530626.50051094394  0.0000000000000000  634177452.5634000301361084
551034.04396698985  0.0000000000000000  659614585.8645999431610107
571441.58742303576  0.0000000000000000  685051771.3125000000000000
591849.13087908167  0.0000000000000000  710489003.3066999912261963
612256.67433512758  0.0000000000000000  735926277.0211999416351318
632664.21779117349  0.0000000000000000  761363588.2745000123977661
653071.76124721940  0.0000000000000000  786800933.4261000156402588
673479.30470326531  0.0000000000000000  812238309.2912000417709351
693886.84815931122  0.0000000000000000  837675713.0719000101089478
714294.39161535713  0.0000000000000000  863113142.3000999689102173
734701.93507140304  0.0000000000000000  888550594.7901999950408936
755109.47852744895  0.0000000000000000  913988068.6000000238418579
775517.02198349487  0.0000000000000000  939425561.9974999427795410
795924.56543954078  0.0000000000000000  964863073.4334000349044800
816332.10889558669  0.0000000000000000  990300601.5176999568939209
836739.65235163271  0.0000000000000000  1015738144.9994000196456909
857147.19580767862  0.0000000000000000  1041175702.7500000000000000
877554.73926372454  0.0000000000000000  1066613273.7482999563217163
897962.28271977045  0.0000000000000000  1092050857.0687000751495361
918369.82617581636  0.0000000000000000  1117488451.8694999217987061
938777.36963186227  0.0000000000000000  1142926057.3840999603271484
959184.91308790818  0.0000000000000000  1168363672.9126000404357910
979592.45654395409  0.0000000000000000  1193801297.8148000240325928
1000000.00000000000  0.0000000000000000  1219238931.5039999485015869
