0.00100000000  0.0000000000000000  0.0000000000000000  0.0000000000000000
2.04179591837  0.0000000000000000  0.0000000000000000  664.6544000000000096
4.08259183673  0.0001000000000000  0.0000000000000000  886.2448000000000548
6.12338775510  0.0004000000000000  0.0000000000000000  354.4982999999999720
8.16418367347  0.0009000000000000  0.0000000000000000  227.8017000000000110
10.20497959184  0.0015000000000000  0.0000000000000000  168.6666999999999916
12.24577551020  0.0021000000000000  0.0000000000000000  134.1041999999999916
14.28657142857  0.0028000000000000  0.0000000000000000  111.3567000000000036
16.32736734694  0.0034000000000000  0.0000000000000000  95.2261000000000024
18.36816326531  0.0042000000000000  0.0000000000000000  83.1821999999999946
20.40895918367  0.0051000000000000  0.0000000000000000  73.8422999999999945
22.44975510204  0.0057000000000000  0.0000000000000000  66.3863000000000056
24.49055102041  0.0059000000000000  0.0000000000000000  60.2956000000000003
26.53134693878  0.0061000000000000  0.0000000000000000  55.2259999999999991
28.57214285714  0.0064000000000000  0.0000000000000000  50.9397999999999982
30.61293877551  0.0068000000000000  0.0000000000000000  47.2682000000000002
32.65373469388  0.0073000000000000  0.0000000000000000  44.0878999999999976
34.69453061224  0.0075000000000000  0.0000000000000000  41.3066000000000031
36.73532653061  0.0077000000000000  0.0000000000000000  38.8534999999999968
38.77612244898  0.0078000000000000  0.0000000000000000  36.6739000000000033
40.81691836735  0.0079000000000000  0.0000000000000000  34.7241000000000000
42.85771428571  0.0082000000000000  0.0000000000000000  32.9694999999999965
44.89851020408  0.0085000000000000  0.0000000000000000  31.3822000000000010
46.93930612245  0.0089000000000000  0.0000000000000000  29.9391999999999996
48.98010204082  0.0094000000000000  0.0000000000000000  28.6217000000000006
51.02089795918  0.0098000000000000  0.0000000000000000  27.4141000000000012
53.06169387755  0.0102000000000000  0.0000000000000000  26.3033999999999999
55.10248979592  0.0106000000000000  0.0000000000000000  25.2783000000000015
57.14328571429  0.0108000000000000  0.0000000000000000  24.3292999999999999
59.18408163265  0.0110000000000000  0.0000000000000000  23.4482999999999997
61.22487755102  0.0111000000000000  0.0000000000000000  22.6281999999999996
63.26567346939  0.0112000000000000  0.0000000000000000  21.8628999999999998
65.30646938776  0.0113000000000000  0.0000000000000000  21.1470999999999982
67.34726530612  0.0114000000000000  0.0000000000000000  20.4760999999999989
69.38806122449  0.0114000000000000  0.0000000000000000  19.8458000000000006
71.42885714286  0.0115000000000000  0.0000000000000000  19.2526000000000010
73.46965306122  0.0115000000000000  0.0000000000000000  18.6934000000000005
75.51044897959  0.0115000000000000  0.0000000000000000  18.1654000000000018
77.55124489796  0.0115000000000000  0.0000000000000000  17.6659000000000006
79.59204081633  0.0116000000000000  0.0000000000000000  17.1926999999999985
81.63283673469  0.0116000000000000  0.0000000000000000  16.7439000000000000
83.67363265306  0.0116000000000000  0.0000000000000000  16.3174999999999990
85.71442857143  0.0116000000000000  0.0000000000000000  15.9120000000000008
87.75522448980  0.0116000000000000  0.0000000000000000  15.5257000000000005
89.79602040816  0.0116000000000000  0.0000000000000000  15.1575000000000006
91.83681632653  0.0117000000000000  0.0000000000000000  14.8059999999999992
93.87761224490  0.0117000000000000  0.0000000000000000  14.4702000000000002
95.91840816327  0.0117000000000000  0.0000000000000000  14.1488999999999994
97.95920408163  0.0118000000000000  0.0000000000000000  13.8413000000000004
100.00000000000  0.0119000000000000  0.0000000000000000  13.5465000000000000
