0.00152600000  0.0000000000000000  0.0000000000000000  0.0000000000000000
2.04231118367  0.0033000000000000  0.0000000000000000  19.5853000000000002
4.08309636735  0.0052000000000000  0.0000000000000000  26.4118999999999993
6.12388155102  0.0035000000000000  0.0000000000000000  10.9868000000000006
8.16466673469  0.0031000000000000  0.0000000000000000  7.0982000000000003
10.20545191837  0.0029000000000000  0.0000000000000000  5.2624000000000004
12.24623710204  0.0028000000000000  0.0000000000000000  4.1844999999999999
14.28702228571  0.0027000000000000  0.0000000000000000  3.4737000000000000
16.32780746939  0.0027000000000000  0.0000000000000000  2.9687000000000001
18.36859265306  0.0026000000000000  0.0000000000000000  2.5920000000000001
20.40937783673  0.0026000000000000  0.0000000000000000  2.2995000000000001
22.45016302041  0.0026000000000000  0.0000000000000000  2.0659999999999998
24.49094820408  0.0025000000000000  0.0000000000000000  1.8754999999999999
26.53173338776  0.0025000000000000  0.0000000000000000  1.7169000000000001
28.57251857143  0.0024000000000000  0.0000000000000000  1.5827000000000000
30.61330375510  0.0024000000000000  0.0000000000000000  1.4676000000000000
32.65408893878  0.0024000000000000  0.0000000000000000  1.3681000000000001
34.69487412245  0.0024000000000000  0.0000000000000000  1.2810999999999999
36.73565930612  0.0023000000000000  0.0000000000000000  1.2043999999999999
38.77644448980  0.0023000000000000  0.0000000000000000  1.1362000000000001
40.81722967347  0.0023000000000000  0.0000000000000000  1.0750999999999999
42.85801485714  0.0023000000000000  0.0000000000000000  1.0202000000000000
44.89880004082  0.0022000000000000  0.0000000000000000  0.9706000000000000
46.93958522449  0.0022000000000000  0.0000000000000000  0.9256000000000000
48.98037040816  0.0021000000000000  0.0000000000000000  0.8845000000000000
51.02115559184  0.0021000000000000  0.0000000000000000  0.8468000000000000
53.06194077551  0.0021000000000000  0.0000000000000000  0.8119000000000000
55.10272595918  0.0021000000000000  0.0000000000000000  0.7798000000000000
57.14351114286  0.0021000000000000  0.0000000000000000  0.7501000000000000
59.18429632653  0.0020000000000000  0.0000000000000000  0.7226000000000000
61.22508151020  0.0020000000000000  0.0000000000000000  0.6971000000000001
63.26586669388  0.0019000000000000  0.0000000000000000  0.6733000000000000
65.30665187755  0.0019000000000000  0.0000000000000000  0.6510000000000000
67.34743706122  0.0019000000000000  0.0000000000000000  0.6300000000000000
69.38822224490  0.0019000000000000  0.0000000000000000  0.6102000000000000
71.42900742857  0.0019000000000000  0.0000000000000000  0.5915000000000000
73.46979261224  0.0019000000000000  0.0000000000000000  0.5739000000000000
75.51057779592  0.0019000000000000  0.0000000000000000  0.5572000000000000
77.55136297959  0.0019000000000000  0.0000000000000000  0.5415000000000000
79.59214816327  0.0019000000000000  0.0000000000000000  0.5268000000000000
81.63293334694  0.0019000000000000  0.0000000000000000  0.5128000000000000
83.67371853061  0.0018000000000000  0.0000000000000000  0.4995000000000000
85.71450371429  0.0018000000000000  0.0000000000000000  0.4869000000000000
87.75528889796  0.0018000000000000  0.0000000000000000  0.4749000000000000
89.79607408163  0.0017000000000000  0.0000000000000000  0.4635000000000000
91.83685926531  0.0017000000000000  0.0000000000000000  0.4526000000000000
93.87764444898  0.0017000000000000  0.0000000000000000  0.4421000000000000
95.91842963265  0.0016000000000000  0.0000000000000000  0.4321000000000000
97.95921481633  0.0016000000000000  0.0000000000000000  0.4224000000000000
100.00000000000  0.0017000000000000  0.0000000000000000  0.4130000000000000
