17.72455436000  0.0000000000000000  0.0000000000000000
20425.52609406694  0.0000000000000000  230227.9544999999925494
40833.32763377388  0.0000000000000000  950435.3782000000355765
61241.12917348082  0.0000000000000000  1938970.0389000000432134
81648.93071318776  0.0000000000000000  2937391.4788000001572073
102056.73225289470  0.0000000000000000  3937567.5178000000305474
122464.53379260164  0.0000000000000000  4938389.9473000001162291
142872.33533230858  0.0000000000000000  5939524.7981000002473593
163280.13687201552  0.0000000000000000  6940835.0864000003784895
183687.93841172245  0.0000000000000000  7942253.9078999999910593
204095.73995142939  0.0000000000000000  8943744.6139000002294779
224503.54149113633  0.0000000000000000  9945285.4163000006228685
244911.34303084327  0.0000000000000000  10946862.5371000003069639
265319.14457055018  0.0000000000000000  11948466.8328000009059906
285726.94611025712  0.0000000000000000  12950091.9947999995201826
306134.74764996406  0.0000000000000000  13951733.5285999998450279
326542.54918967100  0.0000000000000000  14953388.1447999998927116
346950.35072937794  0.0000000000000000  15955053.3807999994605780
367358.15226908488  0.0000000000000000  16956727.3555999994277954
387765.95380879182  0.0000000000000000  17958408.6079999990761280
408173.75534849876  0.0000000000000000  18960095.9853999987244606
428581.55688820570  0.0000000000000000  19961788.5667000003159046
448989.35842791264  0.0000000000000000  20963485.6064000017940998
469397.15996761958  0.0000000000000000  21965186.4950999990105629
489804.96150732652  0.0000000000000000  22966890.7298000007867813
510212.76304703346  0.0000000000000000  23968597.8913000002503395
530620.56458674045  0.0000000000000000  24970307.6277000010013580
551028.36612644733  0.0000000000000000  25972019.6413000002503395
571436.16766615433  0.0000000000000000  26973733.6787000000476837
591843.96920586133  0.0000000000000000  27975449.5227000005543232
612251.77074556821  0.0000000000000000  28977166.9860999993979931
632659.57228527509  0.0000000000000000  29978885.9067000001668930
653067.37382498209  0.0000000000000000  30980606.1433000005781651
673475.17536468909  0.0000000000000000  31982327.5722999982535839
693882.97690439597  0.0000000000000000  32984050.0852000005543232
714290.77844410285  0.0000000000000000  33985773.5861999988555908
734698.57998380985  0.0000000000000000  34987497.9905999973416328
755106.38152351684  0.0000000000000000  35989223.2229000031948090
775514.18306322373  0.0000000000000000  36990949.2159999981522560
795921.98460293061  0.0000000000000000  37992675.9098000004887581
816329.78614263760  0.0000000000000000  38994403.2501000016927719
836737.58768234460  0.0000000000000000  39996131.1886999979615211
857145.38922205148  0.0000000000000000  40997859.6815000027418137
877553.19076175836  0.0000000000000000  41999588.6890000030398369
897960.99230146536  0.0000000000000000  43001318.1753000020980835
918368.79384117236  0.0000000000000000  44003048.1076000034809113
938776.59538087924  0.0000000000000000  45004778.4562000036239624
959184.39692058612  0.0000000000000000  46006509.1939999982714653
979592.19846029312  0.0000000000000000  47008240.2959999963641167
1000000.00000000000  0.0000000000000000  48009971.7395000010728836
