6.03695159000  0.0000000000000000  0.0000000000000000
20414.07701380245  0.0000000000000000  132150.3847999999998137
40822.11707601490  0.0000000000000000  546081.1681000000098720
61230.15713822735  0.0000000000000000  1114145.4679000000469387
81638.19720043980  0.0000000000000000  1687370.7875000000931323
102046.23726265224  0.0000000000000000  2261473.7831999999471009
122454.27732486470  0.0000000000000000  2835897.1981000001542270
142862.31738707717  0.0000000000000000  3410474.9120999998413026
163270.35744928962  0.0000000000000000  3985139.1060999999754131
183678.39751150206  0.0000000000000000  4559856.7401000000536442
204086.43757371450  0.0000000000000000  5134609.7432000003755093
224494.47763592697  0.0000000000000000  5709387.3831000002101064
244902.51769813942  0.0000000000000000  6284182.8778999997302890
265310.55776035186  0.0000000000000000  6858991.7292999997735023
285718.59782256430  0.0000000000000000  7433810.8348000003024936
306126.63788477675  0.0000000000000000  8008637.9848999995738268
326534.67794698919  0.0000000000000000  8583471.5626999996602535
346942.71800920164  0.0000000000000000  9158310.3579999990761280
367350.75807141408  0.0000000000000000  9733153.4465999994426966
387758.79813362652  0.0000000000000000  10308000.1105000004172325
408166.83819583897  0.0000000000000000  10882849.7836000006645918
428574.87825805147  0.0000000000000000  11457702.0131999999284744
448982.91832026391  0.0000000000000000  12032556.4332999996840954
469390.95838247635  0.0000000000000000  12607412.7444000001996756
489798.99844468880  0.0000000000000000  13182270.6994000002741814
510207.03850690124  0.0000000000000000  13757130.0924999993294477
530615.07856911374  0.0000000000000000  14331990.7507000006735325
551023.11863132613  0.0000000000000000  14906852.5278999991714954
571431.15869353863  0.0000000000000000  15481715.2995999995619059
591839.19875575101  0.0000000000000000  16056578.9590000007301569
612247.23881796352  0.0000000000000000  16631443.4142000004649162
632655.27888017590  0.0000000000000000  17206308.5854999981820583
653063.31894238840  0.0000000000000000  17781174.4034999981522560
673471.35900460090  0.0000000000000000  18356040.8075999990105629
693879.39906681329  0.0000000000000000  18930907.7445000000298023
714287.43912902579  0.0000000000000000  19505775.1669999994337559
734695.47919123818  0.0000000000000000  20080643.0333999991416931
755103.51925345068  0.0000000000000000  20655511.3068999983370304
775511.55931566306  0.0000000000000000  21230379.9543000012636185
795919.59937787557  0.0000000000000000  21805248.9461000002920628
816327.63944008795  0.0000000000000000  22380118.2558000013232231
836735.67950230045  0.0000000000000000  22954987.8596000000834465
857143.71956451295  0.0000000000000000  23529857.7358000017702579
877551.75962672534  0.0000000000000000  24104727.8649999983608723
897959.79968893784  0.0000000000000000  24679598.2296999990940094
918367.83975115023  0.0000000000000000  25254468.8135999999940395
938775.87981336273  0.0000000000000000  25829339.6022000014781952
959183.91987557511  0.0000000000000000  26404210.5821000002324581
979591.95993778761  0.0000000000000000  26979081.7412000000476837
1000000.00000000000  0.0000000000000000  27553953.0681000016629696
