0.00115140000  0.0000000000000000  0.0000000000000000  0.0000000000000000
2.04194422857  0.0022000000000000  0.0000000000000000  47.4065000000000012
4.08273705714  0.0055000000000000  0.0000000000000000  63.7909999999999968
6.12352988571  0.0039000000000000  0.0000000000000000  26.2898999999999994
8.16432271429  0.0035000000000000  0.0000000000000000  16.9720000000000013
10.20511554286  0.0032000000000000  0.0000000000000000  12.5863999999999994
12.24590837143  0.0031000000000000  0.0000000000000000  10.0139999999999993
14.28670120000  0.0030000000000000  0.0000000000000000  8.3179999999999996
16.32749402857  0.0029000000000000  0.0000000000000000  7.1139999999999999
18.36828685714  0.0028000000000000  0.0000000000000000  6.2145999999999999
20.40907968571  0.0027000000000000  0.0000000000000000  5.5168999999999997
22.44987251429  0.0027000000000000  0.0000000000000000  4.9596999999999998
24.49066534286  0.0026000000000000  0.0000000000000000  4.5044000000000004
26.53145817143  0.0026000000000000  0.0000000000000000  4.1252000000000004
28.57225100000  0.0026000000000000  0.0000000000000000  3.8048000000000002
30.61304382857  0.0025000000000000  0.0000000000000000  3.5303000000000000
32.65383665714  0.0025000000000000  0.0000000000000000  3.2926000000000002
34.69462948571  0.0025000000000000  0.0000000000000000  3.0844999999999998
36.73542231429  0.0025000000000000  0.0000000000000000  2.9009000000000000
38.77621514286  0.0025000000000000  0.0000000000000000  2.7378999999999998
40.81700797143  0.0025000000000000  0.0000000000000000  2.5920999999999998
42.85780080000  0.0024000000000000  0.0000000000000000  2.4609000000000001
44.89859362857  0.0024000000000000  0.0000000000000000  2.3422999999999998
46.93938645714  0.0024000000000000  0.0000000000000000  2.2343999999999999
48.98017928571  0.0023000000000000  0.0000000000000000  2.1360000000000001
51.02097211429  0.0023000000000000  0.0000000000000000  2.0457999999999998
53.06176494286  0.0023000000000000  0.0000000000000000  1.9626999999999999
55.10255777143  0.0023000000000000  0.0000000000000000  1.8861000000000001
57.14335060000  0.0023000000000000  0.0000000000000000  1.8150999999999999
59.18414342857  0.0023000000000000  0.0000000000000000  1.7492000000000001
61.22493625714  0.0023000000000000  0.0000000000000000  1.6878000000000000
63.26572908571  0.0024000000000000  0.0000000000000000  1.6305000000000001
65.30652191429  0.0024000000000000  0.0000000000000000  1.5769000000000000
67.34731474286  0.0024000000000000  0.0000000000000000  1.5266999999999999
69.38810757143  0.0024000000000000  0.0000000000000000  1.4796000000000000
71.42890040000  0.0023000000000000  0.0000000000000000  1.4353000000000000
73.46969322857  0.0023000000000000  0.0000000000000000  1.3935000000000000
75.51048605714  0.0022000000000000  0.0000000000000000  1.3541000000000001
77.55127888571  0.0022000000000000  0.0000000000000000  1.3169000000000000
79.59207171429  0.0021000000000000  0.0000000000000000  1.2815000000000001
81.63286454286  0.0021000000000000  0.0000000000000000  1.2480000000000000
83.67365737143  0.0021000000000000  0.0000000000000000  1.2161999999999999
85.71445020000  0.0020000000000000  0.0000000000000000  1.1859000000000000
87.75524302857  0.0020000000000000  0.0000000000000000  1.1571000000000000
89.79603585714  0.0020000000000000  0.0000000000000000  1.1294999999999999
91.83682868571  0.0020000000000000  0.0000000000000000  1.1032000000000000
93.87762151429  0.0020000000000000  0.0000000000000000  1.0780000000000001
95.91841434286  0.0021000000000000  0.0000000000000000  1.0539000000000001
97.95920717143  0.0022000000000000  0.0000000000000000  1.0306999999999999
100.00000000000  0.0023000000000000  0.0000000000000000  1.0085000000000000
