1.20000000000  0.0000000000000000  0.0000000000000000
20409.33877551020  0.0000000000000000  0.0269000000000000
40817.47755102041  0.0000000000000000  0.1107000000000000
61225.61632653061  0.0000000000000000  0.2256000000000000
81633.75510204081  0.0000000000000000  0.3413000000000000
102041.89387755102  0.0000000000000000  0.4570000000000000
122450.03265306122  0.0000000000000000  0.5725000000000000
142858.17142857146  0.0000000000000000  0.6877000000000000
163266.31020408164  0.0000000000000000  0.8025000000000000
183674.44897959183  0.0000000000000000  0.9167000000000000
204082.58775510205  0.0000000000000000  1.0302000000000000
224490.72653061227  0.0000000000000000  1.1426000000000001
244898.86530612246  0.0001000000000000  1.2540000000000000
265307.00408163265  0.0001000000000000  1.3640000000000001
285715.14285714290  0.0001000000000000  1.4724999999999999
306123.28163265309  0.0001000000000000  1.5792999999999999
326531.42040816328  0.0001000000000000  1.6842999999999999
346939.55918367347  0.0002000000000000  1.7874000000000001
367347.69795918366  0.0002000000000000  1.8885000000000001
387755.83673469390  0.0002000000000000  1.9875000000000000
408163.97551020409  0.0002000000000000  2.0844000000000000
428572.11428571428  0.0003000000000000  2.1789999999999998
448980.25306122453  0.0003000000000000  2.2715000000000001
469388.39183673472  0.0003000000000000  2.3618000000000001
489796.53061224491  0.0004000000000000  2.4499000000000000
510204.66938775510  0.0004000000000000  2.5358000000000001
530612.80816326523  0.0005000000000000  2.6194999999999999
551020.94693877548  0.0005000000000000  2.7010999999999998
571429.08571428573  0.0005000000000000  2.7806999999999999
591837.22448979586  0.0006000000000000  2.8582000000000001
612245.36326530611  0.0006000000000000  2.9336000000000002
632653.50204081624  0.0007000000000000  3.0072000000000001
653061.64081632649  0.0007000000000000  3.0788000000000002
673469.77959183673  0.0007000000000000  3.1486000000000001
693877.91836734687  0.0008000000000000  3.2164999999999999
714286.05714285711  0.0008000000000000  3.2827000000000002
734694.19591836724  0.0009000000000000  3.3472000000000000
755102.33469387749  0.0009000000000000  3.4100000000000001
775510.47346938774  0.0010000000000000  3.4712999999999998
795918.61224489787  0.0010000000000000  3.5308999999999999
816326.75102040812  0.0010000000000000  3.5891000000000002
836734.88979591837  0.0011000000000000  3.6457999999999999
857143.02857142850  0.0011000000000000  3.7010999999999998
877551.16734693875  0.0012000000000000  3.7549999999999999
897959.30612244899  0.0012000000000000  3.8075999999999999
918367.44489795913  0.0012000000000000  3.8589000000000002
938775.58367346937  0.0013000000000000  3.9089000000000000
959183.72244897950  0.0013000000000000  3.9577000000000000
979591.86122448975  0.0014000000000000  4.0053999999999998
1000000.00000000000  0.0014000000000000  4.0519999999999996
