0.42919300000  0.0000000000000000  0.0000000000000000  0.0000000000000000
2.46125028571  0.0095000000000000  0.0000000000000000  0.0041000000000000
4.49330757143  0.0563000000000000  0.0000000000000000  0.0084000000000000
6.52536485714  0.1175000000000000  0.0000000000000000  0.0104000000000000
8.55742214286  0.1558000000000000  0.0000000000000000  0.0100000000000000
10.58947942857  0.1735000000000000  0.0000000000000000  0.0089000000000000
12.62153671429  0.1796000000000000  0.0000000000000000  0.0078000000000000
14.65359400000  0.1794000000000000  0.0000000000000000  0.0071000000000000
16.68565128571  0.1763000000000000  0.0000000000000000  0.0063000000000000
18.71770857143  0.1716000000000000  0.0000000000000000  0.0056000000000000
20.74976585714  0.1661000000000000  0.0000000000000000  0.0052000000000000
22.78182314286  0.1605000000000000  0.0000000000000000  0.0047000000000000
24.81388042857  0.1549000000000000  0.0000000000000000  0.0044000000000000
26.84593771429  0.1494000000000000  0.0000000000000000  0.0041000000000000
28.87799500000  0.1440000000000000  0.0000000000000000  0.0038000000000000
30.91005228571  0.1390000000000000  0.0000000000000000  0.0036000000000000
32.94210957143  0.1342000000000000  0.0000000000000000  0.0034000000000000
34.97416685714  0.1297000000000000  0.0000000000000000  0.0031000000000000
37.00622414286  0.1255000000000000  0.0000000000000000  0.0030000000000000
39.03828142857  0.1213000000000000  0.0000000000000000  0.0029000000000000
41.07033871429  0.1175000000000000  0.0000000000000000  0.0028000000000000
43.10239600000  0.1139000000000000  0.0000000000000000  0.0027000000000000
45.13445328571  0.1105000000000000  0.0000000000000000  0.0025000000000000
47.16651057143  0.1073000000000000  0.0000000000000000  0.0024000000000000
49.19856785714  0.1042000000000000  0.0000000000000000  0.0023000000000000
51.23062514286  0.1013000000000000  0.0000000000000000  0.0023000000000000
53.26268242857  0.0985000000000000  0.0000000000000000  0.0022000000000000
55.29473971429  0.0959000000000000  0.0000000000000000  0.0021000000000000
57.32679700000  0.0935000000000000  0.0000000000000000  0.0021000000000000
59.35885428571  0.0911000000000000  0.0000000000000000  0.0020000000000000
61.39091157143  0.0888000000000000  0.0000000000000000  0.0020000000000000
63.42296885714  0.0867000000000000  0.0000000000000000  0.0019000000000000
65.45502614286  0.0847000000000000  0.0000000000000000  0.0018000000000000
67.48708342857  0.0827000000000000  0.0000000000000000  0.0018000000000000
69.51914071429  0.0808000000000000  0.0000000000000000  0.0018000000000000
71.55119800000  0.0790000000000000  0.0000000000000000  0.0018000000000000
73.58325528571  0.0773000000000000  0.0000000000000000  0.0017000000000000
75.61531257143  0.0756000000000000  0.0000000000000000  0.0017000000000000
77.64736985714  0.0741000000000000  0.0000000000000000  0.0017000000000000
79.67942714286  0.0725000000000000  0.0000000000000000  0.0017000000000000
81.71148442857  0.0711000000000000  0.0000000000000000  0.0016000000000000
83.74354171429  0.0697000000000000  0.0000000000000000  0.0016000000000000
85.77559900000  0.0683000000000000  0.0000000000000000  0.0015000000000000
87.80765628571  0.0671000000000000  0.0000000000000000  0.0015000000000000
89.83971357143  0.0658000000000000  0.0000000000000000  0.0015000000000000
91.87177085714  0.0646000000000000  0.0000000000000000  0.0014000000000000
93.90382814286  0.0635000000000000  0.0000000000000000  0.0014000000000000
95.93588542857  0.0623000000000000  0.0000000000000000  0.0014000000000000
97.96794271429  0.0612000000000000  0.0000000000000000  0.0014000000000000
100.00000000000  0.0602000000000000  0.0000000000000000  0.0014000000000000
