0.00100000000  0.0000000000000000  0.0000000000000000  0.0000000000000000
2.04179591837  0.0000000000000000  0.0000000000000000  1576010.4613999999128282
4.08259183673  0.0000000000000000  0.0000000000000000  2101479.5370999998413026
6.12338775510  0.0000000000000000  0.0000000000000000  840643.6162999999942258
8.16418367347  0.0000000000000000  0.0000000000000000  540205.3684999999823049
10.20497959184  0.0000000000000000  0.0000000000000000  399977.5388999999850057
12.24577551020  0.0000000000000000  0.0000000000000000  318020.2515000000130385
14.28657142857  0.0000000000000000  0.0000000000000000  264080.4616999999852851
16.32736734694  0.0000000000000000  0.0000000000000000  225831.4177999999956228
18.36816326531  0.0000000000000000  0.0000000000000000  197274.1114999999990687
20.40895918367  0.0000000000000000  0.0000000000000000  175129.5725000000093132
22.44975510204  0.0000000000000000  0.0000000000000000  157451.1676999999908730
24.49055102041  0.0000000000000000  0.0000000000000000  143009.1491000000096392
26.53134693878  0.0000000000000000  0.0000000000000000  130987.9817999999941094
28.57214285714  0.0000000000000000  0.0000000000000000  120825.2676000000064960
30.61293877551  0.0000000000000000  0.0000000000000000  112120.4922999999980675
32.65373469388  0.0000000000000000  0.0000000000000000  104580.6306999999942491
34.69453061224  0.0000000000000000  0.0000000000000000  97986.3230000000039581
36.73532653061  0.0000000000000000  0.0000000000000000  92170.0758000000059837
38.77612244898  0.0000000000000000  0.0000000000000000  87001.7779000000009546
40.81691836735  0.0000000000000000  0.0000000000000000  82378.8157000000064727
42.85771428571  0.0000000000000000  0.0000000000000000  78219.1689999999944121
44.89851020408  0.0000000000000000  0.0000000000000000  74456.4897000000055414
46.93930612245  0.0000000000000000  0.0000000000000000  71036.5265000000072177
48.98010204082  0.0000000000000000  0.0000000000000000  67914.4878999999928055
51.02089795918  0.0000000000000000  0.0000000000000000  65053.0650000000023283
53.06169387755  0.0000000000000000  0.0000000000000000  62420.9311000000016065
55.10248979592  0.0000000000000000  0.0000000000000000  59991.5887000000002445
57.14328571429  0.0000000000000000  0.0000000000000000  57742.4731000000028871
59.18408163265  0.0000000000000000  0.0000000000000000  55654.2485999999989872
61.22487755102  0.0000000000000000  0.0000000000000000  53710.2505999999993946
63.26567346939  0.0000000000000000  0.0000000000000000  51896.0399000000033993
65.30646938776  0.0000000000000000  0.0000000000000000  50199.0428000000028987
67.34726530612  0.0000000000000000  0.0000000000000000  48608.2594000000026426
69.38806122449  0.0000000000000000  0.0000000000000000  47114.0247999999992317
71.42885714286  0.0000000000000000  0.0000000000000000  45707.8124000000025262
73.46965306122  0.0000000000000000  0.0000000000000000  44382.0711999999984982
75.51044897959  0.0000000000000000  0.0000000000000000  43130.0898000000015600
77.55124489796  0.0000000000000000  0.0000000000000000  41945.8831999999965774
79.59204081633  0.0000000000000000  0.0000000000000000  40824.0970999999990454
81.63283673469  0.0000000000000000  0.0000000000000000  39759.9265999999988708
83.67363265306  0.0000000000000000  0.0000000000000000  38749.0478000000002794
85.71442857143  0.0000000000000000  0.0000000000000000  37787.5590000000011059
87.75522448980  0.0000000000000000  0.0000000000000000  36871.9302000000025146
89.79602040816  0.0000000000000000  0.0000000000000000  35998.9602000000013504
91.83681632653  0.0000000000000000  0.0000000000000000  35165.7388999999966472
93.87761224490  0.0000000000000000  0.0000000000000000  34369.6149999999979627
95.91840816327  0.0000000000000000  0.0000000000000000  33608.1679999999978463
97.95920408163  0.0000000000000000  0.0000000000000000  32879.1834000000017113
100.00000000000  0.0000000000000000  0.0000000000000000  32180.6316000000006170
