0.05963600000  0.0000000000000000  0.0000000000000000  0.0000000000000000
2.09923526531  0.0000000000000000  0.0000000000000000  273.9778999999999769
4.13883453061  0.0000000000000000  0.0000000000000000  519.4996999999999616
6.17843379592  0.0000000000000000  0.0000000000000000  436.1320999999999799
8.21803306122  0.0001000000000000  0.0000000000000000  344.8014999999999759
10.25763232653  0.0008000000000000  0.0000000000000000  283.3847000000000094
12.29723159184  0.0027000000000000  0.0000000000000000  240.2981000000000051
14.33683085714  0.0067000000000000  0.0000000000000000  208.5403000000000020
16.37643012245  0.0132000000000000  0.0000000000000000  184.1856999999999971
18.41602938776  0.0214000000000000  0.0000000000000000  164.9184999999999945
20.45562865306  0.0305000000000000  0.0000000000000000  149.2941999999999894
22.49522791837  0.0344000000000000  0.0000000000000000  136.3727000000000089
24.53482718367  0.0379000000000000  0.0000000000000000  125.5044000000000040
26.57442644898  0.0470000000000000  0.0000000000000000  116.2288999999999959
28.61402571429  0.0430000000000000  0.0000000000000000  108.2356999999999942
30.65362497959  0.0418000000000000  0.0000000000000000  101.2643000000000058
32.69322424490  0.0470000000000000  0.0000000000000000  95.1256000000000057
34.73282351020  0.0478000000000000  0.0000000000000000  89.6872000000000043
36.77242277551  0.0467000000000000  0.0000000000000000  84.8345999999999947
38.81202204082  0.0453000000000000  0.0000000000000000  80.4765000000000015
40.85162130612  0.0432000000000000  0.0000000000000000  76.5416000000000025
42.89122057143  0.0415000000000000  0.0000000000000000  72.9699999999999989
44.93081983673  0.0408000000000000  0.0000000000000000  69.7130999999999972
46.97041910204  0.0374000000000000  0.0000000000000000  66.7342000000000013
49.01001836735  0.0290000000000000  0.0000000000000000  64.0023999999999944
51.04961763265  0.0209000000000000  0.0000000000000000  61.4838999999999984
53.08921689796  0.0176000000000000  0.0000000000000000  59.1501000000000019
55.12881616327  0.0176000000000000  0.0000000000000000  56.9821999999999989
57.16841542857  0.0169000000000000  0.0000000000000000  54.9662000000000006
59.20801469388  0.0131000000000000  0.0000000000000000  53.0893000000000015
61.24761395918  0.0083000000000000  0.0000000000000000  51.3361999999999981
63.28721322449  0.0044000000000000  0.0000000000000000  49.6933000000000007
65.32681248980  0.0019000000000000  0.0000000000000000  48.1497999999999990
67.36641175510  0.0008000000000000  0.0000000000000000  46.6968999999999994
69.40601102041  0.0008000000000000  0.0000000000000000  45.3269000000000020
71.44561028571  0.0013000000000000  0.0000000000000000  44.0332000000000008
73.48520955102  0.0016000000000000  0.0000000000000000  42.8102999999999980
75.52480881633  0.0016000000000000  0.0000000000000000  41.6527999999999992
77.56440808163  0.0014000000000000  0.0000000000000000  40.5553000000000026
79.60400734694  0.0013000000000000  0.0000000000000000  39.5131999999999977
81.64360661224  0.0013000000000000  0.0000000000000000  38.5223000000000013
83.68320587755  0.0013000000000000  0.0000000000000000  37.5790000000000006
85.72280514286  0.0013000000000000  0.0000000000000000  36.6801000000000030
87.76240440816  0.0013000000000000  0.0000000000000000  35.8224000000000018
89.80200367347  0.0012000000000000  0.0000000000000000  35.0031999999999996
91.84160293878  0.0011000000000000  0.0000000000000000  34.2199999999999989
93.88120220408  0.0010000000000000  0.0000000000000000  33.4705000000000013
95.92080146939  0.0010000000000000  0.0000000000000000  32.7522999999999982
97.96040073469  0.0011000000000000  0.0000000000000000  32.0636999999999972
100.00000000000  0.0013000000000000  0.0000000000000000  31.4026999999999994
