1.57079914000  0.0000000000000000  0.0000000000000000
20409.70200732082  0.0000000000000000  26759378.5016999989748001
40817.83321550163  0.0000000000000000  110377340.9600999951362610
61225.96442368245  0.0000000000000000  224931326.3373000025749207
81634.09563186327  0.0000000000000000  340442170.2639999985694885
102042.22684004408  0.0000000000000000  456113094.9787999987602234
122450.35804822491  0.0000000000000000  571842263.2734999656677246
142858.48925640571  0.0000000000000000  687599438.5097999572753906
163266.62046458654  0.0000000000000000  803372298.9584000110626221
183674.75167276736  0.0000000000000000  919154847.7683000564575195
204082.88288094816  0.0000000000000000  1034943807.0923999547958374
224491.01408912899  0.0000000000000000  1150737230.9563000202178955
244899.14529730982  0.0000000000000000  1266533890.0297000408172607
265307.27650549065  0.0000000000000000  1382332969.0581998825073242
285715.40771367145  0.0000000000000000  1498133905.8401000499725342
306123.53892185231  0.0000000000000000  1613936300.0030999183654785
326531.67013003310  0.0000000000000000  1729739858.6277000904083252
346939.80133821390  0.0000000000000000  1845544362.4342999458312988
367347.93254639476  0.0000000000000000  1961349643.9918000698089600
387756.06375457556  0.0000000000000000  2077155573.2379000186920166
408164.19496275636  0.0000000000000000  2192962047.5980000495910645
428572.32617093722  0.0000000000000000  2308768985.0837998390197754
448980.45737911802  0.0000000000000000  2424576319.3727002143859863
469388.58858729881  0.0000000000000000  2540383996.2350001335144043
489796.71979547967  0.0000000000000000  2656191970.8968000411987305
510204.85100366047  0.0000000000000000  2772000206.0640997886657715
530612.98221184127  0.0000000000000000  2887808670.4230999946594238
551021.11342002207  0.0000000000000000  3003617337.4869999885559082
571429.24462820287  0.0000000000000000  3119426184.7002000808715820
591837.37583638378  0.0000000000000000  3235235192.7350001335144043
612245.50704456458  0.0000000000000000  3351044344.9338002204895020
632653.63825274538  0.0000000000000000  3466853626.8632998466491699
653061.76946092618  0.0000000000000000  3582663025.9552998542785645
673469.90066910698  0.0000000000000000  3698472531.2143001556396484
693878.03187728778  0.0000000000000000  3814282132.9795999526977539
714286.16308546858  0.0000000000000000  3930091822.7281999588012695
734694.29429364949  0.0000000000000000  4045901592.9121999740600586
755102.42550183029  0.0000000000000000  4161711436.8232998847961426
775510.55671001109  0.0000000000000000  4277521348.4790000915527344
795918.68791819189  0.0000000000000000  4393331322.5272998809814453
816326.81912637269  0.0000000000000000  4509141354.1653003692626953
836734.95033455349  0.0000000000000000  4624951439.0711002349853516
857143.08154273441  0.0000000000000000  4740761573.3445997238159180
877551.21275091521  0.0000000000000000  4856571753.4574003219604492
897959.34395909600  0.0000000000000000  4972381976.2096996307373047
918367.47516727680  0.0000000000000000  5088192238.6927003860473633
938775.60637545760  0.0000000000000000  5204002538.2562999725341797
959183.73758363840  0.0000000000000000  5319812872.4809999465942383
979591.86879181932  0.0000000000000000  5435623239.1533002853393555
1000000.00000000000  0.0000000000000000  5551433636.2444000244140625
