52.03948096000  0.0000000000000000  0.0000000000000000
20459.14071604245  0.0000000000000000  25684.4163999999982479
40866.24195112490  0.0000000000000000  104604.5225000000064028
61273.34318620735  0.0000000000000000  211806.5866000000096392
81680.44442128979  0.0000000000000000  319861.6564999999827705
102087.54565637224  0.0000000000000000  428081.4728999999933876
122494.64689145470  0.0000000000000000  536363.3270999999949709
142901.74812653713  0.0000000000000000  644675.4453000000212342
163308.84936161959  0.0000000000000000  753004.6361000000033528
183715.95059670205  0.0000000000000000  861344.4144999999552965
204123.05183178448  0.0000000000000000  969691.2144000000553206
224530.15306686694  0.0000000000000000  1078042.9110999999102205
244937.25430194940  0.0000000000000000  1186398.1588000000920147
265344.35553703184  0.0000000000000000  1294756.0638999999500811
285751.45677211427  0.0000000000000000  1403116.0091999999713153
306158.55800719676  0.0000000000000000  1511477.5552000000607222
326565.65924227919  0.0000000000000000  1619840.3799999998882413
346972.76047736162  0.0000000000000000  1728204.2425999999977648
367379.86171244411  0.0000000000000000  1836568.9590000000316650
387786.96294752654  0.0000000000000000  1944934.3862999998964369
408194.06418260897  0.0000000000000000  2053300.4117999998852611
428601.16541769146  0.0000000000000000  2161666.9454000000841916
449008.26665277389  0.0000000000000000  2270033.9141999999992549
469415.36788785632  0.0000000000000000  2378401.2585999998264015
489822.46912293881  0.0000000000000000  2486768.9293999997898936
510229.57035802124  0.0000000000000000  2595136.8856999999843538
530636.67159310367  0.0000000000000000  2703505.0932000000029802
551043.77282818616  0.0000000000000000  2811873.5227000000886619
571450.87406326854  0.0000000000000000  2920242.1494999998249114
591857.97529835103  0.0000000000000000  3028610.9523999998345971
612265.07653343352  0.0000000000000000  3136979.9131000000052154
632672.17776851589  0.0000000000000000  3245349.0156999998725951
653079.27900359838  0.0000000000000000  3353718.2464999998919666
673486.38023868087  0.0000000000000000  3462087.5934999999590218
693893.48147376324  0.0000000000000000  3570457.0460000000894070
714300.58270884573  0.0000000000000000  3678826.5948000000789762
734707.68394392822  0.0000000000000000  3787196.2313999999314547
755114.78517901059  0.0000000000000000  3895565.9485999997705221
775521.88641409308  0.0000000000000000  4003935.7398999999277294
795928.98764917557  0.0000000000000000  4112305.5992999998852611
816336.08888425794  0.0000000000000000  4220675.5217000003904104
836743.19011934043  0.0000000000000000  4329045.5021999999880791
857150.29135442292  0.0000000000000000  4437415.5366000002250075
877557.39258950530  0.0000000000000000  4545785.6210000002756715
897964.49382458779  0.0000000000000000  4654155.7520000003278255
918371.59505967028  0.0000000000000000  4762525.9264000002294779
938778.69629475265  0.0000000000000000  4870896.1412000004202127
959185.79752983514  0.0000000000000000  4979266.3938999995589256
979592.89876491763  0.0000000000000000  5087636.6819000001996756
1000000.00000000000  0.0000000000000000  5196007.0031000003218651
