0.00100000000  0.0000000000000000  0.0000000000000000  0.0000000000000000
2.04179591837  0.0034000000000000  0.0000000000000000  20.9122999999999983
4.08259183673  0.0097000000000000  0.0000000000000000  27.7218000000000018
6.12338775510  0.0063000000000000  0.0000000000000000  11.0126000000000008
8.16418367347  0.0059000000000000  0.0000000000000000  7.0176999999999996
10.20497959184  0.0058000000000000  0.0000000000000000  5.1524000000000001
12.24577551020  0.0058000000000000  0.0000000000000000  4.0606000000000000
14.28657142857  0.0059000000000000  0.0000000000000000  3.3386999999999998
16.32736734694  0.0060000000000000  0.0000000000000000  2.8256000000000001
18.36816326531  0.0061000000000000  0.0000000000000000  2.4437000000000002
20.40895918367  0.0061000000000000  0.0000000000000000  2.1484000000000001
22.44975510204  0.0062000000000000  0.0000000000000000  1.9124000000000001
24.49055102041  0.0062000000000000  0.0000000000000000  1.7199000000000000
26.53134693878  0.0061000000000000  0.0000000000000000  1.5608000000000000
28.57214285714  0.0061000000000000  0.0000000000000000  1.4272000000000000
30.61293877551  0.0060000000000000  0.0000000000000000  1.3130999999999999
32.65373469388  0.0060000000000000  0.0000000000000000  1.2134000000000000
34.69453061224  0.0060000000000000  0.0000000000000000  1.1249000000000000
36.73532653061  0.0060000000000000  0.0000000000000000  1.0462000000000000
38.77612244898  0.0060000000000000  0.0000000000000000  0.9764000000000000
40.81691836735  0.0060000000000000  0.0000000000000000  0.9151000000000000
42.85771428571  0.0059000000000000  0.0000000000000000  0.8615000000000000
44.89851020408  0.0058000000000000  0.0000000000000000  0.8144000000000000
46.93930612245  0.0057000000000000  0.0000000000000000  0.7725000000000000
48.98010204082  0.0055000000000000  0.0000000000000000  0.7345000000000000
51.02089795918  0.0054000000000000  0.0000000000000000  0.6996000000000000
53.06169387755  0.0053000000000000  0.0000000000000000  0.6671000000000000
55.10248979592  0.0052000000000000  0.0000000000000000  0.6366000000000001
57.14328571429  0.0051000000000000  0.0000000000000000  0.6079000000000000
59.18408163265  0.0051000000000000  0.0000000000000000  0.5809000000000000
61.22487755102  0.0051000000000000  0.0000000000000000  0.5553000000000000
63.26567346939  0.0050000000000000  0.0000000000000000  0.5312000000000000
65.30646938776  0.0050000000000000  0.0000000000000000  0.5083000000000000
67.34726530612  0.0050000000000000  0.0000000000000000  0.4865000000000000
69.38806122449  0.0050000000000000  0.0000000000000000  0.4659000000000000
71.42885714286  0.0050000000000000  0.0000000000000000  0.4463000000000000
73.46965306122  0.0050000000000000  0.0000000000000000  0.4278000000000000
75.51044897959  0.0050000000000000  0.0000000000000000  0.4102000000000000
77.55124489796  0.0050000000000000  0.0000000000000000  0.3936000000000000
79.59204081633  0.0050000000000000  0.0000000000000000  0.3780000000000000
81.63283673469  0.0050000000000000  0.0000000000000000  0.3634000000000000
83.67363265306  0.0050000000000000  0.0000000000000000  0.3498000000000000
85.71442857143  0.0050000000000000  0.0000000000000000  0.3373000000000000
87.75522448980  0.0049000000000000  0.0000000000000000  0.3259000000000000
89.79602040816  0.0049000000000000  0.0000000000000000  0.3156000000000000
91.83681632653  0.0048000000000000  0.0000000000000000  0.3065000000000000
93.87761224490  0.0047000000000000  0.0000000000000000  0.2986000000000000
95.91840816327  0.0046000000000000  0.0000000000000000  0.2918000000000000
97.95920408163  0.0044000000000000  0.0000000000000000  0.2862000000000000
100.00000000000  0.0043000000000000  0.0000000000000000  0.2817000000000000
