3.52321282000  0.0000000000000000  0.0000000000000000
20411.61457582367  0.0000000000000000  0.0108000000000000
40819.70593882735  0.0000000000000000  0.0445000000000000
61227.79730183102  0.0000000000000000  0.0907000000000000
81635.88866483470  0.0000000000000000  0.1374000000000000
102043.98002783838  0.0000000000000000  0.1841000000000000
122452.07139084204  0.0000000000000000  0.2308000000000000
142860.16275384571  0.0000000000000000  0.2775000000000000
163268.25411684939  0.0000000000000000  0.3242000000000000
183676.34547985307  0.0000000000000000  0.3710000000000000
204084.43684285675  0.0000000000000000  0.4177000000000000
224492.52820586041  0.0000000000000000  0.4644000000000000
244900.61956886409  0.0000000000000000  0.5111000000000000
265308.71093186777  0.0000000000000000  0.5579000000000000
285716.80229487142  0.0000000000000000  0.6046000000000000
306124.89365787513  0.0000000000000000  0.6513000000000000
326532.98502087878  0.0000000000000000  0.6979000000000000
346941.07638388244  0.0000000000000000  0.7446000000000000
367349.16774688615  0.0000000000000000  0.7913000000000000
387757.25910988980  0.0000000000000000  0.8380000000000000
408165.35047289351  0.0000000000000000  0.8846000000000001
428573.44183589716  0.0000000000000000  0.9312000000000000
448981.53319890081  0.0000000000000000  0.9778000000000000
469389.62456190452  0.0000000000000000  1.0244000000000000
489797.71592490817  0.0000000000000000  1.0710000000000000
510205.80728791183  0.0000000000000000  1.1175999999999999
530613.89865091548  0.0000000000000000  1.1640999999999999
551021.99001391919  0.0000000000000000  1.2107000000000001
571430.08137692278  0.0000000000000000  1.2572000000000001
591838.17273992649  0.0000000000000000  1.3037000000000001
612246.26410293020  0.0000000000000000  1.3501000000000001
632654.35546593380  0.0000000000000000  1.3965000000000001
653062.44682893751  0.0000000000000000  1.4429000000000001
673470.53819194122  0.0000000000000000  1.4893000000000001
693878.62955494481  0.0000000000000000  1.5356000000000001
714286.72091794852  0.0000000000000000  1.5819000000000001
734694.81228095223  0.0000000000000000  1.6282000000000001
755102.90364395583  0.0000000000000000  1.6744000000000001
775510.99500695954  0.0000000000000000  1.7205999999999999
795919.08636996325  0.0000000000000000  1.7667999999999999
816327.17773296696  0.0000000000000000  1.8129000000000000
836735.26909597055  0.0000000000000000  1.8589000000000000
857143.36045897426  0.0000000000000000  1.9049000000000000
877551.45182197797  0.0000000000000000  1.9508000000000001
897959.54318498156  0.0000000000000000  1.9966999999999999
918367.63454798528  0.0000000000000000  2.0426000000000002
938775.72591098899  0.0001000000000000  2.0882999999999998
959183.81727399258  0.0001000000000000  2.1339999999999999
979591.90863699629  0.0001000000000000  2.1796000000000002
1000000.00000000000  0.0001000000000000  2.2252000000000001
