4.61188305000  0.0000000000000000  0.0000000000000000
20412.68102829388  0.0000000000000000  58495.6871000000028289
40820.75017353775  0.0000000000000000  241624.8534999999974389
61228.81931878163  0.0000000000000000  492825.7471999999834225
81636.88846402551  0.0000000000000000  746241.3203999999677762
102044.95760926939  0.0000000000000000  1000031.5252000000327826
122453.02675451327  0.0000000000000000  1253958.3492999998852611
142861.09589975714  0.0000000000000000  1507950.9309000000357628
163269.16504500102  0.0000000000000000  1761980.3575999999884516
183677.23419024490  0.0000000000000000  2016032.5489000000525266
204085.30333548877  0.0000000000000000  2270099.8050999999977648
224493.37248073265  0.0000000000000000  2524177.5543999997898936
244901.44162597653  0.0000000000000000  2778262.9078000001609325
265309.51077122038  0.0000000000000000  3032353.9495000001043081
285717.57991646428  0.0000000000000000  3286449.3580999998375773
306125.64906170819  0.0000000000000000  3540548.1924999998882413
326533.71820695203  0.0000000000000000  3794649.7642000000923872
346941.78735219588  0.0000000000000000  4048753.5576999997720122
367349.85649743979  0.0000000000000000  4302859.1796000003814697
387757.92564268369  0.0000000000000000  4556966.3240000000223517
408165.99478792754  0.0000000000000000  4811074.7499000001698732
428574.06393317139  0.0000000000000000  5065184.2643999997526407
448982.13307841530  0.0000000000000000  5319294.7116999998688698
469390.20222365920  0.0000000000000000  5573405.9643999999389052
489798.27136890305  0.0000000000000000  5827517.9171000001952052
510206.34051414690  0.0000000000000000  6081630.4822000004351139
530614.40965939069  0.0000000000000000  6335743.5860000001266599
551022.47880463465  0.0000000000000000  6589857.1664000004529953
571430.54794987850  0.0000000000000000  6843971.1703000003471971
591838.61709512235  0.0000000000000000  7098085.5521999998018146
612246.68624036631  0.0000000000000000  7352200.2730000000447035
632654.75538561016  0.0000000000000000  7606315.2987999999895692
653062.82453085401  0.0000000000000000  7860430.5998999997973442
673470.89367609785  0.0000000000000000  8114546.1507000001147389
693878.96282134170  0.0000000000000000  8368661.9282999997958541
714287.03196658567  0.0000000000000000  8622777.9126999992877245
734695.10111182951  0.0000000000000000  8876894.0863000005483627
755103.17025707336  0.0000000000000000  9131010.4331000000238419
775511.23940231733  0.0000000000000000  9385126.9392000008374453
795919.30854756117  0.0000000000000000  9639243.5919000003486872
816327.37769280502  0.0000000000000000  9893360.3800000008195639
836735.44683804887  0.0000000000000000  10147477.2934000007808208
857143.51598329272  0.0000000000000000  10401594.3226999994367361
877551.58512853668  0.0000000000000000  10655711.4598999992012978
897959.65427378053  0.0000000000000000  10909828.6972000002861023
918367.72341902438  0.0000000000000000  11163946.0280000008642673
938775.79256426834  0.0000000000000000  11418063.4459000006318092
959183.86170951219  0.0000000000000000  11672180.9452999997884035
979591.93085475604  0.0000000000000000  11926298.5209999997168779
1000000.00000000000  0.0000000000000000  12180416.1681999992579222
