152.78847205000  0.0000000000000000  0.0000000000000000
20557.83360527347  0.0000000000000000  0.0999000000000000
40962.87873849694  0.0000000000000000  0.3225000000000000
61367.92387172041  0.0000000000000000  0.5685000000000000
81772.96900494388  0.0000000000000000  0.8157000000000000
102178.01413816735  0.0000000000000000  1.0643000000000000
122583.05927139083  0.0000000000000000  1.3136000000000001
142988.10440461428  0.0000000000000000  1.5631999999999999
163393.14953783774  0.0000000000000000  1.8130999999999999
183798.19467106121  0.0000000000000000  2.0630999999999999
204203.23980428468  0.0000000000000000  2.3132000000000001
224608.28493750814  0.0000000000000000  2.5634000000000001
245013.33007073164  0.0000000000000000  2.8136999999999999
265418.37520395510  0.0000000000000000  3.0640000000000001
285823.42033717857  0.0000000000000000  3.3144000000000000
306228.46547040204  0.0000000000000000  3.5648000000000000
326633.51060362550  0.0000000000000000  3.8151999999999999
347038.55573684897  0.0000000000000000  4.0655999999999999
367443.60087007243  0.0000000000000000  4.3159999999999998
387848.64600329590  0.0000000000000000  4.5664999999999996
408253.69113651937  0.0000000000000000  4.8169000000000004
428658.73626974283  0.0000000000000000  5.0674000000000001
449063.78140296630  0.0000000000000000  5.3178999999999998
469468.82653618976  0.0000000000000000  5.5683999999999996
489873.87166941329  0.0000000000000000  5.8189000000000002
510278.91680263676  0.0000000000000000  6.0693999999999999
530683.96193586022  0.0000000000000000  6.3198999999999996
551089.00706908363  0.0000000000000000  6.5704000000000002
571494.05220230715  0.0000000000000000  6.8209000000000000
591899.09733553056  0.0000000000000000  7.0713999999999997
612304.14246875409  0.0000000000000000  7.3219000000000003
632709.18760197749  0.0000000000000000  7.5724999999999998
653114.23273520102  0.0000000000000000  7.8230000000000004
673519.27786842454  0.0000000000000000  8.0734999999999992
693924.32300164795  0.0000000000000000  8.3239999999999998
714329.36813487147  0.0000000000000000  8.5746000000000002
734734.41326809488  0.0000000000000000  8.8251000000000008
755139.45840131841  0.0000000000000000  9.0755999999999997
775544.50353454181  0.0000000000000000  9.3262000000000000
795949.54866776534  0.0000000000000000  9.5767000000000007
816354.59380098875  0.0000000000000000  9.8272999999999993
836759.63893421227  0.0000000000000000  10.0777999999999999
857164.68406743568  0.0000000000000000  10.3283000000000005
877569.72920065920  0.0000000000000000  10.5789000000000009
897974.77433388261  0.0000000000000000  10.8293999999999997
918379.81946710614  0.0000000000000000  11.0800000000000001
938784.86460032954  0.0000000000000000  11.3305000000000007
959189.90973355307  0.0000000000000000  11.5810999999999993
979594.95486677659  0.0000000000000000  11.8315999999999999
1000000.00000000000  0.0000000000000000  12.0822000000000003
