0.00100000000  0.0000000000000000  0.0000000000000000  0.0000000000000000
2.04179591837  0.0011000000000000  0.0000000000000000  1.2887999999999999
4.08259183673  0.0021000000000000  0.0000000000000000  1.5273000000000001
6.12338775510  0.0010000000000000  0.0000000000000000  0.5649999999999999
8.16418367347  0.0007000000000000  0.0000000000000000  0.3408000000000000
10.20497959184  0.0006000000000000  0.0000000000000000  0.2408000000000000
12.24577551020  0.0005000000000000  0.0000000000000000  0.1842000000000000
14.28657142857  0.0004000000000000  0.0000000000000000  0.1484000000000000
16.32736734694  0.0004000000000000  0.0000000000000000  0.1240000000000000
18.36816326531  0.0003000000000000  0.0000000000000000  0.1064000000000000
20.40895918367  0.0003000000000000  0.0000000000000000  0.0926000000000000
22.44975510204  0.0003000000000000  0.0000000000000000  0.0818000000000000
24.49055102041  0.0002000000000000  0.0000000000000000  0.0732000000000000
26.53134693878  0.0002000000000000  0.0000000000000000  0.0662000000000000
28.57214285714  0.0002000000000000  0.0000000000000000  0.0604000000000000
30.61293877551  0.0002000000000000  0.0000000000000000  0.0554000000000000
32.65373469388  0.0002000000000000  0.0000000000000000  0.0511000000000000
34.69453061224  0.0002000000000000  0.0000000000000000  0.0475000000000000
36.73532653061  0.0002000000000000  0.0000000000000000  0.0445000000000000
38.77612244898  0.0001000000000000  0.0000000000000000  0.0418000000000000
40.81691836735  0.0001000000000000  0.0000000000000000  0.0394000000000000
42.85771428571  0.0001000000000000  0.0000000000000000  0.0372000000000000
44.89851020408  0.0001000000000000  0.0000000000000000  0.0352000000000000
46.93930612245  0.0001000000000000  0.0000000000000000  0.0334000000000000
48.98010204082  0.0001000000000000  0.0000000000000000  0.0318000000000000
51.02089795918  0.0001000000000000  0.0000000000000000  0.0303000000000000
53.06169387755  0.0001000000000000  0.0000000000000000  0.0290000000000000
55.10248979592  0.0001000000000000  0.0000000000000000  0.0278000000000000
57.14328571429  0.0001000000000000  0.0000000000000000  0.0266000000000000
59.18408163265  0.0001000000000000  0.0000000000000000  0.0255000000000000
61.22487755102  0.0001000000000000  0.0000000000000000  0.0245000000000000
63.26567346939  0.0001000000000000  0.0000000000000000  0.0236000000000000
65.30646938776  0.0001000000000000  0.0000000000000000  0.0228000000000000
67.34726530612  0.0001000000000000  0.0000000000000000  0.0220000000000000
69.38806122449  0.0001000000000000  0.0000000000000000  0.0213000000000000
71.42885714286  0.0001000000000000  0.0000000000000000  0.0206000000000000
73.46965306122  0.0001000000000000  0.0000000000000000  0.0199000000000000
75.51044897959  0.0001000000000000  0.0000000000000000  0.0193000000000000
77.55124489796  0.0001000000000000  0.0000000000000000  0.0187000000000000
79.59204081633  0.0001000000000000  0.0000000000000000  0.0182000000000000
81.63283673469  0.0001000000000000  0.0000000000000000  0.0176000000000000
83.67363265306  0.0001000000000000  0.0000000000000000  0.0171000000000000
85.71442857143  0.0001000000000000  0.0000000000000000  0.0167000000000000
87.75522448980  0.0001000000000000  0.0000000000000000  0.0162000000000000
89.79602040816  0.0001000000000000  0.0000000000000000  0.0158000000000000
91.83681632653  0.0001000000000000  0.0000000000000000  0.0154000000000000
93.87761224490  0.0001000000000000  0.0000000000000000  0.0150000000000000
95.91840816327  0.0001000000000000  0.0000000000000000  0.0147000000000000
97.95920408163  0.0001000000000000  0.0000000000000000  0.0143000000000000
100.00000000000  0.0001000000000000  0.0000000000000000  0.0141000000000000
