52.03948096000  0.0000000000000000  0.0000000000000000
20459.14071604245  0.0000000000000000  10831028.6078999992460012
40866.24195112490  0.0000000000000000  44111361.4246999993920326
61273.34318620735  0.0000000000000000  89318097.0435000061988831
81680.44442128979  0.0000000000000000  134884542.2301000058650970
102087.54565637224  0.0000000000000000  180520460.4108999967575073
122494.64689145470  0.0000000000000000  226182539.7696000039577484
142901.74812653713  0.0000000000000000  271857381.3277000188827515
163308.84936161959  0.0000000000000000  317539422.3338999748229980
183715.95059670205  0.0000000000000000  363225928.0719000101089478
204123.05183178448  0.0000000000000000  408915394.8062999844551086
224530.15306686694  0.0000000000000000  454606926.4635999798774719
244937.25430194940  0.0000000000000000  500299955.5996000170707703
265344.35553703184  0.0000000000000000  545994105.3079999685287476
285751.45677211427  0.0000000000000000  591689115.4040999412536621
306158.55800719676  0.0000000000000000  637384800.4743000268936157
326565.65924227919  0.0000000000000000  683081024.8112000226974487
346972.76047736162  0.0000000000000000  728777686.8008999824523926
367379.86171244411  0.0000000000000000  774474708.8480999469757080
387786.96294752654  0.0000000000000000  820172030.6751999855041504
408194.06418260897  0.0000000000000000  865869604.7461999654769897
428601.16541769146  0.0000000000000000  911567393.0693000555038452
449008.26665277389  0.0000000000000000  957265364.9160000085830688
469415.36788785632  0.0000000000000000  1002963495.1643999814987183
489822.46912293881  0.0000000000000000  1048661763.0765999555587769
510229.57035802124  0.0000000000000000  1094360151.3824999332427979
530636.67159310367  0.0000000000000000  1140058645.5836999416351318
551043.77282818616  0.0000000000000000  1185757233.4193000793457031
571450.87406326854  0.0000000000000000  1231455904.4502999782562256
591857.97529835103  0.0000000000000000  1277154649.7332000732421875
612265.07653343352  0.0000000000000000  1322853461.5617001056671143
632672.17776851589  0.0000000000000000  1368552333.2595999240875244
653079.27900359838  0.0000000000000000  1414251259.0146999359130859
673486.38023868087  0.0000000000000000  1459950233.7432999610900879
693893.48147376324  0.0000000000000000  1505649252.9793000221252441
714300.58270884573  0.0000000000000000  1551348312.7834000587463379
734707.68394392822  0.0000000000000000  1597047409.6679000854492188
755114.78517901059  0.0000000000000000  1642746540.5334000587463379
775521.88641409308  0.0000000000000000  1688445702.6163001060485840
795928.98764917557  0.0000000000000000  1734144893.4447999000549316
816336.08888425794  0.0000000000000000  1779844110.8011999130249023
836743.19011934043  0.0000000000000000  1825543352.6900999546051025
857150.29135442292  0.0000000000000000  1871242617.3111000061035156
877557.39258950530  0.0000000000000000  1916941903.0360000133514404
897964.49382458779  0.0000000000000000  1962641208.3880000114440918
918371.59505967028  0.0000000000000000  2008340532.0253000259399414
938778.69629475265  0.0000000000000000  2054039872.7253000736236572
959185.79752983514  0.0000000000000000  2099739229.3721001148223877
979592.89876491763  0.0000000000000000  2145438600.9451000690460205
1000000.00000000000  0.0000000000000000  2191137986.5086998939514160
