0.00100000000  0.0000000000000000  0.0000000000000000  0.0000000000000000
2.04179591837  0.0018000000000000  0.0000000000000000  8.7636000000000003
4.08259183673  0.0052000000000000  0.0000000000000000  11.5861000000000001
6.12338775510  0.0033000000000000  0.0000000000000000  4.5999999999999996
8.16418367347  0.0029000000000000  0.0000000000000000  2.9325999999999999
10.20497959184  0.0027000000000000  0.0000000000000000  2.1566999999999998
12.24577551020  0.0025000000000000  0.0000000000000000  1.7045999999999999
14.28657142857  0.0023000000000000  0.0000000000000000  1.4087000000000001
16.32736734694  0.0022000000000000  0.0000000000000000  1.1986000000000001
18.36816326531  0.0021000000000000  0.0000000000000000  1.0423000000000000
20.40895918367  0.0020000000000000  0.0000000000000000  0.9225000000000000
22.44975510204  0.0019000000000000  0.0000000000000000  0.8270000000000000
24.49055102041  0.0018000000000000  0.0000000000000000  0.7486000000000000
26.53134693878  0.0018000000000000  0.0000000000000000  0.6835000000000000
28.57214285714  0.0017000000000000  0.0000000000000000  0.6287000000000000
30.61293877551  0.0016000000000000  0.0000000000000000  0.5820000000000000
32.65373469388  0.0016000000000000  0.0000000000000000  0.5416000000000000
34.69453061224  0.0015000000000000  0.0000000000000000  0.5063000000000000
36.73532653061  0.0014000000000000  0.0000000000000000  0.4753000000000000
38.77612244898  0.0014000000000000  0.0000000000000000  0.4478000000000000
40.81691836735  0.0013000000000000  0.0000000000000000  0.4232000000000000
42.85771428571  0.0013000000000000  0.0000000000000000  0.4010000000000000
44.89851020408  0.0013000000000000  0.0000000000000000  0.3809000000000000
46.93930612245  0.0012000000000000  0.0000000000000000  0.3626000000000000
48.98010204082  0.0012000000000000  0.0000000000000000  0.3459000000000000
51.02089795918  0.0012000000000000  0.0000000000000000  0.3307000000000000
53.06169387755  0.0011000000000000  0.0000000000000000  0.3169000000000000
55.10248979592  0.0011000000000000  0.0000000000000000  0.3042000000000000
57.14328571429  0.0010000000000000  0.0000000000000000  0.2924000000000000
59.18408163265  0.0010000000000000  0.0000000000000000  0.2815000000000000
61.22487755102  0.0010000000000000  0.0000000000000000  0.2712000000000000
63.26567346939  0.0010000000000000  0.0000000000000000  0.2615000000000000
65.30646938776  0.0010000000000000  0.0000000000000000  0.2525000000000000
67.34726530612  0.0009000000000000  0.0000000000000000  0.2439000000000000
69.38806122449  0.0009000000000000  0.0000000000000000  0.2359000000000000
71.42885714286  0.0009000000000000  0.0000000000000000  0.2285000000000000
73.46965306122  0.0009000000000000  0.0000000000000000  0.2214000000000000
75.51044897959  0.0009000000000000  0.0000000000000000  0.2149000000000000
77.55124489796  0.0008000000000000  0.0000000000000000  0.2087000000000000
79.59204081633  0.0008000000000000  0.0000000000000000  0.2029000000000000
81.63283673469  0.0008000000000000  0.0000000000000000  0.1974000000000000
83.67363265306  0.0008000000000000  0.0000000000000000  0.1922000000000000
85.71442857143  0.0008000000000000  0.0000000000000000  0.1872000000000000
87.75522448980  0.0007000000000000  0.0000000000000000  0.1825000000000000
89.79602040816  0.0007000000000000  0.0000000000000000  0.1780000000000000
91.83681632653  0.0007000000000000  0.0000000000000000  0.1736000000000000
93.87761224490  0.0007000000000000  0.0000000000000000  0.1695000000000000
95.91840816327  0.0007000000000000  0.0000000000000000  0.1654000000000000
97.95920408163  0.0007000000000000  0.0000000000000000  0.1615000000000000
100.00000000000  0.0007000000000000  0.0000000000000000  0.1578000000000000
