0.00100000000  0.0000000000000000  0.0000000000000000  0.0000000000000000
2.04179591837  0.0000000000000000  0.0000000000000000  3645.4531000000001768
4.08259183673  0.0000000000000000  0.0000000000000000  4884.7028000000000247
6.12338775510  0.0000000000000000  0.0000000000000000  1984.8083999999998923
8.16418367347  0.0000000000000000  0.0000000000000000  1278.4523999999998978
10.20497959184  0.0000000000000000  0.0000000000000000  947.3930000000000291
12.24577551020  0.0000000000000000  0.0000000000000000  753.5751000000000204
14.28657142857  0.0000000000000000  0.0000000000000000  625.9023999999999432
16.32736734694  0.0000000000000000  0.0000000000000000  535.3219000000000278
18.36816326531  0.0000000000000000  0.0000000000000000  467.6707000000000107
20.40895918367  0.0000000000000000  0.0000000000000000  415.1994000000000256
22.44975510204  0.0000000000000000  0.0000000000000000  373.3039999999999736
24.49055102041  0.0000000000000000  0.0000000000000000  339.0744000000000256
26.53134693878  0.0000000000000000  0.0000000000000000  310.5801000000000158
28.57214285714  0.0000000000000000  0.0000000000000000  286.4893999999999892
30.61293877551  0.0000000000000000  0.0000000000000000  265.8535999999999717
32.65373469388  0.0000000000000000  0.0000000000000000  247.9786000000000001
34.69453061224  0.0000000000000000  0.0000000000000000  232.3447999999999922
36.73532653061  0.0000000000000000  0.0000000000000000  218.5552000000000135
38.77612244898  0.0000000000000000  0.0000000000000000  206.3015000000000043
40.81691836735  0.0000000000000000  0.0000000000000000  195.3405999999999949
42.85771428571  0.0000000000000000  0.0000000000000000  185.4780000000000086
44.89851020408  0.0000000000000000  0.0000000000000000  176.5564999999999998
46.93930612245  0.0000000000000000  0.0000000000000000  168.4474999999999909
48.98010204082  0.0000000000000000  0.0000000000000000  161.0448000000000093
51.02089795918  0.0000000000000000  0.0000000000000000  154.2599999999999909
53.06169387755  0.0000000000000000  0.0000000000000000  148.0187999999999988
55.10248979592  0.0000000000000000  0.0000000000000000  142.2583999999999946
57.14328571429  0.0000000000000000  0.0000000000000000  136.9253999999999962
59.18408163265  0.0000000000000000  0.0000000000000000  131.9738000000000113
61.22487755102  0.0000000000000000  0.0000000000000000  127.3640999999999934
63.26567346939  0.0000000000000000  0.0000000000000000  123.0622000000000043
65.30646938776  0.0000000000000000  0.0000000000000000  119.0383000000000067
67.34726530612  0.0000000000000000  0.0000000000000000  115.2660999999999945
69.38806122449  0.0000000000000000  0.0000000000000000  111.7228999999999957
71.42885714286  0.0000000000000000  0.0000000000000000  108.3884999999999934
73.46965306122  0.0000000000000000  0.0000000000000000  105.2447999999999979
75.51044897959  0.0001000000000000  0.0000000000000000  102.2759999999999962
77.55124489796  0.0001000000000000  0.0000000000000000  99.4679000000000002
79.59204081633  0.0001000000000000  0.0000000000000000  96.8078000000000003
81.63283673469  0.0001000000000000  0.0000000000000000  94.2844000000000051
83.67363265306  0.0001000000000000  0.0000000000000000  91.8872999999999962
85.71442857143  0.0001000000000000  0.0000000000000000  89.6072999999999951
87.75522448980  0.0001000000000000  0.0000000000000000  87.4360999999999962
89.79602040816  0.0001000000000000  0.0000000000000000  85.3659999999999997
91.83681632653  0.0001000000000000  0.0000000000000000  83.3901999999999930
93.87761224490  0.0001000000000000  0.0000000000000000  81.5023000000000053
95.91840816327  0.0001000000000000  0.0000000000000000  79.6967000000000070
97.95920408163  0.0001000000000000  0.0000000000000000  77.9681000000000068
100.00000000000  0.0001000000000000  0.0000000000000000  76.3115999999999985
