0.00152600000  0.0000000000000000  0.0000000000000000  0.0000000000000000
2.04231118367  0.0031000000000000  0.0000000000000000  46.5033999999999992
4.08309636735  0.0055000000000000  0.0000000000000000  62.7950999999999979
6.12388155102  0.0039000000000000  0.0000000000000000  26.1654000000000018
8.16466673469  0.0035000000000000  0.0000000000000000  16.9278000000000013
10.20545191837  0.0032000000000000  0.0000000000000000  12.5647000000000002
12.24623710204  0.0031000000000000  0.0000000000000000  10.0015999999999998
14.28702228571  0.0030000000000000  0.0000000000000000  8.3102999999999998
16.32780746939  0.0029000000000000  0.0000000000000000  7.1086999999999998
18.36859265306  0.0028000000000000  0.0000000000000000  6.2110000000000003
20.40937783673  0.0028000000000000  0.0000000000000000  5.5141000000000000
22.45016302041  0.0027000000000000  0.0000000000000000  4.9574999999999996
24.49094820408  0.0026000000000000  0.0000000000000000  4.5027999999999997
26.53173338776  0.0026000000000000  0.0000000000000000  4.1242000000000001
28.57251857143  0.0025000000000000  0.0000000000000000  3.8039999999999998
30.61330375510  0.0025000000000000  0.0000000000000000  3.5295999999999998
32.65408893878  0.0025000000000000  0.0000000000000000  3.2919000000000000
34.69487412245  0.0024000000000000  0.0000000000000000  3.0840000000000001
36.73565930612  0.0024000000000000  0.0000000000000000  2.9007000000000001
38.77644448980  0.0024000000000000  0.0000000000000000  2.7378000000000000
40.81722967347  0.0024000000000000  0.0000000000000000  2.5918999999999999
42.85801485714  0.0024000000000000  0.0000000000000000  2.4607000000000001
44.89880004082  0.0024000000000000  0.0000000000000000  2.3420999999999998
46.93958522449  0.0023000000000000  0.0000000000000000  2.2343000000000002
48.98037040816  0.0023000000000000  0.0000000000000000  2.1358999999999999
51.02115559184  0.0023000000000000  0.0000000000000000  2.0457000000000001
53.06194077551  0.0023000000000000  0.0000000000000000  1.9625999999999999
55.10272595918  0.0023000000000000  0.0000000000000000  1.8858999999999999
57.14351114286  0.0023000000000000  0.0000000000000000  1.8149000000000000
59.18429632653  0.0023000000000000  0.0000000000000000  1.7490000000000001
61.22508151020  0.0023000000000000  0.0000000000000000  1.6878000000000000
63.26586669388  0.0022000000000000  0.0000000000000000  1.6307000000000000
65.30665187755  0.0022000000000000  0.0000000000000000  1.5771999999999999
67.34743706122  0.0022000000000000  0.0000000000000000  1.5269999999999999
69.38822224490  0.0022000000000000  0.0000000000000000  1.4798000000000000
71.42900742857  0.0023000000000000  0.0000000000000000  1.4353000000000000
73.46979261224  0.0024000000000000  0.0000000000000000  1.3933000000000000
75.51057779592  0.0024000000000000  0.0000000000000000  1.3536999999999999
77.55136297959  0.0025000000000000  0.0000000000000000  1.3163000000000000
79.59214816327  0.0025000000000000  0.0000000000000000  1.2808999999999999
81.63293334694  0.0024000000000000  0.0000000000000000  1.2474000000000001
83.67371853061  0.0024000000000000  0.0000000000000000  1.2155000000000000
85.71450371429  0.0024000000000000  0.0000000000000000  1.1852000000000000
87.75528889796  0.0023000000000000  0.0000000000000000  1.1564000000000001
89.79607408163  0.0023000000000000  0.0000000000000000  1.1289000000000000
91.83685926531  0.0022000000000000  0.0000000000000000  1.1027000000000000
93.87764444898  0.0022000000000000  0.0000000000000000  1.0775999999999999
95.91842963265  0.0022000000000000  0.0000000000000000  1.0536000000000001
97.95921481633  0.0023000000000000  0.0000000000000000  1.0305000000000000
100.00000000000  0.0023000000000000  0.0000000000000000  1.0083000000000000
