0.00100000000  0.0000000000000000  0.0000000000000000  0.0000000000000000
2.04179591837  0.0000000000000000  0.0000000000000000  1576.1425999999999021
4.08259183673  0.0000000000000000  0.0000000000000000  2101.6165999999998348
6.12338775510  0.0000000000000000  0.0000000000000000  840.6495999999999640
8.16418367347  0.0000000000000000  0.0000000000000000  540.2068000000000438
10.20497959184  0.0000000000000000  0.0000000000000000  399.9780999999999835
12.24577551020  0.0000000000000000  0.0000000000000000  318.0205000000000268
14.28657142857  0.0001000000000000  0.0000000000000000  264.0804999999999723
16.32736734694  0.0001000000000000  0.0000000000000000  225.8312999999999988
18.36816326531  0.0002000000000000  0.0000000000000000  197.2738999999999976
20.40895918367  0.0004000000000000  0.0000000000000000  175.1290999999999940
22.44975510204  0.0006000000000000  0.0000000000000000  157.4504000000000019
24.49055102041  0.0008000000000000  0.0000000000000000  143.0081999999999880
26.53134693878  0.0010000000000000  0.0000000000000000  130.9867000000000132
28.57214285714  0.0011000000000000  0.0000000000000000  120.8238000000000056
30.61293877551  0.0013000000000000  0.0000000000000000  112.1187999999999931
32.65373469388  0.0015000000000000  0.0000000000000000  104.5786999999999978
34.69453061224  0.0017000000000000  0.0000000000000000  97.9840999999999980
36.73532653061  0.0020000000000000  0.0000000000000000  92.1674000000000007
38.77612244898  0.0024000000000000  0.0000000000000000  86.9985999999999962
40.81691836735  0.0028000000000000  0.0000000000000000  82.3751000000000033
42.85771428571  0.0033000000000000  0.0000000000000000  78.2149000000000001
44.89851020408  0.0037000000000000  0.0000000000000000  74.4515999999999991
46.93930612245  0.0042000000000000  0.0000000000000000  71.0310999999999950
48.98010204082  0.0045000000000000  0.0000000000000000  67.9086000000000070
51.02089795918  0.0048000000000000  0.0000000000000000  65.0468999999999937
53.06169387755  0.0049000000000000  0.0000000000000000  62.4146000000000001
55.10248979592  0.0049000000000000  0.0000000000000000  59.9851999999999990
57.14328571429  0.0048000000000000  0.0000000000000000  57.7361999999999966
59.18408163265  0.0047000000000000  0.0000000000000000  55.6480999999999995
61.22487755102  0.0046000000000000  0.0000000000000000  53.7042000000000002
63.26567346939  0.0046000000000000  0.0000000000000000  51.8900999999999968
65.30646938776  0.0046000000000000  0.0000000000000000  50.1929999999999978
67.34726530612  0.0047000000000000  0.0000000000000000  48.6021000000000001
69.38806122449  0.0049000000000000  0.0000000000000000  47.1075000000000017
71.42885714286  0.0052000000000000  0.0000000000000000  45.7008999999999972
73.46965306122  0.0056000000000000  0.0000000000000000  44.3746000000000009
75.51044897959  0.0061000000000000  0.0000000000000000  43.1219999999999999
77.55124489796  0.0067000000000000  0.0000000000000000  41.9371000000000009
79.59204081633  0.0073000000000000  0.0000000000000000  40.8145000000000024
81.63283673469  0.0080000000000000  0.0000000000000000  39.7494000000000014
83.67363265306  0.0087000000000000  0.0000000000000000  38.7376000000000005
85.71442857143  0.0094000000000000  0.0000000000000000  37.7751999999999981
87.75522448980  0.0100000000000000  0.0000000000000000  36.8586999999999989
89.79602040816  0.0105000000000000  0.0000000000000000  35.9851999999999990
91.83681632653  0.0107000000000000  0.0000000000000000  35.1516000000000020
93.87761224490  0.0107000000000000  0.0000000000000000  34.3554999999999993
95.91840816327  0.0103000000000000  0.0000000000000000  33.5945999999999998
97.95920408163  0.0096000000000000  0.0000000000000000  32.8665000000000020
100.00000000000  0.0086000000000000  0.0000000000000000  32.1691999999999965
