52.03948096000  0.0000000000000000  0.0000000000000000
20459.14071604245  0.0000000000000000  342507.1979999999748543
40866.24195112490  0.0000000000000000  1394923.7279000000562519
61273.34318620735  0.0000000000000000  2824486.2291999999433756
81680.44442128979  0.0000000000000000  4265423.7457999996840954
102087.54565637224  0.0000000000000000  5708558.1913999998942018
122494.64689145470  0.0000000000000000  7152519.9259999999776483
142901.74812653713  0.0000000000000000  8596885.2368999999016523
163308.84936161959  0.0000000000000000  10041478.2142999991774559
183715.95059670205  0.0000000000000000  11486212.3789000008255243
204123.05183178448  0.0000000000000000  12931040.1784000005573034
224530.15306686694  0.0000000000000000  14375933.2764999996870756
244937.25430194940  0.0000000000000000  15820873.7291000001132488
265344.35553703184  0.0000000000000000  17265849.6171999983489513
285751.45677211427  0.0000000000000000  18710852.7133000008761883
306158.55800719676  0.0000000000000000  20155877.1537999995052814
326565.65924227919  0.0000000000000000  21600918.6475000008940697
346972.76047736162  0.0000000000000000  23045973.9809999987483025
367379.86171244411  0.0000000000000000  24491040.7005000002682209
387786.96294752654  0.0000000000000000  25936116.8999000005424023
408194.06418260897  0.0000000000000000  27381201.0758999995887280
428601.16541769146  0.0000000000000000  28826292.0271000005304813
449008.26665277389  0.0000000000000000  30271388.7818999998271465
469415.36788785632  0.0000000000000000  31716490.5458000004291534
489822.46912293881  0.0000000000000000  33161596.6629999987781048
510229.57035802124  0.0000000000000000  34606706.5873999968171120
530636.67159310367  0.0000000000000000  36051819.8605000004172325
551043.77282818616  0.0000000000000000  37496936.0945999994874001
571450.87406326854  0.0000000000000000  38942054.9596000015735626
591857.97529835103  0.0000000000000000  40387176.1724999994039536
612265.07653343352  0.0000000000000000  41832299.4899000003933907
632672.17776851589  0.0000000000000000  43277424.7004999965429306
653079.27900359838  0.0000000000000000  44722551.6204999983310699
673486.38023868087  0.0000000000000000  46167680.0891999974846840
693893.48147376324  0.0000000000000000  47612809.9654000028967857
714300.58270884573  0.0000000000000000  49057941.1243999972939491
734707.68394392822  0.0000000000000000  50503073.4560000002384186
755114.78517901059  0.0000000000000000  51948206.8621999993920326
775521.88641409308  0.0000000000000000  53393341.2555999979376793
795928.98764917557  0.0000000000000000  54838476.5579999983310699
816336.08888425794  0.0000000000000000  56283612.6991999968886375
836743.19011934043  0.0000000000000000  57728749.6163000017404556
857150.29135442292  0.0000000000000000  59173887.2521999999880791
877557.39258950530  0.0000000000000000  60619025.5555000007152557
897964.49382458779  0.0000000000000000  62064164.4794000014662743
918371.59505967028  0.0000000000000000  63509303.9816000014543533
938778.69629475265  0.0000000000000000  64954444.0232999995350838
959185.79752983514  0.0000000000000000  66399584.5693000033497810
979592.89876491763  0.0000000000000000  67844725.5873000025749207
1000000.00000000000  0.0000000000000000  69289867.0478000044822693
