23.20142891000  0.0000000000000000  0.0000000000000000
20430.89119566694  0.0000000000000000  1.1697000000000000
40838.58096242388  0.0000000000000000  4.8236999999999997
61246.27072918081  0.0000000000000000  9.8353999999999999
81653.96049593776  0.0000000000000000  14.8968000000000007
102061.65026269470  0.0000000000000000  19.9673000000000016
122469.34002945163  0.0000000000000000  25.0410000000000004
142877.02979620858  0.0000000000000000  30.1163999999999987
163284.71956296550  0.0000000000000000  35.1927000000000021
183692.40932972243  0.0000000000000000  40.2695000000000007
204100.09909647939  0.0000000000000000  45.3468000000000018
224507.78886323632  0.0000000000000000  50.4241999999999990
244915.47862999325  0.0000000000000000  55.5018999999999991
265323.16839675023  0.0000000000000000  60.5797000000000025
285730.85816350719  0.0000000000000000  65.6576000000000022
306138.54793026409  0.0000000000000000  70.7356000000000051
326546.23769702105  0.0000000000000000  75.8136999999999972
346953.92746377800  0.0000000000000000  80.8918000000000035
367361.61723053490  0.0000000000000000  85.9698999999999955
387769.30699729186  0.0000000000000000  91.0481000000000051
408176.99676404882  0.0000000000000000  96.1264000000000038
428584.68653080572  0.0000000000000000  101.2045999999999992
448992.37629756267  0.0000000000000000  106.2828999999999979
469400.06606431963  0.0000000000000000  111.3611999999999966
489807.75583107653  0.0000000000000000  116.4394999999999953
510215.44559783349  0.0000000000000000  121.5178999999999974
530623.13536459045  0.0000000000000000  126.5961999999999961
551030.82513134740  0.0000000000000000  131.6745999999999981
571438.51489810436  0.0000000000000000  136.7529000000000110
591846.20466486120  0.0000000000000000  141.8312999999999988
612253.89443161816  0.0000000000000000  146.9096999999999866
632661.58419837512  0.0000000000000000  151.9881000000000029
653069.27396513207  0.0000000000000000  157.0664999999999907
673476.96373188903  0.0000000000000000  162.1449000000000069
693884.65349864599  0.0000000000000000  167.2232999999999947
714292.34326540295  0.0000000000000000  172.3017000000000110
734700.03303215979  0.0000000000000000  177.3800999999999988
755107.72279891674  0.0000000000000000  182.4585999999999899
775515.41256567370  0.0000000000000000  187.5370000000000061
795923.10233243066  0.0000000000000000  192.6153999999999940
816330.79209918762  0.0000000000000000  197.6939000000000135
836738.48186594457  0.0000000000000000  202.7723000000000013
857146.17163270141  0.0000000000000000  207.8506999999999891
877553.86139945837  0.0000000000000000  212.9292000000000087
897961.55116621533  0.0000000000000000  218.0075999999999965
918369.24093297229  0.0000000000000000  223.0860999999999876
938776.93069972924  0.0000000000000000  228.1645000000000039
959184.62046648620  0.0000000000000000  233.2429999999999950
979592.31023324304  0.0000000000000000  238.3214000000000112
1000000.00000000000  0.0000000000000000  243.3999000000000024
