3.52321282000  0.0000000000000000  0.0000000000000000
20411.61457582367  0.0000000000000000  0.0008000000000000
40819.70593882735  0.0000000000000000  0.0033000000000000
61227.79730183102  0.0000000000000000  0.0068000000000000
81635.88866483470  0.0000000000000000  0.0102000000000000
102043.98002783838  0.0000000000000000  0.0136000000000000
122452.07139084204  0.0000000000000000  0.0168000000000000
142860.16275384571  0.0000000000000000  0.0199000000000000
163268.25411684939  0.0000000000000000  0.0229000000000000
183676.34547985307  0.0000000000000000  0.0257000000000000
204084.43684285675  0.0000000000000000  0.0283000000000000
224492.52820586041  0.0000000000000000  0.0307000000000000
244900.61956886409  0.0000000000000000  0.0330000000000000
265308.71093186777  0.0000000000000000  0.0351000000000000
285716.80229487142  0.0000000000000000  0.0371000000000000
306124.89365787513  0.0000000000000000  0.0390000000000000
326532.98502087878  0.0000000000000000  0.0407000000000000
346941.07638388244  0.0000000000000000  0.0424000000000000
367349.16774688615  0.0000000000000000  0.0439000000000000
387757.25910988980  0.0000000000000000  0.0454000000000000
408165.35047289351  0.0000000000000000  0.0467000000000000
428573.44183589716  0.0000000000000000  0.0480000000000000
448981.53319890081  0.0000000000000000  0.0492000000000000
469389.62456190452  0.0000000000000000  0.0503000000000000
489797.71592490817  0.0000000000000000  0.0514000000000000
510205.80728791183  0.0000000000000000  0.0524000000000000
530613.89865091548  0.0000000000000000  0.0534000000000000
551021.99001391919  0.0000000000000000  0.0543000000000000
571430.08137692278  0.0000000000000000  0.0552000000000000
591838.17273992649  0.0000000000000000  0.0560000000000000
612246.26410293020  0.0000000000000000  0.0568000000000000
632654.35546593380  0.0000000000000000  0.0576000000000000
653062.44682893751  0.0000000000000000  0.0583000000000000
673470.53819194122  0.0000000000000000  0.0590000000000000
693878.62955494481  0.0000000000000000  0.0596000000000000
714286.72091794852  0.0000000000000000  0.0603000000000000
734694.81228095223  0.0000000000000000  0.0609000000000000
755102.90364395583  0.0000000000000000  0.0614000000000000
775510.99500695954  0.0000000000000000  0.0620000000000000
795919.08636996325  0.0000000000000000  0.0625000000000000
816327.17773296696  0.0000000000000000  0.0630000000000000
836735.26909597055  0.0000000000000000  0.0635000000000000
857143.36045897426  0.0000000000000000  0.0640000000000000
877551.45182197797  0.0000000000000000  0.0645000000000000
897959.54318498156  0.0000000000000000  0.0649000000000000
918367.63454798528  0.0000000000000000  0.0653000000000000
938775.72591098899  0.0000000000000000  0.0657000000000000
959183.81727399258  0.0000000000000000  0.0661000000000000
979591.90863699629  0.0000000000000000  0.0665000000000000
1000000.00000000000  0.0000000000000000  0.0669000000000000
