0.00100000000  0.0000000000000000  0.0000000000000000  0.0000000000000000
2.04179591837  0.0001000000000000  0.0000000000000000  278.0584000000000060
4.08259183673  0.0012000000000000  0.0000000000000000  371.3713000000000193
6.12338775510  0.0015000000000000  0.0000000000000000  149.3290000000000077
8.16418367347  0.0018000000000000  0.0000000000000000  96.0197000000000003
10.20497959184  0.0020000000000000  0.0000000000000000  71.1076999999999941
12.24577551020  0.0022000000000000  0.0000000000000000  56.5414000000000030
14.28657142857  0.0023000000000000  0.0000000000000000  46.9528000000000034
16.32736734694  0.0024000000000000  0.0000000000000000  40.1527000000000029
18.36816326531  0.0025000000000000  0.0000000000000000  35.0754000000000019
20.40895918367  0.0025000000000000  0.0000000000000000  31.1380000000000017
22.44975510204  0.0026000000000000  0.0000000000000000  27.9945999999999984
24.49055102041  0.0026000000000000  0.0000000000000000  25.4266000000000005
26.53134693878  0.0026000000000000  0.0000000000000000  23.2892000000000010
28.57214285714  0.0025000000000000  0.0000000000000000  21.4820999999999991
30.61293877551  0.0025000000000000  0.0000000000000000  19.9343000000000004
32.65373469388  0.0025000000000000  0.0000000000000000  18.5934999999999988
34.69453061224  0.0026000000000000  0.0000000000000000  17.4208999999999996
36.73532653061  0.0026000000000000  0.0000000000000000  16.3867000000000012
38.77612244898  0.0026000000000000  0.0000000000000000  15.4675999999999991
40.81691836735  0.0025000000000000  0.0000000000000000  14.6456000000000000
42.85771428571  0.0025000000000000  0.0000000000000000  13.9060000000000006
44.89851020408  0.0025000000000000  0.0000000000000000  13.2369000000000003
46.93930612245  0.0025000000000000  0.0000000000000000  12.6288000000000000
48.98010204082  0.0025000000000000  0.0000000000000000  12.0736000000000008
51.02089795918  0.0025000000000000  0.0000000000000000  11.5647000000000002
53.06169387755  0.0025000000000000  0.0000000000000000  11.0967000000000002
55.10248979592  0.0025000000000000  0.0000000000000000  10.6646999999999998
57.14328571429  0.0025000000000000  0.0000000000000000  10.2647999999999993
59.18408163265  0.0025000000000000  0.0000000000000000  9.8934999999999995
61.22487755102  0.0025000000000000  0.0000000000000000  9.5478000000000005
63.26567346939  0.0024000000000000  0.0000000000000000  9.2251999999999992
65.30646938776  0.0024000000000000  0.0000000000000000  8.9234000000000009
67.34726530612  0.0024000000000000  0.0000000000000000  8.6404999999999994
69.38806122449  0.0024000000000000  0.0000000000000000  8.3748000000000005
71.42885714286  0.0024000000000000  0.0000000000000000  8.1248000000000005
73.46965306122  0.0024000000000000  0.0000000000000000  7.8890000000000002
75.51044897959  0.0024000000000000  0.0000000000000000  7.6664000000000003
77.55124489796  0.0024000000000000  0.0000000000000000  7.4558000000000000
79.59204081633  0.0024000000000000  0.0000000000000000  7.2564000000000002
81.63283673469  0.0024000000000000  0.0000000000000000  7.0671999999999997
83.67363265306  0.0023000000000000  0.0000000000000000  6.8875000000000002
85.71442857143  0.0023000000000000  0.0000000000000000  6.7164999999999999
87.75522448980  0.0023000000000000  0.0000000000000000  6.5537000000000001
89.79602040816  0.0023000000000000  0.0000000000000000  6.3985000000000003
91.83681632653  0.0022000000000000  0.0000000000000000  6.2503000000000002
93.87761224490  0.0022000000000000  0.0000000000000000  6.1087999999999996
95.91840816327  0.0023000000000000  0.0000000000000000  5.9733000000000001
97.95920408163  0.0023000000000000  0.0000000000000000  5.8437000000000001
100.00000000000  0.0023000000000000  0.0000000000000000  5.7194000000000003
