0.07906000000  0.0000000000000000  0.0000000000000000  0.0000000000000000
2.11826285714  0.0000000000000000  0.0000000000000000  5853.2452999999995882
4.15746571429  0.0000000000000000  0.0000000000000000  12287.3348999999998341
6.19666857143  0.0000000000000000  0.0000000000000000  11721.2646999999997206
8.23587142857  0.0000000000000000  0.0000000000000000  9687.0655000000006112
10.27507428571  0.0000000000000000  0.0000000000000000  8151.4938000000001921
12.31427714286  0.0000000000000000  0.0000000000000000  7017.0537000000003900
14.35348000000  0.0000000000000000  0.0000000000000000  6154.7875000000003638
16.39268285714  0.0000000000000000  0.0000000000000000  5479.6359000000002197
18.43188571429  0.0000000000000000  0.0000000000000000  4937.3473999999996522
20.47108857143  0.0000000000000000  0.0000000000000000  4492.4320999999999913
22.51029142857  0.0000000000000000  0.0000000000000000  4120.8878999999997177
24.54949428571  0.0000000000000000  0.0000000000000000  3805.9600999999997839
26.58869714286  0.0000000000000000  0.0000000000000000  3535.6194000000000415
28.62790000000  0.0000000000000000  0.0000000000000000  3301.0135000000000218
30.66710285714  0.0000000000000000  0.0000000000000000  3095.4866000000001804
32.70630571429  0.0000000000000000  0.0000000000000000  2913.9391000000000531
34.74550857143  0.0000000000000000  0.0000000000000000  2752.3987000000001899
36.78471142857  0.0000000000000000  0.0000000000000000  2607.7251999999998588
38.82391428571  0.0000000000000000  0.0000000000000000  2477.4034999999998945
40.86311714286  0.0000000000000000  0.0000000000000000  2359.3955000000000837
42.90232000000  0.0000000000000000  0.0000000000000000  2252.0320999999999003
44.94152285714  0.0000000000000000  0.0000000000000000  2153.9331000000001950
46.98072571429  0.0000000000000000  0.0000000000000000  2063.9475999999999658
49.01992857143  0.0000000000000000  0.0000000000000000  1981.1077000000000226
51.05913142857  0.0000000000000000  0.0000000000000000  1904.5941000000000258
53.09833428571  0.0000000000000000  0.0000000000000000  1833.7080000000000837
55.13753714286  0.0000000000000000  0.0000000000000000  1767.8504000000000360
57.17674000000  0.0000000000000000  0.0000000000000000  1706.5041000000001077
59.21594285714  0.0000000000000000  0.0000000000000000  1649.2208000000000538
61.25514571429  0.0000000000000000  0.0000000000000000  1595.6096999999999753
63.29434857143  0.0000000000000000  0.0000000000000000  1545.3287000000000262
65.33355142857  0.0000000000000000  0.0000000000000000  1498.0769000000000233
67.37275428571  0.0000000000000000  0.0000000000000000  1453.5886000000000422
69.41195714286  0.0000000000000000  0.0000000000000000  1411.6283000000000811
71.45116000000  0.0000000000000000  0.0000000000000000  1371.9866999999999280
73.49036285714  0.0000000000000000  0.0000000000000000  1334.4767999999999120
75.52956571429  0.0000000000000000  0.0000000000000000  1298.9313999999999396
77.56876857143  0.0000000000000000  0.0000000000000000  1265.2001999999999953
79.60797142857  0.0000000000000000  0.0000000000000000  1233.1478999999999360
81.64717428571  0.0000000000000000  0.0000000000000000  1202.6522999999999683
83.68637714286  0.0000000000000000  0.0000000000000000  1173.6030000000000655
85.72558000000  0.0000000000000000  0.0000000000000000  1145.8994999999999891
87.76478285714  0.0000000000000000  0.0000000000000000  1119.4505999999998949
89.80398571429  0.0000000000000000  0.0000000000000000  1094.1730000000000018
91.84318857143  0.0000000000000000  0.0000000000000000  1069.9909000000000106
93.88239142857  0.0000000000000000  0.0000000000000000  1046.8345999999999094
95.92159428571  0.0000000000000000  0.0000000000000000  1024.6403000000000247
97.96079714286  0.0000000000000000  0.0000000000000000  1003.3495000000000346
100.00000000000  0.0000000000000000  0.0000000000000000  982.9081999999999653
