0.01098500000  0.0000000000000000  0.0000000000000000  0.0000000000000000
2.05157714286  0.4837000000000000  0.0000000000000000  5.0662000000000003
4.09216928571  1.4936000000000000  0.0000000000000000  6.5395000000000003
6.13276142857  0.9129000000000000  0.0000000000000000  3.1676000000000002
8.17335357143  0.4835000000000000  0.0000000000000000  2.2863000000000002
10.21394571429  0.1559000000000000  0.0000000000000000  1.9149000000000000
12.25453785714  0.0088000000000000  0.0000000000000000  1.6223000000000001
14.29513000000  0.0054000000000000  0.0000000000000000  1.3564000000000001
16.33572214286  0.0032000000000000  0.0000000000000000  1.1614000000000000
18.37631428571  0.0031000000000000  0.0000000000000000  1.0152000000000001
20.41690642857  0.0026000000000000  0.0000000000000000  0.9016999999999999
22.45749857143  0.0024000000000000  0.0000000000000000  0.8098000000000000
24.49809071429  0.0022000000000000  0.0000000000000000  0.7349000000000000
26.53868285714  0.0021000000000000  0.0000000000000000  0.6729000000000001
28.57927500000  0.0019000000000000  0.0000000000000000  0.6201000000000000
30.61986714286  0.0018000000000000  0.0000000000000000  0.5743000000000000
32.66045928571  0.0017000000000000  0.0000000000000000  0.5348000000000001
34.70105142857  0.0016000000000000  0.0000000000000000  0.5007000000000000
36.74164357143  0.0016000000000000  0.0000000000000000  0.4702000000000000
38.78223571429  0.0015000000000000  0.0000000000000000  0.4429000000000000
40.82282785714  0.0015000000000000  0.0000000000000000  0.4185000000000000
42.86342000000  0.0014000000000000  0.0000000000000000  0.3968000000000000
44.90401214286  0.0014000000000000  0.0000000000000000  0.3773000000000000
46.94460428571  0.0013000000000000  0.0000000000000000  0.3595000000000000
48.98519642857  0.0013000000000000  0.0000000000000000  0.3433000000000000
51.02578857143  0.0012000000000000  0.0000000000000000  0.3284000000000000
53.06638071429  0.0012000000000000  0.0000000000000000  0.3146000000000000
55.10697285714  0.0011000000000000  0.0000000000000000  0.3020000000000000
57.14756500000  0.0011000000000000  0.0000000000000000  0.2903000000000000
59.18815714286  0.0011000000000000  0.0000000000000000  0.2795000000000000
61.22874928571  0.0010000000000000  0.0000000000000000  0.2694000000000000
63.26934142857  0.0010000000000000  0.0000000000000000  0.2600000000000000
65.30993357143  0.0010000000000000  0.0000000000000000  0.2511000000000000
67.35052571429  0.0010000000000000  0.0000000000000000  0.2427000000000000
69.39111785714  0.0009000000000000  0.0000000000000000  0.2348000000000000
71.43171000000  0.0009000000000000  0.0000000000000000  0.2274000000000000
73.47230214286  0.0009000000000000  0.0000000000000000  0.2204000000000000
75.51289428571  0.0009000000000000  0.0000000000000000  0.2138000000000000
77.55348642857  0.0009000000000000  0.0000000000000000  0.2077000000000000
79.59407857143  0.0008000000000000  0.0000000000000000  0.2019000000000000
81.63467071429  0.0008000000000000  0.0000000000000000  0.1964000000000000
83.67526285714  0.0008000000000000  0.0000000000000000  0.1913000000000000
85.71585500000  0.0008000000000000  0.0000000000000000  0.1864000000000000
87.75644714286  0.0007000000000000  0.0000000000000000  0.1817000000000000
89.79703928571  0.0007000000000000  0.0000000000000000  0.1773000000000000
91.83763142857  0.0007000000000000  0.0000000000000000  0.1730000000000000
93.87822357143  0.0007000000000000  0.0000000000000000  0.1688000000000000
95.91881571429  0.0007000000000000  0.0000000000000000  0.1648000000000000
97.95940785714  0.0007000000000000  0.0000000000000000  0.1609000000000000
100.00000000000  0.0007000000000000  0.0000000000000000  0.1570000000000000
