13.54053789000  0.0000000000000000  0.0000000000000000
20421.42746568816  0.0000000000000000  1.4194000000000000
40829.31439348633  0.0000000000000000  5.8635000000000002
61237.20132128449  0.0000000000000000  11.9654000000000007
81645.08824908265  0.0000000000000000  18.1277000000000008
102052.97517688081  0.0000000000000000  24.3005999999999993
122460.86210467898  0.0000000000000000  30.4773999999999994
142868.74903247712  0.0000000000000000  36.6559999999999988
163276.63596027528  0.0000000000000000  42.8357000000000028
183684.52288807344  0.0000000000000000  49.0159999999999982
204092.40981587159  0.0000000000000000  55.1966999999999999
224500.29674366975  0.0000000000000000  61.3778000000000006
244908.18367146794  0.0000000000000000  67.5591000000000008
265316.07059926610  0.0000000000000000  73.7404999999999973
285723.95752706425  0.0000000000000000  79.9221000000000004
306131.84445486241  0.0000000000000000  86.1037000000000035
326539.73138266057  0.0000000000000000  92.2854999999999990
346947.61831045873  0.0000000000000000  98.4672999999999945
367355.50523825688  0.0000000000000000  104.6491000000000042
387763.39216605504  0.0000000000000000  110.8310000000000031
408171.27909385320  0.0000000000000000  117.0129000000000019
428579.16602165136  0.0000000000000000  123.1949000000000041
448987.05294944951  0.0000000000000000  129.3769000000000062
469394.93987724767  0.0000000000000000  135.5588999999999942
489802.82680504589  0.0000000000000000  141.7409000000000106
510210.71373284404  0.0000000000000000  147.9230000000000018
530618.60066064226  0.0000000000000000  154.1049999999999898
551026.48758844042  0.0000000000000000  160.2871000000000095
571434.37451623857  0.0000000000000000  166.4692000000000007
591842.26144403673  0.0000000000000000  172.6512999999999920
612250.14837183489  0.0000000000000000  178.8334000000000117
632658.03529963305  0.0000000000000000  185.0155000000000030
653065.92222743121  0.0000000000000000  191.1976999999999975
673473.80915522936  0.0000000000000000  197.3797999999999888
693881.69608302752  0.0000000000000000  203.5620000000000118
714289.58301082568  0.0000000000000000  209.7441000000000031
734697.46993862384  0.0000000000000000  215.9262999999999977
755105.35686642199  0.0000000000000000  222.1083999999999889
775513.24379422015  0.0000000000000000  228.2906000000000120
795921.13072201831  0.0000000000000000  234.4727000000000032
816329.01764981647  0.0000000000000000  240.6548999999999978
836736.90457761462  0.0000000000000000  246.8370999999999924
857144.79150541278  0.0000000000000000  253.0192999999999870
877552.67843321094  0.0000000000000000  259.2015000000000100
897960.56536100910  0.0000000000000000  265.3836000000000013
918368.45228880725  0.0000000000000000  271.5658000000000243
938776.33921660541  0.0000000000000000  277.7479999999999905
959184.22614440357  0.0000000000000000  283.9302000000000135
979592.11307220184  0.0000000000000000  290.1123999999999796
1000000.00000000000  0.0000000000000000  296.2946000000000026
