0.00100000000  0.0000000000000000  0.0000000000000000  0.0000000000000000
2.04179591837  0.0025000000000000  0.0000000000000000  3.3569000000000000
4.08259183673  0.0060000000000000  0.0000000000000000  4.0951000000000004
6.12338775510  0.0033000000000000  0.0000000000000000  1.5126999999999999
8.16418367347  0.0026000000000000  0.0000000000000000  0.9045000000000000
10.20497959184  0.0022000000000000  0.0000000000000000  0.6264999999999999
12.24577551020  0.0019000000000000  0.0000000000000000  0.4679000000000000
14.28657142857  0.0017000000000000  0.0000000000000000  0.3682000000000000
16.32736734694  0.0016000000000000  0.0000000000000000  0.2990000000000000
18.36816326531  0.0015000000000000  0.0000000000000000  0.2484000000000000
20.40895918367  0.0013000000000000  0.0000000000000000  0.2102000000000000
22.44975510204  0.0013000000000000  0.0000000000000000  0.1808000000000000
24.49055102041  0.0012000000000000  0.0000000000000000  0.1578000000000000
26.53134693878  0.0011000000000000  0.0000000000000000  0.1396000000000000
28.57214285714  0.0010000000000000  0.0000000000000000  0.1250000000000000
30.61293877551  0.0010000000000000  0.0000000000000000  0.1129000000000000
32.65373469388  0.0009000000000000  0.0000000000000000  0.1026000000000000
34.69453061224  0.0009000000000000  0.0000000000000000  0.0933000000000000
36.73532653061  0.0008000000000000  0.0000000000000000  0.0849000000000000
38.77612244898  0.0008000000000000  0.0000000000000000  0.0773000000000000
40.81691836735  0.0008000000000000  0.0000000000000000  0.0705000000000000
42.85771428571  0.0007000000000000  0.0000000000000000  0.0645000000000000
44.89851020408  0.0007000000000000  0.0000000000000000  0.0593000000000000
46.93930612245  0.0007000000000000  0.0000000000000000  0.0548000000000000
48.98010204082  0.0007000000000000  0.0000000000000000  0.0510000000000000
51.02089795918  0.0006000000000000  0.0000000000000000  0.0478000000000000
53.06169387755  0.0006000000000000  0.0000000000000000  0.0451000000000000
55.10248979592  0.0006000000000000  0.0000000000000000  0.0429000000000000
57.14328571429  0.0006000000000000  0.0000000000000000  0.0411000000000000
59.18408163265  0.0005000000000000  0.0000000000000000  0.0394000000000000
61.22487755102  0.0005000000000000  0.0000000000000000  0.0379000000000000
63.26567346939  0.0005000000000000  0.0000000000000000  0.0364000000000000
65.30646938776  0.0005000000000000  0.0000000000000000  0.0348000000000000
67.34726530612  0.0005000000000000  0.0000000000000000  0.0332000000000000
69.38806122449  0.0005000000000000  0.0000000000000000  0.0316000000000000
71.42885714286  0.0004000000000000  0.0000000000000000  0.0299000000000000
73.46965306122  0.0004000000000000  0.0000000000000000  0.0282000000000000
75.51044897959  0.0004000000000000  0.0000000000000000  0.0266000000000000
77.55124489796  0.0004000000000000  0.0000000000000000  0.0250000000000000
79.59204081633  0.0004000000000000  0.0000000000000000  0.0235000000000000
81.63283673469  0.0004000000000000  0.0000000000000000  0.0221000000000000
83.67363265306  0.0004000000000000  0.0000000000000000  0.0208000000000000
85.71442857143  0.0004000000000000  0.0000000000000000  0.0196000000000000
87.75522448980  0.0004000000000000  0.0000000000000000  0.0185000000000000
89.79602040816  0.0004000000000000  0.0000000000000000  0.0177000000000000
91.83681632653  0.0004000000000000  0.0000000000000000  0.0170000000000000
93.87761224490  0.0003000000000000  0.0000000000000000  0.0165000000000000
95.91840816327  0.0003000000000000  0.0000000000000000  0.0161000000000000
97.95920408163  0.0003000000000000  0.0000000000000000  0.0160000000000000
100.00000000000  0.0003000000000000  0.0000000000000000  0.0162000000000000
