0.04498400000  0.0000000000000000  0.0000000000000000  0.0000000000000000
2.08488228571  0.2392000000000000  0.0000000000000000  1.8995000000000000
4.12478057143  1.2757000000000001  0.0000000000000000  2.4738000000000002
6.16467885714  1.5125000000000000  0.0000000000000000  1.2909999999999999
8.20457714286  1.3940999999999999  0.0000000000000000  0.7410000000000000
10.24447542857  1.2258000000000000  0.0000000000000000  0.4947000000000000
12.28437371429  1.0738000000000001  0.0000000000000000  0.3670000000000000
14.32427200000  0.9479000000000000  0.0000000000000000  0.2916000000000000
16.36417028571  0.8359000000000000  0.0000000000000000  0.2517000000000000
18.40406857143  0.7435000000000000  0.0000000000000000  0.2253000000000000
20.44396685714  0.6633000000000000  0.0000000000000000  0.2102000000000000
22.48386514286  0.5908000000000000  0.0000000000000000  0.2044000000000000
24.52376342857  0.5316000000000000  0.0000000000000000  0.1981000000000000
26.56366171429  0.4734000000000000  0.0000000000000000  0.2008000000000000
28.60356000000  0.4136000000000000  0.0000000000000000  0.2129000000000000
30.64345828571  0.3586000000000000  0.0000000000000000  0.2264000000000000
32.68335657143  0.3046000000000000  0.0000000000000000  0.2439000000000000
34.72325485714  0.2535000000000000  0.0000000000000000  0.2621000000000000
36.76315314286  0.2062000000000000  0.0000000000000000  0.2791000000000000
38.80305142857  0.1580000000000000  0.0000000000000000  0.2983000000000000
40.84294971429  0.1108000000000000  0.0000000000000000  0.3173000000000000
42.88284800000  0.0700000000000000  0.0000000000000000  0.3309000000000000
44.92274628571  0.0386000000000000  0.0000000000000000  0.3372000000000000
46.96264457143  0.0174000000000000  0.0000000000000000  0.3365000000000000
49.00254285714  0.0058000000000000  0.0000000000000000  0.3296000000000000
51.04244114286  0.0015000000000000  0.0000000000000000  0.3184000000000000
53.08233942857  0.0016000000000000  0.0000000000000000  0.3049000000000000
55.12223771429  0.0028000000000000  0.0000000000000000  0.2918000000000000
57.16213600000  0.0029000000000000  0.0000000000000000  0.2807000000000000
59.20203428571  0.0023000000000000  0.0000000000000000  0.2712000000000000
61.24193257143  0.0018000000000000  0.0000000000000000  0.2624000000000000
63.28183085714  0.0016000000000000  0.0000000000000000  0.2537000000000000
65.32172914286  0.0015000000000000  0.0000000000000000  0.2454000000000000
67.36162742857  0.0015000000000000  0.0000000000000000  0.2374000000000000
69.40152571429  0.0015000000000000  0.0000000000000000  0.2300000000000000
71.44142400000  0.0014000000000000  0.0000000000000000  0.2230000000000000
73.48132228571  0.0013000000000000  0.0000000000000000  0.2163000000000000
75.52122057143  0.0012000000000000  0.0000000000000000  0.2101000000000000
77.56111885714  0.0012000000000000  0.0000000000000000  0.2041000000000000
79.60101714286  0.0011000000000000  0.0000000000000000  0.1985000000000000
81.64091542857  0.0011000000000000  0.0000000000000000  0.1931000000000000
83.68081371429  0.0011000000000000  0.0000000000000000  0.1881000000000000
85.72071200000  0.0010000000000000  0.0000000000000000  0.1833000000000000
87.76061028571  0.0010000000000000  0.0000000000000000  0.1787000000000000
89.80050857143  0.0009000000000000  0.0000000000000000  0.1744000000000000
91.84040685714  0.0009000000000000  0.0000000000000000  0.1703000000000000
93.88030514286  0.0009000000000000  0.0000000000000000  0.1663000000000000
95.92020342857  0.0009000000000000  0.0000000000000000  0.1625000000000000
97.96010171429  0.0008000000000000  0.0000000000000000  0.1588000000000000
100.00000000000  0.0008000000000000  0.0000000000000000  0.1552000000000000
