10.34419048000  0.0000000000000000  0.0000000000000000
20418.29634985796  0.0000000000000000  0.6501000000000000
40826.24850923592  0.0000000000000000  2.6865000000000001
61234.20066861388  0.0000000000000000  5.4828000000000001
81642.15282799184  0.0000000000000000  8.3061000000000007
102050.10498736981  0.0000000000000000  11.1341000000000001
122458.05714674776  0.0000000000000000  13.9638000000000009
142866.00930612575  0.0000000000000000  16.7943999999999996
163273.96146550370  0.0000000000000000  19.6253999999999991
183681.91362488165  0.0000000000000000  22.4567000000000014
204089.86578425963  0.0000000000000000  25.2881000000000000
224497.81794363758  0.0000000000000000  28.1197000000000017
244905.77010301553  0.0000000000000000  30.9513999999999996
265313.72226239351  0.0000000000000000  33.7832000000000008
285721.67442177149  0.0000000000000000  36.6150000000000020
306129.62658114941  0.0000000000000000  39.4468999999999994
326537.57874052739  0.0000000000000000  42.2787999999999968
346945.53089990537  0.0000000000000000  45.1107999999999976
367353.48305928329  0.0000000000000000  47.9427000000000021
387761.43521866127  0.0000000000000000  50.7747000000000028
408169.38737803925  0.0000000000000000  53.6066999999999965
428577.33953741717  0.0000000000000000  56.4386999999999972
448985.29169679515  0.0000000000000000  59.2706999999999979
469393.24385617313  0.0000000000000000  62.1028000000000020
489801.19601555105  0.0000000000000000  64.9347999999999956
510209.14817492903  0.0000000000000000  67.7669000000000068
530617.10033430695  0.0000000000000000  70.5989000000000004
551025.05249368493  0.0000000000000000  73.4309999999999974
571433.00465306290  0.0000000000000000  76.2630000000000052
591840.95681244077  0.0000000000000000  79.0951000000000022
612248.90897181875  0.0000000000000000  81.9271999999999991
632656.86113119673  0.0000000000000000  84.7592999999999961
653064.81329057470  0.0000000000000000  87.5913000000000039
673472.76544995268  0.0000000000000000  90.4234000000000009
693880.71760933066  0.0000000000000000  93.2554999999999978
714288.66976870864  0.0000000000000000  96.0875999999999948
734696.62192808650  0.0000000000000000  98.9197000000000060
755104.57408746448  0.0000000000000000  101.7518000000000029
775512.52624684246  0.0000000000000000  104.5838999999999999
795920.47840622044  0.0000000000000000  107.4159999999999968
816328.43056559842  0.0000000000000000  110.2480999999999938
836736.38272497640  0.0000000000000000  113.0802000000000049
857144.33488435426  0.0000000000000000  115.9123000000000019
877552.28704373224  0.0000000000000000  118.7443999999999988
897960.23920311022  0.0000000000000000  121.5764999999999958
918368.19136248820  0.0000000000000000  124.4086000000000070
938776.14352186618  0.0000000000000000  127.2407000000000039
959184.09568124416  0.0000000000000000  130.0728000000000009
979592.04784062202  0.0000000000000000  132.9048999999999978
1000000.00000000000  0.0000000000000000  135.7370999999999981
