52.03948096000  0.0000000000000000  0.0000000000000000
20459.14071604245  0.0000000000000000  812212.5633000000379980
40866.24195112490  0.0000000000000000  3307885.4492000001482666
61273.34318620735  0.0000000000000000  6697912.3749000001698732
81680.44442128979  0.0000000000000000  10114913.7127000000327826
102087.54565637224  0.0000000000000000  13537124.7902000006288290
122494.64689145470  0.0000000000000000  16961297.6792999990284443
142901.74812653713  0.0000000000000000  20386427.5982999987900257
163308.84936161959  0.0000000000000000  23812097.3997000008821487
183715.95059670205  0.0000000000000000  27238102.0087999999523163
204123.05183178448  0.0000000000000000  30664328.6612999998033047
224530.15306686694  0.0000000000000000  34090710.1612000018358231
244937.25430194940  0.0000000000000000  37517203.9561000019311905
265344.35553703184  0.0000000000000000  40943781.7820999994874001
285751.45677211427  0.0000000000000000  44370424.1281000003218651
306158.55800719676  0.0000000000000000  47797117.0900000035762787
326565.65924227919  0.0000000000000000  51223850.4912000000476837
346972.76047736162  0.0000000000000000  54650616.7116999998688698
367379.86171244411  0.0000000000000000  58077409.9328000023961067
387786.96294752654  0.0000000000000000  61504225.6340999975800514
408194.06418260897  0.0000000000000000  64931060.2511000037193298
428601.16541769146  0.0000000000000000  68357910.9346999973058701
449008.26665277389  0.0000000000000000  71784775.3806000053882599
469415.36788785632  0.0000000000000000  75211651.7049999982118607
489822.46912293881  0.0000000000000000  78638538.3527999967336655
510229.57035802124  0.0000000000000000  82065434.0286999940872192
530636.67159310367  0.0000000000000000  85492337.6457999944686890
551043.77282818616  0.0000000000000000  88919248.2844000011682510
571450.87406326854  0.0000000000000000  92346165.1616999953985214
591857.97529835103  0.0000000000000000  95773087.6071999967098236
612265.07653343352  0.0000000000000000  99200015.0428999960422516
632672.17776851589  0.0000000000000000  102626946.9681999981403351
653079.27900359838  0.0000000000000000  106053882.9472000002861023
673486.38023868087  0.0000000000000000  109480822.5986000001430511
693893.48147376324  0.0000000000000000  112907765.5876999944448471
714300.58270884573  0.0000000000000000  116334711.6189000010490417
734707.68394392822  0.0000000000000000  119761660.4308000057935715
755114.78517901059  0.0000000000000000  123188611.7909000068902969
775521.88641409308  0.0000000000000000  126615565.4919999986886978
795928.98764917557  0.0000000000000000  130042521.3487000018358231
816336.08888425794  0.0000000000000000  133469479.1947000026702881
836743.19011934043  0.0000000000000000  136896438.8802999854087830
857150.29135442292  0.0000000000000000  140323400.2707000076770782
877557.39258950530  0.0000000000000000  143750363.2436000108718872
897964.49382458779  0.0000000000000000  147177327.6883000135421753
918371.59505967028  0.0000000000000000  150604293.5042999982833862
938778.69629475265  0.0000000000000000  154031260.5997000038623810
959185.79752983514  0.0000000000000000  157458228.8910000026226044
979592.89876491763  0.0000000000000000  160885198.3016000092029572
1000000.00000000000  0.0000000000000000  164312168.7614000141620636
