116.72158596000  0.0000000000000000  0.0000000000000000
20522.50277808326  0.0000000000000000  41.5559999999999974
40928.28397020652  0.0000000000000000  153.3035999999999888
61334.06516232979  0.0000000000000000  293.5815999999999804
81739.84635445305  0.0000000000000000  433.8294999999999959
102145.62754657632  0.0000000000000000  574.1947999999999865
122551.40873869958  0.0000000000000000  714.6268999999999778
142957.18993082287  0.0000000000000000  855.0987999999999829
163362.97112294612  0.0000000000000000  995.5960000000000036
183768.75231506937  0.0000000000000000  1136.1104000000000269
204174.53350719265  0.0000000000000000  1276.6369999999999436
224580.31469931593  0.0000000000000000  1417.1723999999999251
244986.09589143918  0.0000000000000000  1557.7146999999999935
265391.87708356243  0.0000000000000000  1698.2620999999999185
285797.65827568574  0.0000000000000000  1838.8136999999999261
306203.43946780899  0.0000000000000000  1979.3686000000000149
326609.22065993224  0.0000000000000000  2119.9261999999998807
347015.00185205549  0.0000000000000000  2260.4859999999998763
367420.78304417874  0.0000000000000000  2401.0477000000000771
387826.56423630205  0.0000000000000000  2541.6111000000000786
408232.34542842529  0.0000000000000000  2682.1756999999997788
428638.12662054854  0.0000000000000000  2822.7415000000000873
449043.90781267185  0.0000000000000000  2963.3083999999998923
469449.68900479510  0.0000000000000000  3103.8760999999999513
489855.47019691835  0.0000000000000000  3244.4445999999998094
510261.25138904160  0.0000000000000000  3385.0136999999999716
530667.03258116485  0.0000000000000000  3525.5835000000001855
551072.81377328816  0.0000000000000000  3666.1536999999998443
571478.59496541147  0.0000000000000000  3806.7244999999998072
591884.37615753466  0.0000000000000000  3947.2957000000001244
612290.15734965797  0.0000000000000000  4087.8672000000001390
632695.93854178116  0.0000000000000000  4228.4391999999998006
653101.71973390447  0.0000000000000000  4369.0114000000003216
673507.50092602777  0.0000000000000000  4509.5838999999996304
693913.28211815096  0.0000000000000000  4650.1566999999995460
714319.06331027427  0.0000000000000000  4790.7296999999998661
734724.84450239746  0.0000000000000000  4931.3029999999998836
755130.62569452077  0.0000000000000000  5071.8764000000001033
775536.40688664408  0.0000000000000000  5212.4499999999998181
795942.18807876727  0.0000000000000000  5353.0237999999999374
816347.96927089058  0.0000000000000000  5493.5977999999995518
836753.75046301389  0.0000000000000000  5634.1719000000002779
857159.53165513708  0.0000000000000000  5774.7461999999995896
877565.31284726039  0.0000000000000000  5915.3204999999998108
897971.09403938369  0.0000000000000000  6055.8950000000004366
918376.87523150689  0.0000000000000000  6196.4696000000003551
938782.65642363019  0.0000000000000000  6337.0442999999995664
959188.43761575338  0.0000000000000000  6477.6190999999998894
979594.21880787669  0.0000000000000000  6618.1940000000004147
1000000.00000000000  0.0000000000000000  6758.7690000000002328
