0.00100000000  0.0000000000000000  0.0000000000000000  0.0000000000000000
2.04179591837  0.0000000000000000  0.0000000000000000  8833.1987000000008265
4.08259183673  0.0000000000000000  0.0000000000000000  11786.7108000000007451
6.12338775510  0.0000000000000000  0.0000000000000000  4725.5550999999995838
8.16418367347  0.0000000000000000  0.0000000000000000  3037.3694999999997890
10.20497959184  0.0000000000000000  0.0000000000000000  2249.0700999999999112
12.24577551020  0.0000000000000000  0.0000000000000000  1788.2755999999999403
14.28657142857  0.0000000000000000  0.0000000000000000  1484.9860000000001037
16.32736734694  0.0000000000000000  0.0000000000000000  1269.9137000000000626
18.36816326531  0.0000000000000000  0.0000000000000000  1109.3341000000000349
20.40895918367  0.0000000000000000  0.0000000000000000  984.8121999999999616
22.44975510204  0.0000000000000000  0.0000000000000000  885.4030000000000200
24.49055102041  0.0000000000000000  0.0000000000000000  804.1920000000000073
26.53134693878  0.0000000000000000  0.0000000000000000  736.5937999999999874
28.57214285714  0.0000000000000000  0.0000000000000000  679.4459000000000515
30.61293877551  0.0000000000000000  0.0000000000000000  630.4962000000000444
32.65373469388  0.0000000000000000  0.0000000000000000  588.0972000000000435
34.69453061224  0.0000000000000000  0.0000000000000000  551.0152000000000498
36.73532653061  0.0000000000000000  0.0000000000000000  518.3084000000000060
38.77612244898  0.0000000000000000  0.0000000000000000  489.2452999999999861
40.81691836735  0.0000000000000000  0.0000000000000000  463.2486999999999853
42.85771428571  0.0000000000000000  0.0000000000000000  439.8575000000000159
44.89851020408  0.0000000000000000  0.0000000000000000  418.6985000000000241
46.93930612245  0.0000000000000000  0.0000000000000000  399.4667999999999779
48.98010204082  0.0000000000000000  0.0000000000000000  381.9103999999999814
51.02089795918  0.0000000000000000  0.0000000000000000  365.8195999999999799
53.06169387755  0.0000000000000000  0.0000000000000000  351.0181000000000040
55.10248979592  0.0000000000000000  0.0000000000000000  337.3568999999999960
57.14328571429  0.0000000000000000  0.0000000000000000  324.7092999999999847
59.18408163265  0.0000000000000000  0.0000000000000000  312.9664000000000215
61.22487755102  0.0000000000000000  0.0000000000000000  302.0344999999999800
63.26567346939  0.0000000000000000  0.0000000000000000  291.8324999999999818
65.30646938776  0.0000000000000000  0.0000000000000000  282.2896000000000072
67.34726530612  0.0000000000000000  0.0000000000000000  273.3439999999999941
69.38806122449  0.0000000000000000  0.0000000000000000  264.9413999999999874
71.42885714286  0.0000000000000000  0.0000000000000000  257.0337000000000103
73.46965306122  0.0000000000000000  0.0000000000000000  249.5784999999999911
75.51044897959  0.0000000000000000  0.0000000000000000  242.5380999999999858
77.55124489796  0.0000000000000000  0.0000000000000000  235.8788000000000125
79.59204081633  0.0000000000000000  0.0000000000000000  229.5706000000000131
81.63283673469  0.0000000000000000  0.0000000000000000  223.5862999999999943
83.67363265306  0.0000000000000000  0.0000000000000000  217.9018000000000086
85.71442857143  0.0000000000000000  0.0000000000000000  212.4949000000000012
87.75522448980  0.0000000000000000  0.0000000000000000  207.3460000000000036
89.79602040816  0.0000000000000000  0.0000000000000000  202.4369000000000085
91.83681632653  0.0000000000000000  0.0000000000000000  197.7513999999999896
93.87761224490  0.0000000000000000  0.0000000000000000  193.2744000000000142
95.91840816327  0.0000000000000000  0.0000000000000000  188.9925000000000068
97.95920408163  0.0000000000000000  0.0000000000000000  184.8931000000000040
100.00000000000  0.0000000000000000  0.0000000000000000  180.9649000000000001
