0.01930700000  0.0000000000000000  0.0000000000000000  0.0000000000000000
2.05972930612  0.5666000000000000  0.0000000000000000  0.1835000000000000
4.10015161224  0.9365000000000000  0.0000000000000000  0.2047000000000000
6.14057391837  0.5360000000000000  0.0000000000000000  0.1166000000000000
8.18099622449  0.3604000000000000  0.0000000000000000  0.0955000000000000
10.22141853061  0.2521000000000000  0.0000000000000000  0.0923000000000000
12.26184083673  0.1697000000000000  0.0000000000000000  0.0953000000000000
14.30226314286  0.1019000000000000  0.0000000000000000  0.0990000000000000
16.34268544898  0.0506000000000000  0.0000000000000000  0.0989000000000000
18.38310775510  0.0181000000000000  0.0000000000000000  0.0951000000000000
20.42353006122  0.0035000000000000  0.0000000000000000  0.0876000000000000
22.46395236735  0.0002000000000000  0.0000000000000000  0.0788000000000000
24.50437467347  0.0006000000000000  0.0000000000000000  0.0708000000000000
26.54479697959  0.0004000000000000  0.0000000000000000  0.0644000000000000
28.58521928571  0.0003000000000000  0.0000000000000000  0.0590000000000000
30.62564159184  0.0003000000000000  0.0000000000000000  0.0542000000000000
32.66606389796  0.0003000000000000  0.0000000000000000  0.0501000000000000
34.70648620408  0.0002000000000000  0.0000000000000000  0.0467000000000000
36.74690851020  0.0002000000000000  0.0000000000000000  0.0437000000000000
38.78733081633  0.0002000000000000  0.0000000000000000  0.0410000000000000
40.82775312245  0.0002000000000000  0.0000000000000000  0.0387000000000000
42.86817542857  0.0002000000000000  0.0000000000000000  0.0365000000000000
44.90859773469  0.0002000000000000  0.0000000000000000  0.0346000000000000
46.94902004082  0.0001000000000000  0.0000000000000000  0.0328000000000000
48.98944234694  0.0001000000000000  0.0000000000000000  0.0313000000000000
51.02986465306  0.0001000000000000  0.0000000000000000  0.0300000000000000
53.07028695918  0.0001000000000000  0.0000000000000000  0.0287000000000000
55.11070926531  0.0001000000000000  0.0000000000000000  0.0275000000000000
57.15113157143  0.0001000000000000  0.0000000000000000  0.0263000000000000
59.19155387755  0.0001000000000000  0.0000000000000000  0.0253000000000000
61.23197618367  0.0001000000000000  0.0000000000000000  0.0243000000000000
63.27239848980  0.0001000000000000  0.0000000000000000  0.0234000000000000
65.31282079592  0.0001000000000000  0.0000000000000000  0.0226000000000000
67.35324310204  0.0001000000000000  0.0000000000000000  0.0219000000000000
69.39366540816  0.0001000000000000  0.0000000000000000  0.0212000000000000
71.43408771429  0.0001000000000000  0.0000000000000000  0.0206000000000000
73.47451002041  0.0001000000000000  0.0000000000000000  0.0200000000000000
75.51493232653  0.0001000000000000  0.0000000000000000  0.0193000000000000
77.55535463265  0.0001000000000000  0.0000000000000000  0.0187000000000000
79.59577693878  0.0001000000000000  0.0000000000000000  0.0181000000000000
81.63619924490  0.0001000000000000  0.0000000000000000  0.0176000000000000
83.67662155102  0.0001000000000000  0.0000000000000000  0.0171000000000000
85.71704385714  0.0001000000000000  0.0000000000000000  0.0166000000000000
87.75746616327  0.0001000000000000  0.0000000000000000  0.0162000000000000
89.79788846939  0.0001000000000000  0.0000000000000000  0.0158000000000000
91.83831077551  0.0001000000000000  0.0000000000000000  0.0154000000000000
93.87873308163  0.0001000000000000  0.0000000000000000  0.0151000000000000
95.91915538776  0.0001000000000000  0.0000000000000000  0.0147000000000000
97.95957769388  0.0001000000000000  0.0000000000000000  0.0144000000000000
100.00000000000  0.0001000000000000  0.0000000000000000  0.0141000000000000
