0.01098500000  0.0000000000000000  0.0000000000000000  0.0000000000000000
2.05157714286  0.2165000000000000  0.0000000000000000  12.9443999999999999
4.09216928571  0.6456000000000000  0.0000000000000000  18.4038000000000004
6.13276142857  0.4835000000000000  0.0000000000000000  9.1931999999999992
8.17335357143  0.3076000000000000  0.0000000000000000  6.2724000000000002
10.21394571429  0.1275000000000000  0.0000000000000000  4.8670000000000000
12.25453785714  0.0091000000000000  0.0000000000000000  3.9969999999999999
14.29513000000  0.0058000000000000  0.0000000000000000  3.3500999999999999
16.33572214286  0.0036000000000000  0.0000000000000000  2.8816000000000002
18.37631428571  0.0038000000000000  0.0000000000000000  2.5270999999999999
20.41690642857  0.0033000000000000  0.0000000000000000  2.2503000000000002
22.45749857143  0.0032000000000000  0.0000000000000000  2.0272000000000001
24.49809071429  0.0030000000000000  0.0000000000000000  1.8442000000000001
26.53868285714  0.0028000000000000  0.0000000000000000  1.6915000000000000
28.57927500000  0.0027000000000000  0.0000000000000000  1.5617000000000001
30.61986714286  0.0027000000000000  0.0000000000000000  1.4499000000000000
32.66045928571  0.0026000000000000  0.0000000000000000  1.3530000000000000
34.70105142857  0.0025000000000000  0.0000000000000000  1.2683000000000000
36.74164357143  0.0025000000000000  0.0000000000000000  1.1933000000000000
38.78223571429  0.0025000000000000  0.0000000000000000  1.1263000000000001
40.82282785714  0.0025000000000000  0.0000000000000000  1.0663000000000000
42.86342000000  0.0024000000000000  0.0000000000000000  1.0125000000000000
44.90401214286  0.0024000000000000  0.0000000000000000  0.9638000000000000
46.94460428571  0.0023000000000000  0.0000000000000000  0.9195000000000000
48.98519642857  0.0022000000000000  0.0000000000000000  0.8791000000000000
51.02578857143  0.0022000000000000  0.0000000000000000  0.8419000000000000
53.06638071429  0.0022000000000000  0.0000000000000000  0.8076000000000000
55.10697285714  0.0021000000000000  0.0000000000000000  0.7760000000000000
57.14756500000  0.0021000000000000  0.0000000000000000  0.7468000000000000
59.18815714286  0.0020000000000000  0.0000000000000000  0.7197000000000000
61.22874928571  0.0020000000000000  0.0000000000000000  0.6944000000000000
63.26934142857  0.0019000000000000  0.0000000000000000  0.6708000000000000
65.30993357143  0.0019000000000000  0.0000000000000000  0.6486000000000000
67.35052571429  0.0019000000000000  0.0000000000000000  0.6278000000000000
69.39111785714  0.0019000000000000  0.0000000000000000  0.6081000000000000
71.43171000000  0.0019000000000000  0.0000000000000000  0.5897000000000000
73.47230214286  0.0019000000000000  0.0000000000000000  0.5723000000000000
75.51289428571  0.0019000000000000  0.0000000000000000  0.5558999999999999
77.55348642857  0.0019000000000000  0.0000000000000000  0.5404000000000000
79.59407857143  0.0018000000000000  0.0000000000000000  0.5258000000000000
81.63467071429  0.0018000000000000  0.0000000000000000  0.5119000000000000
83.67526285714  0.0017000000000000  0.0000000000000000  0.4988000000000000
85.71585500000  0.0017000000000000  0.0000000000000000  0.4863000000000000
87.75644714286  0.0016000000000000  0.0000000000000000  0.4744000000000000
89.79703928571  0.0016000000000000  0.0000000000000000  0.4631000000000000
91.83763142857  0.0016000000000000  0.0000000000000000  0.4522000000000000
93.87822357143  0.0016000000000000  0.0000000000000000  0.4418000000000000
95.91881571429  0.0016000000000000  0.0000000000000000  0.4317000000000000
97.95940785714  0.0016000000000000  0.0000000000000000  0.4220000000000000
100.00000000000  0.0016000000000000  0.0000000000000000  0.4126000000000000
