0.07906000000  0.0000000000000000  0.0000000000000000  0.0000000000000000
2.11826285714  0.0000000000000000  0.0000000000000000  2468.2930999999998676
4.15746571429  0.0000000000000000  0.0000000000000000  5181.5261000000000422
6.19666857143  0.0000000000000000  0.0000000000000000  4942.8163999999997031
8.23587142857  0.0000000000000000  0.0000000000000000  4085.0016999999998006
10.27507428571  0.0000000000000000  0.0000000000000000  3437.4564000000000306
12.31427714286  0.0000000000000000  0.0000000000000000  2959.0670000000000073
14.35348000000  0.0000000000000000  0.0000000000000000  2595.4524000000001251
16.39268285714  0.0000000000000000  0.0000000000000000  2310.7433000000000902
18.43188571429  0.0000000000000000  0.0000000000000000  2082.0621000000001004
20.47108857143  0.0000000000000000  0.0000000000000000  1894.4429000000000087
22.51029142857  0.0000000000000000  0.0000000000000000  1737.7639999999998963
24.54949428571  0.0000000000000000  0.0000000000000000  1604.9601000000000113
26.58869714286  0.0000000000000000  0.0000000000000000  1490.9583999999999833
28.62790000000  0.0000000000000000  0.0000000000000000  1392.0259000000000924
30.66710285714  0.0000000000000000  0.0000000000000000  1305.3559000000000196
32.70630571429  0.0000000000000000  0.0000000000000000  1228.7979000000000269
34.74550857143  0.0000000000000000  0.0000000000000000  1160.6768999999999323
36.78471142857  0.0000000000000000  0.0000000000000000  1099.6685999999999694
38.82391428571  0.0000000000000000  0.0000000000000000  1044.7123999999998887
40.86311714286  0.0000000000000000  0.0000000000000000  994.9488000000000056
42.90232000000  0.0000000000000000  0.0000000000000000  949.6740999999999531
44.94152285714  0.0000000000000000  0.0000000000000000  908.3061000000000149
46.98072571429  0.0000000000000000  0.0000000000000000  870.3595000000000255
49.01992857143  0.0000000000000000  0.0000000000000000  835.4261999999999944
51.05913142857  0.0000000000000000  0.0000000000000000  803.1607000000000198
53.09833428571  0.0000000000000000  0.0000000000000000  773.2682999999999538
55.13753714286  0.0000000000000000  0.0000000000000000  745.4963000000000193
57.17674000000  0.0000000000000000  0.0000000000000000  719.6268000000000029
59.21594285714  0.0000000000000000  0.0000000000000000  695.4705999999999904
61.25514571429  0.0000000000000000  0.0000000000000000  672.8630000000000564
63.29434857143  0.0000000000000000  0.0000000000000000  651.6597000000000435
65.33355142857  0.0000000000000000  0.0000000000000000  631.7337999999999738
67.37275428571  0.0000000000000000  0.0000000000000000  612.9732000000000198
69.41195714286  0.0000000000000000  0.0000000000000000  595.2786999999999580
71.45116000000  0.0000000000000000  0.0000000000000000  578.5620000000000118
73.49036285714  0.0000000000000000  0.0000000000000000  562.7441999999999780
75.52956571429  0.0000000000000000  0.0000000000000000  547.7548000000000457
77.56876857143  0.0000000000000000  0.0000000000000000  533.5304999999999609
79.60797142857  0.0000000000000000  0.0000000000000000  520.0141999999999598
81.64717428571  0.0000000000000000  0.0000000000000000  507.1542999999999779
83.68637714286  0.0000000000000000  0.0000000000000000  494.9042999999999779
85.72558000000  0.0000000000000000  0.0000000000000000  483.2217999999999734
87.76478285714  0.0000000000000000  0.0000000000000000  472.0683999999999969
89.80398571429  0.0000000000000000  0.0000000000000000  461.4089000000000169
91.84318857143  0.0000000000000000  0.0000000000000000  451.2114000000000260
93.88239142857  0.0000000000000000  0.0000000000000000  441.4465000000000146
95.92159428571  0.0000000000000000  0.0000000000000000  432.0873000000000275
97.96079714286  0.0000000000000000  0.0000000000000000  423.1089999999999804
100.00000000000  0.0000000000000000  0.0000000000000000  414.4889999999999759
