0.03393200000  0.0000000000000000  0.0000000000000000  0.0000000000000000
2.07405583673  0.1070000000000000  0.0000000000000000  6.5472999999999999
4.11417967347  0.4889000000000000  0.0000000000000000  10.4984000000000002
6.15430351020  0.6774000000000000  0.0000000000000000  6.7403000000000004
8.19442734694  0.7573000000000000  0.0000000000000000  4.7172000000000001
10.23455118367  0.8444000000000000  0.0000000000000000  3.4950000000000001
12.27467502041  0.8561000000000000  0.0000000000000000  2.7400000000000002
14.31479885714  0.8391000000000000  0.0000000000000000  2.2320000000000002
16.35492269388  0.7771000000000000  0.0000000000000000  1.9030000000000000
18.39504653061  0.7096000000000000  0.0000000000000000  1.6677999999999999
20.43517036735  0.6132000000000000  0.0000000000000000  1.5229999999999999
22.47529420408  0.5399000000000000  0.0000000000000000  1.3994000000000000
24.51541804082  0.4376000000000000  0.0000000000000000  1.3379000000000001
26.55554187755  0.3483000000000000  0.0000000000000000  1.2887000000000000
28.59566571429  0.2437000000000000  0.0000000000000000  1.2746999999999999
30.63578955102  0.1621000000000000  0.0000000000000000  1.2524000000000000
32.67591338776  0.1008000000000000  0.0000000000000000  1.2202000000000000
34.71603722449  0.0464000000000000  0.0000000000000000  1.1895000000000000
36.75616106122  0.0135000000000000  0.0000000000000000  1.1471000000000000
38.79628489796  0.0026000000000000  0.0000000000000000  1.0932999999999999
40.83640873469  0.0038000000000000  0.0000000000000000  1.0361000000000000
42.87653257143  0.0055000000000000  0.0000000000000000  0.9840000000000000
44.91665640816  0.0046000000000000  0.0000000000000000  0.9387000000000000
46.95678024490  0.0034000000000000  0.0000000000000000  0.8975000000000000
48.99690408163  0.0032000000000000  0.0000000000000000  0.8590000000000000
51.03702791837  0.0033000000000000  0.0000000000000000  0.8233000000000000
53.07715175510  0.0033000000000000  0.0000000000000000  0.7905000000000000
55.11727559184  0.0031000000000000  0.0000000000000000  0.7603000000000000
57.15739942857  0.0029000000000000  0.0000000000000000  0.7324000000000001
59.19752326531  0.0028000000000000  0.0000000000000000  0.7064000000000000
61.23764710204  0.0026000000000000  0.0000000000000000  0.6824000000000000
63.27777093878  0.0024000000000000  0.0000000000000000  0.6601000000000000
65.31789477551  0.0022000000000000  0.0000000000000000  0.6391000000000000
67.35801861224  0.0021000000000000  0.0000000000000000  0.6192000000000000
69.39814244898  0.0021000000000000  0.0000000000000000  0.6000000000000000
71.43826628571  0.0022000000000000  0.0000000000000000  0.5818000000000000
73.47839012245  0.0023000000000000  0.0000000000000000  0.5646000000000000
75.51851395918  0.0023000000000000  0.0000000000000000  0.5485000000000000
77.55863779592  0.0022000000000000  0.0000000000000000  0.5334000000000000
79.59876163265  0.0021000000000000  0.0000000000000000  0.5193000000000000
81.63888546939  0.0021000000000000  0.0000000000000000  0.5059000000000000
83.67900930612  0.0020000000000000  0.0000000000000000  0.4931000000000000
85.71913314286  0.0019000000000000  0.0000000000000000  0.4809000000000000
87.75925697959  0.0019000000000000  0.0000000000000000  0.4692000000000000
89.79938081633  0.0019000000000000  0.0000000000000000  0.4581000000000000
91.83950465306  0.0018000000000000  0.0000000000000000  0.4474000000000000
93.87962848980  0.0018000000000000  0.0000000000000000  0.4371000000000000
95.91975232653  0.0018000000000000  0.0000000000000000  0.4274000000000000
97.95987616327  0.0018000000000000  0.0000000000000000  0.4180000000000000
100.00000000000  0.0017000000000000  0.0000000000000000  0.4091000000000000
