0.00202400000  0.0000000000000000  0.0000000000000000  0.0000000000000000
2.04279902041  0.0000000000000000  0.0000000000000000  45355.6828000000023167
4.08357404082  0.0000000000000000  0.0000000000000000  61541.6020999999964260
6.12434906122  0.0000000000000000  0.0000000000000000  26019.0917999999983294
8.16512408163  0.0000000000000000  0.0000000000000000  16889.3143999999992957
10.20589910204  0.0000000000000000  0.0000000000000000  12556.0220000000008440
12.24667412245  0.0000000000000000  0.0000000000000000  10004.6512999999995372
14.28744914286  0.0000000000000000  0.0000000000000000  8318.5532999999995809
16.32822416327  0.0000000000000000  0.0000000000000000  7119.8118999999996959
18.36899918367  0.0000000000000000  0.0000000000000000  6223.2166999999999462
20.40977420408  0.0000000000000000  0.0000000000000000  5527.0636000000004060
22.45054922449  0.0000000000000000  0.0000000000000000  4970.7745000000004438
24.49132424490  0.0000000000000000  0.0000000000000000  4515.9862999999995736
26.53209926531  0.0000000000000000  0.0000000000000000  4137.2089999999998327
28.57287428571  0.0000000000000000  0.0000000000000000  3816.8380999999999403
30.61364930612  0.0000000000000000  0.0000000000000000  3542.3211000000001150
32.65442432653  0.0000000000000000  0.0000000000000000  3304.4648999999999432
34.69519934694  0.0000000000000000  0.0000000000000000  3096.3818000000001120
36.73597436735  0.0000000000000000  0.0000000000000000  2912.8087000000000444
38.77674938776  0.0000000000000000  0.0000000000000000  2749.6547000000000480
40.81752440816  0.0000000000000000  0.0000000000000000  2603.6916999999998552
42.85829942857  0.0000000000000000  0.0000000000000000  2472.3384000000000924
44.89907444898  0.0000000000000000  0.0000000000000000  2353.5055999999999585
46.93984946939  0.0000000000000000  0.0000000000000000  2245.4846999999999753
48.98062448980  0.0000000000000000  0.0000000000000000  2146.8643999999999323
51.02139951020  0.0000000000000000  0.0000000000000000  2056.4688000000001011
53.06217453061  0.0000000000000000  0.0000000000000000  1973.3105000000000473
55.10294955102  0.0000000000000000  0.0000000000000000  1896.5539000000001124
57.14372457143  0.0000000000000000  0.0000000000000000  1825.4873999999999796
59.18449959184  0.0000000000000000  0.0000000000000000  1759.5009999999999764
61.22527461224  0.0000000000000000  0.0000000000000000  1698.0691999999999098
63.26604963265  0.0000000000000000  0.0000000000000000  1640.7361000000000786
65.30682465306  0.0000000000000000  0.0000000000000000  1587.1051999999999680
67.34759967347  0.0000000000000000  0.0000000000000000  1536.8290999999999258
69.38837469388  0.0000000000000000  0.0000000000000000  1489.6027999999998883
71.42914971429  0.0000000000000000  0.0000000000000000  1445.1572000000001026
73.46992473469  0.0000000000000000  0.0000000000000000  1403.2537999999999556
75.51069975510  0.0000000000000000  0.0000000000000000  1363.6808000000000902
77.55147477551  0.0000000000000000  0.0000000000000000  1326.2490999999999985
79.59224979592  0.0000000000000000  0.0000000000000000  1290.7897000000000389
81.63302481633  0.0000000000000000  0.0000000000000000  1257.1509000000000924
83.67379983673  0.0000000000000000  0.0000000000000000  1225.1959999999999127
85.71457485714  0.0000000000000000  0.0000000000000000  1194.8018999999999323
87.75534987755  0.0000000000000000  0.0000000000000000  1165.8569999999999709
89.79612489796  0.0000000000000000  0.0000000000000000  1138.2601999999999407
91.83689991837  0.0000000000000000  0.0000000000000000  1111.9195999999999458
93.87767493878  0.0000000000000000  0.0000000000000000  1086.7514000000001033
95.91844995918  0.0000000000000000  0.0000000000000000  1062.6792000000000371
97.95922497959  0.0000000000000000  0.0000000000000000  1039.6329000000000633
100.00000000000  0.0000000000000000  0.0000000000000000  1017.5485999999999649
