0.24420500000  0.0000000000000000  0.0000000000000000  0.0000000000000000
2.28003755102  0.0000000000000000  0.0000000000000000  116.7075999999999993
4.31587010204  0.0000000000000000  0.0000000000000000  447.5285999999999831
6.35170265306  0.0000000000000000  0.0000000000000000  720.5515000000000327
8.38753520408  0.0000000000000000  0.0000000000000000  779.3495000000000346
10.42336775510  0.0000000000000000  0.0000000000000000  761.5984999999999445
12.45920030612  0.0000000000000000  0.0000000000000000  721.9642999999999802
14.49503285714  0.0000000000000000  0.0000000000000000  677.9720999999999549
16.53086540816  0.0000000000000000  0.0000000000000000  635.4043000000000347
18.56669795918  0.0000000000000000  0.0000000000000000  596.0737000000000307
20.60253051020  0.0000000000000000  0.0000000000000000  560.3635000000000446
22.63836306122  0.0000000000000000  0.0000000000000000  528.1353000000000293
24.67419561224  0.0000000000000000  0.0000000000000000  499.0760000000000218
26.71002816327  0.0000000000000000  0.0000000000000000  472.8342999999999847
28.74586071429  0.0000000000000000  0.0000000000000000  449.0736999999999739
30.78169326531  0.0000000000000000  0.0000000000000000  427.4907000000000039
32.81752581633  0.0000000000000000  0.0000000000000000  407.8193999999999733
34.85335836735  0.0000000000000000  0.0000000000000000  389.8297000000000025
36.88919091837  0.0000000000000000  0.0000000000000000  373.3231999999999857
38.92502346939  0.0000000000000000  0.0000000000000000  358.1297000000000139
40.96085602041  0.0000000000000000  0.0000000000000000  344.1023000000000138
42.99668857143  0.0000000000000000  0.0000000000000000  331.1145000000000209
45.03252112245  0.0000000000000000  0.0000000000000000  319.0568000000000097
47.06835367347  0.0000000000000000  0.0000000000000000  307.8340000000000032
49.10418622449  0.0000000000000000  0.0000000000000000  297.3632999999999811
51.14001877551  0.0000000000000000  0.0000000000000000  287.5722000000000094
53.17585132653  0.0000000000000000  0.0000000000000000  278.3971999999999980
55.21168387755  0.0000000000000000  0.0000000000000000  269.7823000000000206
57.24751642857  0.0000000000000000  0.0000000000000000  261.6779000000000224
59.28334897959  0.0000000000000000  0.0000000000000000  254.0403000000000020
61.31918153061  0.0000000000000000  0.0000000000000000  246.8302999999999940
63.35501408163  0.0000000000000000  0.0000000000000000  240.0132000000000119
65.39084663265  0.0000000000000000  0.0000000000000000  233.5577000000000112
67.42667918367  0.0000000000000000  0.0000000000000000  227.4359000000000037
69.46251173469  0.0000000000000000  0.0000000000000000  221.6226000000000056
71.49834428571  0.0000000000000000  0.0000000000000000  216.0951000000000022
73.53417683673  0.0000000000000000  0.0000000000000000  210.8328999999999951
75.57000938776  0.0000000000000000  0.0000000000000000  205.8172999999999888
77.60584193878  0.0000000000000000  0.0000000000000000  201.0313999999999908
79.64167448980  0.0000000000000000  0.0000000000000000  196.4596999999999980
81.67750704082  0.0000000000000000  0.0000000000000000  192.0883000000000038
83.71333959184  0.0000000000000000  0.0000000000000000  187.9043000000000063
85.74917214286  0.0000000000000000  0.0000000000000000  183.8958000000000084
87.78500469388  0.0000000000000000  0.0000000000000000  180.0519999999999925
89.82083724490  0.0001000000000000  0.0000000000000000  176.3631000000000029
91.85666979592  0.0001000000000000  0.0000000000000000  172.8197000000000116
93.89250234694  0.0002000000000000  0.0000000000000000  169.4134999999999991
95.92833489796  0.0003000000000000  0.0000000000000000  166.1366999999999905
97.96416744898  0.0003000000000000  0.0000000000000000  162.9819999999999993
100.00000000000  0.0003000000000000  0.0000000000000000  159.9429000000000087
