0.03393200000  0.0000000000000000  0.0000000000000000  0.0000000000000000
2.07405583673  0.0000000000000000  0.0000000000000000  210428.1339999999909196
4.11417967347  0.0000000000000000  0.0000000000000000  347450.4997999999905005
6.15430351020  0.0000000000000000  0.0000000000000000  234569.7204999999958090
8.19442734694  0.0000000000000000  0.0000000000000000  173117.1613000000070315
10.23455118367  0.0000000000000000  0.0000000000000000  137226.1002999999909662
12.27467502041  0.0000000000000000  0.0000000000000000  113720.9024000000063097
14.31479885714  0.0000000000000000  0.0000000000000000  97116.4018999999971129
16.35492269388  0.0000000000000000  0.0000000000000000  84752.1107999999949243
18.39504653061  0.0000000000000000  0.0000000000000000  75182.1061999999947147
20.43517036735  0.0000000000000000  0.0000000000000000  67552.3064000000013039
22.47529420408  0.0000000000000000  0.0000000000000000  61325.3426000000035856
24.51541804082  0.0000000000000000  0.0000000000000000  56145.9735000000000582
26.55554187755  0.0000000000000000  0.0000000000000000  51769.8243999999976950
28.59566571429  0.0000000000000000  0.0000000000000000  48023.1956999999965774
30.63578955102  0.0000000000000000  0.0000000000000000  44779.1943000000028405
32.67591338776  0.0000000000000000  0.0000000000000000  41942.9388000000035390
34.71603722449  0.0000000000000000  0.0000000000000000  39442.0489999999990687
36.75616106122  0.0000000000000000  0.0000000000000000  37220.3398999999990338
38.79628489796  0.0000000000000000  0.0000000000000000  35233.5267000000021653
40.83640873469  0.0000000000000000  0.0000000000000000  33446.2287999999971362
42.87653257143  0.0000000000000000  0.0000000000000000  31829.8368999999984226
44.91665640816  0.0000000000000000  0.0000000000000000  30360.9651999999987311
46.95678024490  0.0000000000000000  0.0000000000000000  29020.3107999999992899
48.99690408163  0.0000000000000000  0.0000000000000000  27791.7991000000001804
51.03702791837  0.0000000000000000  0.0000000000000000  26661.9353000000010070
53.07715175510  0.0000000000000000  0.0000000000000000  25619.3067999999984750
55.11727559184  0.0000000000000000  0.0000000000000000  24654.1964999999981956
57.15739942857  0.0000000000000000  0.0000000000000000  23758.2786000000014610
59.19752326531  0.0000000000000000  0.0000000000000000  22924.3784999999988941
61.23764710204  0.0000000000000000  0.0000000000000000  22146.2802999999985332
63.27777093878  0.0000000000000000  0.0000000000000000  21418.5717000000004191
65.31789477551  0.0000000000000000  0.0000000000000000  20736.5184999999983120
67.35801861224  0.0000000000000000  0.0000000000000000  20095.9611000000004424
69.39814244898  0.0000000000000000  0.0000000000000000  19493.2304000000003725
71.43826628571  0.0000000000000000  0.0000000000000000  18925.0773000000008324
73.47839012245  0.0000000000000000  0.0000000000000000  18388.6143000000010943
75.51851395918  0.0000000000000000  0.0000000000000000  17881.2665999999990163
77.55863779592  0.0000000000000000  0.0000000000000000  17400.7308000000011816
79.59876163265  0.0000000000000000  0.0000000000000000  16944.9402999999983876
81.63888546939  0.0000000000000000  0.0000000000000000  16512.0352999999995518
83.67900930612  0.0000000000000000  0.0000000000000000  16100.3377999999993335
85.71913314286  0.0000000000000000  0.0000000000000000  15708.3299000000006345
87.75925697959  0.0000000000000000  0.0000000000000000  15334.6350000000002183
89.79938081633  0.0000000000000000  0.0000000000000000  14978.0018999999992957
91.83950465306  0.0000000000000000  0.0000000000000000  14637.2908999999999651
93.87962848980  0.0000000000000000  0.0000000000000000  14311.4613000000008469
95.91975232653  0.0000000000000000  0.0000000000000000  13999.5612999999993917
97.95987616327  0.0000000000000000  0.0000000000000000  13700.7186000000001513
100.00000000000  0.0000000000000000  0.0000000000000000  13414.1319000000003143
