0.00268300000  0.0000000000000000  0.0000000000000000  0.0000000000000000
2.04344457143  0.1330000000000000  0.0000000000000000  18.3805000000000014
4.08420614286  0.0059000000000000  0.0000000000000000  25.1907999999999994
6.12496771429  0.0038000000000000  0.0000000000000000  10.8160000000000007
8.16572928571  0.0032000000000000  0.0000000000000000  7.0355999999999996
10.20649085714  0.0030000000000000  0.0000000000000000  5.2312000000000003
12.24725242857  0.0028000000000000  0.0000000000000000  4.1662999999999997
14.28801400000  0.0027000000000000  0.0000000000000000  3.4620000000000002
16.32877557143  0.0027000000000000  0.0000000000000000  2.9609000000000001
18.36953714286  0.0027000000000000  0.0000000000000000  2.5863000000000000
20.41029871429  0.0026000000000000  0.0000000000000000  2.2953000000000001
22.45106028571  0.0026000000000000  0.0000000000000000  2.0628000000000002
24.49182185714  0.0025000000000000  0.0000000000000000  1.8730000000000000
26.53258342857  0.0025000000000000  0.0000000000000000  1.7149000000000001
28.57334500000  0.0025000000000000  0.0000000000000000  1.5807000000000000
30.61410657143  0.0025000000000000  0.0000000000000000  1.4658000000000000
32.65486814286  0.0025000000000000  0.0000000000000000  1.3665000000000000
34.69562971429  0.0024000000000000  0.0000000000000000  1.2799000000000000
36.73639128571  0.0023000000000000  0.0000000000000000  1.2035000000000000
38.77715285714  0.0023000000000000  0.0000000000000000  1.1355000000000000
40.81791442857  0.0022000000000000  0.0000000000000000  1.0747000000000000
42.85867600000  0.0022000000000000  0.0000000000000000  1.0199000000000000
44.89943757143  0.0022000000000000  0.0000000000000000  0.9703000000000001
46.94019914286  0.0022000000000000  0.0000000000000000  0.9252000000000000
48.98096071429  0.0021000000000000  0.0000000000000000  0.8841000000000000
51.02172228571  0.0021000000000000  0.0000000000000000  0.8464000000000000
53.06248385714  0.0021000000000000  0.0000000000000000  0.8117000000000000
55.10324542857  0.0021000000000000  0.0000000000000000  0.7796999999999999
57.14400700000  0.0020000000000000  0.0000000000000000  0.7501000000000000
59.18476857143  0.0020000000000000  0.0000000000000000  0.7226000000000000
61.22553014286  0.0020000000000000  0.0000000000000000  0.6970000000000000
63.26629171429  0.0019000000000000  0.0000000000000000  0.6732000000000000
65.30705328571  0.0019000000000000  0.0000000000000000  0.6509000000000000
67.34781485714  0.0019000000000000  0.0000000000000000  0.6300000000000000
69.38857642857  0.0018000000000000  0.0000000000000000  0.6104000000000001
71.42933800000  0.0018000000000000  0.0000000000000000  0.5919000000000000
73.47009957143  0.0018000000000000  0.0000000000000000  0.5745000000000000
75.51086114286  0.0017000000000000  0.0000000000000000  0.5580000000000001
77.55162271429  0.0017000000000000  0.0000000000000000  0.5424000000000000
79.59238428571  0.0017000000000000  0.0000000000000000  0.5275000000000000
81.63314585714  0.0017000000000000  0.0000000000000000  0.5134000000000000
83.67390742857  0.0017000000000000  0.0000000000000000  0.5000000000000000
85.71466900000  0.0017000000000000  0.0000000000000000  0.4872000000000000
87.75543057143  0.0017000000000000  0.0000000000000000  0.4750000000000000
89.79619214286  0.0017000000000000  0.0000000000000000  0.4634000000000000
91.83695371429  0.0017000000000000  0.0000000000000000  0.4524000000000000
93.87771528571  0.0017000000000000  0.0000000000000000  0.4419000000000000
95.91847685714  0.0017000000000000  0.0000000000000000  0.4318000000000000
97.95923842857  0.0016000000000000  0.0000000000000000  0.4223000000000000
100.00000000000  0.0016000000000000  0.0000000000000000  0.4132000000000000
