0.00100000000  0.0000000000000000  0.0000000000000000  0.0000000000000000
2.04179591837  0.0016000000000000  0.0000000000000000  3.5809000000000002
4.08259183673  0.0041000000000000  0.0000000000000000  4.5957999999999997
6.12338775510  0.0023000000000000  0.0000000000000000  1.7789999999999999
8.16418367347  0.0018000000000000  0.0000000000000000  1.1143000000000001
10.20497959184  0.0015000000000000  0.0000000000000000  0.8078000000000000
12.24577551020  0.0013000000000000  0.0000000000000000  0.6312000000000000
14.28657142857  0.0012000000000000  0.0000000000000000  0.5174000000000000
16.32736734694  0.0011000000000000  0.0000000000000000  0.4374000000000000
18.36816326531  0.0010000000000000  0.0000000000000000  0.3780000000000000
20.40895918367  0.0009000000000000  0.0000000000000000  0.3323000000000000
22.44975510204  0.0008000000000000  0.0000000000000000  0.2964000000000000
24.49055102041  0.0008000000000000  0.0000000000000000  0.2677000000000000
26.53134693878  0.0007000000000000  0.0000000000000000  0.2441000000000000
28.57214285714  0.0007000000000000  0.0000000000000000  0.2236000000000000
30.61293877551  0.0006000000000000  0.0000000000000000  0.2054000000000000
32.65373469388  0.0006000000000000  0.0000000000000000  0.1897000000000000
34.69453061224  0.0006000000000000  0.0000000000000000  0.1767000000000000
36.73532653061  0.0006000000000000  0.0000000000000000  0.1659000000000000
38.77612244898  0.0005000000000000  0.0000000000000000  0.1566000000000000
40.81691836735  0.0005000000000000  0.0000000000000000  0.1482000000000000
42.85771428571  0.0005000000000000  0.0000000000000000  0.1403000000000000
44.89851020408  0.0004000000000000  0.0000000000000000  0.1330000000000000
46.93930612245  0.0004000000000000  0.0000000000000000  0.1264000000000000
48.98010204082  0.0004000000000000  0.0000000000000000  0.1204000000000000
51.02089795918  0.0004000000000000  0.0000000000000000  0.1149000000000000
53.06169387755  0.0004000000000000  0.0000000000000000  0.1100000000000000
55.10248979592  0.0004000000000000  0.0000000000000000  0.1055000000000000
57.14328571429  0.0004000000000000  0.0000000000000000  0.1013000000000000
59.18408163265  0.0003000000000000  0.0000000000000000  0.0973000000000000
61.22487755102  0.0003000000000000  0.0000000000000000  0.0936000000000000
63.26567346939  0.0003000000000000  0.0000000000000000  0.0902000000000000
65.30646938776  0.0003000000000000  0.0000000000000000  0.0869000000000000
67.34726530612  0.0003000000000000  0.0000000000000000  0.0839000000000000
69.38806122449  0.0003000000000000  0.0000000000000000  0.0811000000000000
71.42885714286  0.0003000000000000  0.0000000000000000  0.0785000000000000
73.46965306122  0.0003000000000000  0.0000000000000000  0.0761000000000000
75.51044897959  0.0003000000000000  0.0000000000000000  0.0739000000000000
77.55124489796  0.0003000000000000  0.0000000000000000  0.0718000000000000
79.59204081633  0.0003000000000000  0.0000000000000000  0.0699000000000000
81.63283673469  0.0002000000000000  0.0000000000000000  0.0680000000000000
83.67363265306  0.0002000000000000  0.0000000000000000  0.0663000000000000
85.71442857143  0.0002000000000000  0.0000000000000000  0.0646000000000000
87.75522448980  0.0002000000000000  0.0000000000000000  0.0630000000000000
89.79602040816  0.0002000000000000  0.0000000000000000  0.0614000000000000
91.83681632653  0.0002000000000000  0.0000000000000000  0.0599000000000000
93.87761224490  0.0002000000000000  0.0000000000000000  0.0584000000000000
95.91840816327  0.0002000000000000  0.0000000000000000  0.0570000000000000
97.95920408163  0.0002000000000000  0.0000000000000000  0.0555000000000000
100.00000000000  0.0002000000000000  0.0000000000000000  0.0541000000000000
