0.13895000000  0.0000000000000000  0.0000000000000000  0.0000000000000000
2.17693061224  0.0508000000000000  0.0000000000000000  0.3372000000000000
4.21491122449  0.4437000000000000  0.0000000000000000  0.6342000000000000
6.25289183673  0.8554000000000000  0.0000000000000000  0.4935000000000000
8.29087244898  0.9439000000000000  0.0000000000000000  0.3062000000000000
10.32885306122  0.9185000000000000  0.0000000000000000  0.2005000000000000
12.36683367347  0.8560000000000000  0.0000000000000000  0.1462000000000000
14.40481428571  0.7937000000000000  0.0000000000000000  0.1103000000000000
16.44279489796  0.7369000000000000  0.0000000000000000  0.0851000000000000
18.48077551020  0.6808000000000000  0.0000000000000000  0.0721000000000000
20.51875612245  0.6330000000000000  0.0000000000000000  0.0614000000000000
22.55673673469  0.5896000000000000  0.0000000000000000  0.0544000000000000
24.59471734694  0.5542000000000000  0.0000000000000000  0.0462000000000000
26.63269795918  0.5197000000000001  0.0000000000000000  0.0426000000000000
28.67067857143  0.4906000000000000  0.0000000000000000  0.0380000000000000
30.70865918367  0.4637000000000000  0.0000000000000000  0.0350000000000000
32.74663979592  0.4396000000000000  0.0000000000000000  0.0324000000000000
34.78462040816  0.4174000000000000  0.0000000000000000  0.0306000000000000
36.82260102041  0.3967000000000000  0.0000000000000000  0.0297000000000000
38.86058163265  0.3784000000000000  0.0000000000000000  0.0283000000000000
40.89856224490  0.3619000000000000  0.0000000000000000  0.0267000000000000
42.93654285714  0.3466000000000000  0.0000000000000000  0.0255000000000000
44.97452346939  0.3319000000000000  0.0000000000000000  0.0251000000000000
47.01250408163  0.3181000000000000  0.0000000000000000  0.0250000000000000
49.05048469388  0.3058000000000000  0.0000000000000000  0.0244000000000000
51.08846530612  0.2945000000000000  0.0000000000000000  0.0237000000000000
53.12644591837  0.2834000000000000  0.0000000000000000  0.0236000000000000
55.16442653061  0.2727000000000000  0.0000000000000000  0.0238000000000000
57.20240714286  0.2629000000000000  0.0000000000000000  0.0240000000000000
59.24038775510  0.2539000000000000  0.0000000000000000  0.0238000000000000
61.27836836735  0.2456000000000000  0.0000000000000000  0.0236000000000000
63.31634897959  0.2379000000000000  0.0000000000000000  0.0232000000000000
65.35432959184  0.2305000000000000  0.0000000000000000  0.0230000000000000
67.39231020408  0.2233000000000000  0.0000000000000000  0.0230000000000000
69.43029081633  0.2163000000000000  0.0000000000000000  0.0232000000000000
71.46827142857  0.2095000000000000  0.0000000000000000  0.0236000000000000
73.50625204082  0.2029000000000000  0.0000000000000000  0.0242000000000000
75.54423265306  0.1964000000000000  0.0000000000000000  0.0248000000000000
77.58221326531  0.1901000000000000  0.0000000000000000  0.0256000000000000
79.62019387755  0.1841000000000000  0.0000000000000000  0.0264000000000000
81.65817448980  0.1782000000000000  0.0000000000000000  0.0272000000000000
83.69615510204  0.1726000000000000  0.0000000000000000  0.0282000000000000
85.73413571429  0.1670000000000000  0.0000000000000000  0.0292000000000000
87.77211632653  0.1615000000000000  0.0000000000000000  0.0303000000000000
89.81009693878  0.1560000000000000  0.0000000000000000  0.0316000000000000
91.84807755102  0.1506000000000000  0.0000000000000000  0.0330000000000000
93.88605816327  0.1453000000000000  0.0000000000000000  0.0345000000000000
95.92403877551  0.1400000000000000  0.0000000000000000  0.0361000000000000
97.96201938776  0.1347000000000000  0.0000000000000000  0.0378000000000000
100.00000000000  0.1295000000000000  0.0000000000000000  0.0397000000000000
