2.69153152000  0.0000000000000000  0.0000000000000000
20410.79986761143  0.0000000000000000  827.7690999999999804
40818.90820370286  0.0000000000000000  3416.1077000000000226
61227.01653979428  0.0000000000000000  6963.5106999999998152
81635.12487588571  0.0000000000000000  10540.9614999999994325
102043.23321197713  0.0000000000000000  14123.4593999999997322
122451.34154806857  0.0000000000000000  17707.7950999999993655
142859.44988415999  0.0000000000000000  21293.0148999999983062
163267.55822025141  0.0000000000000000  24878.7296999999998661
183675.66655634283  0.0000000000000000  28464.7504999999982829
204083.77489243424  0.0000000000000000  32050.9736000000011700
224491.88322852569  0.0000000000000000  35637.3376999999964028
244899.99156461711  0.0000000000000000  39223.8038999999989755
265308.09990070853  0.0000000000000000  42810.3465999999971245
285716.20823679998  0.0000000000000000  46396.9478999999992084
306124.31657289137  0.0000000000000000  49983.5952000000033877
326532.42490898282  0.0000000000000000  53570.2793000000019674
346940.53324507427  0.0000000000000000  57156.9931999999971595
367348.64158116566  0.0000000000000000  60743.7316999999966356
387756.74991725711  0.0000000000000000  64330.4905999999973574
408164.85825334850  0.0000000000000000  67917.2667999999976018
428572.96658943995  0.0000000000000000  71504.0574999999953434
448981.07492553140  0.0000000000000000  75090.8607999999949243
469389.18326162279  0.0000000000000000  78677.6750000000029104
489797.29159771424  0.0000000000000000  82264.4985000000015134
510205.39993380569  0.0000000000000000  85851.3301999999966938
530613.50826989708  0.0000000000000000  89438.1692000000039116
551021.61660598847  0.0000000000000000  93025.0145999999949709
571429.72494207998  0.0000000000000000  96611.8656000000046333
591837.83327817137  0.0000000000000000  100198.7217999999993481
612245.94161426276  0.0000000000000000  103785.5825000000040745
632654.04995035427  0.0000000000000000  107372.4472999999998137
653062.15828644566  0.0000000000000000  110959.3157999999966705
673470.26662253705  0.0000000000000000  114546.1876000000047497
693878.37495862856  0.0000000000000000  118133.0625000000000000
714286.48329471995  0.0000000000000000  121719.9401999999972759
734694.59163081134  0.0000000000000000  125306.8203999999968801
755102.69996690284  0.0000000000000000  128893.7029000000038650
775510.80830299424  0.0000000000000000  132480.5875999999989290
795918.91663908563  0.0000000000000000  136067.4741999999969266
816327.02497517702  0.0000000000000000  139654.3626999999978580
836735.13331126852  0.0000000000000000  143241.2528999999922235
857143.24164735992  0.0000000000000000  146828.1445999999996275
877551.34998345131  0.0000000000000000  150415.0376999999862164
897959.45831954281  0.0000000000000000  154001.9322000000101980
918367.56665563420  0.0000000000000000  157588.8280000000086147
938775.67499172559  0.0000000000000000  161175.7249000000010710
959183.78332781710  0.0000000000000000  164762.6228999999875668
979591.89166390849  0.0000000000000000  168349.5219999999972060
1000000.00000000000  0.0000000000000000  171936.4219999999913853
