30.37065375000  0.0000000000000000  0.0000000000000000
20437.91410979592  0.0000000000000000  0.4412000000000000
40845.45756584183  0.0000000000000000  1.8161000000000000
61253.00102188775  0.0000000000000000  3.6991999999999998
81660.54447793367  0.0000000000000000  5.6003999999999996
102068.08793397958  0.0000000000000000  7.5049999999999999
122475.63139002550  0.0000000000000000  9.4108000000000001
142883.17484607143  0.0000000000000000  11.3171999999999997
163290.71830211734  0.0000000000000000  13.2239000000000004
183698.26175816325  0.0000000000000000  15.1309000000000005
204105.80521420916  0.0000000000000000  17.0379000000000005
224513.34867025510  0.0000000000000000  18.9451000000000001
244920.89212630101  0.0000000000000000  20.8523999999999994
265328.43558234698  0.0000000000000000  22.7596999999999987
285735.97903839289  0.0000000000000000  24.6670000000000016
306143.52249443880  0.0000000000000000  26.5744000000000007
326551.06595048471  0.0000000000000000  28.4817999999999998
346958.60940653062  0.0000000000000000  30.3891999999999989
367366.15286257653  0.0000000000000000  32.2967000000000013
387773.69631862245  0.0000000000000000  34.2040999999999968
408181.23977466836  0.0000000000000000  36.1116000000000028
428588.78323071433  0.0000000000000000  38.0191000000000017
448996.32668676024  0.0000000000000000  39.9266000000000005
469403.87014280615  0.0000000000000000  41.8340999999999994
489811.41359885206  0.0000000000000000  43.7415999999999983
510218.95705489797  0.0000000000000000  45.6490999999999971
530626.50051094394  0.0000000000000000  47.5566000000000031
551034.04396698985  0.0000000000000000  49.4641000000000020
571441.58742303576  0.0000000000000000  51.3716000000000008
591849.13087908167  0.0000000000000000  53.2790999999999997
612256.67433512758  0.0000000000000000  55.1867000000000019
632664.21779117349  0.0000000000000000  57.0942000000000007
653071.76124721940  0.0000000000000000  59.0016999999999996
673479.30470326531  0.0000000000000000  60.9093000000000018
693886.84815931122  0.0000000000000000  62.8168000000000006
714294.39161535713  0.0000000000000000  64.7242999999999995
734701.93507140304  0.0000000000000000  66.6319000000000017
755109.47852744895  0.0000000000000000  68.5394000000000005
775517.02198349487  0.0000000000000000  70.4468999999999994
795924.56543954078  0.0000000000000000  72.3545000000000016
816332.10889558669  0.0000000000000000  74.2620000000000005
836739.65235163271  0.0000000000000000  76.1696000000000026
857147.19580767862  0.0000000000000000  78.0771000000000015
877554.73926372454  0.0000000000000000  79.9847000000000037
897962.28271977045  0.0000000000000000  81.8922000000000025
918369.82617581636  0.0000000000000000  83.7998000000000047
938777.36963186227  0.0000000000000000  85.7073000000000036
959184.91308790818  0.0000000000000000  87.6149000000000058
979592.45654395409  0.0000000000000000  89.5224000000000046
1000000.00000000000  0.0000000000000000  91.4300000000000068
