0.00100000000  0.0000000000000000  0.0000000000000000  0.0000000000000000
2.04179591837  0.0000000000000000  0.0000000000000000  1576098.0430000000633299
4.08259183673  0.0000000000000000  0.0000000000000000  2101570.3761999998241663
6.12338775510  0.0000000000000000  0.0000000000000000  840647.5777000000234693
8.16418367347  0.0000000000000000  0.0000000000000000  540206.3290000000270084
10.20497959184  0.0000000000000000  0.0000000000000000  399977.9161999999778345
12.24577551020  0.0000000000000000  0.0000000000000000  318020.4382999999797903
14.28657142857  0.0000000000000000  0.0000000000000000  264080.5679000000236556
16.32736734694  0.0000000000000000  0.0000000000000000  225831.4838999999919906
18.36816326531  0.0000000000000000  0.0000000000000000  197274.1554999999934807
20.40895918367  0.0000000000000000  0.0000000000000000  175129.6032000000122935
22.44975510204  0.0000000000000000  0.0000000000000000  157451.1900000000023283
24.49055102041  0.0000000000000000  0.0000000000000000  143009.1657999999879394
26.53134693878  0.0000000000000000  0.0000000000000000  130987.9946000000054482
28.57214285714  0.0000000000000000  0.0000000000000000  120825.2777000000060070
30.61293877551  0.0000000000000000  0.0000000000000000  112120.5004000000044471
32.65373469388  0.0000000000000000  0.0000000000000000  104580.6373000000021420
34.69453061224  0.0000000000000000  0.0000000000000000  97986.3283999999985099
36.73532653061  0.0000000000000000  0.0000000000000000  92170.0803000000014435
38.77612244898  0.0000000000000000  0.0000000000000000  87001.7817000000068219
40.81691836735  0.0000000000000000  0.0000000000000000  82378.8188999999983935
42.85771428571  0.0000000000000000  0.0000000000000000  78219.1717999999964377
44.89851020408  0.0000000000000000  0.0000000000000000  74456.4919999999983702
46.93930612245  0.0000000000000000  0.0000000000000000  71036.5286000000050990
48.98010204082  0.0000000000000000  0.0000000000000000  67914.4897999999957392
51.02089795918  0.0000000000000000  0.0000000000000000  65053.0665999999982887
53.06169387755  0.0000000000000000  0.0000000000000000  62420.9325000000026193
55.10248979592  0.0000000000000000  0.0000000000000000  59991.5899999999965075
57.14328571429  0.0000000000000000  0.0000000000000000  57742.4743000000016764
59.18408163265  0.0000000000000000  0.0000000000000000  55654.2496000000028289
61.22487755102  0.0000000000000000  0.0000000000000000  53710.2514999999984866
63.26567346939  0.0000000000000000  0.0000000000000000  51896.0406999999977415
65.30646938776  0.0000000000000000  0.0000000000000000  50199.0434999999997672
67.34726530612  0.0000000000000000  0.0000000000000000  48608.2600999999995111
69.38806122449  0.0000000000000000  0.0000000000000000  47114.0253999999986263
71.42885714286  0.0000000000000000  0.0000000000000000  45707.8130000000019209
73.46965306122  0.0000000000000000  0.0000000000000000  44382.0717000000004191
75.51044897959  0.0000000000000000  0.0000000000000000  43130.0901999999987311
77.55124489796  0.0000000000000000  0.0000000000000000  41945.8836999999984982
79.59204081633  0.0000000000000000  0.0000000000000000  40824.0975000000034925
81.63283673469  0.0000000000000000  0.0000000000000000  39759.9270000000033178
83.67363265306  0.0000000000000000  0.0000000000000000  38749.0481999999974505
85.71442857143  0.0000000000000000  0.0000000000000000  37787.5593000000008033
87.75522448980  0.0000000000000000  0.0000000000000000  36871.9305000000022119
89.79602040816  0.0000000000000000  0.0000000000000000  35998.9605000000010477
91.83681632653  0.0000000000000000  0.0000000000000000  35165.7390999999988708
93.87761224490  0.0000000000000000  0.0000000000000000  34369.6152000000001863
95.91840816327  0.0000000000000000  0.0000000000000000  33608.1682000000000698
97.95920408163  0.0000000000000000  0.0000000000000000  32879.1837000000014086
100.00000000000  0.0000000000000000  0.0000000000000000  32180.6317999999992026
