0.01456300000  0.0000000000000000  0.0000000000000000  0.0000000000000000
2.05508212245  0.0000000000000000  0.0000000000000000  155132.1872999999905005
4.09560124490  0.0000000000000000  0.0000000000000000  229553.6682999999902677
6.13612036735  0.0000000000000000  0.0000000000000000  123201.7369000000035157
8.17663948980  0.0000000000000000  0.0000000000000000  85056.9477999999944586
10.21715861224  0.0000000000000000  0.0000000000000000  65145.6333000000013271
12.25767773469  0.0000000000000000  0.0000000000000000  52836.4233999999996740
14.29819685714  0.0000000000000000  0.0000000000000000  44451.4729999999981374
16.33871597959  0.0000000000000000  0.0000000000000000  38364.8712000000014086
18.37923510204  0.0000000000000000  0.0000000000000000  33742.8004999999975553
20.41975422449  0.0000000000000000  0.0000000000000000  30112.3257000000012340
22.46027334694  0.0000000000000000  0.0000000000000000  27184.7841000000007625
24.50079246939  0.0000000000000000  0.0000000000000000  24773.8341000000000349
26.54131159184  0.0000000000000000  0.0000000000000000  22753.7371999999995751
28.58183071429  0.0000000000000000  0.0000000000000000  21036.5408999999999651
30.62234983673  0.0000000000000000  0.0000000000000000  19558.8614000000015949
32.66286895918  0.0000000000000000  0.0000000000000000  18273.8568000000013853
34.70338808163  0.0000000000000000  0.0000000000000000  17146.1574000000000524
36.74390720408  0.0000000000000000  0.0000000000000000  16148.5540000000000873
38.78442632653  0.0000000000000000  0.0000000000000000  15259.7720000000008440
40.82494544898  0.0000000000000000  0.0000000000000000  14462.9359999999996944
42.86546457143  0.0000000000000000  0.0000000000000000  13744.4884000000001834
44.90598369388  0.0000000000000000  0.0000000000000000  13093.4123999999992520
46.94650281633  0.0000000000000000  0.0000000000000000  12500.6627000000007683
48.98702193878  0.0000000000000000  0.0000000000000000  11958.7438000000001921
51.02754106122  0.0000000000000000  0.0000000000000000  11461.3917000000001281
53.06806018367  0.0000000000000000  0.0000000000000000  11003.3305999999993219
55.10857930612  0.0000000000000000  0.0000000000000000  10580.0856999999996333
57.14909842857  0.0000000000000000  0.0000000000000000  10187.8367999999991298
59.18961755102  0.0000000000000000  0.0000000000000000  9823.3026000000008935
61.23013667347  0.0000000000000000  0.0000000000000000  9483.6489999999994325
63.27065579592  0.0000000000000000  0.0000000000000000  9166.4158000000006723
65.31117491837  0.0000000000000000  0.0000000000000000  8869.4562000000005355
67.35169404082  0.0000000000000000  0.0000000000000000  8590.8893000000007305
69.39221316327  0.0000000000000000  0.0000000000000000  8329.0596999999997934
71.43273228571  0.0000000000000000  0.0000000000000000  8082.5048999999999069
73.47325140816  0.0000000000000000  0.0000000000000000  7849.9275999999999840
75.51377053061  0.0000000000000000  0.0000000000000000  7630.1737999999995736
77.55428965306  0.0000000000000000  0.0000000000000000  7422.2125999999998385
79.59480877551  0.0000000000000000  0.0000000000000000  7225.1211000000002969
81.63532789796  0.0000000000000000  0.0000000000000000  7038.0699999999997090
83.67584702041  0.0000000000000000  0.0000000000000000  6860.3122000000003027
85.71636614286  0.0000000000000000  0.0000000000000000  6691.1729999999997744
87.75688526531  0.0000000000000000  0.0000000000000000  6530.0415000000002692
89.79740438776  0.0000000000000000  0.0000000000000000  6376.3630999999995765
91.83792351020  0.0000000000000000  0.0000000000000000  6229.6333000000004176
93.87844263265  0.0000000000000000  0.0000000000000000  6089.3919999999998254
95.91896175510  0.0000000000000000  0.0000000000000000  5955.2190000000000509
97.95948087755  0.0000000000000000  0.0000000000000000  5826.7294000000001688
100.00000000000  0.0000000000000000  0.0000000000000000  5703.5703999999996086
