68.11964314000  0.0000000000000000  0.0000000000000000
20474.89271164735  0.0000000000000000  3978.0162999999997737
40881.66578015470  0.0000000000000000  15976.4207999999998719
61288.43884866204  0.0000000000000000  32102.0620000000017171
81695.21191716939  0.0000000000000000  48327.5155999999988126
102101.98498567674  0.0000000000000000  64573.2041000000026543
122508.75805418409  0.0000000000000000  80826.6521000000066124
142915.53112269143  0.0000000000000000  97083.9253000000026077
163322.30419119878  0.0000000000000000  113343.3715999999985797
183729.07725970613  0.0000000000000000  129604.1726999999955297
204135.85032821348  0.0000000000000000  145865.8759999999892898
224542.62339672082  0.0000000000000000  162128.2104000000108499
244949.39646522817  0.0000000000000000  178391.0038000000058673
265356.16953373549  0.0000000000000000  194654.1414999999979045
285762.94260224287  0.0000000000000000  210917.5440999999991618
306169.71567075024  0.0000000000000000  227181.1547000000136904
326576.48873925756  0.0000000000000000  243444.9317999999911990
346983.26180776488  0.0000000000000000  259708.8442999999970198
367390.03487627226  0.0000000000000000  275972.8682000000262633
387796.80794477963  0.0000000000000000  292236.9848999999812804
408203.58101328695  0.0000000000000000  308501.1798999999882653
428610.35408179427  0.0000000000000000  324765.4414000000106171
449017.12715030165  0.0000000000000000  341029.7599000000045635
469423.90021880902  0.0000000000000000  357294.1277000000118278
489830.67328731634  0.0000000000000000  373558.5382000000099652
510237.44635582366  0.0000000000000000  389822.9862999999895692
530644.21942433098  0.0000000000000000  406087.4673000000184402
551050.99249283841  0.0000000000000000  422351.9773999999742955
571457.76556134573  0.0000000000000000  438616.5135000000009313
591864.53862985305  0.0000000000000000  454881.0727000000188127
612271.31169836049  0.0000000000000000  471145.6526999999769032
632678.08476686780  0.0000000000000000  487410.2514000000082888
653084.85783537512  0.0000000000000000  503674.8670000000274740
673491.63090388244  0.0000000000000000  519939.4978000000119209
693898.40397238976  0.0000000000000000  536204.1426000000210479
714305.17704089719  0.0000000000000000  552468.8000000000465661
734711.95010940451  0.0000000000000000  568733.4690000000409782
755118.72317791183  0.0000000000000000  584998.1485999999567866
775525.49624641926  0.0000000000000000  601262.8379999999888241
795932.26931492658  0.0000000000000000  617527.5363999999826774
816339.04238343390  0.0000000000000000  633792.2430999999633059
836745.81545194122  0.0000000000000000  650056.9573999999556690
857152.58852044854  0.0000000000000000  666321.6789000000571832
877559.36158895597  0.0000000000000000  682586.4070000000065193
897966.13465746329  0.0000000000000000  698851.1411999999545515
918372.90772597061  0.0000000000000000  715115.8810999999986961
938779.68079447804  0.0000000000000000  731380.6263999999500811
959186.45386298536  0.0000000000000000  747645.3767000000225380
979593.22693149268  0.0000000000000000  763910.1317000000271946
1000000.00000000000  0.0000000000000000  780174.8909999999450520
