0.00152600000  0.0000000000000000  0.0000000000000000  0.0000000000000000
2.04231118367  0.0000000000000000  0.0000000000000000  261578.2245999999868218
4.08309636735  0.0000000000000000  0.0000000000000000  353337.0016000000177883
6.12388155102  0.0000000000000000  0.0000000000000000  147298.9755000000004657
8.16466673469  0.0000000000000000  0.0000000000000000  95334.5298000000038883
10.20545191837  0.0000000000000000  0.0000000000000000  70786.7914000000018859
12.24623710204  0.0000000000000000  0.0000000000000000  56364.8139999999984866
14.28702228571  0.0000000000000000  0.0000000000000000  46845.7315999999991618
16.32780746939  0.0000000000000000  0.0000000000000000  40083.5048000000024331
18.36859265306  0.0000000000000000  0.0000000000000000  35028.5472000000008848
20.40937783673  0.0000000000000000  0.0000000000000000  31105.2934999999997672
22.45016302041  0.0000000000000000  0.0000000000000000  27971.2550999999984924
24.49094820408  0.0000000000000000  0.0000000000000000  25409.6980000000003201
26.53173338776  0.0000000000000000  0.0000000000000000  23276.6993000000002212
28.57251857143  0.0000000000000000  0.0000000000000000  21472.9046000000016647
30.61330375510  0.0000000000000000  0.0000000000000000  19927.4978999999984808
32.65408893878  0.0000000000000000  0.0000000000000000  18588.6326000000008207
34.69487412245  0.0000000000000000  0.0000000000000000  17417.4736000000011700
36.73565930612  0.0000000000000000  0.0000000000000000  16384.3535999999985506
38.77644448980  0.0000000000000000  0.0000000000000000  15466.2173999999995431
40.81722967347  0.0000000000000000  0.0000000000000000  14644.8754000000008091
42.85801485714  0.0000000000000000  0.0000000000000000  13905.7844000000004598
44.89880004082  0.0000000000000000  0.0000000000000000  13237.1766000000006898
46.93958522449  0.0000000000000000  0.0000000000000000  12629.4279000000005908
48.98037040816  0.0000000000000000  0.0000000000000000  12074.5903999999991356
51.02115559184  0.0000000000000000  0.0000000000000000  11566.0429999999996653
53.06194077551  0.0000000000000000  0.0000000000000000  11098.2252000000007683
55.10272595918  0.0000000000000000  0.0000000000000000  10666.4331000000001950
57.14351114286  0.0000000000000000  0.0000000000000000  10266.6604000000006636
59.18429632653  0.0000000000000000  0.0000000000000000  9895.4737999999997555
61.22508151020  0.0000000000000000  0.0000000000000000  9549.9140000000006694
63.26586669388  0.0000000000000000  0.0000000000000000  9227.4166000000004715
65.30665187755  0.0000000000000000  0.0000000000000000  8925.7481999999999971
67.34743706122  0.0000000000000000  0.0000000000000000  8642.9550999999992200
69.38822224490  0.0000000000000000  0.0000000000000000  8377.3202999999994063
71.42900742857  0.0000000000000000  0.0000000000000000  8127.3290999999999258
73.46979261224  0.0000000000000000  0.0000000000000000  7891.6399000000001251
75.51057779592  0.0000000000000000  0.0000000000000000  7669.0604999999995925
77.55136297959  0.0000000000000000  0.0000000000000000  7458.5272999999997410
79.59214816327  0.0000000000000000  0.0000000000000000  7259.0889999999999418
81.63293334694  0.0000000000000000  0.0000000000000000  7069.8917000000001281
83.67371853061  0.0000000000000000  0.0000000000000000  6890.1671999999998661
85.71450371429  0.0000000000000000  0.0000000000000000  6719.2220999999999549
87.75528889796  0.0000000000000000  0.0000000000000000  6556.4288999999998850
89.79607408163  0.0000000000000000  0.0000000000000000  6401.2190000000000509
91.83685926531  0.0000000000000000  0.0000000000000000  6253.0748999999996158
93.87764444898  0.0000000000000000  0.0000000000000000  6111.5255999999999403
95.91842963265  0.0000000000000000  0.0000000000000000  5976.1408000000001266
97.95921481633  0.0000000000000000  0.0000000000000000  5846.5270000000000437
100.00000000000  0.0000000000000000  0.0000000000000000  5722.3233000000000175
