0.00100000000  0.0000000000000000  0.0000000000000000  0.0000000000000000
0.06220408163  -12.5330999999999992  -4382.4219999999995707  11080.3309000000008382
0.12340816327  8.6054999999999993  621.2048999999999523  19787.5142000000014377
0.18461224490  22.6662999999999997  522.0513999999999442  7478.0432000000000698
0.24581632653  26.4465000000000003  331.6630000000000109  3950.2114000000001397
0.30702040816  25.6719000000000008  156.2310999999999979  2557.0988999999999578
0.36822448980  23.8643999999999998  102.2484000000000037  1769.1867999999999483
0.42942857143  22.0387999999999984  63.7766999999999982  1374.1927000000000589
0.49063265306  20.1660000000000004  42.7520999999999987  1178.8189999999999600
0.55183673469  18.4330999999999996  31.1571999999999996  1020.1472999999999729
0.61304081633  16.7441999999999993  22.5889999999999986  901.5454999999999472
0.67424489796  15.2944999999999993  18.2432000000000016  811.7640999999999849
0.73544897959  14.1623999999999999  14.4129000000000005  744.7319999999999709
0.79665306122  13.2754999999999992  10.9471000000000007  690.3025000000000091
0.85785714286  12.5673999999999992  9.4175000000000004  647.6606000000000449
0.91906122449  11.9458000000000002  8.0585000000000004  613.2781999999999698
0.98026530612  11.3632000000000009  6.7385000000000002  580.3655999999999722
1.04146938776  10.7858999999999998  5.7557999999999998  547.1766999999999825
1.10267346939  10.1771999999999991  5.0843999999999996  514.0946999999999889
1.16387755102  9.5667000000000009  4.4257000000000000  481.2798999999999978
1.22508163265  9.0166000000000004  3.8119000000000001  450.4692999999999756
1.28628571429  8.5157000000000007  3.3622000000000001  423.1721999999999753
1.34748979592  8.1134000000000004  3.0442000000000000  400.8584000000000174
1.40869387755  7.7511000000000001  2.7444999999999999  381.2803000000000111
1.46989795918  7.4432000000000000  2.4672000000000001  363.9010999999999854
1.53110204082  7.1538000000000004  2.2568000000000001  347.6361999999999739
1.59230612245  6.8705999999999996  2.1050000000000000  332.7117999999999824
1.65351020408  6.6131000000000002  1.9611000000000001  318.2450000000000045
1.71471428571  6.3560999999999996  1.8178000000000001  303.9959000000000060
1.77591836735  6.0986000000000002  1.6756000000000000  290.0582999999999743
1.83712244898  5.8486000000000002  1.5369999999999999  276.7160999999999831
1.89832653061  5.6288000000000000  1.4083000000000001  264.4152000000000271
1.95953061224  5.4325000000000001  1.2870999999999999  252.9009000000000071
2.02073469388  5.2351999999999999  1.1795000000000000  242.0953000000000088
2.08193877551  5.0499999999999998  1.1149000000000000  232.3821000000000083
2.14314285714  4.8856999999999999  1.0646000000000000  223.4756999999999891
2.20434693878  4.7347999999999999  1.0170999999999999  215.1353000000000009
2.26555102041  4.5888999999999998  0.9706000000000000  207.2361999999999966
2.32675510204  4.4699000000000000  0.9296000000000000  200.0911999999999864
2.38795918367  4.3380000000000001  0.8858000000000000  192.9918000000000120
2.44916326531  4.2130000000000001  0.8434000000000000  186.2684000000000140
2.51036734694  4.0955000000000004  0.8026000000000000  179.9339999999999975
2.57157142857  3.9824999999999999  0.7625999999999999  173.7589999999999861
2.63277551020  3.8742999999999999  0.7237000000000000  167.8401000000000067
2.69397959184  3.7770000000000001  0.6869000000000000  162.3028999999999940
2.75518367347  3.6846999999999999  0.6511000000000000  157.0404000000000053
2.81638775510  3.5948000000000002  0.6159000000000000  151.7039000000000044
2.87759183673  3.5112999999999999  0.5819000000000000  146.7455999999999960
2.93879591837  3.4142000000000001  0.5459000000000001  141.6578000000000088
3.00000000000  3.3182999999999998  0.5105000000000000  136.5914999999999964
