0.00100000000  0.0000000000000000  0.0000000000000000  0.0000000000000000
0.06220408163  -4.3433000000000002  9371.4325000000008004  -8963.1705999999994674
0.12340816327  -78.9770999999999930  9602.7919999999994616  3919.1981000000000677
0.18461224490  44.9132999999999996  2734.8256999999998698  3139.6977999999999156
0.24581632653  82.1176999999999992  1439.7398000000000593  1714.8219999999998890
0.30702040816  99.0478999999999985  659.2088999999999714  1226.3387000000000171
0.36822448980  100.2583999999999946  450.8793000000000006  896.7169000000000096
0.42942857143  97.8117000000000019  291.3299000000000092  732.2551999999999452
0.49063265306  93.7240000000000038  199.3796000000000106  663.2635999999999967
0.55183673469  88.9570999999999970  150.6848999999999990  602.8365000000000009
0.61304081633  84.4866999999999990  114.0952999999999946  563.7536999999999807
0.67424489796  80.2997000000000014  95.7976000000000028  536.2385000000000446
0.73544897959  76.5605000000000047  77.9258999999999986  513.4990000000000236
0.79665306122  73.0032999999999959  60.2102999999999966  490.2099999999999795
0.85785714286  69.5626000000000033  52.1426999999999978  469.9379999999999882
0.91906122449  66.7777999999999992  45.0660000000000025  456.0849999999999795
0.98026530612  64.5270000000000010  38.2858999999999980  444.6721000000000004
1.04146938776  62.4814000000000007  33.3641999999999967  434.3584000000000174
1.10267346939  60.5180000000000007  30.2536999999999985  425.4399000000000228
1.16387755102  58.4251000000000005  27.0436000000000014  414.8636000000000195
1.22508163265  56.3151999999999973  23.8189999999999991  403.3258000000000152
1.28628571429  54.1552999999999969  21.3880000000000017  391.2307000000000130
1.34748979592  52.1158000000000001  19.5559000000000012  380.7468000000000075
1.40869387755  50.2849000000000004  17.8033999999999999  370.8159999999999741
1.46989795918  48.6028999999999982  16.1071999999999989  361.6263999999999896
1.53110204082  47.0703999999999994  14.8460000000000001  353.0975999999999999
1.59230612245  45.7053999999999974  14.0000000000000000  347.0473000000000070
1.65351020408  44.5463999999999984  13.2082999999999995  342.1741999999999848
1.71471428571  43.5416000000000025  12.4533000000000005  338.2515999999999963
1.77591836735  42.6779000000000011  11.7291000000000007  335.0389000000000124
1.83712244898  41.9393999999999991  11.0288000000000004  332.4166999999999916
1.89832653061  41.1777000000000015  10.3124000000000002  329.6340999999999894
1.95953061224  40.5065999999999988  9.6097999999999999  326.7842999999999734
2.02073469388  39.7398000000000025  8.9681999999999995  323.2047999999999774
2.08193877551  38.8770999999999987  8.5992999999999995  320.1592999999999734
2.14314285714  37.9690000000000012  8.2904999999999998  316.6782999999999788
2.20434693878  37.0305000000000035  7.9714000000000000  312.5165999999999826
2.26555102041  36.0078000000000031  7.6315999999999997  307.8722000000000207
2.32675510204  35.0452999999999975  7.3028000000000004  302.8867000000000189
2.38795918367  34.1007000000000033  6.9763000000000002  297.8503999999999792
2.44916326531  33.1043999999999983  6.6387000000000000  292.6877000000000066
2.51036734694  32.2160999999999973  6.3228000000000000  287.6868000000000052
2.57157142857  31.3758000000000017  6.0163000000000002  282.9633999999999787
2.63277551020  30.5803000000000011  5.7187999999999999  278.5640999999999963
2.69397959184  29.8538999999999994  5.4344999999999999  274.6412000000000262
2.75518367347  29.2822999999999993  5.1783000000000001  271.6247999999999934
2.81638775510  28.7379999999999995  4.9264000000000001  269.2146000000000186
2.87759183673  28.3761000000000010  4.7045000000000003  267.9775000000000205
2.93879591837  28.1555999999999997  4.5033000000000003  267.9596999999999980
3.00000000000  28.0293999999999990  4.3132999999999999  269.1549999999999727
