0.10481100000  0.0000000000000000  0.0000000000000000  0.0000000000000000
0.16389648980  0.0033000000000000  0.0840000000000000  0.0611000000000000
0.22298197959  0.0061000000000000  0.0810000000000000  0.0587000000000000
0.28206746939  0.0058000000000000  0.0461000000000000  0.0428000000000000
0.34115295918  0.0046000000000000  0.0221000000000000  0.0241000000000000
0.40023844898  0.0037000000000000  0.0113000000000000  0.0175000000000000
0.45932393878  0.0030000000000000  0.0074000000000000  0.0131000000000000
0.51840942857  0.0025000000000000  0.0046000000000000  0.0105000000000000
0.57749491837  0.0021000000000000  0.0032000000000000  0.0088000000000000
0.63658040816  0.0018000000000000  0.0023000000000000  0.0075000000000000
0.69566589796  0.0016000000000000  0.0018000000000000  0.0067000000000000
0.75475138776  0.0014000000000000  0.0013000000000000  0.0058000000000000
0.81383687755  0.0013000000000000  0.0010000000000000  0.0053000000000000
0.87292236735  0.0011000000000000  0.0008000000000000  0.0048000000000000
0.93200785714  0.0010000000000000  0.0007000000000000  0.0043000000000000
0.99109334694  0.0009000000000000  0.0005000000000000  0.0041000000000000
1.05017883673  0.0008000000000000  0.0004000000000000  0.0037000000000000
1.10926432653  0.0008000000000000  0.0004000000000000  0.0035000000000000
1.16834981633  0.0007000000000000  0.0003000000000000  0.0032000000000000
1.22743530612  0.0007000000000000  0.0003000000000000  0.0030000000000000
1.28652079592  0.0006000000000000  0.0002000000000000  0.0028000000000000
1.34560628571  0.0006000000000000  0.0002000000000000  0.0026000000000000
1.40469177551  0.0005000000000000  0.0002000000000000  0.0025000000000000
1.46377726531  0.0005000000000000  0.0002000000000000  0.0023000000000000
1.52286275510  0.0005000000000000  0.0001000000000000  0.0022000000000000
1.58194824490  0.0004000000000000  0.0001000000000000  0.0021000000000000
1.64103373469  0.0004000000000000  0.0001000000000000  0.0020000000000000
1.70011922449  0.0004000000000000  0.0001000000000000  0.0019000000000000
1.75920471429  0.0004000000000000  0.0001000000000000  0.0018000000000000
1.81829020408  0.0003000000000000  0.0001000000000000  0.0017000000000000
1.87737569388  0.0003000000000000  0.0001000000000000  0.0017000000000000
1.93646118367  0.0003000000000000  0.0001000000000000  0.0016000000000000
1.99554667347  0.0003000000000000  0.0001000000000000  0.0015000000000000
2.05463216327  0.0003000000000000  0.0001000000000000  0.0014000000000000
2.11371765306  0.0003000000000000  0.0001000000000000  0.0014000000000000
2.17280314286  0.0003000000000000  0.0001000000000000  0.0014000000000000
2.23188863265  0.0002000000000000  0.0001000000000000  0.0013000000000000
2.29097412245  0.0002000000000000  0.0000000000000000  0.0012000000000000
2.35005961224  0.0002000000000000  0.0000000000000000  0.0012000000000000
2.40914510204  0.0002000000000000  0.0000000000000000  0.0012000000000000
2.46823059184  0.0002000000000000  0.0000000000000000  0.0011000000000000
2.52731608163  0.0002000000000000  0.0000000000000000  0.0011000000000000
2.58640157143  0.0002000000000000  0.0000000000000000  0.0010000000000000
2.64548706122  0.0002000000000000  0.0000000000000000  0.0010000000000000
2.70457255102  0.0002000000000000  0.0000000000000000  0.0010000000000000
2.76365804082  0.0002000000000000  0.0000000000000000  0.0010000000000000
2.82274353061  0.0002000000000000  0.0000000000000000  0.0009000000000000
2.88182902041  0.0002000000000000  0.0000000000000000  0.0009000000000000
2.94091451020  0.0001000000000000  0.0000000000000000  0.0009000000000000
3.00000000000  0.0001000000000000  0.0000000000000000  0.0009000000000000
