0.00100000000  0.0000000000000000  0.0000000000000000  0.0000000000000000
0.06220408163  -10.5183000000000000  9394.6625000000003638  -8968.6417999999994208
0.12340816327  -8.7861999999999991  10333.5151999999998225  -4940.2285000000001673
0.18461224490  47.7057000000000002  2913.6448999999997795  2559.1939999999999600
0.24581632653  88.5507999999999953  1499.7563000000000102  1422.2064000000000306
0.30702040816  103.0887000000000029  683.2770000000000437  1016.4293000000000120
0.36822448980  102.6149000000000058  459.7244999999999777  739.2514999999999645
0.42942857143  99.4929999999999950  295.7651000000000181  605.1998999999999569
0.49063265306  95.0236000000000018  202.3461000000000070  547.7019000000000233
0.55183673469  90.2558999999999969  152.8452000000000055  498.3627000000000180
0.61304081633  85.5164999999999935  115.5575999999999937  465.5588999999999942
0.67424489796  80.9137999999999948  96.5330000000000013  440.6988000000000056
0.73544897959  76.6484999999999985  78.0156999999999954  420.0325000000000273
0.79665306122  72.9990999999999985  60.2010000000000005  400.9515999999999849
0.85785714286  69.8041000000000054  52.3155000000000001  385.0978999999999814
0.91906122449  66.8686000000000007  45.1193999999999988  373.4304000000000201
0.98026530612  64.4198999999999984  38.2141999999999982  363.0267999999999802
1.04146938776  62.2141999999999982  33.2145999999999972  353.6168000000000120
1.10267346939  60.2774000000000001  30.1281999999999996  346.4243999999999915
1.16387755102  58.3607000000000014  27.0095999999999989  338.9909999999999854
1.22508163265  56.3978999999999999  23.8509999999999991  330.5285000000000082
1.28628571429  54.0897999999999968  21.3614999999999995  319.4990999999999985
1.34748979592  51.2409999999999997  19.2293999999999983  306.1111000000000217
1.40869387755  47.9617000000000004  16.9840000000000018  289.1272000000000162
1.46989795918  44.4558000000000035  14.7363999999999997  270.7053999999999974
1.53110204082  41.3813000000000031  13.0554000000000006  253.7472999999999956
1.59230612245  38.7804000000000002  11.8826000000000001  240.9064999999999941
1.65351020408  37.1225000000000023  11.0106999999999999  232.9658000000000015
1.71471428571  36.2787999999999968  10.3789999999999996  230.3060999999999865
1.77591836735  36.1415000000000006  9.9347999999999992  232.1908999999999992
1.83712244898  36.6167000000000016  9.6303999999999998  237.5005999999999915
1.89832653061  37.5033000000000030  9.3930000000000007  245.4730999999999881
1.95953061224  38.4994000000000014  9.1339000000000006  254.2818000000000040
2.02073469388  39.3558999999999983  8.8812999999999995  262.1795000000000186
2.08193877551  39.7599999999999980  8.7935999999999996  268.1614999999999895
2.14314285714  39.6717999999999975  8.6600999999999999  271.1318999999999733
2.20434693878  39.1734000000000009  8.4291000000000000  271.0206999999999766
2.26555102041  38.3258999999999972  8.1178000000000008  268.0586000000000126
2.32675510204  37.1103999999999985  7.7264999999999997  262.7232000000000198
2.38795918367  35.7528999999999968  7.3064999999999998  255.8840999999999894
2.44916326531  34.2800999999999974  6.8657000000000004  247.9341000000000008
2.51036734694  32.8104000000000013  6.4301000000000004  239.8000999999999863
2.57157142857  31.4087999999999994  6.0132000000000003  231.8169000000000040
2.63277551020  30.1392999999999986  5.6271000000000004  224.6853000000000122
2.69397959184  29.0747000000000000  5.2840999999999996  218.7813999999999908
2.75518367347  28.2349999999999994  4.9855000000000000  214.5004000000000133
2.81638775510  27.6701000000000015  4.7370000000000001  212.1690999999999860
2.87759183673  27.5020999999999987  4.5545999999999998  212.5263999999999953
2.93879591837  27.7363999999999997  4.4325999999999999  216.1075999999999908
3.00000000000  28.4431000000000012  4.3746000000000000  223.8475999999999999
