0.00100000000  0.0000000000000000  0.0000000000000000  0.0000000000000000
0.06220408163  9.4181000000000008  7670.1971000000003187  -7310.6971999999996115
0.12340816327  -108.3516000000000048  -4254.2281999999995605  13879.5493000000005850
0.18461224490  12.3638999999999992  1190.8505000000000109  5460.6250000000000000
0.24581632653  63.0707000000000022  1014.1294000000000324  3037.1676999999999680
0.30702040816  81.4314999999999998  495.9820000000000277  2138.5010999999999513
0.36822448980  86.9098999999999933  372.4087999999999852  1568.6430000000000291
0.42942857143  86.8708000000000027  251.2350999999999885  1281.2119999999999891
0.49063265306  83.0027000000000044  175.9205000000000041  1148.3961999999999080
0.55183673469  79.1118000000000023  133.7231999999999914  1038.2375999999999294
0.61304081633  75.9566999999999979  102.4869999999999948  976.0146999999999480
0.67424489796  73.0657999999999959  87.1702999999999975  936.4723999999999933
0.73544897959  69.8970000000000056  71.1546000000000021  897.2958999999999605
0.79665306122  66.2720999999999947  54.6685999999999979  849.8328999999999951
0.85785714286  62.8320000000000007  47.1039999999999992  807.6391999999999598
0.91906122449  60.0444000000000031  40.5238999999999976  779.9692999999999756
0.98026530612  58.0292000000000030  34.4268000000000001  758.9433999999999969
1.04146938776  56.2340999999999980  30.0213999999999999  740.7861000000000331
1.10267346939  54.4986000000000033  27.2374000000000009  725.0696000000000367
1.16387755102  52.6822999999999979  24.3785999999999987  706.9541000000000395
1.22508163265  50.8470999999999975  21.4999000000000002  687.6878000000000384
1.28628571429  49.0987000000000009  19.3861999999999988  668.3840000000000146
1.34748979592  47.4459000000000017  17.8009999999999984  652.3653000000000475
1.40869387755  45.9827000000000012  16.2792999999999992  637.7770000000000437
1.46989795918  44.6512000000000029  14.7979000000000003  624.2596999999999525
1.53110204082  43.4551000000000016  13.7067999999999994  612.3210000000000264
1.59230612245  42.4292000000000016  12.9986999999999995  604.6009000000000242
1.65351020408  41.5568000000000026  12.3251000000000008  598.6675000000000182
1.71471428571  40.8038999999999987  11.6738999999999997  594.1403000000000247
1.77591836735  40.1233999999999966  11.0303000000000004  590.2096000000000231
1.83712244898  39.5317000000000007  10.3979999999999997  586.5833999999999833
1.89832653061  38.9063999999999979  9.7449999999999992  582.2074999999999818
1.95953061224  38.2295999999999978  9.0698000000000008  576.4156000000000404
2.02073469388  37.4307000000000016  8.4460999999999995  568.4764000000000124
2.08193877551  36.5266000000000020  8.0770999999999997  560.8310000000000173
2.14314285714  35.4714999999999989  7.7413999999999996  551.4483000000000175
2.20434693878  34.4099999999999966  7.4020999999999999  540.7265999999999622
2.26555102041  33.2635999999999967  7.0434999999999999  528.8705999999999676
2.32675510204  32.1835000000000022  6.6989000000000001  516.6684999999999945
2.38795918367  31.0579000000000001  6.3457999999999997  504.0570000000000164
2.44916326531  30.0079999999999991  6.0095999999999998  491.9166000000000167
2.51036734694  29.0152000000000001  5.6867000000000001  480.0819999999999936
2.57157142857  28.1097000000000001  5.3826999999999998  469.4236999999999966
2.63277551020  27.2982000000000014  5.0983000000000001  460.0353000000000065
2.69397959184  26.6182000000000016  4.8395999999999999  452.2579000000000065
2.75518367347  26.0084000000000017  4.5942999999999996  446.1120999999999981
2.81638775510  25.6054999999999993  4.3852000000000002  442.5720999999999776
2.87759183673  25.3556999999999988  4.2004000000000001  441.6777999999999906
2.93879591837  25.2772000000000006  4.0403000000000002  443.8272999999999797
3.00000000000  25.4476000000000013  3.9140000000000001  450.0140000000000100
