0.00268300000  0.0000000000000000  0.0000000000000000  0.0000000000000000
0.06385273469  3.7374000000000001  4187.9215000000003783  4544.6243999999996959
0.12502246939  36.7306000000000026  2750.4119000000000597  2301.7728999999999360
0.18619220408  21.6981000000000002  492.3312999999999988  420.8768000000000029
0.24736193878  15.7550000000000008  195.0195999999999970  164.8045999999999935
0.30853167347  12.3954000000000004  74.9419999999999931  90.7644999999999982
0.36970140816  10.1991999999999994  43.2261000000000024  56.8892999999999986
0.43087114286  8.6156000000000006  24.7870999999999988  40.7882000000000033
0.49204087755  7.4348000000000001  15.6170000000000009  33.5210000000000008
0.55321061224  6.5242000000000004  10.9741999999999997  28.1820999999999984
0.61438034694  5.7935999999999996  7.7973999999999997  24.6269999999999989
0.67555008163  5.2031999999999998  6.1874000000000002  22.1235999999999997
0.73671981633  4.6680999999999999  4.7329999999999997  19.9420000000000002
0.79788955102  4.2358000000000002  3.4760000000000000  18.1121000000000016
0.85905928571  3.9256000000000002  2.9363000000000001  16.8638000000000012
0.92022902041  3.6395000000000000  2.4493999999999998  15.8002000000000002
0.98139875510  3.3591000000000002  1.9864999999999999  14.7088000000000001
1.04256848980  3.0998000000000001  1.6527000000000001  13.6843000000000004
1.10373822449  2.8681000000000001  1.4317000000000000  12.8095999999999997
1.16490795918  2.6648999999999998  1.2316000000000000  12.0208999999999993
1.22607769388  2.4984000000000002  1.0548000000000000  11.3649000000000004
1.28724742857  2.3590000000000000  0.9307000000000000  10.8125000000000000
1.34841716327  2.2189999999999999  0.8317000000000000  10.2819000000000003
1.40958689796  2.0928000000000000  0.7401000000000000  9.7933000000000003
1.47075663265  1.9803999999999999  0.6556000000000000  9.3505000000000003
1.53192636735  1.8768000000000000  0.5917000000000000  8.9342000000000006
1.59309610204  1.7877000000000001  0.5474000000000000  8.6165000000000003
1.65426583673  1.7146999999999999  0.5084000000000000  8.3619000000000003
1.71543557143  1.6269000000000000  0.4653000000000000  8.0222999999999995
1.77660530612  1.5578000000000001  0.4282000000000000  7.7618000000000000
1.83777504082  1.4807999999999999  0.3894000000000000  7.4512000000000000
1.89894477551  1.4095000000000000  0.3530000000000000  7.1573000000000002
1.96011451020  1.3442000000000001  0.3188000000000000  6.8837000000000002
2.02128424490  1.2879000000000000  0.2905000000000000  6.6471999999999998
2.08245397959  1.2338000000000000  0.2728000000000000  6.4457000000000004
2.14362371429  1.1848000000000001  0.2585000000000000  6.2679999999999998
2.20479344898  1.1370000000000000  0.2445000000000000  6.0887000000000002
2.26596318367  1.0932999999999999  0.2314000000000000  5.9246999999999996
2.32713291837  1.0589999999999999  0.2204000000000000  5.8053999999999997
2.38830265306  1.0255000000000001  0.2095000000000000  5.6856000000000000
2.44947238776  0.9974000000000000  0.1998000000000000  5.5903999999999998
2.51064212245  0.9802000000000000  0.1921000000000000  5.5521000000000003
2.57181185714  0.9498000000000000  0.1819000000000000  5.4356000000000000
2.63298159184  0.9199000000000001  0.1719000000000000  5.3179999999999996
2.69415132653  0.8925999999999999  0.1624000000000000  5.2103999999999999
2.75532106122  0.8636000000000000  0.1527000000000000  5.0895000000000001
2.81649079592  0.8398000000000000  0.1439000000000000  4.9942000000000002
2.87766053061  0.8148000000000000  0.1351000000000000  4.8887999999999998
2.93883026531  0.7894000000000000  0.1263000000000000  4.7777000000000003
3.00000000000  0.7606000000000001  0.1171000000000000  4.6422999999999996
