9.0    0.0000000000000000    0.0000000000000000    0.0000000000000000    0.0000000000000000    0.0000000000000000
11.0    0.0000000000000003    0.0000000000000002    0.0000000000000005    0.0000000000000002    0.0000000000000005
13.0    0.0000000000000008    0.0000000000000005    0.0000000000000011    0.0000000000000007    0.0000000000000012
15.0    0.0000000000000020    0.0000000000000013    0.0000000000000025    0.0000000000000017    0.0000000000000027
17.0    0.0000000000000044    0.0000000000000032    0.0000000000000054    0.0000000000000038    0.0000000000000058
19.0    0.0000000000000094    0.0000000000000071    0.0000000000000110    0.0000000000000083    0.0000000000000117
21.0    0.0000000000000185    0.0000000000000145    0.0000000000000210    0.0000000000000170    0.0000000000000215
23.0    0.0000000000000331    0.0000000000000282    0.0000000000000365    0.0000000000000313    0.0000000000000374
25.0    0.0000000000000570    0.0000000000000509    0.0000000000000602    0.0000000000000552    0.0000000000000623
27.0    0.0000000000000914    0.0000000000000851    0.0000000000000948    0.0000000000000903    0.0000000000000973
29.0    0.0000000000001372    0.0000000000001298    0.0000000000001400    0.0000000000001353    0.0000000000001427
31.0    0.0000000000001925    0.0000000000001852    0.0000000000001920    0.0000000000001926    0.0000000000001970
33.0    0.0000000000002538    0.0000000000002495    0.0000000000002494    0.0000000000002560    0.0000000000002542
35.0    0.0000000000003155    0.0000000000003139    0.0000000000003107    0.0000000000003167    0.0000000000003125
37.0    0.0000000000003705    0.0000000000003716    0.0000000000003695    0.0000000000003743    0.0000000000003710
39.0    0.0000000000004215    0.0000000000004173    0.0000000000004220    0.0000000000004235    0.0000000000004258
41.0    0.0000000000004691    0.0000000000004554    0.0000000000004735    0.0000000000004655    0.0000000000004804
43.0    0.0000000000005220    0.0000000000004967    0.0000000000005337    0.0000000000005142    0.0000000000005397
45.0    0.0000000000005934    0.0000000000005556    0.0000000000006120    0.0000000000005824    0.0000000000006165
47.0    0.0000000000006934    0.0000000000006507    0.0000000000007157    0.0000000000006819    0.0000000000007268
49.0    0.0000000000008419    0.0000000000007905    0.0000000000008577    0.0000000000008268    0.0000000000008776
51.0    0.0000000000010399    0.0000000000009861    0.0000000000010500    0.0000000000010330    0.0000000000010729
53.0    0.0000000000012846    0.0000000000012443    0.0000000000012841    0.0000000000012892    0.0000000000012976
55.0    0.0000000000015611    0.0000000000015436    0.0000000000015362    0.0000000000015678    0.0000000000015482
57.0    0.0000000000018365    0.0000000000018579    0.0000000000017981    0.0000000000018695    0.0000000000018182
59.0    0.0000000000021082    0.0000000000021451    0.0000000000020592    0.0000000000021531    0.0000000000020744
61.0    0.0000000000023398    0.0000000000023878    0.0000000000022851    0.0000000000023805    0.0000000000022945
63.0    0.0000000000025103    0.0000000000025702    0.0000000000024521    0.0000000000025510    0.0000000000024613
65.0    0.0000000000026116    0.0000000000026683    0.0000000000025605    0.0000000000026446    0.0000000000025636
67.0    0.0000000000026445    0.0000000000026850    0.0000000000026134    0.0000000000026643    0.0000000000026100
69.0    0.0000000000026249    0.0000000000026416    0.0000000000026151    0.0000000000026291    0.0000000000026110
71.0    0.0000000000025769    0.0000000000025657    0.0000000000025866    0.0000000000025641    0.0000000000025818
73.0    0.0000000000025224    0.0000000000024854    0.0000000000025486    0.0000000000025016    0.0000000000025447
75.0    0.0000000000024870    0.0000000000024339    0.0000000000025199    0.0000000000024625    0.0000000000025209
77.0    0.0000000000024883    0.0000000000024325    0.0000000000025186    0.0000000000024671    0.0000000000025227
79.0    0.0000000000025321    0.0000000000024851    0.0000000000025500    0.0000000000025188    0.0000000000025578
81.0    0.0000000000026109    0.0000000000025854    0.0000000000026128    0.0000000000026155    0.0000000000026249
83.0    0.0000000000027178    0.0000000000027215    0.0000000000027013    0.0000000000027381    0.0000000000027135
85.0    0.0000000000028305    0.0000000000028645    0.0000000000027976    0.0000000000028585    0.0000000000028037
87.0    0.0000000000029277    0.0000000000029869    0.0000000000028805    0.0000000000029637    0.0000000000028831
89.0    0.0000000000029914    0.0000000000030635    0.0000000000029385    0.0000000000030285    0.0000000000029392
91.0    0.0000000000030080    0.0000000000030848    0.0000000000029612    0.0000000000030398    0.0000000000029564
93.0    0.0000000000029739    0.0000000000030446    0.0000000000029390    0.0000000000029984    0.0000000000029295
95.0    0.0000000000028958    0.0000000000029455    0.0000000000028770    0.0000000000029036    0.0000000000028602
97.0    0.0000000000027772    0.0000000000028018    0.0000000000027808    0.0000000000027698    0.0000000000027616
99.0    0.0000000000026355    0.0000000000026398    0.0000000000026563    0.0000000000026205    0.0000000000026417
101.0    0.0000000000024871    0.0000000000024736    0.0000000000025208    0.0000000000024610    0.0000000000025077
103.0    0.0000000000023472    0.0000000000023150    0.0000000000023937    0.0000000000023146    0.0000000000023779
105.0    0.0000000000022324    0.0000000000021855    0.0000000000022801    0.0000000000021988    0.0000000000022635
107.0    0.0000000000021404    0.0000000000020930    0.0000000000021834    0.0000000000021102    0.0000000000021749
109.0    0.0000000000020781    0.0000000000020399    0.0000000000021126    0.0000000000020548    0.0000000000021101
111.0    0.0000000000020438    0.0000000000020180    0.0000000000020685    0.0000000000020298    0.0000000000020665
113.0    0.0000000000020308    0.0000000000020192    0.0000000000020444    0.0000000000020252    0.0000000000020432
115.0    0.0000000000020311    0.0000000000020338    0.0000000000020340    0.0000000000020327    0.0000000000020340
117.0    0.0000000000020367    0.0000000000020501    0.0000000000020319    0.0000000000020426    0.0000000000020320
119.0    0.0000000000020404    0.0000000000020604    0.0000000000020314    0.0000000000020482    0.0000000000020309
121.0    0.0000000000020371    0.0000000000020591    0.0000000000020278    0.0000000000020440    0.0000000000020261
123.0    0.0000000000020245    0.0000000000020432    0.0000000000020179    0.0000000000020288    0.0000000000020148
125.0    0.0000000000020025    0.0000000000020139    0.0000000000020006    0.0000000000020025    0.0000000000019967
127.0    0.0000000000019738    0.0000000000019770    0.0000000000019784    0.0000000000019691    0.0000000000019729
129.0    0.0000000000019433    0.0000000000019368    0.0000000000019530    0.0000000000019347    0.0000000000019475
131.0    0.0000000000019128    0.0000000000018974    0.0000000000019263    0.0000000000019015    0.0000000000019225
133.0    0.0000000000018876    0.0000000000018661    0.0000000000019030    0.0000000000018753    0.0000000000019002
135.0    0.0000000000018709    0.0000000000018468    0.0000000000018865    0.0000000000018601    0.0000000000018845
137.0    0.0000000000018642    0.0000000000018414    0.0000000000018777    0.0000000000018559    0.0000000000018770
139.0    0.0000000000018675    0.0000000000018488    0.0000000000018770    0.0000000000018631    0.0000000000018779
141.0    0.0000000000018798    0.0000000000018675    0.0000000000018846    0.0000000000018790    0.0000000000018862
143.0    0.0000000000018988    0.0000000000018939    0.0000000000018983    0.0000000000019009    0.0000000000019011
145.0    0.0000000000019216    0.0000000000019236    0.0000000000019164    0.0000000000019268    0.0000000000019202
147.0    0.0000000000019453    0.0000000000019513    0.0000000000019375    0.0000000000019524    0.0000000000019412
149.0    0.0000000000019666    0.0000000000019749    0.0000000000019589    0.0000000000019741    0.0000000000019612
151.0    0.0000000000019858    0.0000000000019933    0.0000000000019784    0.0000000000019924    0.0000000000019801
153.0    0.0000000000020018    0.0000000000020048    0.0000000000019963    0.0000000000020063    0.0000000000019981
155.0    0.0000000000020152    0.0000000000020108    0.0000000000020138    0.0000000000020165    0.0000000000020151
157.0    0.0000000000020282    0.0000000000020138    0.0000000000020315    0.0000000000020265    0.0000000000020327
159.0    0.0000000000020437    0.0000000000020177    0.0000000000020511    0.0000000000020393    0.0000000000020535
161.0    0.0000000000020653    0.0000000000020270    0.0000000000020759    0.0000000000020579    0.0000000000020793
163.0    0.0000000000020954    0.0000000000020463    0.0000000000021107    0.0000000000020884    0.0000000000021142
165.0    0.0000000000021403    0.0000000000020802    0.0000000000021581    0.0000000000021339    0.0000000000021634
167.0    0.0000000000022022    0.0000000000021301    0.0000000000022186    0.0000000000021951    0.0000000000022293
169.0    0.0000000000022847    0.0000000000022003    0.0000000000022971    0.0000000000022809    0.0000000000023149
171.0    0.0000000000023900    0.0000000000022970    0.0000000000024005    0.0000000000023907    0.0000000000024179
173.0    0.0000000000025149    0.0000000000024197    0.0000000000025285    0.0000000000025208    0.0000000000025439
175.0    0.0000000000026715    0.0000000000025700    0.0000000000026759    0.0000000000026844    0.0000000000027013
177.0    0.0000000000028561    0.0000000000027414    0.0000000000028495    0.0000000000028770    0.0000000000028870
179.0    0.0000000000030705    0.0000000000029408    0.0000000000030594    0.0000000000030901    0.0000000000031022
181.0    0.0000000000033151    0.0000000000031784    0.0000000000032999    0.0000000000033440    0.0000000000033371
183.0    0.0000000000035918    0.0000000000034484    0.0000000000035600    0.0000000000036302    0.0000000000036015
185.0    0.0000000000039004    0.0000000000037520    0.0000000000038503    0.0000000000039357    0.0000000000039089
187.0    0.0000000000042281    0.0000000000040767    0.0000000000041853    0.0000000000042727    0.0000000000042493
189.0    0.0000000000046023    0.0000000000044347    0.0000000000045537    0.0000000000046592    0.0000000000046229
191.0    0.0000000000050095    0.0000000000048422    0.0000000000049377    0.0000000000050799    0.0000000000050295
193.0    0.0000000000054500    0.0000000000052851    0.0000000000053525    0.0000000000055144    0.0000000000054496
195.0    0.0000000000059219    0.0000000000057623    0.0000000000058165    0.0000000000060009    0.0000000000058992
197.0    0.0000000000064037    0.0000000000062513    0.0000000000063117    0.0000000000065180    0.0000000000063981
199.0    0.0000000000069338    0.0000000000067678    0.0000000000068139    0.0000000000070397    0.0000000000069260
201.0    0.0000000000074902    0.0000000000073307    0.0000000000073423    0.0000000000076113    0.0000000000074813
203.0    0.0000000000080719    0.0000000000079168    0.0000000000079199    0.0000000000082070    0.0000000000080379
205.0    0.0000000000086767    0.0000000000085234    0.0000000000085232    0.0000000000087983    0.0000000000086179
207.0    0.0000000000092790    0.0000000000091244    0.0000000000091248    0.0000000000094382    0.0000000000092471
209.0    0.0000000000099291    0.0000000000097426    0.0000000000097501    0.0000000000101003    0.0000000000099014
211.0    0.0000000000106032    0.0000000000104044    0.0000000000104284    0.0000000000107563    0.0000000000105821
213.0    0.0000000000113046    0.0000000000110884    0.0000000000111352    0.0000000000114689    0.0000000000112612
215.0    0.0000000000120360    0.0000000000117990    0.0000000000118420    0.0000000000122124    0.0000000000119701
217.0    0.0000000000128030    0.0000000000125124    0.0000000000125819    0.0000000000129581    0.0000000000127449
219.0    0.0000000000136100    0.0000000000132624    0.0000000000133931    0.0000000000137799    0.0000000000135608
221.0    0.0000000000144286    0.0000000000140875    0.0000000000142498    0.0000000000146502    0.0000000000144231
223.0    0.0000000000153329    0.0000000000149662    0.0000000000151183    0.0000000000155352    0.0000000000153376
225.0    0.0000000000162947    0.0000000000159057    0.0000000000160395    0.0000000000165216    0.0000000000162676
227.0    0.0000000000173209    0.0000000000168716    0.0000000000170609    0.0000000000175745    0.0000000000172562
229.0    0.0000000000184146    0.0000000000179050    0.0000000000181492    0.0000000000186497    0.0000000000183534
231.0    0.0000000000195332    0.0000000000190538    0.0000000000192584    0.0000000000198491    0.0000000000195224
233.0    0.0000000000207734    0.0000000000202813    0.0000000000204375    0.0000000000211266    0.0000000000207668
235.0    0.0000000000220910    0.0000000000215375    0.0000000000217438    0.0000000000224256    0.0000000000220324
237.0    0.0000000000234904    0.0000000000228708    0.0000000000231308    0.0000000000238011    0.0000000000233733
239.0    0.0000000000249713    0.0000000000243389    0.0000000000245373    0.0000000000253231    0.0000000000248531
241.0    0.0000000000265371    0.0000000000258919    0.0000000000260227    0.0000000000269302    0.0000000000264175
243.0    0.0000000000281871    0.0000000000275313    0.0000000000276561    0.0000000000285501    0.0000000000280677
245.0    0.0000000000298528    0.0000000000291903    0.0000000000293766    0.0000000000303314    0.0000000000298049
247.0    0.0000000000316740    0.0000000000309340    0.0000000000311072    0.0000000000322014    0.0000000000315515
249.0    0.0000000000335818    0.0000000000328374    0.0000000000329197    0.0000000000340756    0.0000000000333800
251.0    0.0000000000355783    0.0000000000348349    0.0000000000348965    0.0000000000361244    0.0000000000353733
253.0    0.0000000000376606    0.0000000000369273    0.0000000000369602    0.0000000000382620    0.0000000000374533
255.0    0.0000000000397403    0.0000000000390274    0.0000000000390173    0.0000000000403895    0.0000000000396178
257.0    0.0000000000419874    0.0000000000412137    0.0000000000411510    0.0000000000426970    0.0000000000417680
259.0    0.0000000000443112    0.0000000000435728    0.0000000000434536    0.0000000000450827    0.0000000000439902
261.0    0.0000000000467078    0.0000000000460129    0.0000000000458296    0.0000000000474333    0.0000000000463787
263.0    0.0000000000491682    0.0000000000485255    0.0000000000481690    0.0000000000499546    0.0000000000488323
265.0    0.0000000000515840    0.0000000000509998    0.0000000000505643    0.0000000000525308    0.0000000000513435
267.0    0.0000000000541477    0.0000000000535217    0.0000000000531143    0.0000000000550382    0.0000000000537958
269.0    0.0000000000567496    0.0000000000561826    0.0000000000557079    0.0000000000576947    0.0000000000562862
271.0    0.0000000000593814    0.0000000000588710    0.0000000000582262    0.0000000000603769    0.0000000000589161
273.0    0.0000000000620339    0.0000000000615760    0.0000000000607694    0.0000000000629584    0.0000000000615700
275.0    0.0000000000646994    0.0000000000641840    0.0000000000634416    0.0000000000656662    0.0000000000642402
277.0    0.0000000000673710    0.0000000000667923    0.0000000000660136    0.0000000000683762    0.0000000000669196
279.0    0.0000000000699364    0.0000000000695002    0.0000000000685909    0.0000000000709660    0.0000000000694908
281.0    0.0000000000726049    0.0000000000722003    0.0000000000712806    0.0000000000735499    0.0000000000720608
283.0    0.0000000000752664    0.0000000000748912    0.0000000000739663    0.0000000000762423    0.0000000000747377
285.0    0.0000000000779181    0.0000000000774697    0.0000000000765330    0.0000000000789237    0.0000000000774061
287.0    0.0000000000805582    0.0000000000800397    0.0000000000790896    0.0000000000814767    0.0000000000800632
289.0    0.0000000000830793    0.0000000000827038    0.0000000000817439    0.0000000000841315    0.0000000000825966
291.0    0.0000000000856892    0.0000000000853580    0.0000000000843815    0.0000000000867696    0.0000000000851141
293.0    0.0000000000882799    0.0000000000880002    0.0000000000868906    0.0000000000892741    0.0000000000877212
295.0    0.0000000000908468    0.0000000000905256    0.0000000000893777    0.0000000000918683    0.0000000000903040
297.0    0.0000000000933858    0.0000000000930305    0.0000000000919456    0.0000000000944329    0.0000000000928576
299.0    0.0000000000957912    0.0000000000956065    0.0000000000944807    0.0000000000968517    0.0000000000952728
301.0    0.0000000000982572    0.0000000000981438    0.0000000000968746    0.0000000000993375    0.0000000000976505
303.0    0.0000000001006774    0.0000000001006323    0.0000000000992275    0.0000000001017731    0.0000000001000867
305.0    0.0000000001030438    0.0000000001029702    0.0000000001016347    0.0000000001040485    0.0000000001024710
307.0    0.0000000001053524    0.0000000001052450    0.0000000001039871    0.0000000001063641    0.0000000001047980
309.0    0.0000000001075962    0.0000000001075376    0.0000000001061861    0.0000000001086118    0.0000000001070631
311.0    0.0000000001097741    0.0000000001097502    0.0000000001083266    0.0000000001106939    0.0000000001091734
313.0    0.0000000001117997    0.0000000001118798    0.0000000001104967    0.0000000001127986    0.0000000001112212
315.0    0.0000000001138422    0.0000000001138500    0.0000000001126012    0.0000000001148323    0.0000000001132936
317.0    0.0000000001158190    0.0000000001157460    0.0000000001145575    0.0000000001167125    0.0000000001153007
319.0    0.0000000001177324    0.0000000001176461    0.0000000001164553    0.0000000001186158    0.0000000001172459
321.0    0.0000000001195890    0.0000000001194805    0.0000000001183789    0.0000000001204621    0.0000000001190571
323.0    0.0000000001213235    0.0000000001212588    0.0000000001202488    0.0000000001221815    0.0000000001208203
325.0    0.0000000001230872    0.0000000001229257    0.0000000001219967    0.0000000001239388    0.0000000001226168
327.0    0.0000000001248161    0.0000000001245600    0.0000000001237072    0.0000000001256642    0.0000000001243758
329.0    0.0000000001265167    0.0000000001262353    0.0000000001254594    0.0000000001272915    0.0000000001261048
331.0    0.0000000001281972    0.0000000001278945    0.0000000001271853    0.0000000001289038    0.0000000001277404
333.0    0.0000000001298639    0.0000000001295457    0.0000000001288208    0.0000000001305800    0.0000000001293607
335.0    0.0000000001315233    0.0000000001311318    0.0000000001304440    0.0000000001322520    0.0000000001310413
337.0    0.0000000001331137    0.0000000001327206    0.0000000001321301    0.0000000001338516    0.0000000001327164
339.0    0.0000000001347717    0.0000000001343786    0.0000000001338129    0.0000000001355280    0.0000000001343902
341.0    0.0000000001364339    0.0000000001360446    0.0000000001354261    0.0000000001372106    0.0000000001360666
343.0    0.0000000001381025    0.0000000001377195    0.0000000001370426    0.0000000001388277    0.0000000001376780
345.0    0.0000000001397794    0.0000000001393392    0.0000000001387353    0.0000000001405278    0.0000000001392957
347.0    0.0000000001413982    0.0000000001409672    0.0000000001404358    0.0000000001422379    0.0000000001409920
349.0    0.0000000001430942    0.0000000001426702    0.0000000001420743    0.0000000001438838    0.0000000001426981
351.0    0.0000000001448008    0.0000000001443830    0.0000000001437219    0.0000000001456159    0.0000000001444148
353.0    0.0000000001465189    0.0000000001460400    0.0000000001454523    0.0000000001473594    0.0000000001460705
355.0    0.0000000001482490    0.0000000001477080    0.0000000001471943    0.0000000001490387    0.0000000001477375
357.0    0.0000000001499218    0.0000000001494552    0.0000000001488756    0.0000000001508077    0.0000000001494893
359.0    0.0000000001516774    0.0000000001512162    0.0000000001505688    0.0000000001525903    0.0000000001512545
361.0    0.0000000001534465    0.0000000001529927    0.0000000001523488    0.0000000001543094    0.0000000001530334
363.0    0.0000000001552301    0.0000000001547160    0.0000000001541425    0.0000000001561209    0.0000000001547515
365.0    0.0000000001570282    0.0000000001564553    0.0000000001558747    0.0000000001579477    0.0000000001564832
367.0    0.0000000001588409    0.0000000001582812    0.0000000001576204    0.0000000001597097    0.0000000001583043
369.0    0.0000000001606682    0.0000000001601242    0.0000000001594559    0.0000000001615665    0.0000000001601399
371.0    0.0000000001624355    0.0000000001619836    0.0000000001613053    0.0000000001634376    0.0000000001619896
373.0    0.0000000001642895    0.0000000001637863    0.0000000001630905    0.0000000001652399    0.0000000001638526
375.0    0.0000000001661558    0.0000000001656019    0.0000000001648872    0.0000000001670533    0.0000000001656495
377.0    0.0000000001680337    0.0000000001675024    0.0000000001667734    0.0000000001689604    0.0000000001674573
379.0    0.0000000001699212    0.0000000001694137    0.0000000001686707    0.0000000001708766    0.0000000001693535
381.0    0.0000000001717412    0.0000000001713340    0.0000000001704976    0.0000000001727173    0.0000000001712588
383.0    0.0000000001736444    0.0000000001731868    0.0000000001723324    0.0000000001746482    0.0000000001731714
385.0    0.0000000001755529    0.0000000001750448    0.0000000001742532    0.0000000001765835    0.0000000001750102
387.0    0.0000000001774660    0.0000000001769812    0.0000000001761798    0.0000000001784385    0.0000000001768532
389.0    0.0000000001793821    0.0000000001789204    0.0000000001780300    0.0000000001803799    0.0000000001787797
391.0    0.0000000001812999    0.0000000001808608    0.0000000001798831    0.0000000001823229    0.0000000001807084
393.0    0.0000000001832186    0.0000000001827267    0.0000000001818187    0.0000000001841810    0.0000000001826383
395.0    0.0000000001850607    0.0000000001845918    0.0000000001837554    0.0000000001861236    0.0000000001844878
397.0    0.0000000001869788    0.0000000001865297    0.0000000001856118    0.0000000001880648    0.0000000001863367
399.0    0.0000000001888958    0.0000000001884641    0.0000000001874681    0.0000000001899203    0.0000000001882647
401.0    0.0000000001908116    0.0000000001903942    0.0000000001894049    0.0000000001918585    0.0000000001901914
403.0    0.0000000001927266    0.0000000001922452    0.0000000001913419    0.0000000001937962    0.0000000001921166
405.0    0.0000000001945648    0.0000000001940908    0.0000000001931989    0.0000000001956494    0.0000000001940410
407.0    0.0000000001964812    0.0000000001960038    0.0000000001950580    0.0000000001975887    0.0000000001958858
409.0    0.0000000001984008    0.0000000001979112    0.0000000001970022    0.0000000001995325    0.0000000001977331
411.0    0.0000000002003277    0.0000000001998138    0.0000000001989537    0.0000000002013994    0.0000000001996658
413.0    0.0000000002022653    0.0000000002016406    0.0000000002008343    0.0000000002033641    0.0000000002016079
415.0    0.0000000002041412    0.0000000002034682    0.0000000002027300    0.0000000002053476    0.0000000002035648
417.0    0.0000000002061185    0.0000000002053743    0.0000000002047305    0.0000000002072713    0.0000000002054600
419.0    0.0000000002081276    0.0000000002072929    0.0000000002067621    0.0000000002093191    0.0000000002073831
421.0    0.0000000002101802    0.0000000002092325    0.0000000002087471    0.0000000002114155    0.0000000002094288
423.0    0.0000000002122877    0.0000000002111278    0.0000000002107810    0.0000000002134803    0.0000000002115263
425.0    0.0000000002144663    0.0000000002130652    0.0000000002129674    0.0000000002156177    0.0000000002136904
427.0    0.0000000002167312    0.0000000002151397    0.0000000002152352    0.0000000002179487    0.0000000002159377
429.0    0.0000000002190058    0.0000000002172933    0.0000000002175011    0.0000000002203964    0.0000000002181860
431.0    0.0000000002215006    0.0000000002195481    0.0000000002198777    0.0000000002228705    0.0000000002205484
433.0    0.0000000002241441    0.0000000002218326    0.0000000002224951    0.0000000002256223    0.0000000002231552
435.0    0.0000000002269661    0.0000000002242592    0.0000000002252777    0.0000000002285657    0.0000000002259327
437.0    0.0000000002299892    0.0000000002269588    0.0000000002281219    0.0000000002315924    0.0000000002289089
439.0    0.0000000002331120    0.0000000002298706    0.0000000002311702    0.0000000002350084    0.0000000002319731
441.0    0.0000000002366247    0.0000000002330296    0.0000000002345920    0.0000000002387083    0.0000000002352779
443.0    0.0000000002404285    0.0000000002363321    0.0000000002382923    0.0000000002425498    0.0000000002390084
445.0    0.0000000002445637    0.0000000002399350    0.0000000002421270    0.0000000002469167    0.0000000002430616
447.0    0.0000000002490549    0.0000000002440321    0.0000000002462798    0.0000000002516670    0.0000000002474713
449.0    0.0000000002537377    0.0000000002485272    0.0000000002509761    0.0000000002566090    0.0000000002520602
451.0    0.0000000002590343    0.0000000002534602    0.0000000002560768    0.0000000002622244    0.0000000002570418
453.0    0.0000000002647783    0.0000000002586492    0.0000000002613698    0.0000000002683175    0.0000000002626802
455.0    0.0000000002710108    0.0000000002643178    0.0000000002670942    0.0000000002746289    0.0000000002688002
457.0    0.0000000002777437    0.0000000002707446    0.0000000002735429    0.0000000002817566    0.0000000002754289
459.0    0.0000000002850122    0.0000000002777468    0.0000000002805040    0.0000000002894334    0.0000000002825898
461.0    0.0000000002928202    0.0000000002853512    0.0000000002876705    0.0000000002973163    0.0000000002899658
463.0    0.0000000003008453    0.0000000002932459    0.0000000002953472    0.0000000003061322    0.0000000002978693
465.0    0.0000000003097645    0.0000000003017373    0.0000000003039003    0.0000000003155278    0.0000000003066756
467.0    0.0000000003192451    0.0000000003111970    0.0000000003130171    0.0000000003250672    0.0000000003160613
469.0    0.0000000003292977    0.0000000003213020    0.0000000003222793    0.0000000003351357    0.0000000003260238
471.0    0.0000000003398972    0.0000000003316170    0.0000000003320613    0.0000000003462168    0.0000000003361005
473.0    0.0000000003505818    0.0000000003425164    0.0000000003427993    0.0000000003578322    0.0000000003466930
475.0    0.0000000003622185    0.0000000003544375    0.0000000003540646    0.0000000003694260    0.0000000003582625
477.0    0.0000000003743324    0.0000000003669282    0.0000000003653288    0.0000000003820173    0.0000000003703353
479.0    0.0000000003868998    0.0000000003799488    0.0000000003770327    0.0000000003950385    0.0000000003828756
481.0    0.0000000003998669    0.0000000003929219    0.0000000003896682    0.0000000004078598    0.0000000003952909
483.0    0.0000000004131955    0.0000000004062978    0.0000000004026962    0.0000000004215947    0.0000000004080607
485.0    0.0000000004268237    0.0000000004205694    0.0000000004155027    0.0000000004356033    0.0000000004217052
487.0    0.0000000004401419    0.0000000004351463    0.0000000004285817    0.0000000004492071    0.0000000004356225
489.0    0.0000000004541999    0.0000000004499576    0.0000000004424597    0.0000000004635790    0.0000000004497513
491.0    0.0000000004683819    0.0000000004643509    0.0000000004565149    0.0000000004780351    0.0000000004640279
493.0    0.0000000004826252    0.0000000004788257    0.0000000004700926    0.0000000004918803    0.0000000004777868
495.0    0.0000000004968641    0.0000000004938900    0.0000000004837190    0.0000000005063048    0.0000000004915625
497.0    0.0000000005104681    0.0000000005088891    0.0000000004979267    0.0000000005206144    0.0000000005058896
499.0    0.0000000005245071    0.0000000005237475    0.0000000005120598    0.0000000005341305    0.0000000005201034
501.0    0.0000000005383538    0.0000000005378348    0.0000000005254759    0.0000000005480190    0.0000000005341387
503.0    0.0000000005519425    0.0000000005516584    0.0000000005387067    0.0000000005616071    0.0000000005473659
505.0    0.0000000005652237    0.0000000005656968    0.0000000005522628    0.0000000005742646    0.0000000005603157
507.0    0.0000000005776297    0.0000000005793297    0.0000000005655065    0.0000000005870917    0.0000000005734862
509.0    0.0000000005901462    0.0000000005925012    0.0000000005778592    0.0000000005994678    0.0000000005862548
511.0    0.0000000006022147    0.0000000006046896    0.0000000005898292    0.0000000006108357    0.0000000005985750
513.0    0.0000000006137836    0.0000000006163618    0.0000000006018779    0.0000000006217155    0.0000000006099267
515.0    0.0000000006248342    0.0000000006279302    0.0000000006134348    0.0000000006325347    0.0000000006207907
517.0    0.0000000006353242    0.0000000006388842    0.0000000006240220    0.0000000006427752    0.0000000006315893
519.0    0.0000000006452467    0.0000000006492013    0.0000000006340952    0.0000000006519992    0.0000000006418106
521.0    0.0000000006542116    0.0000000006585099    0.0000000006440479    0.0000000006610326    0.0000000006514358
523.0    0.0000000006629549    0.0000000006671973    0.0000000006534099    0.0000000006694477    0.0000000006604509
525.0    0.0000000006710965    0.0000000006755820    0.0000000006618196    0.0000000006769029    0.0000000006685143
527.0    0.0000000006786176    0.0000000006832995    0.0000000006696605    0.0000000006840764    0.0000000006759978
529.0    0.0000000006855367    0.0000000006903555    0.0000000006772457    0.0000000006906354    0.0000000006832024
531.0    0.0000000006916064    0.0000000006965284    0.0000000006842189    0.0000000006963293    0.0000000006897897
533.0    0.0000000006973423    0.0000000007021024    0.0000000006903355    0.0000000007016881    0.0000000006957683
535.0    0.0000000007025030    0.0000000007072918    0.0000000006958945    0.0000000007064682    0.0000000007009410
537.0    0.0000000007070885    0.0000000007118760    0.0000000007011247    0.0000000007105025    0.0000000007055708
539.0    0.0000000007111309    0.0000000007158762    0.0000000007057821    0.0000000007141781    0.0000000007098510
541.0    0.0000000007146352    0.0000000007191967    0.0000000007097271    0.0000000007173321    0.0000000007135833
543.0    0.0000000007176360    0.0000000007220138    0.0000000007131716    0.0000000007198710    0.0000000007167886
545.0    0.0000000007200540    0.0000000007244443    0.0000000007162625    0.0000000007220492    0.0000000007193895
547.0    0.0000000007221133    0.0000000007263885    0.0000000007187622    0.0000000007237749    0.0000000007215409
549.0    0.0000000007237361    0.0000000007278724    0.0000000007208203    0.0000000007250155    0.0000000007233397
551.0    0.0000000007249346    0.0000000007288933    0.0000000007225296    0.0000000007259092    0.0000000007247032
553.0    0.0000000007257438    0.0000000007295328    0.0000000007238116    0.0000000007264233    0.0000000007256561
555.0    0.0000000007261694    0.0000000007298265    0.0000000007246641    0.0000000007265747    0.0000000007262235
557.0    0.0000000007262702    0.0000000007297646    0.0000000007251628    0.0000000007264014    0.0000000007264304
559.0    0.0000000007260508    0.0000000007293732    0.0000000007253371    0.0000000007259200    0.0000000007263221
561.0    0.0000000007255262    0.0000000007287107    0.0000000007251782    0.0000000007251854    0.0000000007259032
563.0    0.0000000007247258    0.0000000007277842    0.0000000007247368    0.0000000007242055    0.0000000007251918
565.0    0.0000000007237128    0.0000000007265685    0.0000000007240272    0.0000000007229369    0.0000000007242105
567.0    0.0000000007224230    0.0000000007251152    0.0000000007230273    0.0000000007214446    0.0000000007230383
569.0    0.0000000007209173    0.0000000007234459    0.0000000007217815    0.0000000007198210    0.0000000007216527
571.0    0.0000000007192093    0.0000000007216559    0.0000000007203767    0.0000000007179367    0.0000000007200027
573.0    0.0000000007173215    0.0000000007196988    0.0000000007187786    0.0000000007158825    0.0000000007181613
575.0    0.0000000007152658    0.0000000007175063    0.0000000007169262    0.0000000007137704    0.0000000007161457
577.0    0.0000000007130622    0.0000000007151683    0.0000000007149015    0.0000000007114231    0.0000000007140667
579.0    0.0000000007108183    0.0000000007127000    0.0000000007128145    0.0000000007089506    0.0000000007118547
581.0    0.0000000007083604    0.0000000007102173    0.0000000007105953    0.0000000007064780    0.0000000007094211
583.0    0.0000000007057943    0.0000000007076372    0.0000000007081547    0.0000000007037923    0.0000000007068714
585.0    0.0000000007031286    0.0000000007048635    0.0000000007055986    0.0000000007010172    0.0000000007042180
587.0    0.0000000007003766    0.0000000007020080    0.0000000007030525    0.0000000006982862    0.0000000007014723
589.0    0.0000000006976609    0.0000000006991944    0.0000000007004198    0.0000000006953606    0.0000000006987643
591.0    0.0000000006947636    0.0000000006963210    0.0000000006975925    0.0000000006923723    0.0000000006959882
593.0    0.0000000006918062    0.0000000006932782    0.0000000006946917    0.0000000006894613    0.0000000006930284
595.0    0.0000000006887942    0.0000000006901865    0.0000000006918510    0.0000000006863699    0.0000000006900117
597.0    0.0000000006857358    0.0000000006870522    0.0000000006889567    0.0000000006832364    0.0000000006869448
599.0    0.0000000006827607    0.0000000006840040    0.0000000006858878    0.0000000006802040    0.0000000006839649
601.0    0.0000000006796258    0.0000000006809259    0.0000000006827741    0.0000000006770018    0.0000000006809496
603.0    0.0000000006764603    0.0000000006776981    0.0000000006797541    0.0000000006737723    0.0000000006777708
605.0    0.0000000006732674    0.0000000006744469    0.0000000006767027    0.0000000006706603    0.0000000006745635
607.0    0.0000000006700515    0.0000000006711758    0.0000000006734901    0.0000000006675298    0.0000000006713310
609.0    0.0000000006668156    0.0000000006680146    0.0000000006702521    0.0000000006642396    0.0000000006682137
611.0    0.0000000006635630    0.0000000006648402    0.0000000006671290    0.0000000006609346    0.0000000006650796
613.0    0.0000000006604270    0.0000000006615272    0.0000000006639883    0.0000000006577617    0.0000000006617941
615.0    0.0000000006571486    0.0000000006582045    0.0000000006606960    0.0000000006544342    0.0000000006584961
617.0    0.0000000006538603    0.0000000006548736    0.0000000006573903    0.0000000006510985    0.0000000006551867
619.0    0.0000000006505636    0.0000000006516651    0.0000000006542120    0.0000000006479016    0.0000000006518689
621.0    0.0000000006472603    0.0000000006484514    0.0000000006510249    0.0000000006445534    0.0000000006486826
623.0    0.0000000006440842    0.0000000006451055    0.0000000006476920    0.0000000006412013    0.0000000006454909
625.0    0.0000000006407715    0.0000000006417565    0.0000000006443531    0.0000000006379917    0.0000000006421558
627.0    0.0000000006374559    0.0000000006384055    0.0000000006411487    0.0000000006346340    0.0000000006388173
629.0    0.0000000006341379    0.0000000006351820    0.0000000006379411    0.0000000006312749    0.0000000006354763
631.0    0.0000000006308187    0.0000000006319580    0.0000000006345911    0.0000000006280612    0.0000000006322728
633.0    0.0000000006274986    0.0000000006286050    0.0000000006312393    0.0000000006247012    0.0000000006290686
635.0    0.0000000006241784    0.0000000006252524    0.0000000006280263    0.0000000006213415    0.0000000006257247
637.0    0.0000000006209916    0.0000000006219007    0.0000000006248128    0.0000000006181290    0.0000000006223809
639.0    0.0000000006176728    0.0000000006186792    0.0000000006214597    0.0000000006147715    0.0000000006190380
641.0    0.0000000006143553    0.0000000006154590    0.0000000006181073    0.0000000006114161    0.0000000006156962
643.0    0.0000000006110395    0.0000000006121122    0.0000000006148958    0.0000000006082083    0.0000000006124951
645.0    0.0000000006077255    0.0000000006087676    0.0000000006116857    0.0000000006048571    0.0000000006092958
647.0    0.0000000006045469    0.0000000006054255    0.0000000006083378    0.0000000006015090    0.0000000006059595
649.0    0.0000000006012381    0.0000000006022146    0.0000000006049924    0.0000000005983087    0.0000000006026259
651.0    0.0000000005979323    0.0000000005990065    0.0000000006017887    0.0000000005949665    0.0000000005992951
653.0    0.0000000005946296    0.0000000005956732    0.0000000005985877    0.0000000005916276    0.0000000005961058
655.0    0.0000000005913307    0.0000000005923433    0.0000000005952507    0.0000000005884376    0.0000000005929197
657.0    0.0000000005881668    0.0000000005890172    0.0000000005919170    0.0000000005852515    0.0000000005895988
659.0    0.0000000005848754    0.0000000005858224    0.0000000005887257    0.0000000005819247    0.0000000005862813
661.0    0.0000000005815878    0.0000000005826314    0.0000000005855385    0.0000000005786023    0.0000000005829681
663.0    0.0000000005783048    0.0000000005793168    0.0000000005822161    0.0000000005754289    0.0000000005797966
665.0    0.0000000005750263    0.0000000005760067    0.0000000005788986    0.0000000005721164    0.0000000005766297
667.0    0.0000000005717532    0.0000000005727012    0.0000000005757235    0.0000000005688091    0.0000000005733294
669.0    0.0000000005684852    0.0000000005695273    0.0000000005725534    0.0000000005656510    0.0000000005700344
671.0    0.0000000005653531    0.0000000005663585    0.0000000005692505    0.0000000005623552    0.0000000005667445
673.0    0.0000000005620963    0.0000000005630682    0.0000000005659534    0.0000000005590659    0.0000000005634605
675.0    0.0000000005588457    0.0000000005597834    0.0000000005627991    0.0000000005559258    0.0000000005603190
677.0    0.0000000005556018    0.0000000005565051    0.0000000005596507    0.0000000005526502    0.0000000005571828
679.0    0.0000000005523646    0.0000000005533584    0.0000000005563718    0.0000000005493823    0.0000000005539174
681.0    0.0000000005492642    0.0000000005502184    0.0000000005531001    0.0000000005462635    0.0000000005506587
683.0    0.0000000005460422    0.0000000005469602    0.0000000005499716    0.0000000005430117    0.0000000005474077
685.0    0.0000000005428283    0.0000000005437092    0.0000000005468507    0.0000000005397686    0.0000000005442995
687.0    0.0000000005396234    0.0000000005404672    0.0000000005436021    0.0000000005366756    0.0000000005411993
689.0    0.0000000005364277    0.0000000005373575    0.0000000005403623    0.0000000005334522    0.0000000005379729
691.0    0.0000000005332422    0.0000000005342568    0.0000000005372664    0.0000000005302388    0.0000000005347562
693.0    0.0000000005300666    0.0000000005310415    0.0000000005341795    0.0000000005271763    0.0000000005315494
695.0    0.0000000005270286    0.0000000005278368    0.0000000005309689    0.0000000005239859    0.0000000005284864
697.0    0.0000000005238756    0.0000000005246435    0.0000000005277693    0.0000000005208076    0.0000000005254338
699.0    0.0000000005207343    0.0000000005215839    0.0000000005247138    0.0000000005177802    0.0000000005222599
701.0    0.0000000005176062    0.0000000005185361    0.0000000005216700    0.0000000005147656    0.0000000005190988
703.0    0.0000000005144916    0.0000000005153791    0.0000000005185063    0.0000000005116279    0.0000000005159507
705.0    0.0000000005115148    0.0000000005122362    0.0000000005153564    0.0000000005085055    0.0000000005128168
707.0    0.0000000005084288    0.0000000005092278    0.0000000005123507    0.0000000005055336    0.0000000005098270
709.0    0.0000000005053579    0.0000000005062341    0.0000000005093593    0.0000000005024429    0.0000000005068514
711.0    0.0000000005023036    0.0000000005031362    0.0000000005062527    0.0000000004993695    0.0000000005037621
713.0    0.0000000004992659    0.0000000005000554    0.0000000005031625    0.0000000004964465    0.0000000005006896
715.0    0.0000000004963660    0.0000000004969924    0.0000000005002171    0.0000000004934087    0.0000000004976347
717.0    0.0000000004933637    0.0000000004940643    0.0000000004972879    0.0000000004903900    0.0000000004947236
719.0    0.0000000004903795    0.0000000004911542    0.0000000004942493    0.0000000004875215    0.0000000004918303
721.0    0.0000000004874153    0.0000000004881471    0.0000000004912298    0.0000000004845427    0.0000000004888302
723.0    0.0000000004844708    0.0000000004851608    0.0000000004883543    0.0000000004815846    0.0000000004858501
725.0    0.0000000004815472    0.0000000004821956    0.0000000004854976    0.0000000004787755    0.0000000004828910
727.0    0.0000000004786445    0.0000000004793650    0.0000000004825368    0.0000000004758606    0.0000000004800748
729.0    0.0000000004758786    0.0000000004765556    0.0000000004795977    0.0000000004729680    0.0000000004772793
731.0    0.0000000004730190    0.0000000004736561    0.0000000004768012    0.0000000004702230    0.0000000004743840
733.0    0.0000000004701818    0.0000000004707804    0.0000000004740257    0.0000000004673761    0.0000000004715114
735.0    0.0000000004673679    0.0000000004679284    0.0000000004711518    0.0000000004645527    0.0000000004686624
737.0    0.0000000004645769    0.0000000004652092    0.0000000004683008    0.0000000004618751    0.0000000004658372
739.0    0.0000000004619198    0.0000000004625133    0.0000000004655906    0.0000000004590993    0.0000000004631520
741.0    0.0000000004591754    0.0000000004597339    0.0000000004629028    0.0000000004563478    0.0000000004604896
743.0    0.0000000004564547    0.0000000004569798    0.0000000004601216    0.0000000004537393    0.0000000004577351
745.0    0.0000000004537586    0.0000000004542509    0.0000000004573646    0.0000000004510368    0.0000000004550054
747.0    0.0000000004510863    0.0000000004516512    0.0000000004547454    0.0000000004483584    0.0000000004523005
749.0    0.0000000004485439    0.0000000004490758    0.0000000004521490    0.0000000004458197    0.0000000004497319
751.0    0.0000000004459194    0.0000000004464218    0.0000000004494637    0.0000000004433038    0.0000000004471863
753.0    0.0000000004433187    0.0000000004437935    0.0000000004468034    0.0000000004406974    0.0000000004445540
755.0    0.0000000004407424    0.0000000004411907    0.0000000004442765    0.0000000004381154    0.0000000004419468
757.0    0.0000000004381896    0.0000000004387116    0.0000000004417726    0.0000000004356683    0.0000000004393640
759.0    0.0000000004356608    0.0000000004362558    0.0000000004391836    0.0000000004331331    0.0000000004369115
761.0    0.0000000004331550    0.0000000004337257    0.0000000004366186    0.0000000004306216    0.0000000004344815
763.0    0.0000000004307712    0.0000000004312202    0.0000000004341826    0.0000000004282409    0.0000000004319693
765.0    0.0000000004283107    0.0000000004287386    0.0000000004317687    0.0000000004257744    0.0000000004294803
767.0    0.0000000004258719    0.0000000004263742    0.0000000004292724    0.0000000004233302    0.0000000004270147
769.0    0.0000000004234557    0.0000000004240314    0.0000000004267992    0.0000000004210127    0.0000000004245715
771.0    0.0000000004210603    0.0000000004216170    0.0000000004244500    0.0000000004186113    0.0000000004222510
773.0    0.0000000004187807    0.0000000004192244    0.0000000004221211    0.0000000004162305    0.0000000004199507
775.0    0.0000000004164265    0.0000000004168532    0.0000000004197121    0.0000000004139722    0.0000000004175708
777.0    0.0000000004140918    0.0000000004145927    0.0000000004173242    0.0000000004116308    0.0000000004152120
779.0    0.0000000004117771    0.0000000004123512    0.0000000004150553    0.0000000004093087    0.0000000004128730
781.0    0.0000000004094810    0.0000000004100392    0.0000000004128046    0.0000000004071054    0.0000000004106498
783.0    0.0000000004072035    0.0000000004077460    0.0000000004104754    0.0000000004048197    0.0000000004084443
785.0    0.0000000004049435    0.0000000004054711    0.0000000004081650    0.0000000004025515    0.0000000004061612
787.0    0.0000000004027903    0.0000000004033005    0.0000000004059682    0.0000000004003975    0.0000000004038955
789.0    0.0000000004005639    0.0000000004011458    0.0000000004037880    0.0000000003981623    0.0000000004016472
791.0    0.0000000003983536    0.0000000003989210    0.0000000004015299    0.0000000003959429    0.0000000003995080
793.0    0.0000000003961591    0.0000000003967120    0.0000000003992886    0.0000000003938346    0.0000000003973839
795.0    0.0000000003939796    0.0000000003945185    0.0000000003971558    0.0000000003917402    0.0000000003951827
797.0    0.0000000003919011    0.0000000003924230    0.0000000003950376    0.0000000003895648    0.0000000003929965
799.0    0.0000000003897499    0.0000000003903408    0.0000000003928422    0.0000000003874030    0.0000000003908247
801.0    0.0000000003876125    0.0000000003881886    0.0000000003906617    0.0000000003853479    0.0000000003886671
803.0    0.0000000003854884    0.0000000003860496    0.0000000003885852    0.0000000003832128    0.0000000003866117
805.0    0.0000000003833768    0.0000000003839235    0.0000000003865213    0.0000000003810898    0.0000000003845688
807.0    0.0000000003813616    0.0000000003818905    0.0000000003843807    0.0000000003790712    0.0000000003824493
809.0    0.0000000003792743    0.0000000003798683    0.0000000003822532    0.0000000003769723    0.0000000003803418
811.0    0.0000000003771987    0.0000000003777767    0.0000000003802260    0.0000000003748852    0.0000000003782463
813.0    0.0000000003751347    0.0000000003756962    0.0000000003782101    0.0000000003728995    0.0000000003762487
815.0    0.0000000003730816    0.0000000003736265    0.0000000003761183    0.0000000003708347    0.0000000003742619
817.0    0.0000000003710395    0.0000000003716461    0.0000000003740378    0.0000000003687805    0.0000000003721991
819.0    0.0000000003690083    0.0000000003696753    0.0000000003720545    0.0000000003668259    0.0000000003701471
821.0    0.0000000003670683    0.0000000003676356    0.0000000003700818    0.0000000003647932    0.0000000003681055
823.0    0.0000000003650572    0.0000000003656058    0.0000000003680336    0.0000000003627706    0.0000000003661585
825.0    0.0000000003630564    0.0000000003636633    0.0000000003660806    0.0000000003608460    0.0000000003642212
827.0    0.0000000003610663    0.0000000003617299    0.0000000003641378    0.0000000003588441    0.0000000003622093
829.0    0.0000000003590857    0.0000000003597285    0.0000000003621204    0.0000000003568525    0.0000000003602075
831.0    0.0000000003571942    0.0000000003577365    0.0000000003601136    0.0000000003549572    0.0000000003582156
833.0    0.0000000003552336    0.0000000003557544    0.0000000003582001    0.0000000003529859    0.0000000003562336
835.0    0.0000000003532832    0.0000000003538576    0.0000000003562959    0.0000000003510252    0.0000000003543435
837.0    0.0000000003513428    0.0000000003519698    0.0000000003543191    0.0000000003491595    0.0000000003524628
839.0    0.0000000003494127    0.0000000003500162    0.0000000003523528    0.0000000003472197    0.0000000003505100
841.0    0.0000000003474934    0.0000000003480724    0.0000000003504782    0.0000000003452905    0.0000000003485674
843.0    0.0000000003455841    0.0000000003461387    0.0000000003486131    0.0000000003434553    0.0000000003466353
845.0    0.0000000003437613    0.0000000003442893    0.0000000003466777    0.0000000003416306    0.0000000003447935
847.0    0.0000000003418735    0.0000000003424495    0.0000000003447527    0.0000000003397343    0.0000000003429618
849.0    0.0000000003399962    0.0000000003405466    0.0000000003429184    0.0000000003378492    0.0000000003410607
851.0    0.0000000003381308    0.0000000003386548    0.0000000003410945    0.0000000003360574    0.0000000003391708
853.0    0.0000000003362764    0.0000000003367743    0.0000000003392024    0.0000000003341958    0.0000000003372923
855.0    0.0000000003345077    0.0000000003349769    0.0000000003373217    0.0000000003323466    0.0000000003354255
857.0    0.0000000003326765    0.0000000003331907    0.0000000003355307    0.0000000003305895    0.0000000003336475
859.0    0.0000000003308578    0.0000000003313448    0.0000000003337508    0.0000000003287655    0.0000000003318808
861.0    0.0000000003290517    0.0000000003295114    0.0000000003319055    0.0000000003269543    0.0000000003300495
863.0    0.0000000003272582    0.0000000003276908    0.0000000003300730    0.0000000003252345    0.0000000003282308
865.0    0.0000000003255487    0.0000000003259525    0.0000000003283286    0.0000000003234498    0.0000000003264254
867.0    0.0000000003237815    0.0000000003242270    0.0000000003265966    0.0000000003216791    0.0000000003247075
869.0    0.0000000003220273    0.0000000003224458    0.0000000003248025    0.0000000003199986    0.0000000003230026
871.0    0.0000000003202873    0.0000000003206788    0.0000000003230220    0.0000000003182562    0.0000000003212370
873.0    0.0000000003185613    0.0000000003189262    0.0000000003213288    0.0000000003165283    0.0000000003194856
875.0    0.0000000003168500    0.0000000003172548    0.0000000003196487    0.0000000003148898    0.0000000003177486
877.0    0.0000000003151528    0.0000000003155975    0.0000000003179099    0.0000000003131917    0.0000000003160979
879.0    0.0000000003135378    0.0000000003138889    0.0000000003161860    0.0000000003115089    0.0000000003144613
881.0    0.0000000003118703    0.0000000003121962    0.0000000003145476    0.0000000003099139    0.0000000003127685
883.0    0.0000000003102178    0.0000000003105191    0.0000000003129237    0.0000000003082620    0.0000000003110912
885.0    0.0000000003085812    0.0000000003089215    0.0000000003112442    0.0000000003066258    0.0000000003094298
887.0    0.0000000003069600    0.0000000003073395    0.0000000003095803    0.0000000003050760    0.0000000003077843
889.0    0.0000000003054186    0.0000000003057100    0.0000000003080006    0.0000000003035413    0.0000000003062225
891.0    0.0000000003038285    0.0000000003040972    0.0000000003064358    0.0000000003019528    0.0000000003046758
893.0    0.0000000003022543    0.0000000003025013    0.0000000003048184    0.0000000003003804    0.0000000003030782
895.0    0.0000000003006966    0.0000000003009826    0.0000000003032176    0.0000000002988920    0.0000000003014969
897.0    0.0000000002991546    0.0000000002994798    0.0000000003016986    0.0000000002973521    0.0000000002999322
899.0    0.0000000002976898    0.0000000002979338    0.0000000003001950    0.0000000002958283    0.0000000002984484
901.0    0.0000000002961796    0.0000000002964045    0.0000000002986422    0.0000000002943863    0.0000000002969802
903.0    0.0000000002946856    0.0000000002948924    0.0000000002971056    0.0000000002928952    0.0000000002954645
905.0    0.0000000002932080    0.0000000002934545    0.0000000002956488    0.0000000002914202    0.0000000002939656
907.0    0.0000000002917461    0.0000000002920325    0.0000000002942073    0.0000000002900245    0.0000000002924832
909.0    0.0000000002903005    0.0000000002905700    0.0000000002927188    0.0000000002885813    0.0000000002910778
911.0    0.0000000002888706    0.0000000002891244    0.0000000002912471    0.0000000002871540    0.0000000002896882
913.0    0.0000000002875125    0.0000000002876952    0.0000000002898518    0.0000000002858035    0.0000000002882540
915.0    0.0000000002861134    0.0000000002863367    0.0000000002884714    0.0000000002844071    0.0000000002868358
917.0    0.0000000002847294    0.0000000002849934    0.0000000002870465    0.0000000002830257    0.0000000002854337
919.0    0.0000000002833606    0.0000000002836119    0.0000000002856375    0.0000000002817188    0.0000000002840473
921.0    0.0000000002820068    0.0000000002822459    0.0000000002843018    0.0000000002803672    0.0000000002827333
923.0    0.0000000002807211    0.0000000002808958    0.0000000002829807    0.0000000002790300    0.0000000002814336
925.0    0.0000000002793959    0.0000000002796115    0.0000000002816166    0.0000000002777646    0.0000000002800922
927.0    0.0000000002780848    0.0000000002783414    0.0000000002802675    0.0000000002764553    0.0000000002787652
929.0    0.0000000002767877    0.0000000002770346    0.0000000002789883    0.0000000002751597    0.0000000002774531
931.0    0.0000000002755041    0.0000000002757421    0.0000000002777225    0.0000000002739333    0.0000000002762083
933.0    0.0000000002742337    0.0000000002744635    0.0000000002764152    0.0000000002727185    0.0000000002749769
935.0    0.0000000002729763    0.0000000002732467    0.0000000002751221    0.0000000002714613    0.0000000002737048
937.0    0.0000000002717809    0.0000000002720418    0.0000000002738952    0.0000000002702165    0.0000000002724458
939.0    0.0000000002705479    0.0000000002708015    0.0000000002726803    0.0000000002690368    0.0000000002711996
941.0    0.0000000002693268    0.0000000002695737    0.0000000002714253    0.0000000002678154    0.0000000002700170
943.0    0.0000000002681172    0.0000000002684043    0.0000000002701827    0.0000000002666049    0.0000000002688456
945.0    0.0000000002669189    0.0000000002672457    0.0000000002690029    0.0000000002654577    0.0000000002676345
947.0    0.0000000002657786    0.0000000002660516    0.0000000002678341    0.0000000002642688    0.0000000002664347
949.0    0.0000000002646012    0.0000000002648683    0.0000000002666258    0.0000000002630901    0.0000000002652458
951.0    0.0000000002634338    0.0000000002636955    0.0000000002654280    0.0000000002619717    0.0000000002640677
953.0    0.0000000002622765    0.0000000002625770    0.0000000002642905    0.0000000002608123    0.0000000002629479
955.0    0.0000000002611284    0.0000000002614677    0.0000000002631623    0.0000000002596617    0.0000000002618374
957.0    0.0000000002600351    0.0000000002603232    0.0000000002619949    0.0000000002585697    0.0000000002606875
959.0    0.0000000002589046    0.0000000002591874    0.0000000002608372    0.0000000002574366    0.0000000002595469
961.0    0.0000000002577827    0.0000000002580604    0.0000000002597361    0.0000000002563116    0.0000000002584152
963.0    0.0000000002566690    0.0000000002569845    0.0000000002586435    0.0000000002552433    0.0000000002573383
965.0    0.0000000002555632    0.0000000002559158    0.0000000002575114    0.0000000002541334    0.0000000002562690
967.0    0.0000000002544650    0.0000000002548117    0.0000000002563881    0.0000000002530312    0.0000000002551608
969.0    0.0000000002533738    0.0000000002537152    0.0000000002553187    0.0000000002519834    0.0000000002540600
971.0    0.0000000002523331    0.0000000002526254    0.0000000002542564    0.0000000002508948    0.0000000002529665
973.0    0.0000000002512555    0.0000000002515837    0.0000000002531554    0.0000000002498127    0.0000000002519249
975.0    0.0000000002501844    0.0000000002505484    0.0000000002520612    0.0000000002487839    0.0000000002508896
977.0    0.0000000002491195    0.0000000002494775    0.0000000002510192    0.0000000002477140    0.0000000002498153
979.0    0.0000000002480608    0.0000000002484125    0.0000000002499833    0.0000000002466498    0.0000000002487472
981.0    0.0000000002470500    0.0000000002473532    0.0000000002489082    0.0000000002456373    0.0000000002476851
983.0    0.0000000002460020    0.0000000002463398    0.0000000002478392    0.0000000002446296    0.0000000002466286
985.0    0.0000000002449597    0.0000000002453314    0.0000000002468205    0.0000000002435817    0.0000000002456211
987.0    0.0000000002439225    0.0000000002442874    0.0000000002458071    0.0000000002425384    0.0000000002446186
989.0    0.0000000002428903    0.0000000002432485    0.0000000002447546    0.0000000002415452    0.0000000002435773
991.0    0.0000000002418630    0.0000000002422143    0.0000000002437076    0.0000000002405115    0.0000000002425410
993.0    0.0000000002408400    0.0000000002412245    0.0000000002427086    0.0000000002394824    0.0000000002415095
995.0    0.0000000002398625    0.0000000002402382    0.0000000002417143    0.0000000002385022    0.0000000002405250
997.0    0.0000000002388483    0.0000000002392170    0.0000000002406815    0.0000000002374817    0.0000000002395447
999.0    0.0000000002378386    0.0000000002381996    0.0000000002396532    0.0000000002364653    0.0000000002385261
1001.0    0.0000000002368329    0.0000000002371867    0.0000000002386719    0.0000000002354967    0.0000000002375116
1003.0    0.0000000002358310    0.0000000002362162    0.0000000002376947    0.0000000002344883    0.0000000002365010
1005.0    0.0000000002348732    0.0000000002352492    0.0000000002366791    0.0000000002334837    0.0000000002355362
1007.0    0.0000000002338790    0.0000000002342472    0.0000000002356673    0.0000000002325263    0.0000000002345751
1009.0    0.0000000002328886    0.0000000002332490    0.0000000002347015    0.0000000002315288    0.0000000002335758
1011.0    0.0000000002319016    0.0000000002322542    0.0000000002337392    0.0000000002305350    0.0000000002325800
1013.0    0.0000000002309181    0.0000000002313012    0.0000000002327388    0.0000000002295880    0.0000000002315877
1015.0    0.0000000002299773    0.0000000002303512    0.0000000002317419    0.0000000002286008    0.0000000002305991
1017.0    0.0000000002290010    0.0000000002293662    0.0000000002307901    0.0000000002276173    0.0000000002296550
1019.0    0.0000000002280273    0.0000000002283848    0.0000000002298416    0.0000000002266795    0.0000000002287136
1021.0    0.0000000002270573    0.0000000002274065    0.0000000002288551    0.0000000002257024    0.0000000002277347
1023.0    0.0000000002260903    0.0000000002264688    0.0000000002278719    0.0000000002247285    0.0000000002267591
1025.0    0.0000000002251270    0.0000000002255342    0.0000000002269328    0.0000000002238001    0.0000000002257867
1027.0    0.0000000002241661    0.0000000002245651    0.0000000002259969    0.0000000002228742    0.0000000002248577
1029.0    0.0000000002232468    0.0000000002235992    0.0000000002250235    0.0000000002219098    0.0000000002239314
1031.0    0.0000000002222922    0.0000000002226362    0.0000000002240530    0.0000000002209481    0.0000000002229682
1033.0    0.0000000002213407    0.0000000002217131    0.0000000002231260    0.0000000002200310    0.0000000002220077
1035.0    0.0000000002203920    0.0000000002207928    0.0000000002222018    0.0000000002190755    0.0000000002210503
1037.0    0.0000000002194462    0.0000000002198385    0.0000000002212405    0.0000000002181226    0.0000000002201356
1039.0    0.0000000002185412    0.0000000002188872    0.0000000002202822    0.0000000002172141    0.0000000002192237
1041.0    0.0000000002176012    0.0000000002179387    0.0000000002193667    0.0000000002162672    0.0000000002182748
1043.0    0.0000000002166639    0.0000000002170294    0.0000000002184538    0.0000000002153230    0.0000000002173291
1045.0    0.0000000002157298    0.0000000002161229    0.0000000002175045    0.0000000002144228    0.0000000002163861
1047.0    0.0000000002147983    0.0000000002151828    0.0000000002165574    0.0000000002134846    0.0000000002154458
1049.0    0.0000000002139067    0.0000000002142452    0.0000000002156529    0.0000000002125489    0.0000000002145477
1051.0    0.0000000002129810    0.0000000002133468    0.0000000002147511    0.0000000002116570    0.0000000002136518
1053.0    0.0000000002120577    0.0000000002124509    0.0000000002138130    0.0000000002107268    0.0000000002127201
1055.0    0.0000000002111373    0.0000000002115218    0.0000000002128773    0.0000000002097998    0.0000000002117907
1057.0    0.0000000002102198    0.0000000002105954    0.0000000002119835    0.0000000002089157    0.0000000002108646
1059.0    0.0000000002093051    0.0000000002096720    0.0000000002110924    0.0000000002079940    0.0000000002099793
1061.0    0.0000000002083928    0.0000000002087863    0.0000000002101652    0.0000000002070755    0.0000000002090967
1063.0    0.0000000002075198    0.0000000002079034    0.0000000002092793    0.0000000002061994    0.0000000002081783
1065.0    0.0000000002066132    0.0000000002069878    0.0000000002083960    0.0000000002052865    0.0000000002072629
1067.0    0.0000000002057093    0.0000000002060752    0.0000000002074771    0.0000000002043760    0.0000000002063501
1069.0    0.0000000002048080    0.0000000002051652    0.0000000002065609    0.0000000002035080    0.0000000002054779
1071.0    0.0000000002039098    0.0000000002042925    0.0000000002056859    0.0000000002026428    0.0000000002046084
1073.0    0.0000000002030501    0.0000000002034228    0.0000000002048128    0.0000000002017407    0.0000000002037036
1075.0    0.0000000002021571    0.0000000002025207    0.0000000002039051    0.0000000002008420    0.0000000002028016
1077.0    0.0000000002012668    0.0000000002016213    0.0000000002029998    0.0000000001999845    0.0000000002019024
1079.0    0.0000000002003796    0.0000000002007249    0.0000000002021351    0.0000000001990912    0.0000000002010060
1081.0    0.0000000001994951    0.0000000001998655    0.0000000002012729    0.0000000001982007    0.0000000002001495
1083.0    0.0000000001986487    0.0000000001990088    0.0000000002003762    0.0000000001973520    0.0000000001992957
1085.0    0.0000000001977698    0.0000000001981205    0.0000000001994822    0.0000000001964672    0.0000000001984074
1087.0    0.0000000001968940    0.0000000001972350    0.0000000001986283    0.0000000001955855    0.0000000001975220
1089.0    0.0000000001960205    0.0000000001963523    0.0000000001977771    0.0000000001947452    0.0000000001966395
1091.0    0.0000000001951505    0.0000000001955062    0.0000000001968914    0.0000000001938696    0.0000000001957965
1093.0    0.0000000001942832    0.0000000001946630    0.0000000001960089    0.0000000001929971    0.0000000001949558
1095.0    0.0000000001934188    0.0000000001937888    0.0000000001951660    0.0000000001921654    0.0000000001940818
1097.0    0.0000000001925922    0.0000000001929175    0.0000000001943258    0.0000000001912992    0.0000000001932108
1099.0    0.0000000001917338    0.0000000001920495    0.0000000001934522    0.0000000001904362    0.0000000001923427
1101.0    0.0000000001908788    0.0000000001912176    0.0000000001925814    0.0000000001896137    0.0000000001915134
1103.0    0.0000000001900270    0.0000000001903884    0.0000000001917500    0.0000000001887573    0.0000000001906873
1105.0    0.0000000001891781    0.0000000001895290    0.0000000001909214    0.0000000001879040    0.0000000001898281
1107.0    0.0000000001883662    0.0000000001886732    0.0000000001900601    0.0000000001870912    0.0000000001889722
1109.0    0.0000000001875240    0.0000000001878203    0.0000000001892020    0.0000000001862447    0.0000000001881195
1111.0    0.0000000001866850    0.0000000001870033    0.0000000001883825    0.0000000001854022    0.0000000001872698
1113.0    0.0000000001858495    0.0000000001861892    0.0000000001875664    0.0000000001845993    0.0000000001864588
1115.0    0.0000000001850174    0.0000000001853462    0.0000000001867181    0.0000000001837637    0.0000000001856512
1117.0    0.0000000001841891    0.0000000001845065    0.0000000001858733    0.0000000001829317    0.0000000001848115
1119.0    0.0000000001833642    0.0000000001836705    0.0000000001850670    0.0000000001821396    0.0000000001839753
1121.0    0.0000000001825757    0.0000000001828701    0.0000000001842639    0.0000000001813513    0.0000000001831430
1123.0    0.0000000001817582    0.0000000001820728    0.0000000001834296    0.0000000001805310    0.0000000001823485
1125.0    0.0000000001809446    0.0000000001812475    0.0000000001825988    0.0000000001797146    0.0000000001815578
1127.0    0.0000000001801348    0.0000000001804260    0.0000000001818066    0.0000000001789378    0.0000000001807362
1129.0    0.0000000001793292    0.0000000001796083    0.0000000001810179    0.0000000001781298    0.0000000001799186
1131.0    0.0000000001785594    0.0000000001788262    0.0000000001801987    0.0000000001773261    0.0000000001791049
1133.0    0.0000000001777618    0.0000000001780475    0.0000000001793838    0.0000000001765615    0.0000000001782955
1135.0    0.0000000001769685    0.0000000001772421    0.0000000001786065    0.0000000001757667    0.0000000001775237
1137.0    0.0000000001761795    0.0000000001764408    0.0000000001778330    0.0000000001749764    0.0000000001767558
1139.0    0.0000000001753952    0.0000000001756442    0.0000000001770305    0.0000000001742248    0.0000000001759588
1141.0    0.0000000001746462    0.0000000001748822    0.0000000001762322    0.0000000001734440    0.0000000001751663
1143.0    0.0000000001738707    0.0000000001741246    0.0000000001754714    0.0000000001726678    0.0000000001743786
1145.0    0.0000000001730999    0.0000000001733413    0.0000000001747150    0.0000000001719303    0.0000000001736280
1147.0    0.0000000001723342    0.0000000001725629    0.0000000001739302    0.0000000001711642    0.0000000001728816
1149.0    0.0000000001715729    0.0000000001717895    0.0000000001731503    0.0000000001704031    0.0000000001721078
1151.0    0.0000000001708170    0.0000000001710506    0.0000000001724075    0.0000000001696803    0.0000000001713387
1153.0    0.0000000001700662    0.0000000001703165    0.0000000001716692    0.0000000001689297    0.0000000001705750
1155.0    0.0000000001693501    0.0000000001695582    0.0000000001709042    0.0000000001681846    0.0000000001698480
1157.0    0.0000000001686095    0.0000000001688051    0.0000000001701438    0.0000000001674772    0.0000000001691258
1159.0    0.0000000001678742    0.0000000001680575    0.0000000001694205    0.0000000001667430    0.0000000001683775
1161.0    0.0000000001671445    0.0000000001673440    0.0000000001687020    0.0000000001660144    0.0000000001676348
1163.0    0.0000000001664203    0.0000000001666359    0.0000000001679577    0.0000000001653233    0.0000000001668979
1165.0    0.0000000001657304    0.0000000001659050    0.0000000001672190    0.0000000001646373    0.0000000001661663
1167.0    0.0000000001650175    0.0000000001651801    0.0000000001665163    0.0000000001639260    0.0000000001654708
1169.0    0.0000000001643100    0.0000000001644887    0.0000000001658189    0.0000000001632206    0.0000000001647808
1171.0    0.0000000001636086    0.0000000001638028    0.0000000001650971    0.0000000001625517    0.0000000001640667
1173.0    0.0000000001629133    0.0000000001630955    0.0000000001643808    0.0000000001618584    0.0000000001633586
1175.0    0.0000000001622237    0.0000000001623945    0.0000000001637002    0.0000000001611712    0.0000000001626568
1177.0    0.0000000001615402    0.0000000001616998    0.0000000001630252    0.0000000001605200    0.0000000001619898
1179.0    0.0000000001608901    0.0000000001610378    0.0000000001623271    0.0000000001598448    0.0000000001613288
1181.0    0.0000000001602186    0.0000000001603819    0.0000000001616347    0.0000000001591763    0.0000000001606453
1183.0    0.0000000001595535    0.0000000001597060    0.0000000001609773    0.0000000001585426    0.0000000001599682
1185.0    0.0000000001588945    0.0000000001590368    0.0000000001603258    0.0000000001578866    0.0000000001592974
1187.0    0.0000000001582417    0.0000000001583740    0.0000000001596522    0.0000000001572367    0.0000000001586608
1189.0    0.0000000001576212    0.0000000001577429    0.0000000001589846    0.0000000001566213    0.0000000001580302
1191.0    0.0000000001569807    0.0000000001571181    0.0000000001583508    0.0000000001559840    0.0000000001573786
1193.0    0.0000000001563467    0.0000000001564748    0.0000000001577233    0.0000000001553535    0.0000000001567336
1195.0    0.0000000001557191    0.0000000001558381    0.0000000001570747    0.0000000001547561    0.0000000001560952
1197.0    0.0000000001550976    0.0000000001552081    0.0000000001564326    0.0000000001541377    0.0000000001554634
1199.0    0.0000000001545068    0.0000000001546088    0.0000000001558233    0.0000000001535261    0.0000000001548643
1201.0    0.0000000001538979    0.0000000001540156    0.0000000001552200    0.0000000001529465    0.0000000001542710
1203.0    0.0000000001532951    0.0000000001534052    0.0000000001545969    0.0000000001523473    0.0000000001536584
1205.0    0.0000000001526987    0.0000000001528014    0.0000000001539801    0.0000000001517539    0.0000000001530526
1207.0    0.0000000001521085    0.0000000001522042    0.0000000001533953    0.0000000001511925    0.0000000001524531
1209.0    0.0000000001515243    0.0000000001516361    0.0000000001528162    0.0000000001506112    0.0000000001518845
1211.0    0.0000000001509462    0.0000000001510740    0.0000000001522182    0.0000000001500362    0.0000000001513223
1213.0    0.0000000001503971    0.0000000001504958    0.0000000001516266    0.0000000001494919    0.0000000001507416
1215.0    0.0000000001498311    0.0000000001499238    0.0000000001510654    0.0000000001489532    0.0000000001501674
1217.0    0.0000000001492707    0.0000000001493582    0.0000000001505102    0.0000000001483957    0.0000000001495996
1219.0    0.0000000001487163    0.0000000001488202    0.0000000001499368    0.0000000001478440    0.0000000001490609
1221.0    0.0000000001481677    0.0000000001482881    0.0000000001493695    0.0000000001473216    0.0000000001485282
1223.0    0.0000000001476465    0.0000000001477403    0.0000000001488314    0.0000000001467812    0.0000000001479777
1225.0    0.0000000001471091    0.0000000001471988    0.0000000001482991    0.0000000001462462    0.0000000001474337
1227.0    0.0000000001465773    0.0000000001466630    0.0000000001477488    0.0000000001457396    0.0000000001468952
1229.0    0.0000000001460507    0.0000000001461532    0.0000000001472047    0.0000000001452153    0.0000000001463625
1231.0    0.0000000001455296    0.0000000001456485    0.0000000001466886    0.0000000001446963    0.0000000001458573
1233.0    0.0000000001450346    0.0000000001451291    0.0000000001461777    0.0000000001442045    0.0000000001453573
1235.0    0.0000000001445235    0.0000000001446151    0.0000000001456499    0.0000000001436954    0.0000000001448409
1237.0    0.0000000001440174    0.0000000001441063    0.0000000001451276    0.0000000001431913    0.0000000001443294
1239.0    0.0000000001435165    0.0000000001436221    0.0000000001446321    0.0000000001427136    0.0000000001438232
1241.0    0.0000000001430202    0.0000000001431425    0.0000000001441411    0.0000000001422189    0.0000000001433429
1243.0    0.0000000001425288    0.0000000001426485    0.0000000001436340    0.0000000001417285    0.0000000001428672
1245.0    0.0000000001420420    0.0000000001421591    0.0000000001431315    0.0000000001412640    0.0000000001423756
1247.0    0.0000000001415788    0.0000000001416744    0.0000000001426546    0.0000000001407822    0.0000000001418885
1249.0    0.0000000001411004    0.0000000001412127    0.0000000001421821    0.0000000001403048    0.0000000001414060
1251.0    0.0000000001406264    0.0000000001407548    0.0000000001416936    0.0000000001398520    0.0000000001409475
1253.0    0.0000000001401564    0.0000000001402830    0.0000000001412095    0.0000000001393825    0.0000000001404932
1255.0    0.0000000001396907    0.0000000001398152    0.0000000001407497    0.0000000001389171    0.0000000001400235
1257.0    0.0000000001392470    0.0000000001393514    0.0000000001402938    0.0000000001384751    0.0000000001395573
1259.0    0.0000000001387885    0.0000000001389090    0.0000000001398221    0.0000000001380369    0.0000000001390952
1261.0    0.0000000001383336    0.0000000001384700    0.0000000001393544    0.0000000001375819    0.0000000001386370
1263.0    0.0000000001378822    0.0000000001380172    0.0000000001389098    0.0000000001371305    0.0000000001382009
1265.0    0.0000000001374345    0.0000000001375677    0.0000000001384687    0.0000000001367018    0.0000000001377686
1267.0    0.0000000001369900    0.0000000001371216    0.0000000001380121    0.0000000001362568    0.0000000001373204
1269.0    0.0000000001365487    0.0000000001366958    0.0000000001375588    0.0000000001358149    0.0000000001368757
1271.0    0.0000000001361278    0.0000000001362726    0.0000000001371276    0.0000000001353950    0.0000000001364342
1273.0    0.0000000001356925    0.0000000001358358    0.0000000001366997    0.0000000001349588    0.0000000001360139
1275.0    0.0000000001352601    0.0000000001354015    0.0000000001362560    0.0000000001345255    0.0000000001355965
1277.0    0.0000000001348305    0.0000000001349702    0.0000000001358156    0.0000000001341137    0.0000000001351634
1279.0    0.0000000001344038    0.0000000001345580    0.0000000001353962    0.0000000001336858    0.0000000001347334
1281.0    0.0000000001339963    0.0000000001341484    0.0000000001349794    0.0000000001332603    0.0000000001343060
1283.0    0.0000000001335745    0.0000000001337248    0.0000000001345474    0.0000000001328555    0.0000000001338987
1285.0    0.0000000001331551    0.0000000001333034    0.0000000001341182    0.0000000001324348    0.0000000001334938
1287.0    0.0000000001327380    0.0000000001329005    0.0000000001337093    0.0000000001320164    0.0000000001330737
1289.0    0.0000000001323232    0.0000000001325000    0.0000000001333025    0.0000000001316182    0.0000000001326558
1291.0    0.0000000001319271    0.0000000001320851    0.0000000001328805    0.0000000001312041    0.0000000001322401
1293.0    0.0000000001315167    0.0000000001316725    0.0000000001324608    0.0000000001307919    0.0000000001318266
1295.0    0.0000000001311083    0.0000000001312619    0.0000000001320607    0.0000000001303998    0.0000000001314322
1297.0    0.0000000001307019    0.0000000001308691    0.0000000001316628    0.0000000001299917    0.0000000001310400
1299.0    0.0000000001302974    0.0000000001304779    0.0000000001312496    0.0000000001295854    0.0000000001306322
1301.0    0.0000000001298948    0.0000000001300731    0.0000000001308385    0.0000000001291985    0.0000000001302262
1303.0    0.0000000001294940    0.0000000001296698    0.0000000001304460    0.0000000001287958    0.0000000001298223
1305.0    0.0000000001291111    0.0000000001292681    0.0000000001300559    0.0000000001283950    0.0000000001294368
1307.0    0.0000000001287138    0.0000000001288838    0.0000000001296503    0.0000000001280131    0.0000000001290530
1309.0    0.0000000001283181    0.0000000001285006    0.0000000001292467    0.0000000001276327    0.0000000001286541
1311.0    0.0000000001279241    0.0000000001281039    0.0000000001288615    0.0000000001272367    0.0000000001282565
1313.0    0.0000000001275317    0.0000000001277087    0.0000000001284778    0.0000000001268421    0.0000000001278608
1315.0    0.0000000001271564    0.0000000001273149    0.0000000001280791    0.0000000001264663    0.0000000001274830
1317.0    0.0000000001267672    0.0000000001269378    0.0000000001276818    0.0000000001260750    0.0000000001271067
1319.0    0.0000000001263790    0.0000000001265620    0.0000000001273031    0.0000000001256845    0.0000000001267152
1321.0    0.0000000001259925    0.0000000001261724    0.0000000001269253    0.0000000001253129    0.0000000001263252
1323.0    0.0000000001256075    0.0000000001257842    0.0000000001265327    0.0000000001249257    0.0000000001259365
1325.0    0.0000000001252238    0.0000000001253975    0.0000000001261417    0.0000000001245397    0.0000000001255493
1327.0    0.0000000001248415    0.0000000001250268    0.0000000001257683    0.0000000001241721    0.0000000001251795
1329.0    0.0000000001244757    0.0000000001246572    0.0000000001253962    0.0000000001237888    0.0000000001248110
1331.0    0.0000000001240960    0.0000000001242742    0.0000000001250092    0.0000000001234070    0.0000000001244276
1333.0    0.0000000001237176    0.0000000001238924    0.0000000001246237    0.0000000001230430    0.0000000001240456
1335.0    0.0000000001233404    0.0000000001235119    0.0000000001242553    0.0000000001226637    0.0000000001236647
1337.0    0.0000000001229642    0.0000000001231471    0.0000000001238884    0.0000000001222856    0.0000000001233009
1339.0    0.0000000001226048    0.0000000001227836    0.0000000001235067    0.0000000001219254    0.0000000001229383
1341.0    0.0000000001222314    0.0000000001224067    0.0000000001231421    0.0000000001215498    0.0000000001225610
1343.0    0.0000000001218592    0.0000000001220308    0.0000000001227787    0.0000000001211757    0.0000000001221849
1345.0    0.0000000001214882    0.0000000001216564    0.0000000001224007    0.0000000001208188    0.0000000001218102
1347.0    0.0000000001211185    0.0000000001212973    0.0000000001220240    0.0000000001204471    0.0000000001214366
1349.0    0.0000000001207647    0.0000000001209393    0.0000000001216641    0.0000000001200765    0.0000000001210800
1351.0    0.0000000001203972    0.0000000001205682    0.0000000001213053    0.0000000001197232    0.0000000001207238
1353.0    0.0000000001200310    0.0000000001201982    0.0000000001209325    0.0000000001193710    0.0000000001203534
1355.0    0.0000000001196660    0.0000000001198294    0.0000000001205605    0.0000000001190042    0.0000000001199844
1357.0    0.0000000001193025    0.0000000001194759    0.0000000001202051    0.0000000001186385    0.0000000001196165
1359.0    0.0000000001189400    0.0000000001191235    0.0000000001198509    0.0000000001182900    0.0000000001192653
1361.0    0.0000000001185783    0.0000000001187581    0.0000000001194826    0.0000000001179267    0.0000000001189148
1363.0    0.0000000001182325    0.0000000001183940    0.0000000001191155    0.0000000001175649    0.0000000001185503
1365.0    0.0000000001178735    0.0000000001180309    0.0000000001187648    0.0000000001172197    0.0000000001181871
1367.0    0.0000000001175157    0.0000000001176829    0.0000000001184152    0.0000000001168604    0.0000000001178251
1369.0    0.0000000001171592    0.0000000001173361    0.0000000001180516    0.0000000001165022    0.0000000001174790
1371.0    0.0000000001168039    0.0000000001169766    0.0000000001176893    0.0000000001161610    0.0000000001171343
1373.0    0.0000000001164639    0.0000000001166182    0.0000000001173430    0.0000000001158052    0.0000000001167758
1375.0    0.0000000001161110    0.0000000001162612    0.0000000001169981    0.0000000001154509    0.0000000001164184
1377.0    0.0000000001157594    0.0000000001159190    0.0000000001166395    0.0000000001151133    0.0000000001160622
1379.0    0.0000000001154090    0.0000000001155778    0.0000000001162821    0.0000000001147616    0.0000000001157075
1381.0    0.0000000001150601    0.0000000001152244    0.0000000001159407    0.0000000001144112    0.0000000001153685
1383.0    0.0000000001147262    0.0000000001148721    0.0000000001156005    0.0000000001140775    0.0000000001150307
1385.0    0.0000000001143797    0.0000000001145212    0.0000000001152467    0.0000000001137298    0.0000000001146794
1387.0    0.0000000001140346    0.0000000001141850    0.0000000001148944    0.0000000001133840    0.0000000001143295
1389.0    0.0000000001136908    0.0000000001138500    0.0000000001145580    0.0000000001130540    0.0000000001139805
1391.0    0.0000000001133483    0.0000000001135030    0.0000000001142228    0.0000000001127105    0.0000000001136480
1393.0    0.0000000001130072    0.0000000001131573    0.0000000001138745    0.0000000001123686    0.0000000001133163
1395.0    0.0000000001126678    0.0000000001128129    0.0000000001135272    0.0000000001120429    0.0000000001129717
1397.0    0.0000000001123427    0.0000000001124832    0.0000000001131959    0.0000000001117186    0.0000000001126283
1399.0    0.0000000001120062    0.0000000001121547    0.0000000001128657    0.0000000001113811    0.0000000001122863
1401.0    0.0000000001116708    0.0000000001118144    0.0000000001125230    0.0000000001110453    0.0000000001119601
1403.0    0.0000000001113370    0.0000000001114760    0.0000000001121814    0.0000000001107251    0.0000000001116351
1405.0    0.0000000001110046    0.0000000001111513    0.0000000001118555    0.0000000001103927    0.0000000001112973
1407.0    0.0000000001106870    0.0000000001108285    0.0000000001115310    0.0000000001100614    0.0000000001109611
1409.0    0.0000000001103576    0.0000000001104940    0.0000000001111940    0.0000000001097460    0.0000000001106266
1411.0    0.0000000001100299    0.0000000001101614    0.0000000001108583    0.0000000001094182    0.0000000001102935
1413.0    0.0000000001097040    0.0000000001098302    0.0000000001105381    0.0000000001090919    0.0000000001099757
1415.0    0.0000000001093793    0.0000000001095133    0.0000000001102195    0.0000000001087815    0.0000000001096594
1417.0    0.0000000001090565    0.0000000001091979    0.0000000001098885    0.0000000001084590    0.0000000001093311
1419.0    0.0000000001087353    0.0000000001088718    0.0000000001095592    0.0000000001081375    0.0000000001090043
1421.0    0.0000000001084286    0.0000000001085472    0.0000000001092451    0.0000000001078321    0.0000000001086795
1423.0    0.0000000001081109    0.0000000001082242    0.0000000001089328    0.0000000001075146    0.0000000001083694
1425.0    0.0000000001077948    0.0000000001079154    0.0000000001086085    0.0000000001071989    0.0000000001080610
1427.0    0.0000000001074806    0.0000000001076082    0.0000000001082859    0.0000000001068987    0.0000000001077412
1429.0    0.0000000001071682    0.0000000001072906    0.0000000001079784    0.0000000001065867    0.0000000001074229
1431.0    0.0000000001068701    0.0000000001069748    0.0000000001076726    0.0000000001062766    0.0000000001071066
1433.0    0.0000000001065613    0.0000000001066610    0.0000000001073553    0.0000000001059821    0.0000000001068054
1435.0    0.0000000001062545    0.0000000001063610    0.0000000001070398    0.0000000001056758    0.0000000001065060
1437.0    0.0000000001059494    0.0000000001060628    0.0000000001067392    0.0000000001053717    0.0000000001061949
1439.0    0.0000000001056464    0.0000000001057545    0.0000000001064405    0.0000000001050825    0.0000000001058862
1441.0    0.0000000001053570    0.0000000001054483    0.0000000001061308    0.0000000001047821    0.0000000001055794
1443.0    0.0000000001050582    0.0000000001051442    0.0000000001058228    0.0000000001044842    0.0000000001052745
1445.0    0.0000000001047609    0.0000000001048538    0.0000000001055296    0.0000000001042009    0.0000000001049844
1447.0    0.0000000001044658    0.0000000001045650    0.0000000001052383    0.0000000001039196    0.0000000001046963
1449.0    0.0000000001041727    0.0000000001042672    0.0000000001049363    0.0000000001036276    0.0000000001043972
1451.0    0.0000000001038818    0.0000000001039711    0.0000000001046363    0.0000000001033375    0.0000000001041007
1453.0    0.0000000001035926    0.0000000001036775    0.0000000001043509    0.0000000001030623    0.0000000001038062
1455.0    0.0000000001033173    0.0000000001033971    0.0000000001040673    0.0000000001027766    0.0000000001035260
1457.0    0.0000000001030325    0.0000000001031187    0.0000000001037734    0.0000000001024931    0.0000000001032478
1459.0    0.0000000001027499    0.0000000001028312    0.0000000001034818    0.0000000001022241    0.0000000001029597
1461.0    0.0000000001024694    0.0000000001025464    0.0000000001032042    0.0000000001019447    0.0000000001026738
1463.0    0.0000000001021909    0.0000000001022636    0.0000000001029289    0.0000000001016680    0.0000000001023902
1465.0    0.0000000001019260    0.0000000001019937    0.0000000001026437    0.0000000001014049    0.0000000001021205
1467.0    0.0000000001016517    0.0000000001017261    0.0000000001023605    0.0000000001011323    0.0000000001018530
1469.0    0.0000000001013798    0.0000000001014500    0.0000000001020914    0.0000000001008619    0.0000000001015758
1471.0    0.0000000001011102    0.0000000001011761    0.0000000001018242    0.0000000001006053    0.0000000001013012
1473.0    0.0000000001008426    0.0000000001009048    0.0000000001015477    0.0000000001003395    0.0000000001010288
1475.0    0.0000000001005773    0.0000000001006459    0.0000000001012735    0.0000000001000755    0.0000000001007587
1477.0    0.0000000001003145    0.0000000001003893    0.0000000001010127    0.0000000000998252    0.0000000001005021
1479.0    0.0000000001000636    0.0000000001001245    0.0000000001007540    0.0000000000995658    0.0000000001002480
1481.0    0.0000000000998049    0.0000000000998622    0.0000000001004864    0.0000000000993085    0.0000000000999844
1483.0    0.0000000000995484    0.0000000000996022    0.0000000001002210    0.0000000000990645    0.0000000000997234
1485.0    0.0000000000992940    0.0000000000993544    0.0000000000999687    0.0000000000988117    0.0000000000994648
