9.0    0.0000000000000000    0.0000000000000000    0.0000000000000000    0.0000000000000000    0.0000000000000000
11.0    0.0000000000000000    0.0000000000000000    0.0000000000000000    0.0000000000000000    0.0000000000000000
13.0    0.0000000000000000    0.0000000000000000    0.0000000000000000    0.0000000000000000    0.0000000000000000
15.0    0.0000000000000000    0.0000000000000000    0.0000000000000001    0.0000000000000000    0.0000000000000001
17.0    0.0000000000000001    0.0000000000000001    0.0000000000000001    0.0000000000000001    0.0000000000000001
19.0    0.0000000000000002    0.0000000000000001    0.0000000000000002    0.0000000000000002    0.0000000000000002
21.0    0.0000000000000004    0.0000000000000003    0.0000000000000004    0.0000000000000003    0.0000000000000004
23.0    0.0000000000000007    0.0000000000000006    0.0000000000000007    0.0000000000000006    0.0000000000000007
25.0    0.0000000000000011    0.0000000000000010    0.0000000000000012    0.0000000000000011    0.0000000000000012
27.0    0.0000000000000018    0.0000000000000017    0.0000000000000019    0.0000000000000018    0.0000000000000020
29.0    0.0000000000000028    0.0000000000000026    0.0000000000000028    0.0000000000000027    0.0000000000000029
31.0    0.0000000000000039    0.0000000000000037    0.0000000000000040    0.0000000000000039    0.0000000000000041
33.0    0.0000000000000053    0.0000000000000051    0.0000000000000053    0.0000000000000053    0.0000000000000054
35.0    0.0000000000000068    0.0000000000000066    0.0000000000000068    0.0000000000000067    0.0000000000000068
37.0    0.0000000000000083    0.0000000000000080    0.0000000000000084    0.0000000000000083    0.0000000000000085
39.0    0.0000000000000100    0.0000000000000095    0.0000000000000103    0.0000000000000099    0.0000000000000105
41.0    0.0000000000000121    0.0000000000000113    0.0000000000000125    0.0000000000000119    0.0000000000000129
43.0    0.0000000000000149    0.0000000000000137    0.0000000000000155    0.0000000000000146    0.0000000000000158
45.0    0.0000000000000189    0.0000000000000172    0.0000000000000197    0.0000000000000185    0.0000000000000199
47.0    0.0000000000000241    0.0000000000000224    0.0000000000000250    0.0000000000000237    0.0000000000000255
49.0    0.0000000000000315    0.0000000000000294    0.0000000000000320    0.0000000000000309    0.0000000000000329
51.0    0.0000000000000407    0.0000000000000385    0.0000000000000410    0.0000000000000405    0.0000000000000421
53.0    0.0000000000000518    0.0000000000000501    0.0000000000000517    0.0000000000000521    0.0000000000000523
55.0    0.0000000000000641    0.0000000000000632    0.0000000000000630    0.0000000000000643    0.0000000000000636
57.0    0.0000000000000762    0.0000000000000769    0.0000000000000747    0.0000000000000776    0.0000000000000756
59.0    0.0000000000000884    0.0000000000000895    0.0000000000000865    0.0000000000000901    0.0000000000000873
61.0    0.0000000000000991    0.0000000000001004    0.0000000000000971    0.0000000000001006    0.0000000000000977
63.0    0.0000000000001077    0.0000000000001093    0.0000000000001056    0.0000000000001092    0.0000000000001063
65.0    0.0000000000001140    0.0000000000001153    0.0000000000001122    0.0000000000001152    0.0000000000001127
67.0    0.0000000000001182    0.0000000000001187    0.0000000000001173    0.0000000000001187    0.0000000000001175
69.0    0.0000000000001211    0.0000000000001203    0.0000000000001211    0.0000000000001210    0.0000000000001212
71.0    0.0000000000001235    0.0000000000001216    0.0000000000001242    0.0000000000001231    0.0000000000001246
73.0    0.0000000000001268    0.0000000000001238    0.0000000000001278    0.0000000000001259    0.0000000000001285
75.0    0.0000000000001316    0.0000000000001283    0.0000000000001327    0.0000000000001309    0.0000000000001334
77.0    0.0000000000001387    0.0000000000001356    0.0000000000001394    0.0000000000001384    0.0000000000001399
79.0    0.0000000000001478    0.0000000000001454    0.0000000000001475    0.0000000000001479    0.0000000000001484
81.0    0.0000000000001582    0.0000000000001573    0.0000000000001569    0.0000000000001596    0.0000000000001583
83.0    0.0000000000001696    0.0000000000001706    0.0000000000001674    0.0000000000001719    0.0000000000001687
85.0    0.0000000000001806    0.0000000000001833    0.0000000000001776    0.0000000000001831    0.0000000000001782
87.0    0.0000000000001898    0.0000000000001940    0.0000000000001860    0.0000000000001926    0.0000000000001864
89.0    0.0000000000001964    0.0000000000002010    0.0000000000001924    0.0000000000001991    0.0000000000001927
91.0    0.0000000000001995    0.0000000000002042    0.0000000000001962    0.0000000000002017    0.0000000000001961
93.0    0.0000000000001993    0.0000000000002034    0.0000000000001969    0.0000000000002009    0.0000000000001965
95.0    0.0000000000001962    0.0000000000001989    0.0000000000001950    0.0000000000001968    0.0000000000001942
97.0    0.0000000000001908    0.0000000000001918    0.0000000000001909    0.0000000000001904    0.0000000000001901
99.0    0.0000000000001841    0.0000000000001837    0.0000000000001854    0.0000000000001832    0.0000000000001847
101.0    0.0000000000001773    0.0000000000001756    0.0000000000001793    0.0000000000001757    0.0000000000001788
103.0    0.0000000000001713    0.0000000000001685    0.0000000000001740    0.0000000000001694    0.0000000000001734
105.0    0.0000000000001670    0.0000000000001636    0.0000000000001697    0.0000000000001652    0.0000000000001692
107.0    0.0000000000001645    0.0000000000001613    0.0000000000001668    0.0000000000001630    0.0000000000001666
109.0    0.0000000000001639    0.0000000000001614    0.0000000000001656    0.0000000000001630    0.0000000000001657
111.0    0.0000000000001651    0.0000000000001635    0.0000000000001659    0.0000000000001648    0.0000000000001662
113.0    0.0000000000001675    0.0000000000001670    0.0000000000001674    0.0000000000001678    0.0000000000001678
115.0    0.0000000000001704    0.0000000000001711    0.0000000000001697    0.0000000000001712    0.0000000000001701
117.0    0.0000000000001734    0.0000000000001747    0.0000000000001723    0.0000000000001744    0.0000000000001726
119.0    0.0000000000001759    0.0000000000001775    0.0000000000001746    0.0000000000001769    0.0000000000001747
121.0    0.0000000000001776    0.0000000000001792    0.0000000000001764    0.0000000000001785    0.0000000000001765
123.0    0.0000000000001785    0.0000000000001797    0.0000000000001776    0.0000000000001790    0.0000000000001776
125.0    0.0000000000001786    0.0000000000001790    0.0000000000001782    0.0000000000001787    0.0000000000001781
127.0    0.0000000000001781    0.0000000000001778    0.0000000000001783    0.0000000000001779    0.0000000000001782
129.0    0.0000000000001776    0.0000000000001764    0.0000000000001782    0.0000000000001771    0.0000000000001781
131.0    0.0000000000001774    0.0000000000001754    0.0000000000001783    0.0000000000001767    0.0000000000001782
133.0    0.0000000000001777    0.0000000000001753    0.0000000000001787    0.0000000000001770    0.0000000000001788
135.0    0.0000000000001789    0.0000000000001764    0.0000000000001798    0.0000000000001783    0.0000000000001801
137.0    0.0000000000001811    0.0000000000001786    0.0000000000001817    0.0000000000001808    0.0000000000001822
139.0    0.0000000000001841    0.0000000000001820    0.0000000000001845    0.0000000000001843    0.0000000000001850
141.0    0.0000000000001881    0.0000000000001866    0.0000000000001882    0.0000000000001885    0.0000000000001886
143.0    0.0000000000001928    0.0000000000001918    0.0000000000001924    0.0000000000001933    0.0000000000001930
145.0    0.0000000000001979    0.0000000000001973    0.0000000000001971    0.0000000000001987    0.0000000000001979
147.0    0.0000000000002033    0.0000000000002025    0.0000000000002024    0.0000000000002042    0.0000000000002033
149.0    0.0000000000002086    0.0000000000002075    0.0000000000002081    0.0000000000002094    0.0000000000002088
151.0    0.0000000000002143    0.0000000000002125    0.0000000000002140    0.0000000000002150    0.0000000000002146
153.0    0.0000000000002204    0.0000000000002173    0.0000000000002205    0.0000000000002208    0.0000000000002214
155.0    0.0000000000002273    0.0000000000002224    0.0000000000002281    0.0000000000002271    0.0000000000002291
157.0    0.0000000000002354    0.0000000000002281    0.0000000000002371    0.0000000000002349    0.0000000000002382
159.0    0.0000000000002455    0.0000000000002352    0.0000000000002477    0.0000000000002447    0.0000000000002495
161.0    0.0000000000002584    0.0000000000002449    0.0000000000002608    0.0000000000002568    0.0000000000002631
163.0    0.0000000000002741    0.0000000000002580    0.0000000000002779    0.0000000000002732    0.0000000000002800
165.0    0.0000000000002951    0.0000000000002755    0.0000000000002996    0.0000000000002945    0.0000000000003023
167.0    0.0000000000003215    0.0000000000002974    0.0000000000003256    0.0000000000003204    0.0000000000003302
169.0    0.0000000000003548    0.0000000000003254    0.0000000000003577    0.0000000000003544    0.0000000000003649
171.0    0.0000000000003956    0.0000000000003619    0.0000000000003985    0.0000000000003964    0.0000000000004053
173.0    0.0000000000004431    0.0000000000004072    0.0000000000004481    0.0000000000004453    0.0000000000004538
175.0    0.0000000000005023    0.0000000000004622    0.0000000000005045    0.0000000000005065    0.0000000000005141
177.0    0.0000000000005721    0.0000000000005254    0.0000000000005710    0.0000000000005790    0.0000000000005851
179.0    0.0000000000006540    0.0000000000006000    0.0000000000006518    0.0000000000006600    0.0000000000006680
181.0    0.0000000000007484    0.0000000000006903    0.0000000000007451    0.0000000000007579    0.0000000000007593
183.0    0.0000000000008566    0.0000000000007947    0.0000000000008471    0.0000000000008699    0.0000000000008631
185.0    0.0000000000009790    0.0000000000009141    0.0000000000009623    0.0000000000009911    0.0000000000009853
187.0    0.0000000000011105    0.0000000000010436    0.0000000000010968    0.0000000000011266    0.0000000000011222
189.0    0.0000000000012627    0.0000000000011882    0.0000000000012466    0.0000000000012838    0.0000000000012743
191.0    0.0000000000014301    0.0000000000013545    0.0000000000014045    0.0000000000014569    0.0000000000014419
193.0    0.0000000000016133    0.0000000000015370    0.0000000000015771    0.0000000000016377    0.0000000000016170
195.0    0.0000000000018117    0.0000000000017354    0.0000000000017726    0.0000000000018422    0.0000000000018066
197.0    0.0000000000020168    0.0000000000019406    0.0000000000019837    0.0000000000020622    0.0000000000020197
199.0    0.0000000000022454    0.0000000000021599    0.0000000000022008    0.0000000000022871    0.0000000000022483
201.0    0.0000000000024889    0.0000000000024020    0.0000000000024326    0.0000000000025372    0.0000000000024925
203.0    0.0000000000027479    0.0000000000026582    0.0000000000026901    0.0000000000028025    0.0000000000027414
205.0    0.0000000000030223    0.0000000000029287    0.0000000000029640    0.0000000000030709    0.0000000000030054
207.0    0.0000000000033011    0.0000000000032025    0.0000000000032424    0.0000000000033678    0.0000000000032976
209.0    0.0000000000036087    0.0000000000034911    0.0000000000035377    0.0000000000036822    0.0000000000036078
211.0    0.0000000000039349    0.0000000000038081    0.0000000000038647    0.0000000000040011    0.0000000000039376
213.0    0.0000000000042821    0.0000000000041445    0.0000000000042129    0.0000000000043557    0.0000000000042736
215.0    0.0000000000046520    0.0000000000045030    0.0000000000045681    0.0000000000047339    0.0000000000046313
217.0    0.0000000000050477    0.0000000000048711    0.0000000000049470    0.0000000000051208    0.0000000000050296
219.0    0.0000000000054711    0.0000000000052656    0.0000000000053693    0.0000000000055544    0.0000000000054561
221.0    0.0000000000059067    0.0000000000057064    0.0000000000058221    0.0000000000060199    0.0000000000059133
223.0    0.0000000000063933    0.0000000000061814    0.0000000000062865    0.0000000000064983    0.0000000000064037
225.0    0.0000000000069153    0.0000000000066935    0.0000000000067839    0.0000000000070356    0.0000000000069069
227.0    0.0000000000074758    0.0000000000072227    0.0000000000073394    0.0000000000076122    0.0000000000074455
229.0    0.0000000000080759    0.0000000000077906    0.0000000000079348    0.0000000000082032    0.0000000000080463
231.0    0.0000000000086916    0.0000000000084230    0.0000000000085441    0.0000000000088640    0.0000000000086889
233.0    0.0000000000093757    0.0000000000090994    0.0000000000091939    0.0000000000095692    0.0000000000093751
235.0    0.0000000000101041    0.0000000000097922    0.0000000000099157    0.0000000000102874    0.0000000000100746
237.0    0.0000000000108791    0.0000000000105284    0.0000000000106840    0.0000000000110491    0.0000000000108175
239.0    0.0000000000117009    0.0000000000113402    0.0000000000114648    0.0000000000118937    0.0000000000116391
241.0    0.0000000000125720    0.0000000000122009    0.0000000000122912    0.0000000000127876    0.0000000000125098
243.0    0.0000000000134923    0.0000000000131121    0.0000000000132024    0.0000000000136912    0.0000000000134308
245.0    0.0000000000144241    0.0000000000140371    0.0000000000141649    0.0000000000146879    0.0000000000144031
247.0    0.0000000000154462    0.0000000000150129    0.0000000000151360    0.0000000000157379    0.0000000000153837
249.0    0.0000000000165205    0.0000000000160821    0.0000000000161563    0.0000000000167941    0.0000000000164137
251.0    0.0000000000176490    0.0000000000172085    0.0000000000172729    0.0000000000179529    0.0000000000175403
253.0    0.0000000000188301    0.0000000000183930    0.0000000000184426    0.0000000000191664    0.0000000000187201
255.0    0.0000000000200141    0.0000000000195863    0.0000000000196127    0.0000000000203786    0.0000000000199523
257.0    0.0000000000212980    0.0000000000208329    0.0000000000208308    0.0000000000216982    0.0000000000211808
259.0    0.0000000000226305    0.0000000000221826    0.0000000000221502    0.0000000000230675    0.0000000000224550
261.0    0.0000000000240101    0.0000000000235837    0.0000000000235167    0.0000000000244218    0.0000000000238297
263.0    0.0000000000254318    0.0000000000250314    0.0000000000248674    0.0000000000258799    0.0000000000252474
265.0    0.0000000000268333    0.0000000000264625    0.0000000000262558    0.0000000000273759    0.0000000000267042
267.0    0.0000000000283268    0.0000000000279269    0.0000000000277399    0.0000000000288381    0.0000000000281330
269.0    0.0000000000298493    0.0000000000294788    0.0000000000292561    0.0000000000303945    0.0000000000295901
271.0    0.0000000000313968    0.0000000000310546    0.0000000000307349    0.0000000000319736    0.0000000000311361
273.0    0.0000000000329643    0.0000000000326488    0.0000000000322355    0.0000000000335015    0.0000000000327040
275.0    0.0000000000345480    0.0000000000341947    0.0000000000338200    0.0000000000351130    0.0000000000342897
277.0    0.0000000000361441    0.0000000000357502    0.0000000000353530    0.0000000000367352    0.0000000000358896
279.0    0.0000000000376854    0.0000000000373755    0.0000000000368973    0.0000000000382945    0.0000000000374332
281.0    0.0000000000392977    0.0000000000390068    0.0000000000385176    0.0000000000398592    0.0000000000389843
283.0    0.0000000000409147    0.0000000000406431    0.0000000000401444    0.0000000000414989    0.0000000000406085
285.0    0.0000000000425347    0.0000000000422205    0.0000000000417070    0.0000000000431408    0.0000000000422362
287.0    0.0000000000441555    0.0000000000438014    0.0000000000432711    0.0000000000447120    0.0000000000438651
289.0    0.0000000000457105    0.0000000000454482    0.0000000000449025    0.0000000000463532    0.0000000000454251
291.0    0.0000000000473268    0.0000000000470961    0.0000000000465308    0.0000000000479905    0.0000000000469817
293.0    0.0000000000489369    0.0000000000487424    0.0000000000480855    0.0000000000495502    0.0000000000485995
295.0    0.0000000000505373    0.0000000000503204    0.0000000000496318    0.0000000000511703    0.0000000000502074
297.0    0.0000000000521243    0.0000000000518889    0.0000000000512329    0.0000000000527756    0.0000000000518015
299.0    0.0000000000536310    0.0000000000535047    0.0000000000528176    0.0000000000542926    0.0000000000533126
301.0    0.0000000000551784    0.0000000000550984    0.0000000000543171    0.0000000000558539    0.0000000000548032
303.0    0.0000000000566993    0.0000000000566631    0.0000000000557937    0.0000000000573858    0.0000000000563329
305.0    0.0000000000581883    0.0000000000581346    0.0000000000573065    0.0000000000588184    0.0000000000578323
307.0    0.0000000000596425    0.0000000000595676    0.0000000000587869    0.0000000000602779    0.0000000000592975
309.0    0.0000000000610576    0.0000000000610134    0.0000000000601725    0.0000000000616961    0.0000000000607254
311.0    0.0000000000624324    0.0000000000624101    0.0000000000615225    0.0000000000630111    0.0000000000620570
313.0    0.0000000000637123    0.0000000000637562    0.0000000000628927    0.0000000000643417    0.0000000000633508
315.0    0.0000000000650042    0.0000000000650032    0.0000000000642226    0.0000000000656287    0.0000000000646609
317.0    0.0000000000662555    0.0000000000662048    0.0000000000654598    0.0000000000668197    0.0000000000659311
319.0    0.0000000000674676    0.0000000000674105    0.0000000000666610    0.0000000000680260    0.0000000000671630
321.0    0.0000000000686446    0.0000000000685757    0.0000000000678791    0.0000000000691971    0.0000000000683105
323.0    0.0000000000697444    0.0000000000697063    0.0000000000690637    0.0000000000702880    0.0000000000694279
325.0    0.0000000000708628    0.0000000000707664    0.0000000000701711    0.0000000000714026    0.0000000000705665
327.0    0.0000000000719584    0.0000000000718054    0.0000000000712543    0.0000000000724963    0.0000000000716809
329.0    0.0000000000730351    0.0000000000728695    0.0000000000723632    0.0000000000735268    0.0000000000727753
331.0    0.0000000000740978    0.0000000000739220    0.0000000000734543    0.0000000000745461    0.0000000000738092
333.0    0.0000000000751497    0.0000000000749673    0.0000000000744867    0.0000000000756034    0.0000000000748317
335.0    0.0000000000761946    0.0000000000759689    0.0000000000755093    0.0000000000766555    0.0000000000758900
337.0    0.0000000000771934    0.0000000000769693    0.0000000000765689    0.0000000000776592    0.0000000000769423
339.0    0.0000000000782314    0.0000000000780101    0.0000000000776235    0.0000000000787076    0.0000000000779907
341.0    0.0000000000792686    0.0000000000790521    0.0000000000786314    0.0000000000797562    0.0000000000790372
343.0    0.0000000000803061    0.0000000000800960    0.0000000000796380    0.0000000000807602    0.0000000000800395
345.0    0.0000000000813446    0.0000000000811013    0.0000000000806882    0.0000000000818114    0.0000000000810421
347.0    0.0000000000823430    0.0000000000821082    0.0000000000817390    0.0000000000828644    0.0000000000820893
349.0    0.0000000000833846    0.0000000000831569    0.0000000000827472    0.0000000000838734    0.0000000000831379
351.0    0.0000000000844281    0.0000000000842072    0.0000000000837568    0.0000000000849302    0.0000000000841883
353.0    0.0000000000854736    0.0000000000852187    0.0000000000848121    0.0000000000859890    0.0000000000851968
355.0    0.0000000000865211    0.0000000000862321    0.0000000000858694    0.0000000000870038    0.0000000000862072
357.0    0.0000000000875287    0.0000000000872883    0.0000000000868846    0.0000000000880669    0.0000000000872637
359.0    0.0000000000885805    0.0000000000883473    0.0000000000879017    0.0000000000891322    0.0000000000883223
361.0    0.0000000000896345    0.0000000000894095    0.0000000000889650    0.0000000000901535    0.0000000000893832
363.0    0.0000000000906906    0.0000000000904342    0.0000000000900303    0.0000000000912235    0.0000000000904019
365.0    0.0000000000917487    0.0000000000914621    0.0000000000910530    0.0000000000922955    0.0000000000914224
367.0    0.0000000000928084    0.0000000000925343    0.0000000000920770    0.0000000000933225    0.0000000000924888
369.0    0.0000000000938694    0.0000000000936093    0.0000000000931468    0.0000000000943973    0.0000000000935564
371.0    0.0000000000948884    0.0000000000946863    0.0000000000942171    0.0000000000954725    0.0000000000946245
373.0    0.0000000000959497    0.0000000000957227    0.0000000000952428    0.0000000000965005    0.0000000000956924
375.0    0.0000000000970099    0.0000000000967588    0.0000000000962678    0.0000000000975270    0.0000000000967148
377.0    0.0000000000980679    0.0000000000978348    0.0000000000973357    0.0000000000985977    0.0000000000977354
379.0    0.0000000000991228    0.0000000000989076    0.0000000000984010    0.0000000000996645    0.0000000000987974
381.0    0.0000000001001316    0.0000000000999761    0.0000000000994186    0.0000000001006805    0.0000000000998553
383.0    0.0000000001011770    0.0000000001009978    0.0000000001004318    0.0000000001017362    0.0000000001009078
385.0    0.0000000001022162    0.0000000001020131    0.0000000001014837    0.0000000001027855    0.0000000001019109
387.0    0.0000000001032482    0.0000000001030610    0.0000000001025291    0.0000000001037814    0.0000000001029076
389.0    0.0000000001042722    0.0000000001041000    0.0000000001035243    0.0000000001048140    0.0000000001039398
391.0    0.0000000001052875    0.0000000001051290    0.0000000001045118    0.0000000001058374    0.0000000001049633
393.0    0.0000000001062936    0.0000000001061084    0.0000000001055341    0.0000000001068071    0.0000000001059777
395.0    0.0000000001072507    0.0000000001070773    0.0000000001065478    0.0000000001078112    0.0000000001069409
397.0    0.0000000001082385    0.0000000001080735    0.0000000001075110    0.0000000001088058    0.0000000001078953
399.0    0.0000000001092175    0.0000000001090580    0.0000000001084662    0.0000000001097482    0.0000000001088817
401.0    0.0000000001101877    0.0000000001100300    0.0000000001094548    0.0000000001107253    0.0000000001098597
403.0    0.0000000001111508    0.0000000001109535    0.0000000001104368    0.0000000001116956    0.0000000001108293
405.0    0.0000000001120699    0.0000000001118660    0.0000000001113725    0.0000000001126182    0.0000000001117927
407.0    0.0000000001130238    0.0000000001128045    0.0000000001123045    0.0000000001135802    0.0000000001127113
409.0    0.0000000001139769    0.0000000001137336    0.0000000001132768    0.0000000001145425    0.0000000001136282
411.0    0.0000000001149330    0.0000000001146558    0.0000000001142516    0.0000000001154673    0.0000000001145863
413.0    0.0000000001158966    0.0000000001155386    0.0000000001151919    0.0000000001164439    0.0000000001155505
415.0    0.0000000001168342    0.0000000001164217    0.0000000001161438    0.0000000001174365    0.0000000001165261
417.0    0.0000000001178305    0.0000000001173455    0.0000000001171551    0.0000000001184085    0.0000000001174780
419.0    0.0000000001188548    0.0000000001182814    0.0000000001181929    0.0000000001194575    0.0000000001184537
421.0    0.0000000001199176    0.0000000001192382    0.0000000001192202    0.0000000001205498    0.0000000001195065
423.0    0.0000000001210291    0.0000000001201872    0.0000000001202904    0.0000000001216476    0.0000000001206054
425.0    0.0000000001222037    0.0000000001211761    0.0000000001214634    0.0000000001228101    0.0000000001217632
427.0    0.0000000001234540    0.0000000001222594    0.0000000001227076    0.0000000001241098    0.0000000001229938
429.0    0.0000000001247422    0.0000000001234152    0.0000000001239807    0.0000000001255119    0.0000000001242568
431.0    0.0000000001261935    0.0000000001246612    0.0000000001253504    0.0000000001269685    0.0000000001256189
433.0    0.0000000001277731    0.0000000001259626    0.0000000001268978    0.0000000001286337    0.0000000001271628
435.0    0.0000000001295060    0.0000000001273882    0.0000000001285873    0.0000000001304634    0.0000000001288533
437.0    0.0000000001314107    0.0000000001290228    0.0000000001303585    0.0000000001323932    0.0000000001307138
439.0    0.0000000001334263    0.0000000001308397    0.0000000001323033    0.0000000001346244    0.0000000001326769
441.0    0.0000000001357457    0.0000000001328668    0.0000000001345364    0.0000000001370948    0.0000000001348437
443.0    0.0000000001383101    0.0000000001350402    0.0000000001370045    0.0000000001397119    0.0000000001373418
445.0    0.0000000001411523    0.0000000001374659    0.0000000001396120    0.0000000001427416    0.0000000001401109
447.0    0.0000000001442919    0.0000000001402812    0.0000000001424862    0.0000000001460911    0.0000000001431778
449.0    0.0000000001476153    0.0000000001434281    0.0000000001457883    0.0000000001496263    0.0000000001464194
451.0    0.0000000001514255    0.0000000001469383    0.0000000001494273    0.0000000001536948    0.0000000001499878
453.0    0.0000000001556068    0.0000000001506823    0.0000000001532515    0.0000000001581595    0.0000000001540764
455.0    0.0000000001601930    0.0000000001548222    0.0000000001574337    0.0000000001628299    0.0000000001585643
457.0    0.0000000001651933    0.0000000001595657    0.0000000001621923    0.0000000001681507    0.0000000001634733
459.0    0.0000000001706372    0.0000000001647835    0.0000000001673755    0.0000000001739259    0.0000000001688227
461.0    0.0000000001765278    0.0000000001704965    0.0000000001727533    0.0000000001798971    0.0000000001743743
463.0    0.0000000001826213    0.0000000001764701    0.0000000001785541    0.0000000001866159    0.0000000001803626
465.0    0.0000000001894330    0.0000000001829353    0.0000000001850574    0.0000000001938152    0.0000000001870746
467.0    0.0000000001967105    0.0000000001901780    0.0000000001920287    0.0000000002011606    0.0000000001942675
469.0    0.0000000002044643    0.0000000001979543    0.0000000001991470    0.0000000002089471    0.0000000002019401
471.0    0.0000000002126749    0.0000000002059280    0.0000000002066988    0.0000000002175517    0.0000000002097351
473.0    0.0000000002209835    0.0000000002143878    0.0000000002150228    0.0000000002266046    0.0000000002179609
475.0    0.0000000002300651    0.0000000002236759    0.0000000002237899    0.0000000002356723    0.0000000002269791
477.0    0.0000000002395506    0.0000000002334425    0.0000000002325868    0.0000000002455518    0.0000000002364222
479.0    0.0000000002494226    0.0000000002436578    0.0000000002417570    0.0000000002557997    0.0000000002462630
481.0    0.0000000002596388    0.0000000002538668    0.0000000002516873    0.0000000002659194    0.0000000002560353
483.0    0.0000000002701700    0.0000000002644242    0.0000000002619566    0.0000000002767899    0.0000000002661149
485.0    0.0000000002809667    0.0000000002757202    0.0000000002720788    0.0000000002879061    0.0000000002769141
487.0    0.0000000002915449    0.0000000002872898    0.0000000002824437    0.0000000002987291    0.0000000002879585
489.0    0.0000000003027382    0.0000000002990777    0.0000000002934694    0.0000000003101910    0.0000000002991999
491.0    0.0000000003140578    0.0000000003105620    0.0000000003046641    0.0000000003217480    0.0000000003105873
493.0    0.0000000003254537    0.0000000003221405    0.0000000003155038    0.0000000003328425    0.0000000003215878
495.0    0.0000000003368722    0.0000000003342203    0.0000000003264074    0.0000000003444281    0.0000000003326269
497.0    0.0000000003478062    0.0000000003462782    0.0000000003378021    0.0000000003559475    0.0000000003441342
499.0    0.0000000003591150    0.0000000003582522    0.0000000003491623    0.0000000003668522    0.0000000003555762
501.0    0.0000000003702932    0.0000000003696320    0.0000000003599695    0.0000000003780819    0.0000000003669003
503.0    0.0000000003812875    0.0000000003808245    0.0000000003706504    0.0000000003890927    0.0000000003775954
505.0    0.0000000003920556    0.0000000003922180    0.0000000003816165    0.0000000003993715    0.0000000003880882
507.0    0.0000000004021348    0.0000000004033080    0.0000000003923527    0.0000000004098099    0.0000000003987823
509.0    0.0000000004123254    0.0000000004140477    0.0000000004023872    0.0000000004199020    0.0000000004091719
511.0    0.0000000004221707    0.0000000004240075    0.0000000004121296    0.0000000004291911    0.0000000004192175
513.0    0.0000000004316282    0.0000000004335664    0.0000000004219558    0.0000000004380985    0.0000000004284917
515.0    0.0000000004406793    0.0000000004430607    0.0000000004313999    0.0000000004469739    0.0000000004373848
517.0    0.0000000004492885    0.0000000004520695    0.0000000004400679    0.0000000004553907    0.0000000004462413
519.0    0.0000000004574471    0.0000000004605722    0.0000000004483302    0.0000000004629870    0.0000000004546408
521.0    0.0000000004648323    0.0000000004682591    0.0000000004565091    0.0000000004704397    0.0000000004625651
523.0    0.0000000004720480    0.0000000004754466    0.0000000004642168    0.0000000004773955    0.0000000004700011
525.0    0.0000000004787792    0.0000000004823962    0.0000000004711531    0.0000000004835687    0.0000000004766637
527.0    0.0000000004850087    0.0000000004888046    0.0000000004776313    0.0000000004895199    0.0000000004828583
529.0    0.0000000004907500    0.0000000004946745    0.0000000004839096    0.0000000004949711    0.0000000004888323
531.0    0.0000000004957958    0.0000000004998187    0.0000000004896916    0.0000000004997122    0.0000000004943042
533.0    0.0000000005005728    0.0000000005044717    0.0000000004947729    0.0000000005041831    0.0000000004992799
535.0    0.0000000005048792    0.0000000005088112    0.0000000004993993    0.0000000005081794    0.0000000005035929
537.0    0.0000000005087140    0.0000000005126523    0.0000000005037606    0.0000000005115602    0.0000000005074607
539.0    0.0000000005121027    0.0000000005160116    0.0000000005076527    0.0000000005146487    0.0000000005110444
541.0    0.0000000005150486    0.0000000005188067    0.0000000005109574    0.0000000005173074    0.0000000005141777
543.0    0.0000000005175801    0.0000000005211853    0.0000000005138507    0.0000000005194569    0.0000000005168769
545.0    0.0000000005196287    0.0000000005232459    0.0000000005164560    0.0000000005213110    0.0000000005190755
547.0    0.0000000005213839    0.0000000005249039    0.0000000005185719    0.0000000005227917    0.0000000005209039
549.0    0.0000000005227791    0.0000000005261814    0.0000000005203243    0.0000000005238706    0.0000000005224433
551.0    0.0000000005238248    0.0000000005270738    0.0000000005217916    0.0000000005246654    0.0000000005236245
553.0    0.0000000005245498    0.0000000005276513    0.0000000005229072    0.0000000005251483    0.0000000005244672
555.0    0.0000000005249568    0.0000000005279460    0.0000000005236667    0.0000000005253304    0.0000000005249926
557.0    0.0000000005250994    0.0000000005279485    0.0000000005241354    0.0000000005252487    0.0000000005252194
559.0    0.0000000005249796    0.0000000005276805    0.0000000005243399    0.0000000005249144    0.0000000005251876
561.0    0.0000000005246098    0.0000000005271888    0.0000000005242716    0.0000000005243711    0.0000000005249039
563.0    0.0000000005240151    0.0000000005264822    0.0000000005239696    0.0000000005236276    0.0000000005243815
565.0    0.0000000005232448    0.0000000005255422    0.0000000005234485    0.0000000005226527    0.0000000005236392
567.0    0.0000000005222522    0.0000000005244105    0.0000000005226937    0.0000000005214965    0.0000000005227395
569.0    0.0000000005210851    0.0000000005231047    0.0000000005217389    0.0000000005202323    0.0000000005216672
571.0    0.0000000005197552    0.0000000005217009    0.0000000005206531    0.0000000005187608    0.0000000005203837
573.0    0.0000000005182805    0.0000000005201641    0.0000000005194116    0.0000000005171531    0.0000000005189463
575.0    0.0000000005166721    0.0000000005184409    0.0000000005179676    0.0000000005154980    0.0000000005173696
577.0    0.0000000005149457    0.0000000005166028    0.0000000005163855    0.0000000005136578    0.0000000005157415
579.0    0.0000000005131866    0.0000000005146626    0.0000000005147524    0.0000000005117186    0.0000000005140074
581.0    0.0000000005112595    0.0000000005127117    0.0000000005130144    0.0000000005097792    0.0000000005120993
583.0    0.0000000005092471    0.0000000005106853    0.0000000005111018    0.0000000005076730    0.0000000005100997
585.0    0.0000000005071568    0.0000000005085082    0.0000000005090984    0.0000000005054971    0.0000000005080194
587.0    0.0000000005049994    0.0000000005062682    0.0000000005071027    0.0000000005033567    0.0000000005058669
589.0    0.0000000005028711    0.0000000005040624    0.0000000005050396    0.0000000005010644    0.0000000005037446
591.0    0.0000000005006015    0.0000000005018113    0.0000000005028244    0.0000000004987241    0.0000000005015698
593.0    0.0000000004982857    0.0000000004994292    0.0000000005005520    0.0000000004964453    0.0000000004992522
595.0    0.0000000004959279    0.0000000004970098    0.0000000004983277    0.0000000004940260    0.0000000004968908
597.0    0.0000000004935348    0.0000000004945586    0.0000000004960621    0.0000000004915745    0.0000000004944912
599.0    0.0000000004912075    0.0000000004921757    0.0000000004936604    0.0000000004892030    0.0000000004921605
601.0    0.0000000004887560    0.0000000004897708    0.0000000004912246    0.0000000004866994    0.0000000004898027
603.0    0.0000000004862808    0.0000000004872494    0.0000000004888625    0.0000000004841744    0.0000000004873175
605.0    0.0000000004837847    0.0000000004847103    0.0000000004864764    0.0000000004817419    0.0000000004848105
607.0    0.0000000004812711    0.0000000004821558    0.0000000004839643    0.0000000004792947    0.0000000004822844
609.0    0.0000000004787415    0.0000000004796878    0.0000000004814331    0.0000000004767225    0.0000000004798483
611.0    0.0000000004761988    0.0000000004772089    0.0000000004789913    0.0000000004741386    0.0000000004773989
613.0    0.0000000004737468    0.0000000004746218    0.0000000004765358    0.0000000004716577    0.0000000004748311
615.0    0.0000000004711830    0.0000000004720266    0.0000000004739612    0.0000000004690550    0.0000000004722527
617.0    0.0000000004686108    0.0000000004694240    0.0000000004713756    0.0000000004664449    0.0000000004696649
619.0    0.0000000004660309    0.0000000004669161    0.0000000004688889    0.0000000004639420    0.0000000004670697
621.0    0.0000000004634450    0.0000000004644032    0.0000000004663948    0.0000000004613197    0.0000000004645759
623.0    0.0000000004609569    0.0000000004617855    0.0000000004637852    0.0000000004586926    0.0000000004620772
625.0    0.0000000004583607    0.0000000004591637    0.0000000004611694    0.0000000004561759    0.0000000004594647
627.0    0.0000000004557604    0.0000000004565386    0.0000000004586579    0.0000000004535408    0.0000000004568478
629.0    0.0000000004531565    0.0000000004540115    0.0000000004561422    0.0000000004509027    0.0000000004542270
631.0    0.0000000004505495    0.0000000004514821    0.0000000004535130    0.0000000004483768    0.0000000004517124
633.0    0.0000000004479396    0.0000000004488489    0.0000000004508805    0.0000000004457338    0.0000000004491953
635.0    0.0000000004453275    0.0000000004462139    0.0000000004483548    0.0000000004430885    0.0000000004465658
637.0    0.0000000004428178    0.0000000004435768    0.0000000004458268    0.0000000004405564    0.0000000004439343
639.0    0.0000000004402020    0.0000000004410399    0.0000000004431865    0.0000000004379076    0.0000000004413009
641.0    0.0000000004375843    0.0000000004385015    0.0000000004405442    0.0000000004352575    0.0000000004386658
643.0    0.0000000004349655    0.0000000004358602    0.0000000004380105    0.0000000004327215    0.0000000004361390
645.0    0.0000000004323453    0.0000000004332177    0.0000000004354754    0.0000000004300692    0.0000000004336109
647.0    0.0000000004298290    0.0000000004305742    0.0000000004328287    0.0000000004274161    0.0000000004309720
649.0    0.0000000004272071    0.0000000004280314    0.0000000004301810    0.0000000004248776    0.0000000004283320
651.0    0.0000000004245845    0.0000000004254882    0.0000000004276426    0.0000000004222233    0.0000000004256910
653.0    0.0000000004219615    0.0000000004228421    0.0000000004251038    0.0000000004195687    0.0000000004231595
655.0    0.0000000004193382    0.0000000004201957    0.0000000004224538    0.0000000004170295    0.0000000004206277
657.0    0.0000000004168195    0.0000000004175488    0.0000000004198038    0.0000000004144903    0.0000000004179855
659.0    0.0000000004141961    0.0000000004150035    0.0000000004172636    0.0000000004118358    0.0000000004153429
661.0    0.0000000004115728    0.0000000004124581    0.0000000004147238    0.0000000004091819    0.0000000004127005
663.0    0.0000000004089500    0.0000000004098108    0.0000000004120737    0.0000000004066440    0.0000000004101685
665.0    0.0000000004063281    0.0000000004071639    0.0000000004094239    0.0000000004039917    0.0000000004076366
667.0    0.0000000004037069    0.0000000004045175    0.0000000004068853    0.0000000004013408    0.0000000004049956
669.0    0.0000000004010871    0.0000000004019735    0.0000000004043475    0.0000000003988065    0.0000000004023552
671.0    0.0000000003985733    0.0000000003994302    0.0000000004017006    0.0000000003961589    0.0000000003997164
673.0    0.0000000003959568    0.0000000003967867    0.0000000003990553    0.0000000003935134    0.0000000003970789
675.0    0.0000000003933425    0.0000000003941447    0.0000000003965217    0.0000000003909856    0.0000000003945530
677.0    0.0000000003907306    0.0000000003915045    0.0000000003939902    0.0000000003883458    0.0000000003920294
679.0    0.0000000003881217    0.0000000003889682    0.0000000003913513    0.0000000003857094    0.0000000003893983
681.0    0.0000000003856203    0.0000000003864344    0.0000000003887152    0.0000000003831915    0.0000000003867703
683.0    0.0000000003830189    0.0000000003838025    0.0000000003861922    0.0000000003805632    0.0000000003841458
685.0    0.0000000003804213    0.0000000003811740    0.0000000003836728    0.0000000003779402    0.0000000003816345
687.0    0.0000000003778287    0.0000000003785498    0.0000000003810481    0.0000000003754362    0.0000000003791272
689.0    0.0000000003752414    0.0000000003760311    0.0000000003784283    0.0000000003728242    0.0000000003765155
691.0    0.0000000003726602    0.0000000003735172    0.0000000003759224    0.0000000003702193    0.0000000003739097
693.0    0.0000000003700855    0.0000000003709087    0.0000000003734222    0.0000000003677343    0.0000000003713098
695.0    0.0000000003676207    0.0000000003683067    0.0000000003708198    0.0000000003651442    0.0000000003688245
697.0    0.0000000003650605    0.0000000003657121    0.0000000003682243    0.0000000003625626    0.0000000003663462
699.0    0.0000000003625088    0.0000000003632247    0.0000000003657443    0.0000000003601020    0.0000000003637681
701.0    0.0000000003599664    0.0000000003607455    0.0000000003632724    0.0000000003576507    0.0000000003611987
703.0    0.0000000003574336    0.0000000003581761    0.0000000003607016    0.0000000003550988    0.0000000003586387
705.0    0.0000000003550122    0.0000000003556172    0.0000000003581408    0.0000000003525577    0.0000000003560888
707.0    0.0000000003525008    0.0000000003531669    0.0000000003556965    0.0000000003501389    0.0000000003536555
709.0    0.0000000003500013    0.0000000003507278    0.0000000003532627    0.0000000003476227    0.0000000003512330
711.0    0.0000000003475145    0.0000000003482031    0.0000000003507346    0.0000000003451201    0.0000000003487172
713.0    0.0000000003450407    0.0000000003456918    0.0000000003482191    0.0000000003427396    0.0000000003462148
715.0    0.0000000003426796    0.0000000003431948    0.0000000003458212    0.0000000003402657    0.0000000003437261
717.0    0.0000000003402343    0.0000000003408076    0.0000000003434360    0.0000000003378075    0.0000000003413546
719.0    0.0000000003378040    0.0000000003384353    0.0000000003409615    0.0000000003354715    0.0000000003389975
721.0    0.0000000003353901    0.0000000003359839    0.0000000003385027    0.0000000003330461    0.0000000003365534
723.0    0.0000000003329927    0.0000000003335499    0.0000000003361613    0.0000000003306381    0.0000000003341263
725.0    0.0000000003306127    0.0000000003311337    0.0000000003338353    0.0000000003283519    0.0000000003317162
727.0    0.0000000003282503    0.0000000003288278    0.0000000003314252    0.0000000003259806    0.0000000003294233
729.0    0.0000000003259996    0.0000000003265398    0.0000000003290330    0.0000000003236278    0.0000000003271480
731.0    0.0000000003236739    0.0000000003241795    0.0000000003267577    0.0000000003213961    0.0000000003247920
733.0    0.0000000003213672    0.0000000003218395    0.0000000003245003    0.0000000003190829    0.0000000003224558
735.0    0.0000000003190805    0.0000000003195202    0.0000000003221635    0.0000000003167895    0.0000000003201393
737.0    0.0000000003168135    0.0000000003173098    0.0000000003198464    0.0000000003146157    0.0000000003178433
739.0    0.0000000003146563    0.0000000003151198    0.0000000003176450    0.0000000003123638    0.0000000003156627
741.0    0.0000000003124298    0.0000000003128632    0.0000000003154625    0.0000000003101328    0.0000000003135014
743.0    0.0000000003102237    0.0000000003106290    0.0000000003132056    0.0000000003080191    0.0000000003112672
745.0    0.0000000003080388    0.0000000003084168    0.0000000003109698    0.0000000003058302    0.0000000003090542
747.0    0.0000000003058750    0.0000000003063108    0.0000000003088468    0.0000000003036627    0.0000000003068630
749.0    0.0000000003038174    0.0000000003042257    0.0000000003067438    0.0000000003016101    0.0000000003047835
751.0    0.0000000003016948    0.0000000003020792    0.0000000003045703    0.0000000002995766    0.0000000003027241
753.0    0.0000000002995933    0.0000000002999549    0.0000000003024183    0.0000000002974719    0.0000000003005962
755.0    0.0000000002975126    0.0000000002978528    0.0000000003003757    0.0000000002953883    0.0000000002984899
757.0    0.0000000002954527    0.0000000002958525    0.0000000002983531    0.0000000002934149    0.0000000002964052
759.0    0.0000000002934135    0.0000000002938725    0.0000000002962633    0.0000000002913724    0.0000000002944270
761.0    0.0000000002913944    0.0000000002918342    0.0000000002941943    0.0000000002893497    0.0000000002924687
763.0    0.0000000002894747    0.0000000002898173    0.0000000002922307    0.0000000002874341    0.0000000002904451
765.0    0.0000000002874947    0.0000000002878210    0.0000000002902863    0.0000000002854508    0.0000000002884421
767.0    0.0000000002855337    0.0000000002859207    0.0000000002882770    0.0000000002834865    0.0000000002864593
769.0    0.0000000002835917    0.0000000002840389    0.0000000002862875    0.0000000002816253    0.0000000002844954
771.0    0.0000000002816682    0.0000000002821010    0.0000000002843991    0.0000000002796976    0.0000000002826318
773.0    0.0000000002798386    0.0000000002801818    0.0000000002825281    0.0000000002777876    0.0000000002807857
775.0    0.0000000002779498    0.0000000002782809    0.0000000002805941    0.0000000002759769    0.0000000002788763
777.0    0.0000000002760780    0.0000000002764699    0.0000000002786780    0.0000000002741005    0.0000000002769852
779.0    0.0000000002742228    0.0000000002746751    0.0000000002768581    0.0000000002722405    0.0000000002751110
781.0    0.0000000002723836    0.0000000002728245    0.0000000002750539    0.0000000002704759    0.0000000002733304
783.0    0.0000000002705600    0.0000000002709898    0.0000000002731876    0.0000000002686463    0.0000000002715646
785.0    0.0000000002687508    0.0000000002691705    0.0000000002713373    0.0000000002668311    0.0000000002697371
787.0    0.0000000002670279    0.0000000002674352    0.0000000002695784    0.0000000002651083    0.0000000002679245
789.0    0.0000000002652468    0.0000000002657129    0.0000000002678334    0.0000000002633202    0.0000000002661262
791.0    0.0000000002634789    0.0000000002639349    0.0000000002660266    0.0000000002615455    0.0000000002644157
793.0    0.0000000002617238    0.0000000002621701    0.0000000002642337    0.0000000002598595    0.0000000002627177
795.0    0.0000000002599811    0.0000000002604175    0.0000000002625277    0.0000000002581847    0.0000000002609579
797.0    0.0000000002583193    0.0000000002587436    0.0000000002608340    0.0000000002564453    0.0000000002592104
799.0    0.0000000002565995    0.0000000002570802    0.0000000002590785    0.0000000002547166    0.0000000002574746
801.0    0.0000000002548904    0.0000000002553607    0.0000000002573349    0.0000000002530736    0.0000000002557502
803.0    0.0000000002531921    0.0000000002536517    0.0000000002556744    0.0000000002513662    0.0000000002541072
805.0    0.0000000002515036    0.0000000002519527    0.0000000002540243    0.0000000002496684    0.0000000002524739
807.0    0.0000000002498921    0.0000000002503278    0.0000000002523126    0.0000000002480534    0.0000000002507791
809.0    0.0000000002482225    0.0000000002487113    0.0000000002506110    0.0000000002463743    0.0000000002490942
811.0    0.0000000002465617    0.0000000002470388    0.0000000002489895    0.0000000002447040    0.0000000002474181
813.0    0.0000000002449100    0.0000000002453745    0.0000000002473768    0.0000000002431145    0.0000000002458201
815.0    0.0000000002432668    0.0000000002437185    0.0000000002457029    0.0000000002414614    0.0000000002442302
817.0    0.0000000002416321    0.0000000002421337    0.0000000002440379    0.0000000002398165    0.0000000002425791
819.0    0.0000000002400054    0.0000000002405561    0.0000000002424503    0.0000000002382510    0.0000000002409360
821.0    0.0000000002384511    0.0000000002389222    0.0000000002408706    0.0000000002366218    0.0000000002393009
823.0    0.0000000002368397    0.0000000002372959    0.0000000002392302    0.0000000002350008    0.0000000002377410
825.0    0.0000000002352363    0.0000000002357390    0.0000000002376656    0.0000000002334576    0.0000000002361883
827.0    0.0000000002336403    0.0000000002341888    0.0000000002361087    0.0000000002318522    0.0000000002345753
829.0    0.0000000002320521    0.0000000002325835    0.0000000002344913    0.0000000002302545    0.0000000002329701
831.0    0.0000000002305346    0.0000000002309853    0.0000000002328819    0.0000000002287334    0.0000000002313719
833.0    0.0000000002289615    0.0000000002293942    0.0000000002313472    0.0000000002271513    0.0000000002297816
835.0    0.0000000002273958    0.0000000002278708    0.0000000002298193    0.0000000002255771    0.0000000002282642
837.0    0.0000000002258380    0.0000000002263545    0.0000000002282329    0.0000000002240793    0.0000000002267539
839.0    0.0000000002242881    0.0000000002247849    0.0000000002266543    0.0000000002225210    0.0000000002251857
841.0    0.0000000002227464    0.0000000002232226    0.0000000002251491    0.0000000002209715    0.0000000002236251
843.0    0.0000000002212127    0.0000000002216682    0.0000000002236513    0.0000000002194973    0.0000000002220726
845.0    0.0000000002197482    0.0000000002201810    0.0000000002220967    0.0000000002180312    0.0000000002205923
847.0    0.0000000002182313    0.0000000002187015    0.0000000002205503    0.0000000002165075    0.0000000002191197
849.0    0.0000000002167230    0.0000000002171711    0.0000000002190765    0.0000000002149928    0.0000000002175916
851.0    0.0000000002152238    0.0000000002156494    0.0000000002176107    0.0000000002135530    0.0000000002160719
853.0    0.0000000002137338    0.0000000002141365    0.0000000002160904    0.0000000002120575    0.0000000002145617
855.0    0.0000000002123123    0.0000000002126908    0.0000000002145792    0.0000000002105719    0.0000000002130607
857.0    0.0000000002108411    0.0000000002112539    0.0000000002131399    0.0000000002091605    0.0000000002116313
859.0    0.0000000002093799    0.0000000002097695    0.0000000002117097    0.0000000002076958    0.0000000002102110
861.0    0.0000000002079294    0.0000000002082951    0.0000000002102273    0.0000000002062416    0.0000000002087391
863.0    0.0000000002064893    0.0000000002068314    0.0000000002087552    0.0000000002048614    0.0000000002072777
865.0    0.0000000002051172    0.0000000002054339    0.0000000002073543    0.0000000002034296    0.0000000002058273
867.0    0.0000000002036988    0.0000000002040475    0.0000000002059638    0.0000000002020097    0.0000000002044476
869.0    0.0000000002022919    0.0000000002026168    0.0000000002045238    0.0000000002006628    0.0000000002030789
871.0    0.0000000002008969    0.0000000002011982    0.0000000002030953    0.0000000001992670    0.0000000002016618
873.0    0.0000000001995138    0.0000000001997920    0.0000000002017374    0.0000000001978836    0.0000000002002572
875.0    0.0000000001981434    0.0000000001984516    0.0000000002003907    0.0000000001965725    0.0000000001988650
877.0    0.0000000001967853    0.0000000001971237    0.0000000001989977    0.0000000001952150    0.0000000001975426
879.0    0.0000000001954937    0.0000000001957552    0.0000000001976175    0.0000000001938705    0.0000000001962325
881.0    0.0000000001941609    0.0000000001944004    0.0000000001963067    0.0000000001925974    0.0000000001948782
883.0    0.0000000001928417    0.0000000001930595    0.0000000001950082    0.0000000001912799    0.0000000001935376
885.0    0.0000000001915358    0.0000000001917835    0.0000000001936663    0.0000000001899764    0.0000000001922107
887.0    0.0000000001902438    0.0000000001905208    0.0000000001923384    0.0000000001887426    0.0000000001908979
889.0    0.0000000001890164    0.0000000001892220    0.0000000001910784    0.0000000001875222    0.0000000001896529
891.0    0.0000000001877515    0.0000000001879377    0.0000000001898316    0.0000000001862602    0.0000000001884213
893.0    0.0000000001865008    0.0000000001866684    0.0000000001885444    0.0000000001850128    0.0000000001871505
895.0    0.0000000001852643    0.0000000001854615    0.0000000001872716    0.0000000001838332    0.0000000001858943
897.0    0.0000000001840421    0.0000000001842692    0.0000000001860650    0.0000000001826146    0.0000000001846526
899.0    0.0000000001828823    0.0000000001830440    0.0000000001848723    0.0000000001814102    0.0000000001834768
901.0    0.0000000001816882    0.0000000001818338    0.0000000001836417    0.0000000001802717    0.0000000001823145
903.0    0.0000000001805083    0.0000000001806390    0.0000000001824258    0.0000000001790962    0.0000000001811163
905.0    0.0000000001793430    0.0000000001795044    0.0000000001812743    0.0000000001779349    0.0000000001799328
907.0    0.0000000001781915    0.0000000001783837    0.0000000001801363    0.0000000001768376    0.0000000001787643
909.0    0.0000000001770545    0.0000000001772334    0.0000000001789631    0.0000000001757045    0.0000000001776584
911.0    0.0000000001759315    0.0000000001760975    0.0000000001778045    0.0000000001745856    0.0000000001765661
913.0    0.0000000001748667    0.0000000001749767    0.0000000001767075    0.0000000001735285    0.0000000001754403
915.0    0.0000000001737711    0.0000000001739127    0.0000000001756241    0.0000000001724369    0.0000000001743290
917.0    0.0000000001726889    0.0000000001728622    0.0000000001745071    0.0000000001713586    0.0000000001732320
919.0    0.0000000001716205    0.0000000001717838    0.0000000001734043    0.0000000001703403    0.0000000001721491
921.0    0.0000000001705648    0.0000000001707192    0.0000000001723605    0.0000000001692882    0.0000000001711242
923.0    0.0000000001695639    0.0000000001696686    0.0000000001713291    0.0000000001682493    0.0000000001701116
925.0    0.0000000001685338    0.0000000001686709    0.0000000001702663    0.0000000001672671    0.0000000001690684
927.0    0.0000000001675161    0.0000000001676855    0.0000000001692165    0.0000000001662528    0.0000000001680382
929.0    0.0000000001665108    0.0000000001666735    0.0000000001682226    0.0000000001652503    0.0000000001670208
931.0    0.0000000001655173    0.0000000001656738    0.0000000001672405    0.0000000001643025    0.0000000001660571
933.0    0.0000000001645355    0.0000000001646865    0.0000000001662277    0.0000000001633650    0.0000000001651051
935.0    0.0000000001635650    0.0000000001637483    0.0000000001652272    0.0000000001623963    0.0000000001641229
937.0    0.0000000001626436    0.0000000001628208    0.0000000001642793    0.0000000001614379    0.0000000001631526
939.0    0.0000000001616944    0.0000000001618672    0.0000000001633420    0.0000000001605312    0.0000000001621933
941.0    0.0000000001607555    0.0000000001609243    0.0000000001623748    0.0000000001595932    0.0000000001612840
943.0    0.0000000001598265    0.0000000001600271    0.0000000001614183    0.0000000001586649    0.0000000001603845
945.0    0.0000000001589072    0.0000000001591395    0.0000000001605118    0.0000000001577859    0.0000000001594557
947.0    0.0000000001580338    0.0000000001582258    0.0000000001596145    0.0000000001568760    0.0000000001585365
949.0    0.0000000001571327    0.0000000001573215    0.0000000001586879    0.0000000001559745    0.0000000001576268
951.0    0.0000000001562398    0.0000000001564259    0.0000000001577704    0.0000000001551203    0.0000000001567260
953.0    0.0000000001553556    0.0000000001555728    0.0000000001568999    0.0000000001542353    0.0000000001558710
955.0    0.0000000001544794    0.0000000001547273    0.0000000001560375    0.0000000001533580    0.0000000001550234
957.0    0.0000000001536452    0.0000000001538558    0.0000000001551457    0.0000000001525255    0.0000000001541468
959.0    0.0000000001527837    0.0000000001529915    0.0000000001542621    0.0000000001516624    0.0000000001532782
961.0    0.0000000001519293    0.0000000001521343    0.0000000001534225    0.0000000001508063    0.0000000001524164
963.0    0.0000000001510816    0.0000000001513163    0.0000000001525900    0.0000000001499932    0.0000000001515972
965.0    0.0000000001502405    0.0000000001505046    0.0000000001517279    0.0000000001491497    0.0000000001507842
967.0    0.0000000001494052    0.0000000001496665    0.0000000001508728    0.0000000001483115    0.0000000001499422
969.0    0.0000000001485762    0.0000000001488341    0.0000000001500595    0.0000000001475155    0.0000000001491059
971.0    0.0000000001477852    0.0000000001480073    0.0000000001492520    0.0000000001466886    0.0000000001482756
973.0    0.0000000001469668    0.0000000001472175    0.0000000001484152    0.0000000001458667    0.0000000001474850
975.0    0.0000000001461533    0.0000000001464322    0.0000000001475838    0.0000000001450854    0.0000000001466993
977.0    0.0000000001453449    0.0000000001456202    0.0000000001467925    0.0000000001442732    0.0000000001458842
979.0    0.0000000001445412    0.0000000001448127    0.0000000001460057    0.0000000001434652    0.0000000001450740
981.0    0.0000000001437737    0.0000000001440096    0.0000000001451897    0.0000000001426965    0.0000000001442684
983.0    0.0000000001429784    0.0000000001432414    0.0000000001443783    0.0000000001419317    0.0000000001434668
985.0    0.0000000001421872    0.0000000001424770    0.0000000001436051    0.0000000001411358    0.0000000001427025
987.0    0.0000000001413998    0.0000000001416852    0.0000000001428356    0.0000000001403438    0.0000000001419420
989.0    0.0000000001406162    0.0000000001408973    0.0000000001420367    0.0000000001395895    0.0000000001411522
991.0    0.0000000001398362    0.0000000001401128    0.0000000001412421    0.0000000001388043    0.0000000001403658
993.0    0.0000000001390593    0.0000000001393615    0.0000000001404837    0.0000000001380225    0.0000000001395828
995.0    0.0000000001383168    0.0000000001386132    0.0000000001397288    0.0000000001372775    0.0000000001388356
997.0    0.0000000001375465    0.0000000001378378    0.0000000001389443    0.0000000001365017    0.0000000001380912
999.0    0.0000000001367788    0.0000000001370655    0.0000000001381635    0.0000000001357290    0.0000000001373176
1001.0    0.0000000001360143    0.0000000001362959    0.0000000001374177    0.0000000001349924    0.0000000001365467
1003.0    0.0000000001352525    0.0000000001355585    0.0000000001366751    0.0000000001342248    0.0000000001357786
1005.0    0.0000000001345237    0.0000000001348232    0.0000000001359027    0.0000000001334601    0.0000000001350452
1007.0    0.0000000001337671    0.0000000001340613    0.0000000001351331    0.0000000001327308    0.0000000001343141
1009.0    0.0000000001330128    0.0000000001333017    0.0000000001343985    0.0000000001319710    0.0000000001335536
1011.0    0.0000000001322611    0.0000000001325443    0.0000000001336662    0.0000000001312135    0.0000000001327956
1013.0    0.0000000001315117    0.0000000001318180    0.0000000001329044    0.0000000001304910    0.0000000001320399
1015.0    0.0000000001307945    0.0000000001310944    0.0000000001321451    0.0000000001297382    0.0000000001312867
1017.0    0.0000000001300495    0.0000000001303436    0.0000000001314200    0.0000000001289873    0.0000000001305667
1019.0    0.0000000001293067    0.0000000001295948    0.0000000001306964    0.0000000001282710    0.0000000001298488
1021.0    0.0000000001285661    0.0000000001288484    0.0000000001299440    0.0000000001275245    0.0000000001291018
1023.0    0.0000000001278275    0.0000000001281323    0.0000000001291937    0.0000000001267800    0.0000000001283570
1025.0    0.0000000001270908    0.0000000001274182    0.0000000001284766    0.0000000001260697    0.0000000001276140
1027.0    0.0000000001263562    0.0000000001266774    0.0000000001277616    0.0000000001253614    0.0000000001269040
1029.0    0.0000000001256529    0.0000000001259385    0.0000000001270174    0.0000000001246226    0.0000000001261957
1031.0    0.0000000001249222    0.0000000001252016    0.0000000001262754    0.0000000001238860    0.0000000001254587
1033.0    0.0000000001241932    0.0000000001244947    0.0000000001255661    0.0000000001231829    0.0000000001247234
1035.0    0.0000000001234662    0.0000000001237897    0.0000000001248587    0.0000000001224499    0.0000000001239899
1037.0    0.0000000001227410    0.0000000001230581    0.0000000001241223    0.0000000001217187    0.0000000001232890
1039.0    0.0000000001220467    0.0000000001223284    0.0000000001233878    0.0000000001210212    0.0000000001225896
1041.0    0.0000000001213250    0.0000000001216005    0.0000000001226860    0.0000000001202937    0.0000000001218616
1043.0    0.0000000001206052    0.0000000001209023    0.0000000001219853    0.0000000001195680    0.0000000001211353
1045.0    0.0000000001198872    0.0000000001202057    0.0000000001212563    0.0000000001188755    0.0000000001204111
1047.0    0.0000000001191711    0.0000000001194829    0.0000000001205291    0.0000000001181534    0.0000000001196884
1049.0    0.0000000001184851    0.0000000001187620    0.0000000001198341    0.0000000001174331    0.0000000001189976
1051.0    0.0000000001177722    0.0000000001180702    0.0000000001191405    0.0000000001167458    0.0000000001183083
1053.0    0.0000000001170614    0.0000000001173804    0.0000000001184185    0.0000000001160291    0.0000000001175908
1055.0    0.0000000001163521    0.0000000001166643    0.0000000001176984    0.0000000001153141    0.0000000001168752
1057.0    0.0000000001156446    0.0000000001159504    0.0000000001170100    0.0000000001146320    0.0000000001161611
1059.0    0.0000000001149388    0.0000000001152379    0.0000000001163233    0.0000000001139204    0.0000000001154785
1061.0    0.0000000001142348    0.0000000001145544    0.0000000001156085    0.0000000001132107    0.0000000001147973
1063.0    0.0000000001135606    0.0000000001138728    0.0000000001149250    0.0000000001125337    0.0000000001140885
1065.0    0.0000000001128600    0.0000000001131652    0.0000000001142432    0.0000000001118277    0.0000000001133812
1067.0    0.0000000001121612    0.0000000001124596    0.0000000001135335    0.0000000001111235    0.0000000001126758
1069.0    0.0000000001114644    0.0000000001117556    0.0000000001128256    0.0000000001104519    0.0000000001120014
1071.0    0.0000000001107691    0.0000000001110803    0.0000000001121488    0.0000000001097814    0.0000000001113286
1073.0    0.0000000001101033    0.0000000001104068    0.0000000001114738    0.0000000001090827    0.0000000001106283
1075.0    0.0000000001094116    0.0000000001097081    0.0000000001107711    0.0000000001083857    0.0000000001099297
1077.0    0.0000000001087218    0.0000000001090112    0.0000000001100702    0.0000000001077210    0.0000000001092330
1079.0    0.0000000001080340    0.0000000001083159    0.0000000001094005    0.0000000001070279    0.0000000001085378
1081.0    0.0000000001073476    0.0000000001076491    0.0000000001087321    0.0000000001063370    0.0000000001078735
1083.0    0.0000000001066908    0.0000000001069841    0.0000000001080369    0.0000000001056775    0.0000000001072111
1085.0    0.0000000001060083    0.0000000001062940    0.0000000001073433    0.0000000001049904    0.0000000001065213
1087.0    0.0000000001053279    0.0000000001056063    0.0000000001066805    0.0000000001043053    0.0000000001058337
1089.0    0.0000000001046495    0.0000000001049202    0.0000000001060196    0.0000000001036521    0.0000000001051477
1091.0    0.0000000001039730    0.0000000001042622    0.0000000001053318    0.0000000001029709    0.0000000001044924
1093.0    0.0000000001032986    0.0000000001036062    0.0000000001046459    0.0000000001022922    0.0000000001038388
1095.0    0.0000000001026263    0.0000000001029260    0.0000000001039906    0.0000000001016452    0.0000000001031587
1097.0    0.0000000001019830    0.0000000001022475    0.0000000001033373    0.0000000001009707    0.0000000001024807
1099.0    0.0000000001013148    0.0000000001015713    0.0000000001026577    0.0000000001002987    0.0000000001018048
1101.0    0.0000000001006490    0.0000000001009232    0.0000000001019800    0.0000000000996582    0.0000000001011590
1103.0    0.0000000000999853    0.0000000001002770    0.0000000001013328    0.0000000000989910    0.0000000001005153
1105.0    0.0000000000993241    0.0000000000996071    0.0000000001006880    0.0000000000983262    0.0000000000998455
1107.0    0.0000000000986916    0.0000000000989395    0.0000000001000166    0.0000000000976927    0.0000000000991782
1109.0    0.0000000000980351    0.0000000000982743    0.0000000000993480    0.0000000000970330    0.0000000000985132
1111.0    0.0000000000973811    0.0000000000976368    0.0000000000987095    0.0000000000963760    0.0000000000978507
1113.0    0.0000000000967297    0.0000000000970017    0.0000000000980733    0.0000000000957502    0.0000000000972180
1115.0    0.0000000000960809    0.0000000000963436    0.0000000000974119    0.0000000000950988    0.0000000000965876
1117.0    0.0000000000954349    0.0000000000956882    0.0000000000967532    0.0000000000944502    0.0000000000959324
1119.0    0.0000000000947916    0.0000000000950354    0.0000000000961243    0.0000000000938327    0.0000000000952799
1121.0    0.0000000000941767    0.0000000000944103    0.0000000000954981    0.0000000000932180    0.0000000000946301
1123.0    0.0000000000935392    0.0000000000937879    0.0000000000948473    0.0000000000925785    0.0000000000940100
1125.0    0.0000000000929047    0.0000000000931434    0.0000000000941995    0.0000000000919422    0.0000000000933927
1127.0    0.0000000000922733    0.0000000000925020    0.0000000000935815    0.0000000000913368    0.0000000000927514
1129.0    0.0000000000916451    0.0000000000918637    0.0000000000929663    0.0000000000907073    0.0000000000921133
1131.0    0.0000000000910452    0.0000000000912529    0.0000000000923274    0.0000000000900812    0.0000000000914783
1133.0    0.0000000000904236    0.0000000000906453    0.0000000000916919    0.0000000000894858    0.0000000000908466
1135.0    0.0000000000898055    0.0000000000900167    0.0000000000910859    0.0000000000888670    0.0000000000902444
1137.0    0.0000000000891909    0.0000000000893916    0.0000000000904831    0.0000000000882520    0.0000000000896455
1139.0    0.0000000000885801    0.0000000000887701    0.0000000000898576    0.0000000000876675    0.0000000000890241
1141.0    0.0000000000879972    0.0000000000881760    0.0000000000892357    0.0000000000870604    0.0000000000884063
1143.0    0.0000000000873939    0.0000000000875856    0.0000000000886432    0.0000000000864573    0.0000000000877923
1145.0    0.0000000000867945    0.0000000000869754    0.0000000000880543    0.0000000000858845    0.0000000000872076
1147.0    0.0000000000861993    0.0000000000863693    0.0000000000874436    0.0000000000852899    0.0000000000866267
1149.0    0.0000000000856082    0.0000000000857673    0.0000000000868370    0.0000000000846997    0.0000000000860245
1151.0    0.0000000000850214    0.0000000000851926    0.0000000000862595    0.0000000000841395    0.0000000000854266
1153.0    0.0000000000844390    0.0000000000846220    0.0000000000856860    0.0000000000835583    0.0000000000848330
1155.0    0.0000000000838841    0.0000000000840330    0.0000000000850918    0.0000000000829819    0.0000000000842684
1157.0    0.0000000000833106    0.0000000000834486    0.0000000000845021    0.0000000000824350    0.0000000000837080
1159.0    0.0000000000827418    0.0000000000828691    0.0000000000839412    0.0000000000818681    0.0000000000831279
1161.0    0.0000000000821777    0.0000000000823164    0.0000000000833847    0.0000000000813062    0.0000000000825525
1163.0    0.0000000000816185    0.0000000000817683    0.0000000000828086    0.0000000000807735    0.0000000000819821
1165.0    0.0000000000810863    0.0000000000812033    0.0000000000822373    0.0000000000802456    0.0000000000814167
1167.0    0.0000000000805370    0.0000000000806435    0.0000000000816945    0.0000000000796988    0.0000000000808797
1169.0    0.0000000000799926    0.0000000000801102    0.0000000000811564    0.0000000000791573    0.0000000000803475
1171.0    0.0000000000794535    0.0000000000795819    0.0000000000805999    0.0000000000786444    0.0000000000797973
1173.0    0.0000000000789197    0.0000000000790378    0.0000000000800486    0.0000000000781136    0.0000000000792525
1175.0    0.0000000000783912    0.0000000000784993    0.0000000000795253    0.0000000000775882    0.0000000000787132
1177.0    0.0000000000778681    0.0000000000779665    0.0000000000790070    0.0000000000770909    0.0000000000782015
1179.0    0.0000000000773710    0.0000000000774594    0.0000000000784714    0.0000000000765766    0.0000000000776951
1181.0    0.0000000000768587    0.0000000000769579    0.0000000000779414    0.0000000000760679    0.0000000000771723
1183.0    0.0000000000763519    0.0000000000764419    0.0000000000774387    0.0000000000755866    0.0000000000766551
1185.0    0.0000000000758508    0.0000000000759319    0.0000000000769412    0.0000000000750892    0.0000000000761439
1187.0    0.0000000000753552    0.0000000000754278    0.0000000000764276    0.0000000000745974    0.0000000000756594
1189.0    0.0000000000748848    0.0000000000749486    0.0000000000759198    0.0000000000741325    0.0000000000751803
1191.0    0.0000000000744005    0.0000000000744752    0.0000000000754385    0.0000000000736521    0.0000000000746863
1193.0    0.0000000000739217    0.0000000000739887    0.0000000000749626    0.0000000000731775    0.0000000000741982
1195.0    0.0000000000734488    0.0000000000735083    0.0000000000744718    0.0000000000727289    0.0000000000737161
1197.0    0.0000000000729815    0.0000000000730339    0.0000000000739868    0.0000000000722657    0.0000000000732401
1199.0    0.0000000000725383    0.0000000000725835    0.0000000000735274    0.0000000000718082    0.0000000000727894
1201.0    0.0000000000720823    0.0000000000721388    0.0000000000730736    0.0000000000713760    0.0000000000723444
1203.0    0.0000000000716319    0.0000000000716822    0.0000000000726057    0.0000000000709297    0.0000000000718858
1205.0    0.0000000000711872    0.0000000000712316    0.0000000000721437    0.0000000000704891    0.0000000000714332
1207.0    0.0000000000707481    0.0000000000707870    0.0000000000717064    0.0000000000700730    0.0000000000709866
1209.0    0.0000000000703147    0.0000000000703652    0.0000000000712745    0.0000000000696434    0.0000000000705640
1211.0    0.0000000000698867    0.0000000000699488    0.0000000000708294    0.0000000000692193    0.0000000000701469
1213.0    0.0000000000694810    0.0000000000695215    0.0000000000703901    0.0000000000688188    0.0000000000697174
1215.0    0.0000000000690639    0.0000000000691000    0.0000000000699745    0.0000000000684233    0.0000000000692936
1217.0    0.0000000000686521    0.0000000000686843    0.0000000000695641    0.0000000000680151    0.0000000000688755
1219.0    0.0000000000682456    0.0000000000682898    0.0000000000691414    0.0000000000676120    0.0000000000684801
1221.0    0.0000000000678443    0.0000000000679006    0.0000000000687241    0.0000000000672314    0.0000000000680899
1223.0    0.0000000000674639    0.0000000000675011    0.0000000000683294    0.0000000000668385    0.0000000000676880
1225.0    0.0000000000670727    0.0000000000671071    0.0000000000679397    0.0000000000664505    0.0000000000672915
1227.0    0.0000000000666865    0.0000000000667183    0.0000000000675382    0.0000000000660841    0.0000000000669003
1229.0    0.0000000000663052    0.0000000000663494    0.0000000000671420    0.0000000000657057    0.0000000000665142
1231.0    0.0000000000659286    0.0000000000659852    0.0000000000667671    0.0000000000653320    0.0000000000661490
1233.0    0.0000000000655716    0.0000000000656113    0.0000000000663968    0.0000000000649789    0.0000000000657884
1235.0    0.0000000000652043    0.0000000000652422    0.0000000000660153    0.0000000000646141    0.0000000000654169
1237.0    0.0000000000648414    0.0000000000648779    0.0000000000656387    0.0000000000642537    0.0000000000650502
1239.0    0.0000000000644829    0.0000000000645319    0.0000000000652822    0.0000000000639130    0.0000000000646880
1241.0    0.0000000000641287    0.0000000000641901    0.0000000000649300    0.0000000000635610    0.0000000000643452
1243.0    0.0000000000637787    0.0000000000638389    0.0000000000645668    0.0000000000632129    0.0000000000640064
1245.0    0.0000000000634327    0.0000000000634919    0.0000000000642082    0.0000000000628837    0.0000000000636571
1247.0    0.0000000000631043    0.0000000000631491    0.0000000000638684    0.0000000000625433    0.0000000000633119
1249.0    0.0000000000627659    0.0000000000628231    0.0000000000635326    0.0000000000622066    0.0000000000629708
1251.0    0.0000000000624313    0.0000000000625008    0.0000000000631861    0.0000000000618879    0.0000000000626475
1253.0    0.0000000000621003    0.0000000000621691    0.0000000000628436    0.0000000000615581    0.0000000000623276
1255.0    0.0000000000617727    0.0000000000618411    0.0000000000625189    0.0000000000612317    0.0000000000619975
1257.0    0.0000000000614614    0.0000000000615165    0.0000000000621977    0.0000000000609226    0.0000000000616708
1259.0    0.0000000000611404    0.0000000000612076    0.0000000000618661    0.0000000000606163    0.0000000000613476
1261.0    0.0000000000608225    0.0000000000609016    0.0000000000615379    0.0000000000602991    0.0000000000610276
1263.0    0.0000000000605077    0.0000000000605864    0.0000000000612265    0.0000000000599848    0.0000000000607239
1265.0    0.0000000000601957    0.0000000000602742    0.0000000000609181    0.0000000000596868    0.0000000000604230
1267.0    0.0000000000598867    0.0000000000599648    0.0000000000605994    0.0000000000593780    0.0000000000601118
1269.0    0.0000000000595803    0.0000000000596699    0.0000000000602837    0.0000000000590717    0.0000000000598034
1271.0    0.0000000000592886    0.0000000000593775    0.0000000000599839    0.0000000000587812    0.0000000000594978
1273.0    0.0000000000589873    0.0000000000590758    0.0000000000596867    0.0000000000584798    0.0000000000592073
1275.0    0.0000000000586883    0.0000000000587765    0.0000000000593791    0.0000000000581807    0.0000000000589190
1277.0    0.0000000000583917    0.0000000000584795    0.0000000000590742    0.0000000000578967    0.0000000000586206
1279.0    0.0000000000580973    0.0000000000581961    0.0000000000587844    0.0000000000576019    0.0000000000583244
1281.0    0.0000000000578168    0.0000000000579145    0.0000000000584967    0.0000000000573092    0.0000000000580304
1283.0    0.0000000000575265    0.0000000000576238    0.0000000000581988    0.0000000000570311    0.0000000000577506
1285.0    0.0000000000572382    0.0000000000573349    0.0000000000579030    0.0000000000567421    0.0000000000574726
1287.0    0.0000000000569518    0.0000000000570589    0.0000000000576216    0.0000000000564550    0.0000000000571845
1289.0    0.0000000000566672    0.0000000000567845    0.0000000000573421    0.0000000000561821    0.0000000000568981
1291.0    0.0000000000563957    0.0000000000565008    0.0000000000570523    0.0000000000558984    0.0000000000566135
1293.0    0.0000000000561145    0.0000000000562188    0.0000000000567644    0.0000000000556162    0.0000000000563306
1295.0    0.0000000000558349    0.0000000000559383    0.0000000000564901    0.0000000000553478    0.0000000000560610
1297.0    0.0000000000555568    0.0000000000556700    0.0000000000562175    0.0000000000550687    0.0000000000557928
1299.0    0.0000000000552802    0.0000000000554030    0.0000000000559346    0.0000000000547910    0.0000000000555143
1301.0    0.0000000000550051    0.0000000000551266    0.0000000000556533    0.0000000000545267    0.0000000000552373
1303.0    0.0000000000547313    0.0000000000548516    0.0000000000553851    0.0000000000542517    0.0000000000549616
1305.0    0.0000000000544697    0.0000000000545779    0.0000000000551183    0.0000000000539780    0.0000000000546986
1307.0    0.0000000000541984    0.0000000000543157    0.0000000000548413    0.0000000000537173    0.0000000000544368
1309.0    0.0000000000539284    0.0000000000540548    0.0000000000545656    0.0000000000534577    0.0000000000541648
1311.0    0.0000000000536595    0.0000000000537844    0.0000000000543026    0.0000000000531875    0.0000000000538940
1313.0    0.0000000000533918    0.0000000000535151    0.0000000000540408    0.0000000000529183    0.0000000000536242
1315.0    0.0000000000531359    0.0000000000532469    0.0000000000537688    0.0000000000526619    0.0000000000533667
1317.0    0.0000000000528703    0.0000000000529899    0.0000000000534979    0.0000000000523949    0.0000000000531102
1319.0    0.0000000000526057    0.0000000000527339    0.0000000000532394    0.0000000000521289    0.0000000000528435
1321.0    0.0000000000523422    0.0000000000524685    0.0000000000529820    0.0000000000518754    0.0000000000525778
1323.0    0.0000000000520797    0.0000000000522041    0.0000000000527143    0.0000000000516114    0.0000000000523130
1325.0    0.0000000000518181    0.0000000000519406    0.0000000000524477    0.0000000000513483    0.0000000000520492
1327.0    0.0000000000515574    0.0000000000516880    0.0000000000521931    0.0000000000510975    0.0000000000517972
1329.0    0.0000000000513080    0.0000000000514362    0.0000000000519394    0.0000000000508362    0.0000000000515460
1331.0    0.0000000000510491    0.0000000000511752    0.0000000000516756    0.0000000000505758    0.0000000000512847
1333.0    0.0000000000507911    0.0000000000509150    0.0000000000514127    0.0000000000503276    0.0000000000510243
1335.0    0.0000000000505339    0.0000000000506556    0.0000000000511617    0.0000000000500689    0.0000000000507647
1337.0    0.0000000000502776    0.0000000000504070    0.0000000000509114    0.0000000000498111    0.0000000000505167
1339.0    0.0000000000500323    0.0000000000501591    0.0000000000506512    0.0000000000495653    0.0000000000502694
1341.0    0.0000000000497776    0.0000000000499020    0.0000000000504025    0.0000000000493092    0.0000000000500121
1343.0    0.0000000000495237    0.0000000000496457    0.0000000000501547    0.0000000000490539    0.0000000000497557
1345.0    0.0000000000492707    0.0000000000493902    0.0000000000498969    0.0000000000488105    0.0000000000495000
1347.0    0.0000000000490184    0.0000000000491452    0.0000000000496400    0.0000000000485568    0.0000000000492450
1349.0    0.0000000000487770    0.0000000000489009    0.0000000000493945    0.0000000000483040    0.0000000000490014
1351.0    0.0000000000485263    0.0000000000486476    0.0000000000491497    0.0000000000480630    0.0000000000487586
1353.0    0.0000000000482764    0.0000000000483950    0.0000000000488951    0.0000000000478227    0.0000000000485059
1355.0    0.0000000000480273    0.0000000000481433    0.0000000000486413    0.0000000000475723    0.0000000000482539
1357.0    0.0000000000477790    0.0000000000479019    0.0000000000483989    0.0000000000473227    0.0000000000480028
1359.0    0.0000000000475315    0.0000000000476612    0.0000000000481572    0.0000000000470848    0.0000000000477628
1361.0    0.0000000000472849    0.0000000000474116    0.0000000000479057    0.0000000000468370    0.0000000000475235
1363.0    0.0000000000470488    0.0000000000471628    0.0000000000476551    0.0000000000465900    0.0000000000472745
1365.0    0.0000000000468038    0.0000000000469148    0.0000000000474157    0.0000000000463545    0.0000000000470264
1367.0    0.0000000000465595    0.0000000000466771    0.0000000000471770    0.0000000000461093    0.0000000000467790
1369.0    0.0000000000463161    0.0000000000464401    0.0000000000469288    0.0000000000458648    0.0000000000465427
1371.0    0.0000000000460736    0.0000000000461944    0.0000000000466814    0.0000000000456319    0.0000000000463071
1373.0    0.0000000000458416    0.0000000000459496    0.0000000000464451    0.0000000000453893    0.0000000000460621
1375.0    0.0000000000456007    0.0000000000457056    0.0000000000462096    0.0000000000451477    0.0000000000458179
1377.0    0.0000000000453607    0.0000000000454717    0.0000000000459647    0.0000000000449174    0.0000000000455746
1379.0    0.0000000000451217    0.0000000000452386    0.0000000000457206    0.0000000000446776    0.0000000000453320
1381.0    0.0000000000448835    0.0000000000449971    0.0000000000454876    0.0000000000444388    0.0000000000451004
1383.0    0.0000000000446558    0.0000000000447565    0.0000000000452554    0.0000000000442113    0.0000000000448697
1385.0    0.0000000000444195    0.0000000000445168    0.0000000000450139    0.0000000000439745    0.0000000000446298
1387.0    0.0000000000441841    0.0000000000442872    0.0000000000447735    0.0000000000437387    0.0000000000443907
1389.0    0.0000000000439498    0.0000000000440584    0.0000000000445439    0.0000000000435142    0.0000000000441527
1391.0    0.0000000000437165    0.0000000000438214    0.0000000000443152    0.0000000000432805    0.0000000000439254
1393.0    0.0000000000434842    0.0000000000435855    0.0000000000440775    0.0000000000430480    0.0000000000436991
1395.0    0.0000000000432529    0.0000000000433505    0.0000000000438409    0.0000000000428266    0.0000000000434638
1397.0    0.0000000000430319    0.0000000000431256    0.0000000000436150    0.0000000000426062    0.0000000000432296
1399.0    0.0000000000428028    0.0000000000429016    0.0000000000433902    0.0000000000423770    0.0000000000429965
1401.0    0.0000000000425748    0.0000000000426698    0.0000000000431566    0.0000000000421490    0.0000000000427740
1403.0    0.0000000000423479    0.0000000000424390    0.0000000000429241    0.0000000000419321    0.0000000000425526
1405.0    0.0000000000421222    0.0000000000422182    0.0000000000427023    0.0000000000417065    0.0000000000423227
1407.0    0.0000000000419066    0.0000000000419985    0.0000000000424816    0.0000000000414822    0.0000000000420939
1409.0    0.0000000000416833    0.0000000000417711    0.0000000000422525    0.0000000000412688    0.0000000000418662
1411.0    0.0000000000414612    0.0000000000415450    0.0000000000420245    0.0000000000410472    0.0000000000416398
1413.0    0.0000000000412404    0.0000000000413201    0.0000000000418072    0.0000000000408268    0.0000000000414240
1415.0    0.0000000000410208    0.0000000000411051    0.0000000000415910    0.0000000000406173    0.0000000000412093
1417.0    0.0000000000408026    0.0000000000408913    0.0000000000413667    0.0000000000403997    0.0000000000409866
1419.0    0.0000000000405858    0.0000000000406702    0.0000000000411436    0.0000000000401835    0.0000000000407652
1421.0    0.0000000000403789    0.0000000000404506    0.0000000000409312    0.0000000000399781    0.0000000000405451
1423.0    0.0000000000401648    0.0000000000402323    0.0000000000407199    0.0000000000397649    0.0000000000403355
1425.0    0.0000000000399521    0.0000000000400238    0.0000000000405009    0.0000000000395531    0.0000000000401273
1427.0    0.0000000000397409    0.0000000000398166    0.0000000000402832    0.0000000000393520    0.0000000000399114
1429.0    0.0000000000395312    0.0000000000396027    0.0000000000400760    0.0000000000391434    0.0000000000396970
1431.0    0.0000000000393313    0.0000000000393902    0.0000000000398702    0.0000000000389363    0.0000000000394841
1433.0    0.0000000000391246    0.0000000000391794    0.0000000000396569    0.0000000000387398    0.0000000000392815
1435.0    0.0000000000389195    0.0000000000389781    0.0000000000394451    0.0000000000385360    0.0000000000390804
1437.0    0.0000000000387160    0.0000000000387784    0.0000000000392436    0.0000000000383338    0.0000000000388721
1439.0    0.0000000000385140    0.0000000000385723    0.0000000000390435    0.0000000000381420    0.0000000000386654
1441.0    0.0000000000383217    0.0000000000383679    0.0000000000388364    0.0000000000379433    0.0000000000384605
1443.0    0.0000000000381231    0.0000000000381652    0.0000000000386309    0.0000000000377462    0.0000000000382572
1445.0    0.0000000000379262    0.0000000000379720    0.0000000000384356    0.0000000000375594    0.0000000000380640
1447.0    0.0000000000377310    0.0000000000377804    0.0000000000382418    0.0000000000373742    0.0000000000378725
1449.0    0.0000000000375376    0.0000000000375829    0.0000000000380413    0.0000000000371825    0.0000000000376743
1451.0    0.0000000000373459    0.0000000000373873    0.0000000000378425    0.0000000000369925    0.0000000000374780
1453.0    0.0000000000371560    0.0000000000371935    0.0000000000376537    0.0000000000368125    0.0000000000372836
1455.0    0.0000000000369754    0.0000000000370090    0.0000000000374666    0.0000000000366262    0.0000000000370990
1457.0    0.0000000000367891    0.0000000000368262    0.0000000000372731    0.0000000000364418    0.0000000000369161
1459.0    0.0000000000366046    0.0000000000366381    0.0000000000370814    0.0000000000362671    0.0000000000367272
1461.0    0.0000000000364220    0.0000000000364518    0.0000000000368995    0.0000000000360864    0.0000000000365402
1463.0    0.0000000000362413    0.0000000000362675    0.0000000000367193    0.0000000000359076    0.0000000000363552
1465.0    0.0000000000360695    0.0000000000360922    0.0000000000365332    0.0000000000357385    0.0000000000361797
1467.0    0.0000000000358925    0.0000000000359188    0.0000000000363490    0.0000000000355635    0.0000000000360060
1469.0    0.0000000000357174    0.0000000000357404    0.0000000000361743    0.0000000000353904    0.0000000000358268
1471.0    0.0000000000355442    0.0000000000355640    0.0000000000360013    0.0000000000352267    0.0000000000356495
1473.0    0.0000000000353729    0.0000000000353896    0.0000000000358228    0.0000000000350575    0.0000000000354744
1475.0    0.0000000000352036    0.0000000000352239    0.0000000000356462    0.0000000000348902    0.0000000000353012
1477.0    0.0000000000350362    0.0000000000350601    0.0000000000354789    0.0000000000347321    0.0000000000351372
1479.0    0.0000000000348773    0.0000000000348918    0.0000000000353134    0.0000000000345686    0.0000000000349751
1481.0    0.0000000000347137    0.0000000000347255    0.0000000000351426    0.0000000000344072    0.0000000000348079
1483.0    0.0000000000345521    0.0000000000345613    0.0000000000349739    0.0000000000342545    0.0000000000346428
1485.0    0.0000000000343923    0.0000000000344054    0.0000000000348140    0.0000000000340968    0.0000000000344797
