9.0    0.0000000000000000    0.0000000000000000    0.0000000000000000    0.0000000000000000    0.0000000000000000
11.0    0.0000000000000000    0.0000000000000000    0.0000000000000000    0.0000000000000000    0.0000000000000000
13.0    0.0000000000000000    0.0000000000000000    0.0000000000000000    0.0000000000000000    0.0000000000000000
15.0    0.0000000000000000    0.0000000000000000    0.0000000000000000    0.0000000000000000    0.0000000000000000
17.0    0.0000000000000000    0.0000000000000000    0.0000000000000000    0.0000000000000000    0.0000000000000000
19.0    0.0000000000000000    0.0000000000000000    0.0000000000000000    0.0000000000000000    0.0000000000000000
21.0    0.0000000000000000    0.0000000000000000    0.0000000000000000    0.0000000000000000    0.0000000000000000
23.0    0.0000000000000000    0.0000000000000000    0.0000000000000000    0.0000000000000000    0.0000000000000000
25.0    0.0000000000000000    0.0000000000000000    0.0000000000000000    0.0000000000000000    0.0000000000000000
27.0    0.0000000000000000    0.0000000000000000    0.0000000000000000    0.0000000000000000    0.0000000000000000
29.0    0.0000000000000000    0.0000000000000000    0.0000000000000000    0.0000000000000000    0.0000000000000000
31.0    0.0000000000000000    0.0000000000000000    0.0000000000000000    0.0000000000000000    0.0000000000000000
33.0    0.0000000000000000    0.0000000000000000    0.0000000000000000    0.0000000000000000    0.0000000000000000
35.0    0.0000000000000000    0.0000000000000000    0.0000000000000000    0.0000000000000000    0.0000000000000000
37.0    0.0000000000000000    0.0000000000000000    0.0000000000000000    0.0000000000000000    0.0000000000000000
39.0    0.0000000000000000    0.0000000000000000    0.0000000000000000    0.0000000000000000    0.0000000000000000
41.0    0.0000000000000000    0.0000000000000000    0.0000000000000000    0.0000000000000000    0.0000000000000000
43.0    0.0000000000000000    0.0000000000000000    0.0000000000000000    0.0000000000000000    0.0000000000000000
45.0    0.0000000000000000    0.0000000000000000    0.0000000000000000    0.0000000000000000    0.0000000000000000
47.0    0.0000000000000000    0.0000000000000000    0.0000000000000000    0.0000000000000000    0.0000000000000000
49.0    0.0000000000000000    0.0000000000000000    0.0000000000000000    0.0000000000000000    0.0000000000000000
51.0    0.0000000000000000    0.0000000000000000    0.0000000000000000    0.0000000000000000    0.0000000000000000
53.0    0.0000000000000000    0.0000000000000000    0.0000000000000000    0.0000000000000000    0.0000000000000000
55.0    0.0000000000000000    0.0000000000000000    0.0000000000000000    0.0000000000000000    0.0000000000000000
57.0    0.0000000000000000    0.0000000000000000    0.0000000000000000    0.0000000000000000    0.0000000000000000
59.0    0.0000000000000000    0.0000000000000000    0.0000000000000000    0.0000000000000000    0.0000000000000000
61.0    0.0000000000000000    0.0000000000000000    0.0000000000000000    0.0000000000000000    0.0000000000000000
63.0    0.0000000000000000    0.0000000000000000    0.0000000000000000    0.0000000000000000    0.0000000000000000
65.0    0.0000000000000000    0.0000000000000000    0.0000000000000000    0.0000000000000000    0.0000000000000000
67.0    0.0000000000000000    0.0000000000000000    0.0000000000000000    0.0000000000000000    0.0000000000000000
69.0    0.0000000000000000    0.0000000000000000    0.0000000000000000    0.0000000000000000    0.0000000000000000
71.0    0.0000000000000000    0.0000000000000000    0.0000000000000000    0.0000000000000000    0.0000000000000000
73.0    0.0000000000000000    0.0000000000000000    0.0000000000000000    0.0000000000000000    0.0000000000000000
75.0    0.0000000000000000    0.0000000000000000    0.0000000000000000    0.0000000000000000    0.0000000000000000
77.0    0.0000000000000000    0.0000000000000000    0.0000000000000000    0.0000000000000000    0.0000000000000000
79.0    0.0000000000000000    0.0000000000000000    0.0000000000000000    0.0000000000000000    0.0000000000000000
81.0    0.0000000000000000    0.0000000000000000    0.0000000000000000    0.0000000000000000    0.0000000000000000
83.0    0.0000000000000000    0.0000000000000000    0.0000000000000000    0.0000000000000000    0.0000000000000000
85.0    0.0000000000000000    0.0000000000000000    0.0000000000000000    0.0000000000000000    0.0000000000000000
87.0    0.0000000000000000    0.0000000000000000    0.0000000000000000    0.0000000000000000    0.0000000000000000
89.0    0.0000000000000000    0.0000000000000000    0.0000000000000000    0.0000000000000000    0.0000000000000000
91.0    0.0000000000000000    0.0000000000000000    0.0000000000000000    0.0000000000000000    0.0000000000000000
93.0    0.0000000000000000    0.0000000000000000    0.0000000000000000    0.0000000000000000    0.0000000000000000
95.0    0.0000000000000000    0.0000000000000000    0.0000000000000000    0.0000000000000000    0.0000000000000000
97.0    0.0000000000000000    0.0000000000000000    0.0000000000000000    0.0000000000000000    0.0000000000000000
99.0    0.0000000000000000    0.0000000000000000    0.0000000000000000    0.0000000000000000    0.0000000000000000
101.0    0.0000000000000001    0.0000000000000000    0.0000000000000001    0.0000000000000000    0.0000000000000001
103.0    0.0000000000000001    0.0000000000000001    0.0000000000000001    0.0000000000000001    0.0000000000000001
105.0    0.0000000000000001    0.0000000000000001    0.0000000000000001    0.0000000000000001    0.0000000000000001
107.0    0.0000000000000002    0.0000000000000001    0.0000000000000002    0.0000000000000002    0.0000000000000002
109.0    0.0000000000000002    0.0000000000000002    0.0000000000000003    0.0000000000000002    0.0000000000000003
111.0    0.0000000000000003    0.0000000000000003    0.0000000000000004    0.0000000000000003    0.0000000000000004
113.0    0.0000000000000005    0.0000000000000004    0.0000000000000005    0.0000000000000005    0.0000000000000005
115.0    0.0000000000000006    0.0000000000000005    0.0000000000000007    0.0000000000000006    0.0000000000000007
117.0    0.0000000000000009    0.0000000000000007    0.0000000000000009    0.0000000000000009    0.0000000000000009
119.0    0.0000000000000012    0.0000000000000010    0.0000000000000012    0.0000000000000011    0.0000000000000012
121.0    0.0000000000000015    0.0000000000000013    0.0000000000000016    0.0000000000000015    0.0000000000000016
123.0    0.0000000000000020    0.0000000000000017    0.0000000000000020    0.0000000000000019    0.0000000000000021
125.0    0.0000000000000025    0.0000000000000022    0.0000000000000025    0.0000000000000025    0.0000000000000026
127.0    0.0000000000000031    0.0000000000000028    0.0000000000000032    0.0000000000000031    0.0000000000000033
129.0    0.0000000000000039    0.0000000000000035    0.0000000000000039    0.0000000000000039    0.0000000000000040
131.0    0.0000000000000047    0.0000000000000043    0.0000000000000048    0.0000000000000048    0.0000000000000049
133.0    0.0000000000000058    0.0000000000000053    0.0000000000000058    0.0000000000000058    0.0000000000000060
135.0    0.0000000000000070    0.0000000000000064    0.0000000000000070    0.0000000000000070    0.0000000000000072
137.0    0.0000000000000084    0.0000000000000076    0.0000000000000084    0.0000000000000084    0.0000000000000087
139.0    0.0000000000000100    0.0000000000000090    0.0000000000000101    0.0000000000000100    0.0000000000000104
141.0    0.0000000000000119    0.0000000000000107    0.0000000000000122    0.0000000000000119    0.0000000000000124
143.0    0.0000000000000142    0.0000000000000127    0.0000000000000146    0.0000000000000141    0.0000000000000149
145.0    0.0000000000000171    0.0000000000000151    0.0000000000000174    0.0000000000000169    0.0000000000000179
147.0    0.0000000000000205    0.0000000000000178    0.0000000000000211    0.0000000000000204    0.0000000000000217
149.0    0.0000000000000246    0.0000000000000212    0.0000000000000257    0.0000000000000244    0.0000000000000262
151.0    0.0000000000000299    0.0000000000000255    0.0000000000000311    0.0000000000000297    0.0000000000000317
153.0    0.0000000000000366    0.0000000000000310    0.0000000000000378    0.0000000000000364    0.0000000000000389
155.0    0.0000000000000450    0.0000000000000379    0.0000000000000466    0.0000000000000444    0.0000000000000479
157.0    0.0000000000000555    0.0000000000000463    0.0000000000000577    0.0000000000000549    0.0000000000000592
159.0    0.0000000000000687    0.0000000000000569    0.0000000000000708    0.0000000000000682    0.0000000000000734
161.0    0.0000000000000852    0.0000000000000707    0.0000000000000871    0.0000000000000841    0.0000000000000902
163.0    0.0000000000001049    0.0000000000000881    0.0000000000001081    0.0000000000001048    0.0000000000001108
165.0    0.0000000000001301    0.0000000000001100    0.0000000000001340    0.0000000000001304    0.0000000000001373
167.0    0.0000000000001610    0.0000000000001360    0.0000000000001642    0.0000000000001606    0.0000000000001696
169.0    0.0000000000001987    0.0000000000001681    0.0000000000002006    0.0000000000001991    0.0000000000002089
171.0    0.0000000000002442    0.0000000000002089    0.0000000000002463    0.0000000000002458    0.0000000000002539
173.0    0.0000000000002965    0.0000000000002585    0.0000000000003009    0.0000000000002994    0.0000000000003074
175.0    0.0000000000003609    0.0000000000003185    0.0000000000003625    0.0000000000003660    0.0000000000003730
177.0    0.0000000000004365    0.0000000000003870    0.0000000000004345    0.0000000000004443    0.0000000000004499
179.0    0.0000000000005247    0.0000000000004677    0.0000000000005213    0.0000000000005316    0.0000000000005391
181.0    0.0000000000006260    0.0000000000005653    0.0000000000006212    0.0000000000006368    0.0000000000006367
183.0    0.0000000000007415    0.0000000000006780    0.0000000000007297    0.0000000000007565    0.0000000000007472
185.0    0.0000000000008714    0.0000000000008065    0.0000000000008514    0.0000000000008855    0.0000000000008763
187.0    0.0000000000010101    0.0000000000009452    0.0000000000009924    0.0000000000010287    0.0000000000010198
189.0    0.0000000000011689    0.0000000000010989    0.0000000000011479    0.0000000000011933    0.0000000000011776
191.0    0.0000000000013417    0.0000000000012740    0.0000000000013100    0.0000000000013724    0.0000000000013493
193.0    0.0000000000015281    0.0000000000014637    0.0000000000014847    0.0000000000015567    0.0000000000015262
195.0    0.0000000000017267    0.0000000000016667    0.0000000000016794    0.0000000000017618    0.0000000000017147
197.0    0.0000000000019279    0.0000000000018729    0.0000000000018856    0.0000000000019778    0.0000000000019223
199.0    0.0000000000021472    0.0000000000020884    0.0000000000020932    0.0000000000021936    0.0000000000021402
201.0    0.0000000000023750    0.0000000000023204    0.0000000000023094    0.0000000000024273    0.0000000000023670
203.0    0.0000000000026103    0.0000000000025590    0.0000000000025433    0.0000000000026679    0.0000000000025919
205.0    0.0000000000028520    0.0000000000028027    0.0000000000027846    0.0000000000029037    0.0000000000028235
207.0    0.0000000000030896    0.0000000000030411    0.0000000000030224    0.0000000000031556    0.0000000000030717
209.0    0.0000000000033427    0.0000000000032832    0.0000000000032663    0.0000000000034127    0.0000000000033263
211.0    0.0000000000036017    0.0000000000035392    0.0000000000035272    0.0000000000036641    0.0000000000035875
213.0    0.0000000000038673    0.0000000000038004    0.0000000000037954    0.0000000000039334    0.0000000000038446
215.0    0.0000000000041404    0.0000000000040682    0.0000000000040596    0.0000000000042104    0.0000000000041091
217.0    0.0000000000044225    0.0000000000043335    0.0000000000043322    0.0000000000044842    0.0000000000043940
219.0    0.0000000000047149    0.0000000000046087    0.0000000000046265    0.0000000000047815    0.0000000000046893
221.0    0.0000000000050069    0.0000000000049071    0.0000000000049322    0.0000000000050913    0.0000000000049963
223.0    0.0000000000053242    0.0000000000052200    0.0000000000052371    0.0000000000054013    0.0000000000053163
225.0    0.0000000000056559    0.0000000000055490    0.0000000000055550    0.0000000000057407    0.0000000000056363
227.0    0.0000000000060034    0.0000000000058815    0.0000000000059013    0.0000000000060966    0.0000000000059704
229.0    0.0000000000063669    0.0000000000062308    0.0000000000062633    0.0000000000064531    0.0000000000063344
231.0    0.0000000000067315    0.0000000000066116    0.0000000000066254    0.0000000000068429    0.0000000000067147
233.0    0.0000000000071277    0.0000000000070100    0.0000000000070028    0.0000000000072497    0.0000000000071114
235.0    0.0000000000075401    0.0000000000074090    0.0000000000074127    0.0000000000076545    0.0000000000075068
237.0    0.0000000000079686    0.0000000000078232    0.0000000000078389    0.0000000000080742    0.0000000000079172
239.0    0.0000000000084125    0.0000000000082687    0.0000000000082623    0.0000000000085284    0.0000000000083609
241.0    0.0000000000088717    0.0000000000087289    0.0000000000087005    0.0000000000089976    0.0000000000088202
243.0    0.0000000000093456    0.0000000000092031    0.0000000000091728    0.0000000000094604    0.0000000000092947
245.0    0.0000000000098144    0.0000000000096723    0.0000000000096603    0.0000000000099589    0.0000000000097844
247.0    0.0000000000103172    0.0000000000101549    0.0000000000101416    0.0000000000104721    0.0000000000102678
249.0    0.0000000000108346    0.0000000000106714    0.0000000000106371    0.0000000000109772    0.0000000000107652
251.0    0.0000000000113672    0.0000000000112036    0.0000000000111687    0.0000000000115206    0.0000000000112989
253.0    0.0000000000119147    0.0000000000117522    0.0000000000117155    0.0000000000120795    0.0000000000118478
255.0    0.0000000000124546    0.0000000000122958    0.0000000000122534    0.0000000000126291    0.0000000000124117
257.0    0.0000000000130317    0.0000000000128555    0.0000000000128050    0.0000000000132189    0.0000000000129657
259.0    0.0000000000136230    0.0000000000134543    0.0000000000133943    0.0000000000138236    0.0000000000135329
261.0    0.0000000000142280    0.0000000000140692    0.0000000000139971    0.0000000000144151    0.0000000000141375
263.0    0.0000000000148451    0.0000000000146987    0.0000000000145863    0.0000000000150457    0.0000000000147542
265.0    0.0000000000154474    0.0000000000153157    0.0000000000151856    0.0000000000156866    0.0000000000153814
267.0    0.0000000000160835    0.0000000000159419    0.0000000000158200    0.0000000000163075    0.0000000000159906
269.0    0.0000000000167259    0.0000000000166000    0.0000000000164618    0.0000000000169623    0.0000000000166061
271.0    0.0000000000173727    0.0000000000172621    0.0000000000170819    0.0000000000176205    0.0000000000172530
273.0    0.0000000000180216    0.0000000000179253    0.0000000000177052    0.0000000000182512    0.0000000000179026
275.0    0.0000000000186706    0.0000000000185617    0.0000000000183571    0.0000000000189094    0.0000000000185531
277.0    0.0000000000193179    0.0000000000191949    0.0000000000189816    0.0000000000195650    0.0000000000192026
279.0    0.0000000000199363    0.0000000000198485    0.0000000000196044    0.0000000000201881    0.0000000000198229
281.0    0.0000000000205764    0.0000000000204963    0.0000000000202513    0.0000000000208067    0.0000000000204400
283.0    0.0000000000212115    0.0000000000211380    0.0000000000208940    0.0000000000214477    0.0000000000210795
285.0    0.0000000000218411    0.0000000000217494    0.0000000000215053    0.0000000000220830    0.0000000000217139
287.0    0.0000000000224649    0.0000000000223555    0.0000000000221114    0.0000000000226848    0.0000000000223426
289.0    0.0000000000230580    0.0000000000229807    0.0000000000227379    0.0000000000233080    0.0000000000229395
291.0    0.0000000000236695    0.0000000000236010    0.0000000000233578    0.0000000000239248    0.0000000000235303
293.0    0.0000000000242744    0.0000000000242164    0.0000000000239455    0.0000000000245084    0.0000000000241401
295.0    0.0000000000248720    0.0000000000248030    0.0000000000245260    0.0000000000251113    0.0000000000247422
297.0    0.0000000000254616    0.0000000000253837    0.0000000000251237    0.0000000000257060    0.0000000000253359
299.0    0.0000000000260189    0.0000000000259800    0.0000000000257122    0.0000000000262658    0.0000000000258961
301.0    0.0000000000265893    0.0000000000265667    0.0000000000262668    0.0000000000268402    0.0000000000264465
303.0    0.0000000000271481    0.0000000000271415    0.0000000000268108    0.0000000000274022    0.0000000000270095
305.0    0.0000000000276937    0.0000000000276810    0.0000000000273663    0.0000000000279265    0.0000000000275594
307.0    0.0000000000282251    0.0000000000282053    0.0000000000279082    0.0000000000284592    0.0000000000280952
309.0    0.0000000000287407    0.0000000000287329    0.0000000000284140    0.0000000000289754    0.0000000000286158
311.0    0.0000000000292402    0.0000000000292410    0.0000000000289053    0.0000000000294526    0.0000000000290999
313.0    0.0000000000297037    0.0000000000297290    0.0000000000294025    0.0000000000299338    0.0000000000295687
315.0    0.0000000000301700    0.0000000000301791    0.0000000000298834    0.0000000000303976    0.0000000000300420
317.0    0.0000000000306200    0.0000000000306109    0.0000000000303294    0.0000000000308251    0.0000000000304991
319.0    0.0000000000310543    0.0000000000310420    0.0000000000307610    0.0000000000312564    0.0000000000309410
321.0    0.0000000000314745    0.0000000000314568    0.0000000000311972    0.0000000000316736    0.0000000000313512
323.0    0.0000000000318658    0.0000000000318573    0.0000000000316200    0.0000000000320609    0.0000000000317493
325.0    0.0000000000322626    0.0000000000322316    0.0000000000320142    0.0000000000324555    0.0000000000321539
327.0    0.0000000000326504    0.0000000000325974    0.0000000000323988    0.0000000000328418    0.0000000000325489
329.0    0.0000000000330309    0.0000000000329714    0.0000000000327917    0.0000000000332054    0.0000000000329362
331.0    0.0000000000334061    0.0000000000333412    0.0000000000331779    0.0000000000335649    0.0000000000333018
333.0    0.0000000000337775    0.0000000000337086    0.0000000000335431    0.0000000000339380    0.0000000000336632
335.0    0.0000000000341468    0.0000000000340611    0.0000000000339050    0.0000000000343097    0.0000000000340376
337.0    0.0000000000345003    0.0000000000344139    0.0000000000342802    0.0000000000346650    0.0000000000344102
339.0    0.0000000000348685    0.0000000000347819    0.0000000000346544    0.0000000000350371    0.0000000000347821
341.0    0.0000000000352374    0.0000000000351515    0.0000000000350127    0.0000000000354104    0.0000000000351543
343.0    0.0000000000356076    0.0000000000355229    0.0000000000353715    0.0000000000357691    0.0000000000355118
345.0    0.0000000000359795    0.0000000000358818    0.0000000000357471    0.0000000000361460    0.0000000000358706
347.0    0.0000000000363383    0.0000000000362426    0.0000000000361243    0.0000000000365250    0.0000000000362468
349.0    0.0000000000367142    0.0000000000366197    0.0000000000364876    0.0000000000368898    0.0000000000366250
351.0    0.0000000000370926    0.0000000000369988    0.0000000000368531    0.0000000000372737    0.0000000000370056
353.0    0.0000000000374736    0.0000000000373656    0.0000000000372369    0.0000000000376602    0.0000000000373727
355.0    0.0000000000378573    0.0000000000377347    0.0000000000376235    0.0000000000380328    0.0000000000377426
357.0    0.0000000000382287    0.0000000000381215    0.0000000000379968    0.0000000000384255    0.0000000000381314
359.0    0.0000000000386187    0.0000000000385117    0.0000000000383730    0.0000000000388217    0.0000000000385236
361.0    0.0000000000390123    0.0000000000389056    0.0000000000387691    0.0000000000392042    0.0000000000389194
363.0    0.0000000000394098    0.0000000000392884    0.0000000000391688    0.0000000000396081    0.0000000000393023
365.0    0.0000000000398113    0.0000000000396754    0.0000000000395555    0.0000000000400163    0.0000000000396888
367.0    0.0000000000402170    0.0000000000400826    0.0000000000399460    0.0000000000404110    0.0000000000400963
369.0    0.0000000000406271    0.0000000000404948    0.0000000000403575    0.0000000000408281    0.0000000000405080
371.0    0.0000000000410249    0.0000000000409119    0.0000000000407735    0.0000000000412498    0.0000000000409242
373.0    0.0000000000414436    0.0000000000413175    0.0000000000411761    0.0000000000416574    0.0000000000413447
375.0    0.0000000000418667    0.0000000000417274    0.0000000000415829    0.0000000000420692    0.0000000000417518
377.0    0.0000000000422941    0.0000000000421582    0.0000000000420115    0.0000000000425040    0.0000000000421629
379.0    0.0000000000427257    0.0000000000425932    0.0000000000424445    0.0000000000429429    0.0000000000425959
381.0    0.0000000000431438    0.0000000000430322    0.0000000000428633    0.0000000000433666    0.0000000000430331
383.0    0.0000000000435832    0.0000000000434579    0.0000000000432860    0.0000000000438135    0.0000000000434742
385.0    0.0000000000440264    0.0000000000438869    0.0000000000437310    0.0000000000442641    0.0000000000439006
387.0    0.0000000000444734    0.0000000000443365    0.0000000000441799    0.0000000000446987    0.0000000000443306
389.0    0.0000000000449241    0.0000000000447894    0.0000000000446138    0.0000000000451567    0.0000000000447829
391.0    0.0000000000453785    0.0000000000452457    0.0000000000450514    0.0000000000456185    0.0000000000452390
393.0    0.0000000000458367    0.0000000000456876    0.0000000000455119    0.0000000000460639    0.0000000000456988
395.0    0.0000000000462804    0.0000000000461327    0.0000000000459766    0.0000000000465336    0.0000000000461432
397.0    0.0000000000467467    0.0000000000465989    0.0000000000464260    0.0000000000470076    0.0000000000465913
399.0    0.0000000000472174    0.0000000000470688    0.0000000000468797    0.0000000000474655    0.0000000000470633
401.0    0.0000000000476932    0.0000000000475423    0.0000000000473581    0.0000000000479494    0.0000000000475401
403.0    0.0000000000481745    0.0000000000480014    0.0000000000478422    0.0000000000484392    0.0000000000480222
405.0    0.0000000000486426    0.0000000000484645    0.0000000000483122    0.0000000000489142    0.0000000000485104
407.0    0.0000000000491375    0.0000000000489507    0.0000000000487890    0.0000000000494186    0.0000000000489849
409.0    0.0000000000496408    0.0000000000494425    0.0000000000492950    0.0000000000499323    0.0000000000494669
411.0    0.0000000000501545    0.0000000000499407    0.0000000000498111    0.0000000000504341    0.0000000000499794
413.0    0.0000000000506801    0.0000000000504269    0.0000000000503168    0.0000000000509719    0.0000000000505034
415.0    0.0000000000511984    0.0000000000509220    0.0000000000508358    0.0000000000515254    0.0000000000510412
417.0    0.0000000000517554    0.0000000000514482    0.0000000000513936    0.0000000000520728    0.0000000000515720
419.0    0.0000000000523327    0.0000000000519886    0.0000000000519715    0.0000000000526676    0.0000000000521212
421.0    0.0000000000529348    0.0000000000525467    0.0000000000525473    0.0000000000532892    0.0000000000527171
423.0    0.0000000000535658    0.0000000000531037    0.0000000000531491    0.0000000000539142    0.0000000000533410
425.0    0.0000000000542315    0.0000000000536854    0.0000000000538090    0.0000000000545738    0.0000000000539980
427.0    0.0000000000549370    0.0000000000543215    0.0000000000545072    0.0000000000553070    0.0000000000546940
429.0    0.0000000000556588    0.0000000000549961    0.0000000000552179    0.0000000000560910    0.0000000000554033
431.0    0.0000000000564640    0.0000000000557163    0.0000000000559765    0.0000000000568968    0.0000000000561617
433.0    0.0000000000573307    0.0000000000564593    0.0000000000568255    0.0000000000578065    0.0000000000570120
435.0    0.0000000000582692    0.0000000000572611    0.0000000000577419    0.0000000000587926    0.0000000000579313
437.0    0.0000000000592870    0.0000000000581659    0.0000000000586909    0.0000000000598183    0.0000000000589294
439.0    0.0000000000603495    0.0000000000591539    0.0000000000597198    0.0000000000609874    0.0000000000599683
441.0    0.0000000000615556    0.0000000000602370    0.0000000000608864    0.0000000000622641    0.0000000000610993
443.0    0.0000000000628715    0.0000000000613786    0.0000000000621590    0.0000000000635990    0.0000000000623862
445.0    0.0000000000643116    0.0000000000626324    0.0000000000634874    0.0000000000651251    0.0000000000637940
447.0    0.0000000000658837    0.0000000000640656    0.0000000000649348    0.0000000000667930    0.0000000000653343
449.0    0.0000000000675302    0.0000000000656447    0.0000000000665799    0.0000000000685351    0.0000000000669444
451.0    0.0000000000693993    0.0000000000673832    0.0000000000683747    0.0000000000705210    0.0000000000686991
453.0    0.0000000000714326    0.0000000000692164    0.0000000000702440    0.0000000000726820    0.0000000000706915
455.0    0.0000000000736450    0.0000000000712230    0.0000000000722721    0.0000000000749260    0.0000000000728604
457.0    0.0000000000760409    0.0000000000735018    0.0000000000745635    0.0000000000774661    0.0000000000752156
459.0    0.0000000000786338    0.0000000000759885    0.0000000000770435    0.0000000000802081    0.0000000000777659
461.0    0.0000000000814254    0.0000000000786930    0.0000000000796032    0.0000000000830303    0.0000000000803991
463.0    0.0000000000843017    0.0000000000815052    0.0000000000823520    0.0000000000861941    0.0000000000832269
465.0    0.0000000000875063    0.0000000000845351    0.0000000000854225    0.0000000000895746    0.0000000000863856
467.0    0.0000000000909219    0.0000000000879170    0.0000000000887045    0.0000000000930167    0.0000000000897611
469.0    0.0000000000945546    0.0000000000915381    0.0000000000920486    0.0000000000966607    0.0000000000933547
471.0    0.0000000000983975    0.0000000000952441    0.0000000000955915    0.0000000001006852    0.0000000000970010
473.0    0.0000000001022853    0.0000000000991718    0.0000000000994942    0.0000000001049198    0.0000000001008472
475.0    0.0000000001065365    0.0000000001034825    0.0000000001036045    0.0000000001091651    0.0000000001050648
477.0    0.0000000001109820    0.0000000001080177    0.0000000001077316    0.0000000001137975    0.0000000001094849
479.0    0.0000000001156174    0.0000000001127667    0.0000000001120397    0.0000000001186135    0.0000000001140989
481.0    0.0000000001204262    0.0000000001175222    0.0000000001167145    0.0000000001233832    0.0000000001186910
483.0    0.0000000001253995    0.0000000001224531    0.0000000001215620    0.0000000001285256    0.0000000001234415
485.0    0.0000000001305184    0.0000000001277472    0.0000000001263563    0.0000000001338076    0.0000000001285498
487.0    0.0000000001355571    0.0000000001331931    0.0000000001312855    0.0000000001389770    0.0000000001337974
489.0    0.0000000001409180    0.0000000001387701    0.0000000001365544    0.0000000001444844    0.0000000001391670
491.0    0.0000000001463729    0.0000000001442358    0.0000000001419343    0.0000000001500754    0.0000000001446396
493.0    0.0000000001519044    0.0000000001497834    0.0000000001471767    0.0000000001554845    0.0000000001499620
495.0    0.0000000001574914    0.0000000001556159    0.0000000001524881    0.0000000001611824    0.0000000001553437
497.0    0.0000000001628892    0.0000000001614899    0.0000000001580830    0.0000000001669025    0.0000000001610017
499.0    0.0000000001685274    0.0000000001673819    0.0000000001637129    0.0000000001723762    0.0000000001666831
501.0    0.0000000001741623    0.0000000001730428    0.0000000001691222    0.0000000001780808    0.0000000001723672
503.0    0.0000000001797743    0.0000000001786785    0.0000000001745276    0.0000000001837486    0.0000000001777988
505.0    0.0000000001853453    0.0000000001844932    0.0000000001801453    0.0000000001891171    0.0000000001831973
507.0    0.0000000001906376    0.0000000001902399    0.0000000001857217    0.0000000001946573    0.0000000001887777
509.0    0.0000000001960763    0.0000000001959006    0.0000000001910112    0.0000000002001094    0.0000000001942877
511.0    0.0000000002014258    0.0000000002012470    0.0000000001962307    0.0000000002052264    0.0000000001997108
513.0    0.0000000002066697    0.0000000002064825    0.0000000002015895    0.0000000002102358    0.0000000002048134
515.0    0.0000000002117982    0.0000000002117988    0.0000000002068447    0.0000000002153459    0.0000000002098094
517.0    0.0000000002167971    0.0000000002169720    0.0000000002117727    0.0000000002203189    0.0000000002149002
519.0    0.0000000002216607    0.0000000002219919    0.0000000002165823    0.0000000002249365    0.0000000002198547
521.0    0.0000000002261920    0.0000000002266676    0.0000000002214681    0.0000000002296114    0.0000000002246644
523.0    0.0000000002307620    0.0000000002311863    0.0000000002262092    0.0000000002341279    0.0000000002293221
525.0    0.0000000002351780    0.0000000002357177    0.0000000002306115    0.0000000002382929    0.0000000002336385
527.0    0.0000000002394308    0.0000000002400732    0.0000000002348677    0.0000000002424822    0.0000000002378041
529.0    0.0000000002435227    0.0000000002442516    0.0000000002391530    0.0000000002465047    0.0000000002419903
531.0    0.0000000002472949    0.0000000002481022    0.0000000002432743    0.0000000002501925    0.0000000002460094
533.0    0.0000000002510617    0.0000000002517862    0.0000000002470705    0.0000000002538810    0.0000000002498613
535.0    0.0000000002546666    0.0000000002554462    0.0000000002507123    0.0000000002574043    0.0000000002533969
537.0    0.0000000002581066    0.0000000002589326    0.0000000002543518    0.0000000002606184    0.0000000002567777
539.0    0.0000000002613886    0.0000000002622484    0.0000000002578272    0.0000000002638183    0.0000000002601462
541.0    0.0000000002645109    0.0000000002652808    0.0000000002610074    0.0000000002668618    0.0000000002633536
543.0    0.0000000002674815    0.0000000002681613    0.0000000002640392    0.0000000002696270    0.0000000002664032
545.0    0.0000000002701915    0.0000000002710035    0.0000000002670515    0.0000000002723696    0.0000000002691825
547.0    0.0000000002728705    0.0000000002736934    0.0000000002697967    0.0000000002749685    0.0000000002718223
549.0    0.0000000002754107    0.0000000002762365    0.0000000002724044    0.0000000002773222    0.0000000002744358
551.0    0.0000000002778129    0.0000000002785497    0.0000000002749858    0.0000000002796492    0.0000000002769093
553.0    0.0000000002800861    0.0000000002807359    0.0000000002774290    0.0000000002818482    0.0000000002792477
555.0    0.0000000002821490    0.0000000002828831    0.0000000002796459    0.0000000002838335    0.0000000002814564
557.0    0.0000000002841789    0.0000000002849065    0.0000000002817431    0.0000000002857918    0.0000000002834572
559.0    0.0000000002860947    0.0000000002868116    0.0000000002838118    0.0000000002876377    0.0000000002853468
561.0    0.0000000002878990    0.0000000002885381    0.0000000002857622    0.0000000002893005    0.0000000002872076
563.0    0.0000000002895992    0.0000000002901642    0.0000000002875259    0.0000000002908685    0.0000000002889597
565.0    0.0000000002911362    0.0000000002917562    0.0000000002891890    0.0000000002924102    0.0000000002906077
567.0    0.0000000002926428    0.0000000002932512    0.0000000002908242    0.0000000002938592    0.0000000002920949
569.0    0.0000000002940597    0.0000000002946547    0.0000000002923612    0.0000000002951608    0.0000000002934945
571.0    0.0000000002953886    0.0000000002959228    0.0000000002937469    0.0000000002964381    0.0000000002948681
573.0    0.0000000002966367    0.0000000002971130    0.0000000002950498    0.0000000002976356    0.0000000002961559
575.0    0.0000000002978054    0.0000000002982748    0.0000000002963267    0.0000000002987086    0.0000000002973633
577.0    0.0000000002989008    0.0000000002993618    0.0000000002975230    0.0000000002997587    0.0000000002984485
579.0    0.0000000002998857    0.0000000003003782    0.0000000002985983    0.0000000003007404    0.0000000002994654
581.0    0.0000000003008452    0.0000000003012924    0.0000000002996053    0.0000000003016173    0.0000000003004590
583.0    0.0000000003017417    0.0000000003021468    0.0000000003005888    0.0000000003024723    0.0000000003013865
585.0    0.0000000003025767    0.0000000003029764    0.0000000003015066    0.0000000003032687    0.0000000003022511
587.0    0.0000000003033548    0.0000000003037478    0.0000000003023277    0.0000000003039771    0.0000000003030559
589.0    0.0000000003040497    0.0000000003044377    0.0000000003030932    0.0000000003046647    0.0000000003037742
591.0    0.0000000003047218    0.0000000003050785    0.0000000003038369    0.0000000003053015    0.0000000003044420
593.0    0.0000000003053451    0.0000000003056960    0.0000000003045264    0.0000000003058648    0.0000000003050884
595.0    0.0000000003059201    0.0000000003062654    0.0000000003051393    0.0000000003064077    0.0000000003056859
597.0    0.0000000003064506    0.0000000003067896    0.0000000003057067    0.0000000003069071    0.0000000003062365
599.0    0.0000000003069192    0.0000000003072528    0.0000000003062531    0.0000000003073450    0.0000000003067228
601.0    0.0000000003073671    0.0000000003076771    0.0000000003067554    0.0000000003077634    0.0000000003071695
603.0    0.0000000003077762    0.0000000003080800    0.0000000003071975    0.0000000003081441    0.0000000003075962
605.0    0.0000000003081477    0.0000000003084452    0.0000000003076021    0.0000000003084742    0.0000000003079845
607.0    0.0000000003084848    0.0000000003087743    0.0000000003079869    0.0000000003087728    0.0000000003083362
609.0    0.0000000003087880    0.0000000003090590    0.0000000003083355    0.0000000003090525    0.0000000003086410
611.0    0.0000000003090599    0.0000000003093134    0.0000000003086374    0.0000000003093018    0.0000000003089149
613.0    0.0000000003092925    0.0000000003095482    0.0000000003089089    0.0000000003095127    0.0000000003091703
615.0    0.0000000003095066    0.0000000003097535    0.0000000003091619    0.0000000003097057    0.0000000003093962
617.0    0.0000000003096942    0.0000000003099316    0.0000000003093857    0.0000000003098733    0.0000000003095940
619.0    0.0000000003098562    0.0000000003100787    0.0000000003095740    0.0000000003100099    0.0000000003097654
621.0    0.0000000003099949    0.0000000003102029    0.0000000003097384    0.0000000003101301    0.0000000003099066
623.0    0.0000000003101065    0.0000000003103098    0.0000000003098854    0.0000000003102290    0.0000000003100258
625.0    0.0000000003102019    0.0000000003103952    0.0000000003100093    0.0000000003103045    0.0000000003101290
627.0    0.0000000003102781    0.0000000003104608    0.0000000003101079    0.0000000003103647    0.0000000003102115
629.0    0.0000000003103354    0.0000000003105062    0.0000000003101872    0.0000000003104074    0.0000000003102750
631.0    0.0000000003103760    0.0000000003105355    0.0000000003102515    0.0000000003104328    0.0000000003103191
633.0    0.0000000003104005    0.0000000003105505    0.0000000003102981    0.0000000003104443    0.0000000003103476
635.0    0.0000000003104104    0.0000000003105509    0.0000000003103274    0.0000000003104420    0.0000000003103624
637.0    0.0000000003104070    0.0000000003105378    0.0000000003103422    0.0000000003104275    0.0000000003103632
639.0    0.0000000003103912    0.0000000003105135    0.0000000003103437    0.0000000003104007    0.0000000003103505
641.0    0.0000000003103639    0.0000000003104785    0.0000000003103322    0.0000000003103631    0.0000000003103261
643.0    0.0000000003103258    0.0000000003104325    0.0000000003103098    0.0000000003103175    0.0000000003102924
645.0    0.0000000003102782    0.0000000003103768    0.0000000003102772    0.0000000003102608    0.0000000003102491
647.0    0.0000000003102239    0.0000000003103128    0.0000000003102328    0.0000000003101959    0.0000000003101950
649.0    0.0000000003101595    0.0000000003102441    0.0000000003101794    0.0000000003101266    0.0000000003101322
651.0    0.0000000003100877    0.0000000003101688    0.0000000003101201    0.0000000003100471    0.0000000003100618
653.0    0.0000000003100089    0.0000000003100844    0.0000000003100537    0.0000000003099617    0.0000000003099879
655.0    0.0000000003099240    0.0000000003099943    0.0000000003099770    0.0000000003098743    0.0000000003099079
657.0    0.0000000003098371    0.0000000003098991    0.0000000003098938    0.0000000003097818    0.0000000003098187
659.0    0.0000000003097415    0.0000000003098032    0.0000000003098084    0.0000000003096804    0.0000000003097243
661.0    0.0000000003096412    0.0000000003097032    0.0000000003097178    0.0000000003095745    0.0000000003096249
663.0    0.0000000003095362    0.0000000003095955    0.0000000003096183    0.0000000003094691    0.0000000003095255
665.0    0.0000000003094272    0.0000000003094840    0.0000000003095143    0.0000000003093548    0.0000000003094220
667.0    0.0000000003093144    0.0000000003093693    0.0000000003094103    0.0000000003092372    0.0000000003093103
669.0    0.0000000003091979    0.0000000003092560    0.0000000003093025    0.0000000003091212    0.0000000003091949
671.0    0.0000000003090827    0.0000000003091399    0.0000000003091864    0.0000000003089965    0.0000000003090760
673.0    0.0000000003089596    0.0000000003090163    0.0000000003090664    0.0000000003088685    0.0000000003089538
675.0    0.0000000003088332    0.0000000003088900    0.0000000003089481    0.0000000003087431    0.0000000003088337
677.0    0.0000000003087035    0.0000000003087608    0.0000000003088268    0.0000000003086087    0.0000000003087108
679.0    0.0000000003085707    0.0000000003086339    0.0000000003086967    0.0000000003084709    0.0000000003085793
681.0    0.0000000003084404    0.0000000003085046    0.0000000003085637    0.0000000003083365    0.0000000003084449
683.0    0.0000000003083011    0.0000000003083672    0.0000000003084329    0.0000000003081923    0.0000000003083072
685.0    0.0000000003081589    0.0000000003082268    0.0000000003082992    0.0000000003080450    0.0000000003081726
687.0    0.0000000003080132    0.0000000003080835    0.0000000003081560    0.0000000003079005    0.0000000003080347
689.0    0.0000000003078640    0.0000000003079426    0.0000000003080097    0.0000000003077462    0.0000000003078877
691.0    0.0000000003077116    0.0000000003077987    0.0000000003078664    0.0000000003075879    0.0000000003077372
693.0    0.0000000003075555    0.0000000003076457    0.0000000003077194    0.0000000003074331    0.0000000003075833
695.0    0.0000000003074018    0.0000000003074892    0.0000000003075627    0.0000000003072670    0.0000000003074319
697.0    0.0000000003072379    0.0000000003073286    0.0000000003074018    0.0000000003070969    0.0000000003072772
699.0    0.0000000003070700    0.0000000003071707    0.0000000003072438    0.0000000003069298    0.0000000003071118
701.0    0.0000000003068975    0.0000000003070087    0.0000000003070822    0.0000000003067584    0.0000000003069420
703.0    0.0000000003067206    0.0000000003068360    0.0000000003069091    0.0000000003065746    0.0000000003067678
705.0    0.0000000003065463    0.0000000003066585    0.0000000003067315    0.0000000003063858    0.0000000003065892
707.0    0.0000000003063598    0.0000000003064834    0.0000000003065568    0.0000000003062005    0.0000000003064131
709.0    0.0000000003061684    0.0000000003063035    0.0000000003063774    0.0000000003060011    0.0000000003062326
711.0    0.0000000003059715    0.0000000003061110    0.0000000003061852    0.0000000003057959    0.0000000003060387
713.0    0.0000000003057692    0.0000000003059134    0.0000000003059876    0.0000000003055945    0.0000000003058398
715.0    0.0000000003055692    0.0000000003057097    0.0000000003057931    0.0000000003053779    0.0000000003056347
717.0    0.0000000003053555    0.0000000003055082    0.0000000003055932    0.0000000003051548    0.0000000003054326
719.0    0.0000000003051356    0.0000000003053006    0.0000000003053787    0.0000000003049355    0.0000000003052252
721.0    0.0000000003049092    0.0000000003050787    0.0000000003051580    0.0000000003046997    0.0000000003050022
723.0    0.0000000003046763    0.0000000003048501    0.0000000003049405    0.0000000003044571    0.0000000003047728
725.0    0.0000000003044367    0.0000000003046144    0.0000000003047169    0.0000000003042185    0.0000000003045368
727.0    0.0000000003041903    0.0000000003043812    0.0000000003044770    0.0000000003039617    0.0000000003043040
729.0    0.0000000003039472    0.0000000003041412    0.0000000003042301    0.0000000003036980    0.0000000003040643
731.0    0.0000000003036867    0.0000000003038843    0.0000000003039870    0.0000000003034386    0.0000000003038077
733.0    0.0000000003034192    0.0000000003036197    0.0000000003037369    0.0000000003031597    0.0000000003035434
735.0    0.0000000003031440    0.0000000003033473    0.0000000003034691    0.0000000003028735    0.0000000003032714
737.0    0.0000000003028613    0.0000000003030783    0.0000000003031937    0.0000000003025925    0.0000000003029921
739.0    0.0000000003025831    0.0000000003028015    0.0000000003029227    0.0000000003022908    0.0000000003027170
741.0    0.0000000003022856    0.0000000003025058    0.0000000003026443    0.0000000003019814    0.0000000003024344
743.0    0.0000000003019803    0.0000000003022022    0.0000000003023462    0.0000000003016778    0.0000000003021321
745.0    0.0000000003016672    0.0000000003018902    0.0000000003020406    0.0000000003013527    0.0000000003018216
747.0    0.0000000003013463    0.0000000003015824    0.0000000003017402    0.0000000003010198    0.0000000003015032
749.0    0.0000000003010309    0.0000000003012672    0.0000000003014323    0.0000000003006937    0.0000000003011909
751.0    0.0000000003006945    0.0000000003009312    0.0000000003011034    0.0000000003003605    0.0000000003008706
753.0    0.0000000003003506    0.0000000003005870    0.0000000003007666    0.0000000003000042    0.0000000003005289
755.0    0.0000000002999990    0.0000000003002343    0.0000000003004364    0.0000000002996400    0.0000000003001792
757.0    0.0000000002996394    0.0000000002998879    0.0000000003000988    0.0000000002992847    0.0000000002998215
759.0    0.0000000002992727    0.0000000002995338    0.0000000002997389    0.0000000002989054    0.0000000002994714
761.0    0.0000000002988982    0.0000000002991579    0.0000000002993713    0.0000000002985188    0.0000000002991140
763.0    0.0000000002985317    0.0000000002987742    0.0000000002990116    0.0000000002981417    0.0000000002987336
765.0    0.0000000002981425    0.0000000002983825    0.0000000002986452    0.0000000002977406    0.0000000002983454
767.0    0.0000000002977464    0.0000000002979990    0.0000000002982551    0.0000000002973320    0.0000000002979501
769.0    0.0000000002973431    0.0000000002976085    0.0000000002978580    0.0000000002969345    0.0000000002975474
771.0    0.0000000002969330    0.0000000002971949    0.0000000002974706    0.0000000002965123    0.0000000002971545
773.0    0.0000000002965328    0.0000000002967748    0.0000000002970765    0.0000000002960835    0.0000000002967554
775.0    0.0000000002961095    0.0000000002963476    0.0000000002966583    0.0000000002956670    0.0000000002963322
777.0    0.0000000002956797    0.0000000002959305    0.0000000002962337    0.0000000002952254    0.0000000002959023
779.0    0.0000000002952436    0.0000000002955072    0.0000000002958204    0.0000000002947775    0.0000000002954659
781.0    0.0000000002948016    0.0000000002950610    0.0000000002954012    0.0000000002943437    0.0000000002950417
783.0    0.0000000002943537    0.0000000002946084    0.0000000002949574    0.0000000002938842    0.0000000002946118
785.0    0.0000000002938998    0.0000000002941500    0.0000000002945077    0.0000000002934191    0.0000000002941577
787.0    0.0000000002934591    0.0000000002937038    0.0000000002940712    0.0000000002929693    0.0000000002936976
789.0    0.0000000002929945    0.0000000002932525    0.0000000002936291    0.0000000002924936    0.0000000002932320
791.0    0.0000000002925249    0.0000000002927780    0.0000000002931626    0.0000000002920130    0.0000000002927806
793.0    0.0000000002920504    0.0000000002922986    0.0000000002926908    0.0000000002915485    0.0000000002923247
795.0    0.0000000002915709    0.0000000002918139    0.0000000002922338    0.0000000002910800    0.0000000002918441
797.0    0.0000000002911063    0.0000000002913436    0.0000000002917720    0.0000000002905856    0.0000000002913587
799.0    0.0000000002906182    0.0000000002908692    0.0000000002912856    0.0000000002900866    0.0000000002908685
801.0    0.0000000002901258    0.0000000002903715    0.0000000002907943    0.0000000002896058    0.0000000002903742
803.0    0.0000000002896292    0.0000000002898697    0.0000000002903199    0.0000000002890991    0.0000000002898965
805.0    0.0000000002891285    0.0000000002893638    0.0000000002898412    0.0000000002885885    0.0000000002894150
807.0    0.0000000002886445    0.0000000002888739    0.0000000002893377    0.0000000002880966    0.0000000002889088
809.0    0.0000000002881368    0.0000000002883806    0.0000000002888302    0.0000000002875790    0.0000000002883988
811.0    0.0000000002876255    0.0000000002878642    0.0000000002883403    0.0000000002870579    0.0000000002878853
813.0    0.0000000002871108    0.0000000002873446    0.0000000002878473    0.0000000002865565    0.0000000002873898
815.0    0.0000000002865933    0.0000000002868215    0.0000000002873292    0.0000000002860290    0.0000000002868914
817.0    0.0000000002860725    0.0000000002863159    0.0000000002868078    0.0000000002854991    0.0000000002863683
819.0    0.0000000002855489    0.0000000002858075    0.0000000002863052    0.0000000002849892    0.0000000002858420
821.0    0.0000000002850433    0.0000000002852760    0.0000000002857998    0.0000000002844533    0.0000000002853131
823.0    0.0000000002845142    0.0000000002847420    0.0000000002852695    0.0000000002839150    0.0000000002848035
825.0    0.0000000002839826    0.0000000002842259    0.0000000002847586    0.0000000002833977    0.0000000002842915
827.0    0.0000000002834483    0.0000000002837076    0.0000000002842454    0.0000000002828545    0.0000000002837547
829.0    0.0000000002829115    0.0000000002831662    0.0000000002837073    0.0000000002823091    0.0000000002832154
831.0    0.0000000002823946    0.0000000002826226    0.0000000002831665    0.0000000002817852    0.0000000002826737
833.0    0.0000000002818536    0.0000000002820767    0.0000000002826461    0.0000000002812355    0.0000000002821297
835.0    0.0000000002813105    0.0000000002815498    0.0000000002821235    0.0000000002806836    0.0000000002816065
837.0    0.0000000002807656    0.0000000002810212    0.0000000002815762    0.0000000002801540    0.0000000002810814
839.0    0.0000000002802186    0.0000000002804692    0.0000000002810267    0.0000000002795983    0.0000000002805315
841.0    0.0000000002796700    0.0000000002799155    0.0000000002804980    0.0000000002790410    0.0000000002799796
843.0    0.0000000002791192    0.0000000002793600    0.0000000002799680    0.0000000002785062    0.0000000002794257
845.0    0.0000000002785890    0.0000000002788243    0.0000000002794128    0.0000000002779699    0.0000000002788935
847.0    0.0000000002780352    0.0000000002782869    0.0000000002788559    0.0000000002774075    0.0000000002783595
849.0    0.0000000002774795    0.0000000002777264    0.0000000002783205    0.0000000002768438    0.0000000002778008
851.0    0.0000000002769227    0.0000000002771645    0.0000000002777837    0.0000000002763032    0.0000000002772405
853.0    0.0000000002763643    0.0000000002766010    0.0000000002772219    0.0000000002757367    0.0000000002766787
855.0    0.0000000002758269    0.0000000002760580    0.0000000002766585    0.0000000002751689    0.0000000002761155
857.0    0.0000000002752659    0.0000000002755135    0.0000000002761175    0.0000000002746245    0.0000000002755745
859.0    0.0000000002747035    0.0000000002749462    0.0000000002755749    0.0000000002740542    0.0000000002750321
861.0    0.0000000002741403    0.0000000002743775    0.0000000002750077    0.0000000002734828    0.0000000002744651
863.0    0.0000000002735758    0.0000000002738076    0.0000000002744393    0.0000000002729354    0.0000000002738968
865.0    0.0000000002730328    0.0000000002732589    0.0000000002738933    0.0000000002723618    0.0000000002733275
867.0    0.0000000002724662    0.0000000002727090    0.0000000002733463    0.0000000002717877    0.0000000002727810
869.0    0.0000000002718988    0.0000000002721361    0.0000000002727745    0.0000000002712372    0.0000000002722334
871.0    0.0000000002713302    0.0000000002715624    0.0000000002722017    0.0000000002706614    0.0000000002716613
873.0    0.0000000002707613    0.0000000002709878    0.0000000002716520    0.0000000002700845    0.0000000002710881
875.0    0.0000000002701913    0.0000000002704347    0.0000000002711014    0.0000000002695321    0.0000000002705143
877.0    0.0000000002696207    0.0000000002698807    0.0000000002705260    0.0000000002689541    0.0000000002699636
879.0    0.0000000002690723    0.0000000002693042    0.0000000002699500    0.0000000002683754    0.0000000002694120
881.0    0.0000000002685004    0.0000000002687268    0.0000000002693974    0.0000000002678214    0.0000000002688361
883.0    0.0000000002679281    0.0000000002681491    0.0000000002688441    0.0000000002672417    0.0000000002682600
885.0    0.0000000002673552    0.0000000002675930    0.0000000002682661    0.0000000002666615    0.0000000002676832
887.0    0.0000000002667819    0.0000000002670366    0.0000000002676877    0.0000000002661063    0.0000000002671056
889.0    0.0000000002662312    0.0000000002664575    0.0000000002671329    0.0000000002655507    0.0000000002665519
891.0    0.0000000002656572    0.0000000002658782    0.0000000002665777    0.0000000002649695    0.0000000002659979
893.0    0.0000000002650830    0.0000000002652986    0.0000000002659978    0.0000000002643881    0.0000000002654194
895.0    0.0000000002645082    0.0000000002647410    0.0000000002654178    0.0000000002638319    0.0000000002648407
897.0    0.0000000002639340    0.0000000002641833    0.0000000002648618    0.0000000002632501    0.0000000002642618
899.0    0.0000000002633820    0.0000000002636032    0.0000000002643054    0.0000000002626682    0.0000000002637069
901.0    0.0000000002628070    0.0000000002630229    0.0000000002637247    0.0000000002621115    0.0000000002631518
903.0    0.0000000002622315    0.0000000002624426    0.0000000002631438    0.0000000002615294    0.0000000002625725
905.0    0.0000000002616560    0.0000000002618846    0.0000000002625870    0.0000000002609473    0.0000000002619932
907.0    0.0000000002610810    0.0000000002613266    0.0000000002620301    0.0000000002603905    0.0000000002614137
909.0    0.0000000002605060    0.0000000002607462    0.0000000002614488    0.0000000002598084    0.0000000002608585
911.0    0.0000000002599301    0.0000000002601661    0.0000000002608677    0.0000000002592262    0.0000000002603033
913.0    0.0000000002593780    0.0000000002595859    0.0000000002603105    0.0000000002586695    0.0000000002597238
915.0    0.0000000002588030    0.0000000002590282    0.0000000002597537    0.0000000002580875    0.0000000002591446
917.0    0.0000000002582280    0.0000000002584705    0.0000000002591723    0.0000000002575054    0.0000000002585653
919.0    0.0000000002576530    0.0000000002578906    0.0000000002585912    0.0000000002569488    0.0000000002579863
921.0    0.0000000002570780    0.0000000002573110    0.0000000002580343    0.0000000002563671    0.0000000002574314
923.0    0.0000000002565260    0.0000000002567315    0.0000000002574775    0.0000000002557853    0.0000000002568765
925.0    0.0000000002559510    0.0000000002561743    0.0000000002568966    0.0000000002552290    0.0000000002562977
927.0    0.0000000002553760    0.0000000002556172    0.0000000002563156    0.0000000002546474    0.0000000002557190
929.0    0.0000000002548010    0.0000000002550381    0.0000000002557591    0.0000000002540660    0.0000000002551404
931.0    0.0000000002542269    0.0000000002544592    0.0000000002552026    0.0000000002535098    0.0000000002545860
933.0    0.0000000002536520    0.0000000002538802    0.0000000002546220    0.0000000002529538    0.0000000002540317
935.0    0.0000000002530779    0.0000000002533238    0.0000000002540415    0.0000000002523726    0.0000000002534536
937.0    0.0000000002525262    0.0000000002527672    0.0000000002534853    0.0000000002517914    0.0000000002528753
939.0    0.0000000002519520    0.0000000002521888    0.0000000002529291    0.0000000002512355    0.0000000002522973
941.0    0.0000000002513780    0.0000000002516102    0.0000000002523488    0.0000000002506545    0.0000000002517435
943.0    0.0000000002508037    0.0000000002510544    0.0000000002517686    0.0000000002500733    0.0000000002511897
945.0    0.0000000002502295    0.0000000002504982    0.0000000002512126    0.0000000002495176    0.0000000002506118
947.0    0.0000000002496783    0.0000000002499200    0.0000000002506568    0.0000000002489365    0.0000000002500340
949.0    0.0000000002491042    0.0000000002493418    0.0000000002500765    0.0000000002483555    0.0000000002494562
951.0    0.0000000002485301    0.0000000002487637    0.0000000002494965    0.0000000002477997    0.0000000002488785
953.0    0.0000000002479560    0.0000000002482076    0.0000000002489406    0.0000000002472185    0.0000000002483248
955.0    0.0000000002473819    0.0000000002476518    0.0000000002483848    0.0000000002466373    0.0000000002477711
957.0    0.0000000002468305    0.0000000002470735    0.0000000002478048    0.0000000002460812    0.0000000002471933
959.0    0.0000000002462560    0.0000000002464952    0.0000000002472245    0.0000000002454998    0.0000000002466155
961.0    0.0000000002456820    0.0000000002459168    0.0000000002466686    0.0000000002449183    0.0000000002460375
963.0    0.0000000002451070    0.0000000002453605    0.0000000002461124    0.0000000002443620    0.0000000002454835
965.0    0.0000000002445328    0.0000000002448042    0.0000000002455321    0.0000000002437801    0.0000000002449296
967.0    0.0000000002439580    0.0000000002442255    0.0000000002449517    0.0000000002431982    0.0000000002443513
969.0    0.0000000002433830    0.0000000002436466    0.0000000002443952    0.0000000002426412    0.0000000002437729
971.0    0.0000000002428310    0.0000000002430675    0.0000000002438386    0.0000000002420587    0.0000000002431942
973.0    0.0000000002422550    0.0000000002425106    0.0000000002432577    0.0000000002414760    0.0000000002426396
975.0    0.0000000002416798    0.0000000002419534    0.0000000002426765    0.0000000002409185    0.0000000002420847
977.0    0.0000000002411038    0.0000000002413737    0.0000000002421194    0.0000000002403353    0.0000000002415055
979.0    0.0000000002405277    0.0000000002407937    0.0000000002415620    0.0000000002397519    0.0000000002409260
981.0    0.0000000002399744    0.0000000002402135    0.0000000002409800    0.0000000002391934    0.0000000002403462
983.0    0.0000000002393977    0.0000000002396553    0.0000000002403980    0.0000000002386346    0.0000000002397662
985.0    0.0000000002388207    0.0000000002390968    0.0000000002398399    0.0000000002380501    0.0000000002392101
987.0    0.0000000002382432    0.0000000002385155    0.0000000002392816    0.0000000002374653    0.0000000002386536
989.0    0.0000000002376655    0.0000000002379341    0.0000000002386985    0.0000000002369055    0.0000000002380727
991.0    0.0000000002370874    0.0000000002373521    0.0000000002381152    0.0000000002363195    0.0000000002374913
993.0    0.0000000002365088    0.0000000002367923    0.0000000002375556    0.0000000002357339    0.0000000002369095
995.0    0.0000000002359532    0.0000000002362319    0.0000000002369959    0.0000000002351725    0.0000000002363516
997.0    0.0000000002353737    0.0000000002356486    0.0000000002364113    0.0000000002345854    0.0000000002357933
999.0    0.0000000002347938    0.0000000002350652    0.0000000002358264    0.0000000002339977    0.0000000002352103
1001.0    0.0000000002342135    0.0000000002344810    0.0000000002352654    0.0000000002334353    0.0000000002346267
1003.0    0.0000000002336325    0.0000000002339185    0.0000000002347038    0.0000000002328467    0.0000000002340427
1005.0    0.0000000002330745    0.0000000002333560    0.0000000002341174    0.0000000002322575    0.0000000002334826
1007.0    0.0000000002324927    0.0000000002327708    0.0000000002335305    0.0000000002316934    0.0000000002329220
1009.0    0.0000000002319103    0.0000000002321846    0.0000000002329680    0.0000000002311030    0.0000000002323365
1011.0    0.0000000002313273    0.0000000002315978    0.0000000002324045    0.0000000002305121    0.0000000002317503
1013.0    0.0000000002307437    0.0000000002310332    0.0000000002318157    0.0000000002299463    0.0000000002311637
1015.0    0.0000000002301827    0.0000000002304678    0.0000000002312267    0.0000000002293540    0.0000000002305765
1017.0    0.0000000002295980    0.0000000002298793    0.0000000002306615    0.0000000002287611    0.0000000002300130
1019.0    0.0000000002290125    0.0000000002292902    0.0000000002300959    0.0000000002281934    0.0000000002294490
1021.0    0.0000000002284264    0.0000000002287003    0.0000000002295050    0.0000000002275990    0.0000000002288599
1023.0    0.0000000002278395    0.0000000002281324    0.0000000002289133    0.0000000002270040    0.0000000002282699
1025.0    0.0000000002272520    0.0000000002275640    0.0000000002283458    0.0000000002264341    0.0000000002276795
1027.0    0.0000000002266637    0.0000000002269721    0.0000000002277776    0.0000000002258635    0.0000000002271127
1029.0    0.0000000002260981    0.0000000002263794    0.0000000002271840    0.0000000002252660    0.0000000002265455
1031.0    0.0000000002255084    0.0000000002257859    0.0000000002265895    0.0000000002246680    0.0000000002259528
1033.0    0.0000000002249179    0.0000000002252145    0.0000000002260192    0.0000000002240954    0.0000000002253592
1035.0    0.0000000002243265    0.0000000002246424    0.0000000002254481    0.0000000002234957    0.0000000002247648
1037.0    0.0000000002237343    0.0000000002240465    0.0000000002248514    0.0000000002228951    0.0000000002241946
1039.0    0.0000000002231650    0.0000000002234499    0.0000000002242539    0.0000000002223196    0.0000000002236235
1041.0    0.0000000002225712    0.0000000002228520    0.0000000002236805    0.0000000002217174    0.0000000002230267
1043.0    0.0000000002219765    0.0000000002222770    0.0000000002231060    0.0000000002211143    0.0000000002224292
1045.0    0.0000000002213809    0.0000000002217007    0.0000000002225060    0.0000000002205363    0.0000000002218307
1047.0    0.0000000002207845    0.0000000002211006    0.0000000002219055    0.0000000002199313    0.0000000002212310
1049.0    0.0000000002202110    0.0000000002204995    0.0000000002213287    0.0000000002193254    0.0000000002206560
1051.0    0.0000000002196126    0.0000000002199205    0.0000000002207512    0.0000000002187447    0.0000000002200797
1053.0    0.0000000002190134    0.0000000002193408    0.0000000002201477    0.0000000002181369    0.0000000002194777
1055.0    0.0000000002184130    0.0000000002187368    0.0000000002195432    0.0000000002175280    0.0000000002188745
1057.0    0.0000000002178121    0.0000000002181319    0.0000000002189627    0.0000000002169446    0.0000000002182703
1059.0    0.0000000002172100    0.0000000002175260    0.0000000002183818    0.0000000002163338    0.0000000002176905
1061.0    0.0000000002166068    0.0000000002169423    0.0000000002177743    0.0000000002157219    0.0000000002171095
1063.0    0.0000000002160270    0.0000000002163577    0.0000000002171914    0.0000000002151356    0.0000000002165025
1065.0    0.0000000002154218    0.0000000002157487    0.0000000002166075    0.0000000002145218    0.0000000002158943
1067.0    0.0000000002148159    0.0000000002151388    0.0000000002159972    0.0000000002139071    0.0000000002152852
1069.0    0.0000000002142088    0.0000000002145275    0.0000000002153855    0.0000000002133180    0.0000000002147005
1071.0    0.0000000002136006    0.0000000002139389    0.0000000002147990    0.0000000002127279    0.0000000002141145
1073.0    0.0000000002130159    0.0000000002133491    0.0000000002142111    0.0000000002121100    0.0000000002135023
1075.0    0.0000000002124058    0.0000000002127348    0.0000000002135968    0.0000000002114912    0.0000000002128889
1077.0    0.0000000002117946    0.0000000002121194    0.0000000002129813    0.0000000002108980    0.0000000002122745
1079.0    0.0000000002111829    0.0000000002115028    0.0000000002123905    0.0000000002102773    0.0000000002116589
1081.0    0.0000000002105694    0.0000000002109089    0.0000000002117990    0.0000000002096556    0.0000000002110681
1083.0    0.0000000002099800    0.0000000002103141    0.0000000002111803    0.0000000002090599    0.0000000002104760
1085.0    0.0000000002093648    0.0000000002096943    0.0000000002105608    0.0000000002084362    0.0000000002098576
1087.0    0.0000000002087490    0.0000000002090735    0.0000000002099663    0.0000000002078115    0.0000000002092377
1089.0    0.0000000002081320    0.0000000002084516    0.0000000002093707    0.0000000002072131    0.0000000002086170
1091.0    0.0000000002075140    0.0000000002078528    0.0000000002087483    0.0000000002065869    0.0000000002080212
1093.0    0.0000000002068952    0.0000000002072530    0.0000000002081250    0.0000000002059595    0.0000000002074242
1095.0    0.0000000002062756    0.0000000002066278    0.0000000002075265    0.0000000002053586    0.0000000002068008
1097.0    0.0000000002056798    0.0000000002060019    0.0000000002069273    0.0000000002047299    0.0000000002061758
1099.0    0.0000000002050586    0.0000000002053751    0.0000000002063012    0.0000000002041003    0.0000000002055502
1101.0    0.0000000002044366    0.0000000002047715    0.0000000002056741    0.0000000002034975    0.0000000002049496
1103.0    0.0000000002038137    0.0000000002041668    0.0000000002050724    0.0000000002028664    0.0000000002043484
1105.0    0.0000000002031903    0.0000000002035374    0.0000000002044699    0.0000000002022350    0.0000000002037201
1107.0    0.0000000002025910    0.0000000002029070    0.0000000002038405    0.0000000002016300    0.0000000002030910
1109.0    0.0000000002019660    0.0000000002022758    0.0000000002032103    0.0000000002009975    0.0000000002024613
1111.0    0.0000000002013410    0.0000000002016683    0.0000000002026058    0.0000000002003648    0.0000000002018307
1113.0    0.0000000002007152    0.0000000002010600    0.0000000002020007    0.0000000001997589    0.0000000002012258
1115.0    0.0000000002000889    0.0000000002004270    0.0000000002013687    0.0000000001991252    0.0000000002006203
1117.0    0.0000000001994625    0.0000000001997933    0.0000000002007362    0.0000000001984914    0.0000000001999881
1119.0    0.0000000001988355    0.0000000001991592    0.0000000002001295    0.0000000001978848    0.0000000001993552
1121.0    0.0000000001982335    0.0000000001985490    0.0000000001995226    0.0000000001972784    0.0000000001987221
1123.0    0.0000000001976062    0.0000000001979385    0.0000000001988888    0.0000000001966442    0.0000000001981150
1125.0    0.0000000001969790    0.0000000001973035    0.0000000001982550    0.0000000001960103    0.0000000001975077
1127.0    0.0000000001963518    0.0000000001966682    0.0000000001976473    0.0000000001954041    0.0000000001968737
1129.0    0.0000000001957245    0.0000000001960328    0.0000000001970395    0.0000000001947705    0.0000000001962398
1131.0    0.0000000001951226    0.0000000001954219    0.0000000001964052    0.0000000001941371    0.0000000001956058
1133.0    0.0000000001944959    0.0000000001948110    0.0000000001957712    0.0000000001935320    0.0000000001949720
1135.0    0.0000000001938696    0.0000000001941761    0.0000000001951636    0.0000000001929001    0.0000000001943648
1137.0    0.0000000001932440    0.0000000001935414    0.0000000001945564    0.0000000001922685    0.0000000001937577
1139.0    0.0000000001926190    0.0000000001929072    0.0000000001939230    0.0000000001916655    0.0000000001931249
1141.0    0.0000000001920190    0.0000000001922978    0.0000000001932902    0.0000000001910358    0.0000000001924925
1143.0    0.0000000001913954    0.0000000001916890    0.0000000001926844    0.0000000001904071    0.0000000001918607
1145.0    0.0000000001907725    0.0000000001910568    0.0000000001920789    0.0000000001898067    0.0000000001912561
1147.0    0.0000000001901508    0.0000000001904254    0.0000000001914481    0.0000000001891803    0.0000000001906522
1149.0    0.0000000001895300    0.0000000001897951    0.0000000001908183    0.0000000001885553    0.0000000001900230
1151.0    0.0000000001889108    0.0000000001891902    0.0000000001902155    0.0000000001879587    0.0000000001893951
1153.0    0.0000000001882926    0.0000000001885864    0.0000000001896138    0.0000000001873370    0.0000000001887683
1155.0    0.0000000001877008    0.0000000001879598    0.0000000001889873    0.0000000001867165    0.0000000001881690
1157.0    0.0000000001870857    0.0000000001873350    0.0000000001883620    0.0000000001861247    0.0000000001875711
1159.0    0.0000000001864725    0.0000000001867115    0.0000000001877643    0.0000000001855082    0.0000000001869487
1161.0    0.0000000001858609    0.0000000001861139    0.0000000001871680    0.0000000001848937    0.0000000001863282
1163.0    0.0000000001852514    0.0000000001855182    0.0000000001865476    0.0000000001843078    0.0000000001857095
1165.0    0.0000000001846683    0.0000000001849005    0.0000000001859290    0.0000000001837240    0.0000000001850927
1167.0    0.0000000001840629    0.0000000001842852    0.0000000001853379    0.0000000001831161    0.0000000001845037
1169.0    0.0000000001834598    0.0000000001836957    0.0000000001847488    0.0000000001825105    0.0000000001839168
1171.0    0.0000000001828591    0.0000000001831084    0.0000000001841365    0.0000000001819338    0.0000000001833068
1173.0    0.0000000001822608    0.0000000001825003    0.0000000001835261    0.0000000001813334    0.0000000001826993
1175.0    0.0000000001816653    0.0000000001818948    0.0000000001829435    0.0000000001807359    0.0000000001820943
1177.0    0.0000000001810722    0.0000000001812920    0.0000000001823633    0.0000000001801669    0.0000000001815172
1179.0    0.0000000001805057    0.0000000001807152    0.0000000001817604    0.0000000001795751    0.0000000001809426
1181.0    0.0000000001799182    0.0000000001801413    0.0000000001811603    0.0000000001789862    0.0000000001803459
1183.0    0.0000000001793335    0.0000000001795474    0.0000000001805878    0.0000000001784257    0.0000000001797523
1185.0    0.0000000001787521    0.0000000001789568    0.0000000001800181    0.0000000001778430    0.0000000001791617
1187.0    0.0000000001781736    0.0000000001783693    0.0000000001794264    0.0000000001772634    0.0000000001785988
1189.0    0.0000000001776213    0.0000000001778079    0.0000000001788378    0.0000000001767120    0.0000000001780391
1191.0    0.0000000001770492    0.0000000001772494    0.0000000001782767    0.0000000001761391    0.0000000001774581
1193.0    0.0000000001764802    0.0000000001766722    0.0000000001777188    0.0000000001755695    0.0000000001768810
1195.0    0.0000000001759146    0.0000000001760985    0.0000000001771396    0.0000000001750275    0.0000000001763068
1197.0    0.0000000001753524    0.0000000001755285    0.0000000001765638    0.0000000001744647    0.0000000001757364
1199.0    0.0000000001748159    0.0000000001749838    0.0000000001760154    0.0000000001739053    0.0000000001751932
1201.0    0.0000000001742605    0.0000000001744426    0.0000000001754698    0.0000000001733735    0.0000000001746532
1203.0    0.0000000001737082    0.0000000001738835    0.0000000001749045    0.0000000001728210    0.0000000001740935
1205.0    0.0000000001731599    0.0000000001733281    0.0000000001743422    0.0000000001722719    0.0000000001735375
1207.0    0.0000000001726148    0.0000000001727765    0.0000000001738069    0.0000000001717499    0.0000000001729853
1209.0    0.0000000001720734    0.0000000001722500    0.0000000001732747    0.0000000001712076    0.0000000001724594
1211.0    0.0000000001715351    0.0000000001717265    0.0000000001727231    0.0000000001706692    0.0000000001719368
1213.0    0.0000000001710221    0.0000000001711860    0.0000000001721751    0.0000000001701572    0.0000000001713955
1215.0    0.0000000001704908    0.0000000001706493    0.0000000001716532    0.0000000001696484    0.0000000001708577
1217.0    0.0000000001699632    0.0000000001701163    0.0000000001711347    0.0000000001691199    0.0000000001703238
1219.0    0.0000000001694388    0.0000000001696073    0.0000000001705971    0.0000000001685949    0.0000000001698153
1221.0    0.0000000001689179    0.0000000001691018    0.0000000001700631    0.0000000001680959    0.0000000001693105
1223.0    0.0000000001684209    0.0000000001685800    0.0000000001695546    0.0000000001675776    0.0000000001687871
1225.0    0.0000000001679070    0.0000000001680612    0.0000000001690496    0.0000000001670622    0.0000000001682673
1227.0    0.0000000001673956    0.0000000001675463    0.0000000001685258    0.0000000001665725    0.0000000001677511
1229.0    0.0000000001668878    0.0000000001670543    0.0000000001680054    0.0000000001660635    0.0000000001672383
1231.0    0.0000000001663833    0.0000000001665656    0.0000000001675100    0.0000000001655578    0.0000000001667501
1233.0    0.0000000001659020    0.0000000001660606    0.0000000001670177    0.0000000001650769    0.0000000001662651
1235.0    0.0000000001654032    0.0000000001655589    0.0000000001665072    0.0000000001645771    0.0000000001657620
1237.0    0.0000000001649076    0.0000000001650605    0.0000000001659998    0.0000000001640802    0.0000000001652622
1239.0    0.0000000001644152    0.0000000001645840    0.0000000001655165    0.0000000001636075    0.0000000001647656
1241.0    0.0000000001639255    0.0000000001641106    0.0000000001650362    0.0000000001631161    0.0000000001642922
1243.0    0.0000000001634384    0.0000000001636210    0.0000000001645379    0.0000000001626272    0.0000000001638222
1245.0    0.0000000001629541    0.0000000001631344    0.0000000001640426    0.0000000001621622    0.0000000001633341
1247.0    0.0000000001624917    0.0000000001626504    0.0000000001635705    0.0000000001616783    0.0000000001628488
1249.0    0.0000000001620125    0.0000000001621876    0.0000000001631011    0.0000000001611972    0.0000000001623662
1251.0    0.0000000001615360    0.0000000001617272    0.0000000001626140    0.0000000001607390    0.0000000001619063
1253.0    0.0000000001610614    0.0000000001612508    0.0000000001621293    0.0000000001602624    0.0000000001614486
1255.0    0.0000000001605893    0.0000000001607768    0.0000000001616674    0.0000000001597878    0.0000000001609735
1257.0    0.0000000001601381    0.0000000001603052    0.0000000001612077    0.0000000001593360    0.0000000001605007
1259.0    0.0000000001596704    0.0000000001598540    0.0000000001607303    0.0000000001588858    0.0000000001600299
1261.0    0.0000000001592045    0.0000000001594043    0.0000000001602552    0.0000000001584172    0.0000000001595615
1263.0    0.0000000001587410    0.0000000001589386    0.0000000001598021    0.0000000001579503    0.0000000001591145
1265.0    0.0000000001582788    0.0000000001584751    0.0000000001593507    0.0000000001575057    0.0000000001586694
1267.0    0.0000000001578186    0.0000000001580134    0.0000000001588815    0.0000000001570423    0.0000000001582065
1269.0    0.0000000001573602    0.0000000001575710    0.0000000001584149    0.0000000001565805    0.0000000001577456
1271.0    0.0000000001569215    0.0000000001571300    0.0000000001579691    0.0000000001561401    0.0000000001572864
1273.0    0.0000000001564662    0.0000000001566732    0.0000000001575248    0.0000000001556816    0.0000000001568478
1275.0    0.0000000001560123    0.0000000001562180    0.0000000001570631    0.0000000001552241    0.0000000001564105
1277.0    0.0000000001555598    0.0000000001557635    0.0000000001566029    0.0000000001547878    0.0000000001559557
1279.0    0.0000000001551090    0.0000000001553283    0.0000000001561633    0.0000000001543330    0.0000000001555023
1281.0    0.0000000001546770    0.0000000001548941    0.0000000001557250    0.0000000001538792    0.0000000001550502
1283.0    0.0000000001542282    0.0000000001544435    0.0000000001552690    0.0000000001534462    0.0000000001546179
1285.0    0.0000000001537805    0.0000000001539942    0.0000000001548142    0.0000000001529946    0.0000000001541868
1287.0    0.0000000001533339    0.0000000001535631    0.0000000001543796    0.0000000001525440    0.0000000001537381
1289.0    0.0000000001528883    0.0000000001531327    0.0000000001539462    0.0000000001521140    0.0000000001532901
1291.0    0.0000000001524615    0.0000000001526861    0.0000000001534947    0.0000000001516646    0.0000000001528432
1293.0    0.0000000001520178    0.0000000001522404    0.0000000001530445    0.0000000001512170    0.0000000001523971
1295.0    0.0000000001515746    0.0000000001517952    0.0000000001526139    0.0000000001507890    0.0000000001519704
1297.0    0.0000000001511324    0.0000000001513681    0.0000000001521841    0.0000000001503424    0.0000000001515445
1299.0    0.0000000001506908    0.0000000001509415    0.0000000001517363    0.0000000001498964    0.0000000001511005
1301.0    0.0000000001502499    0.0000000001504983    0.0000000001512896    0.0000000001494705    0.0000000001506573
1303.0    0.0000000001498097    0.0000000001500560    0.0000000001508620    0.0000000001490257    0.0000000001502148
1305.0    0.0000000001493877    0.0000000001496140    0.0000000001504350    0.0000000001485814    0.0000000001497910
1307.0    0.0000000001489485    0.0000000001491892    0.0000000001499902    0.0000000001481570    0.0000000001493678
1309.0    0.0000000001485098    0.0000000001487652    0.0000000001495455    0.0000000001477329    0.0000000001489267
1311.0    0.0000000001480720    0.0000000001483244    0.0000000001491207    0.0000000001472900    0.0000000001484861
1313.0    0.0000000001476335    0.0000000001478840    0.0000000001486958    0.0000000001468476    0.0000000001480457
1315.0    0.0000000001472142    0.0000000001474439    0.0000000001482530    0.0000000001464247    0.0000000001476242
1317.0    0.0000000001467770    0.0000000001470212    0.0000000001478108    0.0000000001459830    0.0000000001472028
1319.0    0.0000000001463405    0.0000000001465986    0.0000000001473872    0.0000000001455416    0.0000000001467635
1321.0    0.0000000001459042    0.0000000001461595    0.0000000001469640    0.0000000001451196    0.0000000001463246
1323.0    0.0000000001454681    0.0000000001457204    0.0000000001465227    0.0000000001446788    0.0000000001458858
1325.0    0.0000000001450323    0.0000000001452816    0.0000000001460818    0.0000000001442384    0.0000000001454472
1327.0    0.0000000001445968    0.0000000001448599    0.0000000001456595    0.0000000001438172    0.0000000001450273
1329.0    0.0000000001441791    0.0000000001444385    0.0000000001452377    0.0000000001433773    0.0000000001446071
1331.0    0.0000000001437440    0.0000000001440002    0.0000000001447977    0.0000000001429375    0.0000000001441693
1333.0    0.0000000001433093    0.0000000001435621    0.0000000001443577    0.0000000001425170    0.0000000001437315
1335.0    0.0000000001428746    0.0000000001431242    0.0000000001439364    0.0000000001420777    0.0000000001432938
1337.0    0.0000000001424403    0.0000000001427032    0.0000000001435153    0.0000000001416385    0.0000000001428745
1339.0    0.0000000001420236    0.0000000001422823    0.0000000001430761    0.0000000001412188    0.0000000001424554
1341.0    0.0000000001415895    0.0000000001418448    0.0000000001426554    0.0000000001407803    0.0000000001420183
1343.0    0.0000000001411558    0.0000000001414074    0.0000000001422348    0.0000000001403417    0.0000000001415811
1345.0    0.0000000001407223    0.0000000001409701    0.0000000001417962    0.0000000001399227    0.0000000001411442
1347.0    0.0000000001402890    0.0000000001405497    0.0000000001413577    0.0000000001394848    0.0000000001407074
1349.0    0.0000000001398731    0.0000000001401295    0.0000000001409377    0.0000000001390470    0.0000000001402888
1351.0    0.0000000001394402    0.0000000001396925    0.0000000001405180    0.0000000001386290    0.0000000001398703
1353.0    0.0000000001390075    0.0000000001392557    0.0000000001400800    0.0000000001382110    0.0000000001394340
1355.0    0.0000000001385750    0.0000000001388191    0.0000000001396424    0.0000000001377740    0.0000000001389977
1357.0    0.0000000001381427    0.0000000001383993    0.0000000001392231    0.0000000001373370    0.0000000001385615
1359.0    0.0000000001377108    0.0000000001379798    0.0000000001388041    0.0000000001369199    0.0000000001381436
1361.0    0.0000000001372790    0.0000000001375436    0.0000000001383670    0.0000000001364839    0.0000000001377262
1363.0    0.0000000001368650    0.0000000001371078    0.0000000001379302    0.0000000001360485    0.0000000001372906
1365.0    0.0000000001364338    0.0000000001366718    0.0000000001375118    0.0000000001356323    0.0000000001368552
1367.0    0.0000000001360031    0.0000000001362530    0.0000000001370937    0.0000000001351975    0.0000000001364200
1369.0    0.0000000001355726    0.0000000001358348    0.0000000001366575    0.0000000001347632    0.0000000001360032
1371.0    0.0000000001351427    0.0000000001353996    0.0000000001362219    0.0000000001343483    0.0000000001355868
1373.0    0.0000000001347302    0.0000000001349650    0.0000000001358046    0.0000000001339149    0.0000000001351523
1375.0    0.0000000001343010    0.0000000001345306    0.0000000001353877    0.0000000001334822    0.0000000001347183
1377.0    0.0000000001338723    0.0000000001341134    0.0000000001349531    0.0000000001330688    0.0000000001342846
1379.0    0.0000000001334442    0.0000000001336964    0.0000000001345188    0.0000000001326370    0.0000000001338513
1381.0    0.0000000001330165    0.0000000001332632    0.0000000001341030    0.0000000001322062    0.0000000001334365
1383.0    0.0000000001326064    0.0000000001328305    0.0000000001336877    0.0000000001317946    0.0000000001330220
1385.0    0.0000000001321799    0.0000000001323983    0.0000000001332550    0.0000000001313650    0.0000000001325900
1387.0    0.0000000001317540    0.0000000001319832    0.0000000001328223    0.0000000001309364    0.0000000001321587
1389.0    0.0000000001313290    0.0000000001315687    0.0000000001324090    0.0000000001305269    0.0000000001317277
1391.0    0.0000000001309045    0.0000000001311382    0.0000000001319955    0.0000000001300998    0.0000000001313155
1393.0    0.0000000001304808    0.0000000001307082    0.0000000001315650    0.0000000001296740    0.0000000001309037
1395.0    0.0000000001300581    0.0000000001302790    0.0000000001311351    0.0000000001292670    0.0000000001304747
1397.0    0.0000000001296531    0.0000000001298675    0.0000000001307240    0.0000000001288612    0.0000000001300465
1399.0    0.0000000001292321    0.0000000001294563    0.0000000001303135    0.0000000001284380    0.0000000001296191
1401.0    0.0000000001288122    0.0000000001290296    0.0000000001298861    0.0000000001280160    0.0000000001292103
1403.0    0.0000000001283932    0.0000000001286038    0.0000000001294595    0.0000000001276135    0.0000000001288023
1405.0    0.0000000001279752    0.0000000001281954    0.0000000001290515    0.0000000001271938    0.0000000001283775
1407.0    0.0000000001275751    0.0000000001277879    0.0000000001286447    0.0000000001267755    0.0000000001279538
1409.0    0.0000000001271595    0.0000000001273653    0.0000000001282210    0.0000000001263766    0.0000000001275312
1411.0    0.0000000001267452    0.0000000001269438    0.0000000001277985    0.0000000001259611    0.0000000001271097
1413.0    0.0000000001263320    0.0000000001265235    0.0000000001273948    0.0000000001255470    0.0000000001267070
1415.0    0.0000000001259207    0.0000000001261208    0.0000000001269920    0.0000000001251525    0.0000000001263052
1417.0    0.0000000001255105    0.0000000001257192    0.0000000001265732    0.0000000001247415    0.0000000001258876
1419.0    0.0000000001251019    0.0000000001253030    0.0000000001261557    0.0000000001243323    0.0000000001254712
1421.0    0.0000000001247110    0.0000000001248883    0.0000000001257568    0.0000000001239424    0.0000000001250565
1423.0    0.0000000001243057    0.0000000001244752    0.0000000001253595    0.0000000001235365    0.0000000001246602
1425.0    0.0000000001239018    0.0000000001240796    0.0000000001249462    0.0000000001231325    0.0000000001242657
1427.0    0.0000000001234998    0.0000000001236855    0.0000000001245348    0.0000000001227482    0.0000000001238555
1429.0    0.0000000001230996    0.0000000001232775    0.0000000001241420    0.0000000001223480    0.0000000001234471
1431.0    0.0000000001227173    0.0000000001228715    0.0000000001237510    0.0000000001219500    0.0000000001230408
1433.0    0.0000000001223208    0.0000000001224670    0.0000000001233443    0.0000000001215714    0.0000000001226530
1435.0    0.0000000001219266    0.0000000001220804    0.0000000001229399    0.0000000001211774    0.0000000001222670
1437.0    0.0000000001215342    0.0000000001216958    0.0000000001225539    0.0000000001207860    0.0000000001218664
1439.0    0.0000000001211440    0.0000000001212978    0.0000000001221700    0.0000000001204137    0.0000000001214678
1441.0    0.0000000001207716    0.0000000001209018    0.0000000001217714    0.0000000001200267    0.0000000001210715
1443.0    0.0000000001203859    0.0000000001205084    0.0000000001213748    0.0000000001196422    0.0000000001206773
1445.0    0.0000000001200025    0.0000000001201320    0.0000000001209970    0.0000000001192766    0.0000000001203019
1447.0    0.0000000001196215    0.0000000001197585    0.0000000001206213    0.0000000001189135    0.0000000001199287
1449.0    0.0000000001192429    0.0000000001193722    0.0000000001202316    0.0000000001185364    0.0000000001195416
1451.0    0.0000000001188670    0.0000000001189885    0.0000000001198442    0.0000000001181619    0.0000000001191572
1453.0    0.0000000001184933    0.0000000001186075    0.0000000001194751    0.0000000001178063    0.0000000001187753
1455.0    0.0000000001181372    0.0000000001182435    0.0000000001191088    0.0000000001174370    0.0000000001184118
1457.0    0.0000000001177688    0.0000000001178823    0.0000000001187287    0.0000000001170707    0.0000000001180510
1459.0    0.0000000001174032    0.0000000001175094    0.0000000001183513    0.0000000001167229    0.0000000001176772
1461.0    0.0000000001170403    0.0000000001171394    0.0000000001179923    0.0000000001163621    0.0000000001173062
1463.0    0.0000000001166802    0.0000000001167723    0.0000000001176358    0.0000000001160040    0.0000000001169381
1465.0    0.0000000001163372    0.0000000001164222    0.0000000001172665    0.0000000001156645    0.0000000001165881
1467.0    0.0000000001159827    0.0000000001160747    0.0000000001169002    0.0000000001153123    0.0000000001162410
1469.0    0.0000000001156310    0.0000000001157165    0.0000000001165515    0.0000000001149630    0.0000000001158815
1471.0    0.0000000001152825    0.0000000001153615    0.0000000001162060    0.0000000001146320    0.0000000001155252
1473.0    0.0000000001149366    0.0000000001150093    0.0000000001158479    0.0000000001142886    0.0000000001151721
1475.0    0.0000000001145940    0.0000000001146741    0.0000000001154931    0.0000000001139484    0.0000000001148223
1477.0    0.0000000001142545    0.0000000001143418    0.0000000001151558    0.0000000001136258    0.0000000001144897
1479.0    0.0000000001139310    0.0000000001139991    0.0000000001148215    0.0000000001132917    0.0000000001141603
1481.0    0.0000000001135972    0.0000000001136600    0.0000000001144755    0.0000000001129605    0.0000000001138198
1483.0    0.0000000001132666    0.0000000001133238    0.0000000001141327    0.0000000001126467    0.0000000001134823
1485.0    0.0000000001129392    0.0000000001130039    0.0000000001138071    0.0000000001123217    0.0000000001131483
