9.0    0.0000000000000000    0.0000000000000000    0.0000000000000000    0.0000000000000000    0.0000000000000000
11.0    0.0000000000000000    0.0000000000000000    0.0000000000000000    0.0000000000000000    0.0000000000000000
13.0    0.0000000000000000    0.0000000000000000    0.0000000000000000    0.0000000000000000    0.0000000000000000
15.0    0.0000000000000000    0.0000000000000000    0.0000000000000000    0.0000000000000000    0.0000000000000000
17.0    0.0000000000000000    0.0000000000000000    0.0000000000000000    0.0000000000000000    0.0000000000000000
19.0    0.0000000000000000    0.0000000000000000    0.0000000000000000    0.0000000000000000    0.0000000000000000
21.0    0.0000000000000000    0.0000000000000000    0.0000000000000000    0.0000000000000000    0.0000000000000000
23.0    0.0000000000000000    0.0000000000000000    0.0000000000000000    0.0000000000000000    0.0000000000000000
25.0    0.0000000000000000    0.0000000000000000    0.0000000000000000    0.0000000000000000    0.0000000000000000
27.0    0.0000000000000000    0.0000000000000000    0.0000000000000000    0.0000000000000000    0.0000000000000000
29.0    0.0000000000000000    0.0000000000000000    0.0000000000000000    0.0000000000000000    0.0000000000000000
31.0    0.0000000000000000    0.0000000000000000    0.0000000000000000    0.0000000000000000    0.0000000000000000
33.0    0.0000000000000000    0.0000000000000000    0.0000000000000000    0.0000000000000000    0.0000000000000000
35.0    0.0000000000000000    0.0000000000000000    0.0000000000000000    0.0000000000000000    0.0000000000000000
37.0    0.0000000000000000    0.0000000000000000    0.0000000000000000    0.0000000000000000    0.0000000000000000
39.0    0.0000000000000000    0.0000000000000000    0.0000000000000000    0.0000000000000000    0.0000000000000000
41.0    0.0000000000000000    0.0000000000000000    0.0000000000000000    0.0000000000000000    0.0000000000000000
43.0    0.0000000000000000    0.0000000000000000    0.0000000000000000    0.0000000000000000    0.0000000000000000
45.0    0.0000000000000000    0.0000000000000000    0.0000000000000000    0.0000000000000000    0.0000000000000000
47.0    0.0000000000000001    0.0000000000000000    0.0000000000000001    0.0000000000000001    0.0000000000000001
49.0    0.0000000000000001    0.0000000000000001    0.0000000000000001    0.0000000000000001    0.0000000000000001
51.0    0.0000000000000002    0.0000000000000001    0.0000000000000002    0.0000000000000001    0.0000000000000002
53.0    0.0000000000000003    0.0000000000000002    0.0000000000000003    0.0000000000000002    0.0000000000000003
55.0    0.0000000000000004    0.0000000000000003    0.0000000000000005    0.0000000000000004    0.0000000000000005
57.0    0.0000000000000007    0.0000000000000005    0.0000000000000007    0.0000000000000006    0.0000000000000008
59.0    0.0000000000000010    0.0000000000000008    0.0000000000000011    0.0000000000000010    0.0000000000000011
61.0    0.0000000000000015    0.0000000000000012    0.0000000000000016    0.0000000000000014    0.0000000000000016
63.0    0.0000000000000021    0.0000000000000018    0.0000000000000022    0.0000000000000021    0.0000000000000023
65.0    0.0000000000000030    0.0000000000000027    0.0000000000000030    0.0000000000000029    0.0000000000000031
67.0    0.0000000000000040    0.0000000000000037    0.0000000000000040    0.0000000000000039    0.0000000000000041
69.0    0.0000000000000053    0.0000000000000049    0.0000000000000053    0.0000000000000052    0.0000000000000054
71.0    0.0000000000000067    0.0000000000000064    0.0000000000000066    0.0000000000000068    0.0000000000000068
73.0    0.0000000000000083    0.0000000000000081    0.0000000000000081    0.0000000000000084    0.0000000000000084
75.0    0.0000000000000100    0.0000000000000099    0.0000000000000098    0.0000000000000101    0.0000000000000099
77.0    0.0000000000000117    0.0000000000000117    0.0000000000000115    0.0000000000000119    0.0000000000000115
79.0    0.0000000000000134    0.0000000000000134    0.0000000000000130    0.0000000000000136    0.0000000000000132
81.0    0.0000000000000148    0.0000000000000150    0.0000000000000145    0.0000000000000151    0.0000000000000147
83.0    0.0000000000000162    0.0000000000000164    0.0000000000000159    0.0000000000000165    0.0000000000000161
85.0    0.0000000000000174    0.0000000000000175    0.0000000000000172    0.0000000000000176    0.0000000000000172
87.0    0.0000000000000184    0.0000000000000184    0.0000000000000182    0.0000000000000185    0.0000000000000183
89.0    0.0000000000000193    0.0000000000000191    0.0000000000000192    0.0000000000000194    0.0000000000000193
91.0    0.0000000000000202    0.0000000000000198    0.0000000000000201    0.0000000000000201    0.0000000000000202
93.0    0.0000000000000211    0.0000000000000206    0.0000000000000212    0.0000000000000210    0.0000000000000213
95.0    0.0000000000000222    0.0000000000000216    0.0000000000000223    0.0000000000000221    0.0000000000000225
97.0    0.0000000000000235    0.0000000000000229    0.0000000000000236    0.0000000000000235    0.0000000000000238
99.0    0.0000000000000251    0.0000000000000246    0.0000000000000251    0.0000000000000251    0.0000000000000253
101.0    0.0000000000000271    0.0000000000000265    0.0000000000000270    0.0000000000000271    0.0000000000000272
103.0    0.0000000000000292    0.0000000000000288    0.0000000000000289    0.0000000000000294    0.0000000000000292
105.0    0.0000000000000314    0.0000000000000313    0.0000000000000310    0.0000000000000317    0.0000000000000314
107.0    0.0000000000000337    0.0000000000000338    0.0000000000000332    0.0000000000000341    0.0000000000000335
109.0    0.0000000000000359    0.0000000000000361    0.0000000000000354    0.0000000000000364    0.0000000000000355
111.0    0.0000000000000379    0.0000000000000382    0.0000000000000373    0.0000000000000383    0.0000000000000375
113.0    0.0000000000000397    0.0000000000000400    0.0000000000000391    0.0000000000000401    0.0000000000000394
115.0    0.0000000000000412    0.0000000000000415    0.0000000000000408    0.0000000000000416    0.0000000000000410
117.0    0.0000000000000426    0.0000000000000426    0.0000000000000423    0.0000000000000428    0.0000000000000424
119.0    0.0000000000000437    0.0000000000000436    0.0000000000000435    0.0000000000000439    0.0000000000000436
121.0    0.0000000000000449    0.0000000000000445    0.0000000000000447    0.0000000000000449    0.0000000000000449
123.0    0.0000000000000460    0.0000000000000454    0.0000000000000460    0.0000000000000460    0.0000000000000461
125.0    0.0000000000000473    0.0000000000000466    0.0000000000000473    0.0000000000000473    0.0000000000000475
127.0    0.0000000000000488    0.0000000000000480    0.0000000000000488    0.0000000000000489    0.0000000000000491
129.0    0.0000000000000505    0.0000000000000498    0.0000000000000504    0.0000000000000506    0.0000000000000507
131.0    0.0000000000000525    0.0000000000000519    0.0000000000000523    0.0000000000000528    0.0000000000000526
133.0    0.0000000000000547    0.0000000000000543    0.0000000000000544    0.0000000000000551    0.0000000000000547
135.0    0.0000000000000570    0.0000000000000569    0.0000000000000565    0.0000000000000574    0.0000000000000569
137.0    0.0000000000000594    0.0000000000000594    0.0000000000000586    0.0000000000000599    0.0000000000000591
139.0    0.0000000000000615    0.0000000000000618    0.0000000000000608    0.0000000000000622    0.0000000000000611
141.0    0.0000000000000636    0.0000000000000641    0.0000000000000629    0.0000000000000642    0.0000000000000631
143.0    0.0000000000000654    0.0000000000000660    0.0000000000000646    0.0000000000000659    0.0000000000000649
145.0    0.0000000000000669    0.0000000000000675    0.0000000000000662    0.0000000000000674    0.0000000000000664
147.0    0.0000000000000682    0.0000000000000685    0.0000000000000676    0.0000000000000686    0.0000000000000678
149.0    0.0000000000000691    0.0000000000000693    0.0000000000000687    0.0000000000000694    0.0000000000000688
151.0    0.0000000000000699    0.0000000000000699    0.0000000000000696    0.0000000000000701    0.0000000000000697
153.0    0.0000000000000706    0.0000000000000704    0.0000000000000704    0.0000000000000707    0.0000000000000705
155.0    0.0000000000000713    0.0000000000000709    0.0000000000000712    0.0000000000000713    0.0000000000000713
157.0    0.0000000000000720    0.0000000000000715    0.0000000000000720    0.0000000000000721    0.0000000000000721
159.0    0.0000000000000729    0.0000000000000723    0.0000000000000728    0.0000000000000729    0.0000000000000730
161.0    0.0000000000000738    0.0000000000000733    0.0000000000000737    0.0000000000000739    0.0000000000000739
163.0    0.0000000000000749    0.0000000000000746    0.0000000000000747    0.0000000000000751    0.0000000000000749
165.0    0.0000000000000761    0.0000000000000760    0.0000000000000758    0.0000000000000764    0.0000000000000760
167.0    0.0000000000000773    0.0000000000000774    0.0000000000000769    0.0000000000000776    0.0000000000000771
169.0    0.0000000000000785    0.0000000000000788    0.0000000000000780    0.0000000000000789    0.0000000000000782
171.0    0.0000000000000796    0.0000000000000801    0.0000000000000790    0.0000000000000801    0.0000000000000792
173.0    0.0000000000000805    0.0000000000000812    0.0000000000000800    0.0000000000000810    0.0000000000000801
175.0    0.0000000000000813    0.0000000000000820    0.0000000000000808    0.0000000000000817    0.0000000000000809
177.0    0.0000000000000818    0.0000000000000825    0.0000000000000813    0.0000000000000822    0.0000000000000814
179.0    0.0000000000000821    0.0000000000000827    0.0000000000000817    0.0000000000000824    0.0000000000000818
181.0    0.0000000000000822    0.0000000000000826    0.0000000000000820    0.0000000000000824    0.0000000000000820
183.0    0.0000000000000822    0.0000000000000824    0.0000000000000820    0.0000000000000822    0.0000000000000820
185.0    0.0000000000000820    0.0000000000000820    0.0000000000000819    0.0000000000000819    0.0000000000000819
187.0    0.0000000000000817    0.0000000000000816    0.0000000000000818    0.0000000000000816    0.0000000000000817
189.0    0.0000000000000814    0.0000000000000812    0.0000000000000816    0.0000000000000813    0.0000000000000815
191.0    0.0000000000000812    0.0000000000000809    0.0000000000000814    0.0000000000000810    0.0000000000000813
193.0    0.0000000000000810    0.0000000000000807    0.0000000000000812    0.0000000000000809    0.0000000000000811
195.0    0.0000000000000809    0.0000000000000806    0.0000000000000811    0.0000000000000808    0.0000000000000810
197.0    0.0000000000000809    0.0000000000000807    0.0000000000000810    0.0000000000000809    0.0000000000000810
199.0    0.0000000000000810    0.0000000000000809    0.0000000000000810    0.0000000000000810    0.0000000000000810
201.0    0.0000000000000811    0.0000000000000811    0.0000000000000811    0.0000000000000811    0.0000000000000811
203.0    0.0000000000000812    0.0000000000000813    0.0000000000000811    0.0000000000000813    0.0000000000000812
205.0    0.0000000000000813    0.0000000000000815    0.0000000000000812    0.0000000000000814    0.0000000000000813
207.0    0.0000000000000814    0.0000000000000817    0.0000000000000813    0.0000000000000815    0.0000000000000813
209.0    0.0000000000000815    0.0000000000000817    0.0000000000000814    0.0000000000000816    0.0000000000000814
211.0    0.0000000000000815    0.0000000000000817    0.0000000000000814    0.0000000000000815    0.0000000000000813
213.0    0.0000000000000814    0.0000000000000816    0.0000000000000813    0.0000000000000814    0.0000000000000813
215.0    0.0000000000000812    0.0000000000000813    0.0000000000000812    0.0000000000000812    0.0000000000000812
217.0    0.0000000000000810    0.0000000000000811    0.0000000000000811    0.0000000000000810    0.0000000000000810
219.0    0.0000000000000808    0.0000000000000808    0.0000000000000809    0.0000000000000808    0.0000000000000808
221.0    0.0000000000000806    0.0000000000000805    0.0000000000000807    0.0000000000000805    0.0000000000000806
223.0    0.0000000000000804    0.0000000000000803    0.0000000000000805    0.0000000000000803    0.0000000000000805
225.0    0.0000000000000802    0.0000000000000801    0.0000000000000803    0.0000000000000801    0.0000000000000803
227.0    0.0000000000000801    0.0000000000000800    0.0000000000000802    0.0000000000000800    0.0000000000000801
229.0    0.0000000000000799    0.0000000000000799    0.0000000000000800    0.0000000000000799    0.0000000000000800
231.0    0.0000000000000798    0.0000000000000798    0.0000000000000799    0.0000000000000798    0.0000000000000798
233.0    0.0000000000000797    0.0000000000000798    0.0000000000000798    0.0000000000000797    0.0000000000000797
235.0    0.0000000000000796    0.0000000000000798    0.0000000000000796    0.0000000000000796    0.0000000000000796
237.0    0.0000000000000795    0.0000000000000797    0.0000000000000795    0.0000000000000796    0.0000000000000795
239.0    0.0000000000000794    0.0000000000000796    0.0000000000000794    0.0000000000000794    0.0000000000000794
241.0    0.0000000000000792    0.0000000000000795    0.0000000000000792    0.0000000000000793    0.0000000000000792
243.0    0.0000000000000790    0.0000000000000793    0.0000000000000790    0.0000000000000790    0.0000000000000790
245.0    0.0000000000000788    0.0000000000000790    0.0000000000000788    0.0000000000000788    0.0000000000000787
247.0    0.0000000000000785    0.0000000000000787    0.0000000000000785    0.0000000000000784    0.0000000000000785
249.0    0.0000000000000782    0.0000000000000783    0.0000000000000782    0.0000000000000781    0.0000000000000782
251.0    0.0000000000000778    0.0000000000000779    0.0000000000000779    0.0000000000000777    0.0000000000000778
253.0    0.0000000000000774    0.0000000000000775    0.0000000000000775    0.0000000000000773    0.0000000000000774
255.0    0.0000000000000770    0.0000000000000771    0.0000000000000772    0.0000000000000769    0.0000000000000771
257.0    0.0000000000000766    0.0000000000000767    0.0000000000000768    0.0000000000000765    0.0000000000000767
259.0    0.0000000000000762    0.0000000000000763    0.0000000000000764    0.0000000000000761    0.0000000000000763
261.0    0.0000000000000758    0.0000000000000759    0.0000000000000760    0.0000000000000757    0.0000000000000759
263.0    0.0000000000000754    0.0000000000000755    0.0000000000000756    0.0000000000000753    0.0000000000000755
265.0    0.0000000000000751    0.0000000000000751    0.0000000000000752    0.0000000000000749    0.0000000000000751
267.0    0.0000000000000747    0.0000000000000748    0.0000000000000748    0.0000000000000746    0.0000000000000747
269.0    0.0000000000000743    0.0000000000000744    0.0000000000000744    0.0000000000000742    0.0000000000000743
271.0    0.0000000000000739    0.0000000000000740    0.0000000000000741    0.0000000000000738    0.0000000000000739
273.0    0.0000000000000735    0.0000000000000736    0.0000000000000737    0.0000000000000734    0.0000000000000735
275.0    0.0000000000000731    0.0000000000000732    0.0000000000000732    0.0000000000000729    0.0000000000000731
277.0    0.0000000000000726    0.0000000000000728    0.0000000000000728    0.0000000000000725    0.0000000000000727
279.0    0.0000000000000722    0.0000000000000723    0.0000000000000724    0.0000000000000721    0.0000000000000723
281.0    0.0000000000000718    0.0000000000000718    0.0000000000000720    0.0000000000000716    0.0000000000000718
283.0    0.0000000000000713    0.0000000000000713    0.0000000000000715    0.0000000000000711    0.0000000000000714
285.0    0.0000000000000709    0.0000000000000709    0.0000000000000711    0.0000000000000707    0.0000000000000709
287.0    0.0000000000000704    0.0000000000000704    0.0000000000000707    0.0000000000000702    0.0000000000000705
289.0    0.0000000000000700    0.0000000000000699    0.0000000000000702    0.0000000000000698    0.0000000000000701
291.0    0.0000000000000696    0.0000000000000695    0.0000000000000698    0.0000000000000694    0.0000000000000697
293.0    0.0000000000000692    0.0000000000000690    0.0000000000000694    0.0000000000000690    0.0000000000000692
295.0    0.0000000000000688    0.0000000000000687    0.0000000000000690    0.0000000000000686    0.0000000000000689
297.0    0.0000000000000684    0.0000000000000683    0.0000000000000687    0.0000000000000683    0.0000000000000685
299.0    0.0000000000000681    0.0000000000000680    0.0000000000000683    0.0000000000000680    0.0000000000000682
301.0    0.0000000000000678    0.0000000000000677    0.0000000000000680    0.0000000000000677    0.0000000000000679
303.0    0.0000000000000675    0.0000000000000675    0.0000000000000677    0.0000000000000674    0.0000000000000676
305.0    0.0000000000000673    0.0000000000000672    0.0000000000000675    0.0000000000000672    0.0000000000000674
307.0    0.0000000000000671    0.0000000000000670    0.0000000000000672    0.0000000000000670    0.0000000000000671
309.0    0.0000000000000669    0.0000000000000668    0.0000000000000670    0.0000000000000668    0.0000000000000669
311.0    0.0000000000000667    0.0000000000000666    0.0000000000000668    0.0000000000000666    0.0000000000000667
313.0    0.0000000000000665    0.0000000000000665    0.0000000000000666    0.0000000000000664    0.0000000000000665
315.0    0.0000000000000663    0.0000000000000663    0.0000000000000664    0.0000000000000662    0.0000000000000663
317.0    0.0000000000000661    0.0000000000000661    0.0000000000000662    0.0000000000000661    0.0000000000000662
319.0    0.0000000000000660    0.0000000000000660    0.0000000000000661    0.0000000000000659    0.0000000000000660
321.0    0.0000000000000658    0.0000000000000658    0.0000000000000659    0.0000000000000657    0.0000000000000658
323.0    0.0000000000000657    0.0000000000000657    0.0000000000000657    0.0000000000000656    0.0000000000000657
325.0    0.0000000000000655    0.0000000000000655    0.0000000000000656    0.0000000000000654    0.0000000000000655
327.0    0.0000000000000654    0.0000000000000654    0.0000000000000654    0.0000000000000653    0.0000000000000654
329.0    0.0000000000000652    0.0000000000000652    0.0000000000000653    0.0000000000000651    0.0000000000000652
331.0    0.0000000000000650    0.0000000000000651    0.0000000000000651    0.0000000000000650    0.0000000000000651
333.0    0.0000000000000649    0.0000000000000650    0.0000000000000650    0.0000000000000648    0.0000000000000649
335.0    0.0000000000000647    0.0000000000000648    0.0000000000000648    0.0000000000000647    0.0000000000000647
337.0    0.0000000000000646    0.0000000000000646    0.0000000000000646    0.0000000000000645    0.0000000000000646
339.0    0.0000000000000644    0.0000000000000645    0.0000000000000644    0.0000000000000643    0.0000000000000644
341.0    0.0000000000000642    0.0000000000000643    0.0000000000000643    0.0000000000000641    0.0000000000000642
343.0    0.0000000000000640    0.0000000000000641    0.0000000000000641    0.0000000000000639    0.0000000000000640
345.0    0.0000000000000638    0.0000000000000639    0.0000000000000639    0.0000000000000637    0.0000000000000638
347.0    0.0000000000000635    0.0000000000000637    0.0000000000000636    0.0000000000000635    0.0000000000000636
349.0    0.0000000000000633    0.0000000000000634    0.0000000000000634    0.0000000000000632    0.0000000000000633
351.0    0.0000000000000631    0.0000000000000632    0.0000000000000632    0.0000000000000630    0.0000000000000631
353.0    0.0000000000000628    0.0000000000000629    0.0000000000000629    0.0000000000000627    0.0000000000000628
355.0    0.0000000000000625    0.0000000000000627    0.0000000000000627    0.0000000000000624    0.0000000000000626
357.0    0.0000000000000622    0.0000000000000624    0.0000000000000624    0.0000000000000621    0.0000000000000623
359.0    0.0000000000000619    0.0000000000000621    0.0000000000000621    0.0000000000000618    0.0000000000000620
361.0    0.0000000000000616    0.0000000000000618    0.0000000000000618    0.0000000000000615    0.0000000000000617
363.0    0.0000000000000613    0.0000000000000614    0.0000000000000615    0.0000000000000612    0.0000000000000614
365.0    0.0000000000000610    0.0000000000000611    0.0000000000000612    0.0000000000000608    0.0000000000000610
367.0    0.0000000000000606    0.0000000000000608    0.0000000000000608    0.0000000000000605    0.0000000000000607
369.0    0.0000000000000603    0.0000000000000604    0.0000000000000605    0.0000000000000601    0.0000000000000603
371.0    0.0000000000000599    0.0000000000000601    0.0000000000000601    0.0000000000000597    0.0000000000000600
373.0    0.0000000000000595    0.0000000000000597    0.0000000000000598    0.0000000000000594    0.0000000000000596
375.0    0.0000000000000591    0.0000000000000593    0.0000000000000594    0.0000000000000590    0.0000000000000592
377.0    0.0000000000000587    0.0000000000000589    0.0000000000000590    0.0000000000000586    0.0000000000000588
379.0    0.0000000000000583    0.0000000000000585    0.0000000000000586    0.0000000000000581    0.0000000000000584
381.0    0.0000000000000579    0.0000000000000581    0.0000000000000582    0.0000000000000577    0.0000000000000580
383.0    0.0000000000000575    0.0000000000000577    0.0000000000000578    0.0000000000000573    0.0000000000000576
385.0    0.0000000000000571    0.0000000000000572    0.0000000000000573    0.0000000000000568    0.0000000000000572
387.0    0.0000000000000566    0.0000000000000568    0.0000000000000569    0.0000000000000564    0.0000000000000567
389.0    0.0000000000000562    0.0000000000000563    0.0000000000000564    0.0000000000000559    0.0000000000000563
391.0    0.0000000000000557    0.0000000000000558    0.0000000000000560    0.0000000000000555    0.0000000000000558
393.0    0.0000000000000552    0.0000000000000554    0.0000000000000555    0.0000000000000550    0.0000000000000553
395.0    0.0000000000000548    0.0000000000000549    0.0000000000000551    0.0000000000000545    0.0000000000000549
397.0    0.0000000000000543    0.0000000000000544    0.0000000000000546    0.0000000000000540    0.0000000000000544
399.0    0.0000000000000538    0.0000000000000539    0.0000000000000541    0.0000000000000536    0.0000000000000539
401.0    0.0000000000000533    0.0000000000000534    0.0000000000000537    0.0000000000000531    0.0000000000000534
403.0    0.0000000000000528    0.0000000000000529    0.0000000000000532    0.0000000000000526    0.0000000000000530
405.0    0.0000000000000524    0.0000000000000524    0.0000000000000527    0.0000000000000521    0.0000000000000525
407.0    0.0000000000000519    0.0000000000000519    0.0000000000000523    0.0000000000000517    0.0000000000000520
409.0    0.0000000000000515    0.0000000000000514    0.0000000000000518    0.0000000000000512    0.0000000000000516
411.0    0.0000000000000510    0.0000000000000510    0.0000000000000514    0.0000000000000508    0.0000000000000511
413.0    0.0000000000000506    0.0000000000000505    0.0000000000000509    0.0000000000000503    0.0000000000000507
415.0    0.0000000000000502    0.0000000000000501    0.0000000000000505    0.0000000000000499    0.0000000000000503
417.0    0.0000000000000498    0.0000000000000496    0.0000000000000501    0.0000000000000496    0.0000000000000499
419.0    0.0000000000000494    0.0000000000000492    0.0000000000000498    0.0000000000000492    0.0000000000000495
421.0    0.0000000000000491    0.0000000000000488    0.0000000000000494    0.0000000000000489    0.0000000000000492
423.0    0.0000000000000488    0.0000000000000485    0.0000000000000492    0.0000000000000487    0.0000000000000489
425.0    0.0000000000000486    0.0000000000000482    0.0000000000000489    0.0000000000000484    0.0000000000000486
427.0    0.0000000000000484    0.0000000000000479    0.0000000000000487    0.0000000000000483    0.0000000000000484
429.0    0.0000000000000483    0.0000000000000477    0.0000000000000485    0.0000000000000482    0.0000000000000483
431.0    0.0000000000000482    0.0000000000000476    0.0000000000000485    0.0000000000000482    0.0000000000000482
433.0    0.0000000000000483    0.0000000000000475    0.0000000000000484    0.0000000000000482    0.0000000000000482
435.0    0.0000000000000484    0.0000000000000475    0.0000000000000485    0.0000000000000484    0.0000000000000483
437.0    0.0000000000000485    0.0000000000000476    0.0000000000000486    0.0000000000000486    0.0000000000000485
439.0    0.0000000000000488    0.0000000000000477    0.0000000000000489    0.0000000000000489    0.0000000000000487
441.0    0.0000000000000492    0.0000000000000480    0.0000000000000492    0.0000000000000494    0.0000000000000490
443.0    0.0000000000000497    0.0000000000000484    0.0000000000000496    0.0000000000000500    0.0000000000000495
445.0    0.0000000000000503    0.0000000000000489    0.0000000000000502    0.0000000000000507    0.0000000000000501
447.0    0.0000000000000511    0.0000000000000496    0.0000000000000508    0.0000000000000515    0.0000000000000508
449.0    0.0000000000000519    0.0000000000000504    0.0000000000000516    0.0000000000000524    0.0000000000000516
451.0    0.0000000000000530    0.0000000000000514    0.0000000000000526    0.0000000000000536    0.0000000000000526
453.0    0.0000000000000541    0.0000000000000524    0.0000000000000536    0.0000000000000548    0.0000000000000537
455.0    0.0000000000000555    0.0000000000000536    0.0000000000000548    0.0000000000000562    0.0000000000000550
457.0    0.0000000000000569    0.0000000000000551    0.0000000000000561    0.0000000000000578    0.0000000000000565
459.0    0.0000000000000586    0.0000000000000567    0.0000000000000576    0.0000000000000595    0.0000000000000580
461.0    0.0000000000000603    0.0000000000000584    0.0000000000000592    0.0000000000000613    0.0000000000000597
463.0    0.0000000000000622    0.0000000000000603    0.0000000000000610    0.0000000000000634    0.0000000000000615
465.0    0.0000000000000643    0.0000000000000623    0.0000000000000629    0.0000000000000656    0.0000000000000636
467.0    0.0000000000000665    0.0000000000000646    0.0000000000000650    0.0000000000000678    0.0000000000000658
469.0    0.0000000000000688    0.0000000000000670    0.0000000000000672    0.0000000000000702    0.0000000000000681
471.0    0.0000000000000713    0.0000000000000695    0.0000000000000695    0.0000000000000728    0.0000000000000705
473.0    0.0000000000000738    0.0000000000000721    0.0000000000000720    0.0000000000000755    0.0000000000000729
475.0    0.0000000000000765    0.0000000000000749    0.0000000000000746    0.0000000000000782    0.0000000000000756
477.0    0.0000000000000793    0.0000000000000779    0.0000000000000772    0.0000000000000811    0.0000000000000784
479.0    0.0000000000000822    0.0000000000000809    0.0000000000000799    0.0000000000000841    0.0000000000000813
481.0    0.0000000000000852    0.0000000000000839    0.0000000000000828    0.0000000000000870    0.0000000000000842
483.0    0.0000000000000882    0.0000000000000870    0.0000000000000858    0.0000000000000901    0.0000000000000871
485.0    0.0000000000000913    0.0000000000000902    0.0000000000000886    0.0000000000000932    0.0000000000000901
487.0    0.0000000000000942    0.0000000000000935    0.0000000000000916    0.0000000000000962    0.0000000000000932
489.0    0.0000000000000973    0.0000000000000968    0.0000000000000946    0.0000000000000994    0.0000000000000963
491.0    0.0000000000001004    0.0000000000000999    0.0000000000000977    0.0000000000001025    0.0000000000000994
493.0    0.0000000000001034    0.0000000000001031    0.0000000000001006    0.0000000000001054    0.0000000000001024
495.0    0.0000000000001064    0.0000000000001063    0.0000000000001035    0.0000000000001084    0.0000000000001053
497.0    0.0000000000001092    0.0000000000001094    0.0000000000001065    0.0000000000001113    0.0000000000001083
499.0    0.0000000000001121    0.0000000000001124    0.0000000000001094    0.0000000000001141    0.0000000000001112
501.0    0.0000000000001149    0.0000000000001153    0.0000000000001122    0.0000000000001168    0.0000000000001141
503.0    0.0000000000001176    0.0000000000001180    0.0000000000001148    0.0000000000001195    0.0000000000001167
505.0    0.0000000000001201    0.0000000000001208    0.0000000000001175    0.0000000000001219    0.0000000000001192
507.0    0.0000000000001225    0.0000000000001234    0.0000000000001201    0.0000000000001243    0.0000000000001217
509.0    0.0000000000001248    0.0000000000001258    0.0000000000001224    0.0000000000001266    0.0000000000001241
511.0    0.0000000000001270    0.0000000000001280    0.0000000000001246    0.0000000000001286    0.0000000000001264
513.0    0.0000000000001291    0.0000000000001301    0.0000000000001268    0.0000000000001305    0.0000000000001284
515.0    0.0000000000001310    0.0000000000001321    0.0000000000001289    0.0000000000001323    0.0000000000001303
517.0    0.0000000000001328    0.0000000000001339    0.0000000000001307    0.0000000000001340    0.0000000000001322
519.0    0.0000000000001344    0.0000000000001356    0.0000000000001324    0.0000000000001355    0.0000000000001338
521.0    0.0000000000001358    0.0000000000001370    0.0000000000001340    0.0000000000001369    0.0000000000001354
523.0    0.0000000000001371    0.0000000000001383    0.0000000000001355    0.0000000000001381    0.0000000000001367
525.0    0.0000000000001383    0.0000000000001395    0.0000000000001368    0.0000000000001391    0.0000000000001379
527.0    0.0000000000001393    0.0000000000001405    0.0000000000001379    0.0000000000001401    0.0000000000001390
529.0    0.0000000000001402    0.0000000000001414    0.0000000000001390    0.0000000000001409    0.0000000000001399
531.0    0.0000000000001409    0.0000000000001421    0.0000000000001399    0.0000000000001415    0.0000000000001407
533.0    0.0000000000001415    0.0000000000001427    0.0000000000001406    0.0000000000001420    0.0000000000001414
535.0    0.0000000000001421    0.0000000000001432    0.0000000000001412    0.0000000000001425    0.0000000000001419
537.0    0.0000000000001425    0.0000000000001435    0.0000000000001418    0.0000000000001428    0.0000000000001423
539.0    0.0000000000001427    0.0000000000001437    0.0000000000001422    0.0000000000001430    0.0000000000001426
541.0    0.0000000000001429    0.0000000000001438    0.0000000000001425    0.0000000000001431    0.0000000000001429
543.0    0.0000000000001430    0.0000000000001438    0.0000000000001427    0.0000000000001432    0.0000000000001430
545.0    0.0000000000001431    0.0000000000001438    0.0000000000001428    0.0000000000001432    0.0000000000001430
547.0    0.0000000000001430    0.0000000000001436    0.0000000000001429    0.0000000000001431    0.0000000000001430
549.0    0.0000000000001430    0.0000000000001434    0.0000000000001429    0.0000000000001430    0.0000000000001429
551.0    0.0000000000001428    0.0000000000001431    0.0000000000001428    0.0000000000001428    0.0000000000001427
553.0    0.0000000000001427    0.0000000000001428    0.0000000000001427    0.0000000000001427    0.0000000000001425
555.0    0.0000000000001426    0.0000000000001424    0.0000000000001426    0.0000000000001426    0.0000000000001423
557.0    0.0000000000001424    0.0000000000001420    0.0000000000001425    0.0000000000001426    0.0000000000001420
559.0    0.0000000000001424    0.0000000000001416    0.0000000000001425    0.0000000000001426    0.0000000000001418
561.0    0.0000000000001424    0.0000000000001412    0.0000000000001425    0.0000000000001427    0.0000000000001416
563.0    0.0000000000001425    0.0000000000001408    0.0000000000001425    0.0000000000001430    0.0000000000001415
565.0    0.0000000000001428    0.0000000000001404    0.0000000000001427    0.0000000000001436    0.0000000000001414
567.0    0.0000000000001434    0.0000000000001401    0.0000000000001432    0.0000000000001444    0.0000000000001415
569.0    0.0000000000001442    0.0000000000001398    0.0000000000001438    0.0000000000001456    0.0000000000001418
571.0    0.0000000000001454    0.0000000000001397    0.0000000000001448    0.0000000000001474    0.0000000000001423
573.0    0.0000000000001472    0.0000000000001398    0.0000000000001461    0.0000000000001497    0.0000000000001431
575.0    0.0000000000001495    0.0000000000001401    0.0000000000001480    0.0000000000001528    0.0000000000001444
577.0    0.0000000000001527    0.0000000000001407    0.0000000000001507    0.0000000000001570    0.0000000000001461
579.0    0.0000000000001567    0.0000000000001416    0.0000000000001540    0.0000000000001625    0.0000000000001484
581.0    0.0000000000001621    0.0000000000001430    0.0000000000001584    0.0000000000001693    0.0000000000001517
583.0    0.0000000000001691    0.0000000000001451    0.0000000000001642    0.0000000000001783    0.0000000000001560
585.0    0.0000000000001780    0.0000000000001479    0.0000000000001718    0.0000000000001897    0.0000000000001617
587.0    0.0000000000001893    0.0000000000001519    0.0000000000001810    0.0000000000002035    0.0000000000001691
589.0    0.0000000000002029    0.0000000000001569    0.0000000000001926    0.0000000000002215    0.0000000000001782
591.0    0.0000000000002207    0.0000000000001634    0.0000000000002077    0.0000000000002439    0.0000000000001896
593.0    0.0000000000002428    0.0000000000001721    0.0000000000002267    0.0000000000002706    0.0000000000002047
595.0    0.0000000000002703    0.0000000000001834    0.0000000000002493    0.0000000000003051    0.0000000000002237
597.0    0.0000000000003043    0.0000000000001979    0.0000000000002772    0.0000000000003475    0.0000000000002476
599.0    0.0000000000003444    0.0000000000002155    0.0000000000003131    0.0000000000003973    0.0000000000002759
601.0    0.0000000000003956    0.0000000000002377    0.0000000000003573    0.0000000000004610    0.0000000000003110
603.0    0.0000000000004581    0.0000000000002666    0.0000000000004091    0.0000000000005386    0.0000000000003560
605.0    0.0000000000005346    0.0000000000003028    0.0000000000004721    0.0000000000006287    0.0000000000004116
607.0    0.0000000000006274    0.0000000000003480    0.0000000000005520    0.0000000000007373    0.0000000000004800
609.0    0.0000000000007402    0.0000000000004017    0.0000000000006493    0.0000000000008743    0.0000000000005598
611.0    0.0000000000008762    0.0000000000004680    0.0000000000007617    0.0000000000010392    0.0000000000006568
613.0    0.0000000000010330    0.0000000000005526    0.0000000000008970    0.0000000000012285    0.0000000000007793
615.0    0.0000000000012289    0.0000000000006567    0.0000000000010664    0.0000000000014654    0.0000000000009280
617.0    0.0000000000014630    0.0000000000007843    0.0000000000012699    0.0000000000017480    0.0000000000011079
619.0    0.0000000000017432    0.0000000000009333    0.0000000000015026    0.0000000000020695    0.0000000000013249
621.0    0.0000000000020761    0.0000000000011139    0.0000000000017792    0.0000000000024682    0.0000000000015734
623.0    0.0000000000024547    0.0000000000013408    0.0000000000021216    0.0000000000029397    0.0000000000018699
625.0    0.0000000000029205    0.0000000000016152    0.0000000000025284    0.0000000000034716    0.0000000000022378
627.0    0.0000000000034693    0.0000000000019461    0.0000000000029879    0.0000000000041256    0.0000000000026760
629.0    0.0000000000041167    0.0000000000023265    0.0000000000035283    0.0000000000048923    0.0000000000031965
631.0    0.0000000000048748    0.0000000000027800    0.0000000000041895    0.0000000000057497    0.0000000000037842
633.0    0.0000000000057640    0.0000000000033407    0.0000000000049662    0.0000000000067949    0.0000000000044749
635.0    0.0000000000067994    0.0000000000040080    0.0000000000058338    0.0000000000080100    0.0000000000053194
637.0    0.0000000000079535    0.0000000000047996    0.0000000000068427    0.0000000000093570    0.0000000000063104
639.0    0.0000000000093457    0.0000000000056955    0.0000000000080634    0.0000000000109850    0.0000000000074697
641.0    0.0000000000109533    0.0000000000067470    0.0000000000094808    0.0000000000128614    0.0000000000088218
643.0    0.0000000000128114    0.0000000000080267    0.0000000000110468    0.0000000000149239    0.0000000000103220
645.0    0.0000000000149446    0.0000000000095253    0.0000000000128473    0.0000000000173952    0.0000000000120542
647.0    0.0000000000172889    0.0000000000112745    0.0000000000150019    0.0000000000202191    0.0000000000141353
649.0    0.0000000000200771    0.0000000000132237    0.0000000000174749    0.0000000000232966    0.0000000000165337
651.0    0.0000000000232513    0.0000000000154757    0.0000000000201768    0.0000000000269525    0.0000000000192892
653.0    0.0000000000268669    0.0000000000181738    0.0000000000232489    0.0000000000310943    0.0000000000223023
655.0    0.0000000000309595    0.0000000000212828    0.0000000000268842    0.0000000000355694    0.0000000000257307
657.0    0.0000000000353938    0.0000000000248539    0.0000000000310089    0.0000000000405929    0.0000000000297899
659.0    0.0000000000405931    0.0000000000287712    0.0000000000354655    0.0000000000464927    0.0000000000343980
661.0    0.0000000000464286    0.0000000000332267    0.0000000000404762    0.0000000000531010    0.0000000000396132
663.0    0.0000000000529793    0.0000000000384810    0.0000000000463393    0.0000000000601600    0.0000000000452331
665.0    0.0000000000602893    0.0000000000444389    0.0000000000529156    0.0000000000683791    0.0000000000515347
667.0    0.0000000000684470    0.0000000000511724    0.0000000000599417    0.0000000000775059    0.0000000000588870
669.0    0.0000000000774981    0.0000000000584435    0.0000000000677535    0.0000000000871715    0.0000000000671084
671.0    0.0000000000871110    0.0000000000665840    0.0000000000767917    0.0000000000983283    0.0000000000762735
673.0    0.0000000000981588    0.0000000000760336    0.0000000000868130    0.0000000001106107    0.0000000000864591
675.0    0.0000000001103125    0.0000000000865762    0.0000000000974003    0.0000000001235060    0.0000000000972430
677.0    0.0000000001236778    0.0000000000982997    0.0000000001090397    0.0000000001382623    0.0000000001091228
679.0    0.0000000001382964    0.0000000001107604    0.0000000001223554    0.0000000001543664    0.0000000001227396
681.0    0.0000000001536020    0.0000000001244922    0.0000000001369492    0.0000000001711282    0.0000000001376911
683.0    0.0000000001709415    0.0000000001401808    0.0000000001521944    0.0000000001901429    0.0000000001540571
685.0    0.0000000001897457    0.0000000001574018    0.0000000001687668    0.0000000002107150    0.0000000001711311
687.0    0.0000000002101213    0.0000000001762418    0.0000000001875127    0.0000000002319416    0.0000000001896640
689.0    0.0000000002320901    0.0000000001959514    0.0000000002078202    0.0000000002558123    0.0000000002105948
691.0    0.0000000002557537    0.0000000002173285    0.0000000002287962    0.0000000002814131    0.0000000002332298
693.0    0.0000000002811196    0.0000000002413661    0.0000000002513412    0.0000000003075999    0.0000000002576316
695.0    0.0000000003071477    0.0000000002673228    0.0000000002765552    0.0000000003367914    0.0000000002827149
697.0    0.0000000003360443    0.0000000002952590    0.0000000003035533    0.0000000003678266    0.0000000003095408
699.0    0.0000000003667539    0.0000000003240217    0.0000000003311253    0.0000000003992956    0.0000000003393902
701.0    0.0000000003993462    0.0000000003547232    0.0000000003604251    0.0000000004325047    0.0000000003711801
703.0    0.0000000004337820    0.0000000003886967    0.0000000003928232    0.0000000004690972    0.0000000004049316
705.0    0.0000000004686097    0.0000000004247848    0.0000000004271095    0.0000000005075518    0.0000000004406541
707.0    0.0000000005067202    0.0000000004614691    0.0000000004617288    0.0000000005460937    0.0000000004767218
709.0    0.0000000005466392    0.0000000005001282    0.0000000004981005    0.0000000005881905    0.0000000005146097
711.0    0.0000000005883795    0.0000000005423625    0.0000000005378616    0.0000000006320421    0.0000000005560170
713.0    0.0000000006318455    0.0000000005866386    0.0000000005794496    0.0000000006756081    0.0000000005993086
715.0    0.0000000006751727    0.0000000006328995    0.0000000006209639    0.0000000007227743    0.0000000006444290
717.0    0.0000000007218995    0.0000000006791737    0.0000000006640841    0.0000000007714754    0.0000000006893090
719.0    0.0000000007701369    0.0000000007271578    0.0000000007106858    0.0000000008194342    0.0000000007357528
721.0    0.0000000008198268    0.0000000007787394    0.0000000007588574    0.0000000008708993    0.0000000007857549
723.0    0.0000000008708222    0.0000000008319253    0.0000000008063965    0.0000000009235712    0.0000000008372321
725.0    0.0000000009230362    0.0000000008865795    0.0000000008552108    0.0000000009749832    0.0000000008900610
727.0    0.0000000009763075    0.0000000009403711    0.0000000009073638    0.0000000010296692    0.0000000009418252
729.0    0.0000000010283342    0.0000000009952532    0.0000000009606403    0.0000000010851391    0.0000000009945922
731.0    0.0000000010833015    0.0000000010533008    0.0000000010126169    0.0000000011388064    0.0000000010505542
733.0    0.0000000011388942    0.0000000011121615    0.0000000010653767    0.0000000011953850    0.0000000011072800
735.0    0.0000000011949669    0.0000000011716492    0.0000000011210983    0.0000000012522718    0.0000000011645992
737.0    0.0000000012513417    0.0000000012292483    0.0000000011773500    0.0000000013068200    0.0000000012223342
739.0    0.0000000013055967    0.0000000012870700    0.0000000012315973    0.0000000013638167    0.0000000012778882
741.0    0.0000000013620854    0.0000000013472323    0.0000000012860317    0.0000000014206136    0.0000000013334992
743.0    0.0000000014183833    0.0000000014072254    0.0000000013428625    0.0000000014745945    0.0000000013914100
745.0    0.0000000014743146    0.0000000014668477    0.0000000013995567    0.0000000015304992    0.0000000014490225
747.0    0.0000000015297300    0.0000000015236450    0.0000000014536000    0.0000000015857155    0.0000000015061583
749.0    0.0000000015822808    0.0000000015797323    0.0000000015072058    0.0000000016377227    0.0000000015603055
751.0    0.0000000016361946    0.0000000016371438    0.0000000015625317    0.0000000016888145    0.0000000016136942
753.0    0.0000000016891442    0.0000000016934415    0.0000000016170642    0.0000000017411075    0.0000000016684533
755.0    0.0000000017409554    0.0000000017484531    0.0000000016684527    0.0000000017921500    0.0000000017220867
757.0    0.0000000017915408    0.0000000018000058    0.0000000017188367    0.0000000018396636    0.0000000017744500
759.0    0.0000000018407400    0.0000000018500854    0.0000000017702367    0.0000000018878600    0.0000000018233273
761.0    0.0000000018884867    0.0000000019005131    0.0000000018203017    0.0000000019344873    0.0000000018707917
763.0    0.0000000019328417    0.0000000019491346    0.0000000018669373    0.0000000019775091    0.0000000019187433
765.0    0.0000000019774162    0.0000000019958546    0.0000000019121342    0.0000000020207617    0.0000000019649800
767.0    0.0000000020203017    0.0000000020389208    0.0000000019577083    0.0000000020622382    0.0000000020094233
769.0    0.0000000020613900    0.0000000020800754    0.0000000020015792    0.0000000021001682    0.0000000020520083
771.0    0.0000000021006858    0.0000000021208446    0.0000000020419745    0.0000000021379733    0.0000000020910400
773.0    0.0000000021366608    0.0000000021594985    0.0000000020806783    0.0000000021739082    0.0000000021282600
775.0    0.0000000021722962    0.0000000021960223    0.0000000021192633    0.0000000022064900    0.0000000021651842
777.0    0.0000000022060867    0.0000000022291458    0.0000000021559708    0.0000000022386842    0.0000000022001358
779.0    0.0000000022379915    0.0000000022602923    0.0000000021893855    0.0000000022690273    0.0000000022331133
781.0    0.0000000022680758    0.0000000022906477    0.0000000022210458    0.0000000022963109    0.0000000022628945
783.0    0.0000000022963169    0.0000000023189631    0.0000000022522558    0.0000000023230500    0.0000000022908783
785.0    0.0000000023228008    0.0000000023452854    0.0000000022816158    0.0000000023480545    0.0000000023182417
787.0    0.0000000023465858    0.0000000023687858    0.0000000023080536    0.0000000023703636    0.0000000023437608
789.0    0.0000000023697062    0.0000000023905438    0.0000000023328367    0.0000000023920667    0.0000000023674908
791.0    0.0000000023912300    0.0000000024114338    0.0000000023570183    0.0000000024122245    0.0000000023886264
793.0    0.0000000024111854    0.0000000024306254    0.0000000023795292    0.0000000024300918    0.0000000024082275
795.0    0.0000000024296842    0.0000000024482100    0.0000000023996073    0.0000000024466627    0.0000000024271475
797.0    0.0000000024461200    0.0000000024637000    0.0000000024182583    0.0000000024626708    0.0000000024445733
799.0    0.0000000024619423    0.0000000024778623    0.0000000024363025    0.0000000024774491    0.0000000024605925
801.0    0.0000000024765508    0.0000000024913054    0.0000000024529683    0.0000000024904936    0.0000000024752950
803.0    0.0000000024900008    0.0000000025035285    0.0000000024677364    0.0000000025030758    0.0000000024882400
805.0    0.0000000025024092    0.0000000025146346    0.0000000024813775    0.0000000025146991    0.0000000025001308
807.0    0.0000000025134058    0.0000000025243608    0.0000000024945275    0.0000000025249800    0.0000000025115233
809.0    0.0000000025239954    0.0000000025332292    0.0000000025066458    0.0000000025349508    0.0000000025219683
811.0    0.0000000025338133    0.0000000025416515    0.0000000025173836    0.0000000025442300    0.0000000025315608
813.0    0.0000000025429215    0.0000000025493500    0.0000000025273333    0.0000000025525336    0.0000000025400418
815.0    0.0000000025514342    0.0000000025564185    0.0000000025369800    0.0000000025607050    0.0000000025479008
817.0    0.0000000025594192    0.0000000025627133    0.0000000025459583    0.0000000025684482    0.0000000025555375
819.0    0.0000000025669800    0.0000000025685892    0.0000000025540218    0.0000000025755336    0.0000000025626817
821.0    0.0000000025739067    0.0000000025743469    0.0000000025616325    0.0000000025826858    0.0000000025694200
823.0    0.0000000025808608    0.0000000025798300    0.0000000025691783    0.0000000025896664    0.0000000025755827
825.0    0.0000000025876350    0.0000000025849167    0.0000000025761127    0.0000000025962582    0.0000000025815250
827.0    0.0000000025943031    0.0000000025899008    0.0000000025828292    0.0000000026031358    0.0000000025875742
829.0    0.0000000026009475    0.0000000025950462    0.0000000025896842    0.0000000026100791    0.0000000025935483
831.0    0.0000000026073733    0.0000000026002300    0.0000000025964667    0.0000000026168573    0.0000000025995242
833.0    0.0000000026141931    0.0000000026055323    0.0000000026029745    0.0000000026241583    0.0000000026055842
835.0    0.0000000026212108    0.0000000026108042    0.0000000026095558    0.0000000026317455    0.0000000026115373
837.0    0.0000000026285008    0.0000000026163208    0.0000000026165783    0.0000000026393455    0.0000000026177017
839.0    0.0000000026361308    0.0000000026223777    0.0000000026238333    0.0000000026477200    0.0000000026244308
841.0    0.0000000026441792    0.0000000026288354    0.0000000026310709    0.0000000026565927    0.0000000026315300
843.0    0.0000000026527008    0.0000000026357646    0.0000000026386600    0.0000000026656155    0.0000000026390750
845.0    0.0000000026613967    0.0000000026429308    0.0000000026470117    0.0000000026752200    0.0000000026467800
847.0    0.0000000026710600    0.0000000026506646    0.0000000026558825    0.0000000026859525    0.0000000026550275
849.0    0.0000000026813892    0.0000000026593631    0.0000000026649255    0.0000000026974382    0.0000000026642642
851.0    0.0000000026924654    0.0000000026688031    0.0000000026745725    0.0000000027092009    0.0000000026742142
853.0    0.0000000027043308    0.0000000026790492    0.0000000026853350    0.0000000027223708    0.0000000026849417
855.0    0.0000000027165317    0.0000000026897183    0.0000000026968742    0.0000000027364673    0.0000000026965167
857.0    0.0000000027301446    0.0000000027012669    0.0000000027087100    0.0000000027508918    0.0000000027084545
859.0    0.0000000027447133    0.0000000027142508    0.0000000027213875    0.0000000027670075    0.0000000027212917
861.0    0.0000000027603169    0.0000000027282969    0.0000000027355442    0.0000000027842064    0.0000000027356892
863.0    0.0000000027769833    0.0000000027434654    0.0000000027507133    0.0000000028017427    0.0000000027511675
865.0    0.0000000027940450    0.0000000027591625    0.0000000027662436    0.0000000028212500    0.0000000027677892
867.0    0.0000000028129669    0.0000000027760146    0.0000000027828108    0.0000000028419745    0.0000000027848300
869.0    0.0000000028330817    0.0000000027948038    0.0000000028012342    0.0000000028629991    0.0000000028030275
871.0    0.0000000028544608    0.0000000028149308    0.0000000028208642    0.0000000028862583    0.0000000028232700
873.0    0.0000000028771017    0.0000000028364492    0.0000000028408409    0.0000000029108355    0.0000000028448417
875.0    0.0000000029010731    0.0000000028584792    0.0000000028620208    0.0000000029356236    0.0000000028677833
877.0    0.0000000029263617    0.0000000028818838    0.0000000028854017    0.0000000029628942    0.0000000028910791
879.0    0.0000000029519242    0.0000000029076908    0.0000000029101325    0.0000000029915318    0.0000000029157083
881.0    0.0000000029799062    0.0000000029350200    0.0000000029351164    0.0000000030202418    0.0000000029428217
883.0    0.0000000030092492    0.0000000029638985    0.0000000029613967    0.0000000030516367    0.0000000029714117
885.0    0.0000000030400000    0.0000000029931300    0.0000000029901842    0.0000000030844055    0.0000000030014850
887.0    0.0000000030721133    0.0000000030238315    0.0000000030203883    0.0000000031170600    0.0000000030330492
889.0    0.0000000031042467    0.0000000030572869    0.0000000030506518    0.0000000031509618    0.0000000030646855
891.0    0.0000000031390623    0.0000000030923046    0.0000000030822325    0.0000000031877333    0.0000000030976975
893.0    0.0000000031751983    0.0000000031288662    0.0000000031165475    0.0000000032258027    0.0000000031335733
895.0    0.0000000032126669    0.0000000031654442    0.0000000031522458    0.0000000032634245    0.0000000031708858
897.0    0.0000000032513983    0.0000000032034169    0.0000000031877245    0.0000000033039817    0.0000000032096100
899.0    0.0000000032897533    0.0000000032443192    0.0000000032244433    0.0000000033457091    0.0000000032480009
901.0    0.0000000033308854    0.0000000032866185    0.0000000032640150    0.0000000033866982    0.0000000032876275
903.0    0.0000000033731450    0.0000000033302623    0.0000000033048408    0.0000000034306100    0.0000000033302175
905.0    0.0000000034165008    0.0000000033734225    0.0000000033450809    0.0000000034755182    0.0000000033740225
907.0    0.0000000034608625    0.0000000034177108    0.0000000033863908    0.0000000035193645    0.0000000034189775
909.0    0.0000000035061885    0.0000000034648700    0.0000000034305500    0.0000000035660600    0.0000000034630636
911.0    0.0000000035523783    0.0000000035130692    0.0000000034757283    0.0000000036135336    0.0000000035080792
913.0    0.0000000035974817    0.0000000035622162    0.0000000035199045    0.0000000036596073    0.0000000035559458
915.0    0.0000000036451685    0.0000000036102708    0.0000000035648933    0.0000000037083900    0.0000000036046417
917.0    0.0000000036934858    0.0000000036590292    0.0000000036126033    0.0000000037577000    0.0000000036540683
919.0    0.0000000037423577    0.0000000037103646    0.0000000036610200    0.0000000038052909    0.0000000037041325
921.0    0.0000000037916825    0.0000000037622377    0.0000000037079973    0.0000000038553917    0.0000000037526118
923.0    0.0000000038393858    0.0000000038145346    0.0000000037554658    0.0000000039057573    0.0000000038015017
925.0    0.0000000038893546    0.0000000038651133    0.0000000038054283    0.0000000039541018    0.0000000038528450
927.0    0.0000000039395142    0.0000000039158785    0.0000000038557358    0.0000000040047333    0.0000000039044217
929.0    0.0000000039897777    0.0000000039687662    0.0000000039041873    0.0000000040553682    0.0000000039561333
931.0    0.0000000040400583    0.0000000040216323    0.0000000039527967    0.0000000041037327    0.0000000040057200
933.0    0.0000000040902731    0.0000000040743731    0.0000000040035883    0.0000000041519527    0.0000000040552517
935.0    0.0000000041403400    0.0000000041248717    0.0000000040543700    0.0000000042021350    0.0000000041067808
937.0    0.0000000041881908    0.0000000041750638    0.0000000041029455    0.0000000042520245    0.0000000041580650
939.0    0.0000000042377431    0.0000000042268569    0.0000000041513567    0.0000000042993973    0.0000000042090117
941.0    0.0000000042869375    0.0000000042781438    0.0000000042016250    0.0000000043485033    0.0000000042574545
943.0    0.0000000043357038    0.0000000043269142    0.0000000042515683    0.0000000043971364    0.0000000043054408
945.0    0.0000000043839983    0.0000000043750692    0.0000000042990636    0.0000000044431600    0.0000000043549800
947.0    0.0000000044298600    0.0000000044244546    0.0000000043461383    0.0000000044907183    0.0000000044039058
949.0    0.0000000044770708    0.0000000044730692    0.0000000043947642    0.0000000045376891    0.0000000044521683
951.0    0.0000000045236883    0.0000000045208700    0.0000000044428358    0.0000000045820300    0.0000000044997258
953.0    0.0000000045696692    0.0000000045660358    0.0000000044883518    0.0000000046277567    0.0000000045446073
955.0    0.0000000046150125    0.0000000046103831    0.0000000045332833    0.0000000046728445    0.0000000045887767
957.0    0.0000000046579150    0.0000000046556431    0.0000000045795333    0.0000000047153591    0.0000000046341058
959.0    0.0000000047019569    0.0000000047000100    0.0000000046251142    0.0000000047591708    0.0000000046786458
961.0    0.0000000047453458    0.0000000047434908    0.0000000046681645    0.0000000048023609    0.0000000047223942
963.0    0.0000000047880800    0.0000000047844858    0.0000000047105817    0.0000000048431000    0.0000000047636000
965.0    0.0000000048301975    0.0000000048246869    0.0000000047541892    0.0000000048851133    0.0000000048040958
967.0    0.0000000048717054    0.0000000048657062    0.0000000047971367    0.0000000049265873    0.0000000048456425
969.0    0.0000000049126550    0.0000000049059577    0.0000000048377018    0.0000000049657773    0.0000000048864917
971.0    0.0000000049514600    0.0000000049454931    0.0000000048777008    0.0000000050062925    0.0000000049266867
973.0    0.0000000049914077    0.0000000049828933    0.0000000049188783    0.0000000050463973    0.0000000049646491
975.0    0.0000000050309242    0.0000000050197369    0.0000000049595250    0.0000000050844200    0.0000000050021000
977.0    0.0000000050700546    0.0000000050575446    0.0000000049980236    0.0000000051238775    0.0000000050407050
979.0    0.0000000051088650    0.0000000050949077    0.0000000050361208    0.0000000051630964    0.0000000050788892
981.0    0.0000000051458758    0.0000000051319062    0.0000000050755042    0.0000000052004473    0.0000000051167283
983.0    0.0000000051842331    0.0000000051672208    0.0000000051145750    0.0000000052376973    0.0000000051542925
985.0    0.0000000052224600    0.0000000052023531    0.0000000051517800    0.0000000052765975    0.0000000051901118
987.0    0.0000000052606223    0.0000000052387877    0.0000000051888100    0.0000000053155245    0.0000000052258208
989.0    0.0000000052987892    0.0000000052752023    0.0000000052273367    0.0000000053528418    0.0000000052630467
991.0    0.0000000053370323    0.0000000053116908    0.0000000052658142    0.0000000053920142    0.0000000053003133
993.0    0.0000000053754133    0.0000000053469267    0.0000000053027118    0.0000000054314109    0.0000000053377050
995.0    0.0000000054124567    0.0000000053823938    0.0000000053396892    0.0000000054693645    0.0000000053737255
997.0    0.0000000054513138    0.0000000054196008    0.0000000053784342    0.0000000055093892    0.0000000054100050
999.0    0.0000000054905017    0.0000000054572146    0.0000000054174092    0.0000000055498191    0.0000000054482033
1001.0    0.0000000055300915    0.0000000054953146    0.0000000054550355    0.0000000055889264    0.0000000054868225
1003.0    0.0000000055701242    0.0000000055324733    0.0000000054929925    0.0000000056303208    0.0000000055259300
1005.0    0.0000000056090317    0.0000000055702146    0.0000000055330083    0.0000000056722700    0.0000000055639245
1007.0    0.0000000056501108    0.0000000056101315    0.0000000055735025    0.0000000057129655    0.0000000056024808
1009.0    0.0000000056917742    0.0000000056507854    0.0000000056128000    0.0000000057561442    0.0000000056433592
1011.0    0.0000000057340846    0.0000000056922246    0.0000000056526375    0.0000000057999909    0.0000000056849442
1013.0    0.0000000057770575    0.0000000057328442    0.0000000056948117    0.0000000058425973    0.0000000057272775
1015.0    0.0000000058189700    0.0000000057742708    0.0000000057376467    0.0000000058878567    0.0000000057703925
1017.0    0.0000000058633454    0.0000000058182177    0.0000000057793464    0.0000000059338518    0.0000000058124673
1019.0    0.0000000059084550    0.0000000058630746    0.0000000058217175    0.0000000059785664    0.0000000058553183
1021.0    0.0000000059543331    0.0000000059088508    0.0000000058666608    0.0000000060260683    0.0000000059008575
1023.0    0.0000000060009675    0.0000000059537308    0.0000000059123717    0.0000000060743291    0.0000000059472558
1025.0    0.0000000060483815    0.0000000059994823    0.0000000059569009    0.0000000061212200    0.0000000059945183
1027.0    0.0000000060965575    0.0000000060479608    0.0000000060021667    0.0000000061688109    0.0000000060406118
1029.0    0.0000000061435292    0.0000000060973446    0.0000000060501733    0.0000000062193108    0.0000000060874992
1031.0    0.0000000061932069    0.0000000061476169    0.0000000060989642    0.0000000062705436    0.0000000061372425
1033.0    0.0000000062436183    0.0000000061967658    0.0000000061464564    0.0000000063202336    0.0000000061878083
1035.0    0.0000000062947638    0.0000000062466992    0.0000000061946675    0.0000000063728833    0.0000000062391758
1037.0    0.0000000063466117    0.0000000062994131    0.0000000062457092    0.0000000064262036    0.0000000062891236
1039.0    0.0000000063970308    0.0000000063528969    0.0000000062974958    0.0000000064778336    0.0000000063397650
1041.0    0.0000000064502038    0.0000000064071092    0.0000000063477927    0.0000000065324375    0.0000000063933058
1043.0    0.0000000065040042    0.0000000064598817    0.0000000063987408    0.0000000065876400    0.0000000064475275
1045.0    0.0000000065584192    0.0000000065132623    0.0000000064525542    0.0000000066409900    0.0000000065023883
1047.0    0.0000000066134017    0.0000000065693623    0.0000000065070117    0.0000000066973117    0.0000000065578567
1049.0    0.0000000066667042    0.0000000066260223    0.0000000065597691    0.0000000067541491    0.0000000066115400
1051.0    0.0000000067227415    0.0000000066809875    0.0000000066130725    0.0000000068089864    0.0000000066657175
1053.0    0.0000000067792608    0.0000000067363915    0.0000000066692308    0.0000000068667767    0.0000000067227275
1055.0    0.0000000068362492    0.0000000067944354    0.0000000067259108    0.0000000069250055    0.0000000067801942
1057.0    0.0000000068936650    0.0000000068528692    0.0000000067806864    0.0000000069810982    0.0000000068380775
1059.0    0.0000000069514946    0.0000000069116569    0.0000000068358950    0.0000000070401317    0.0000000068939109
1061.0    0.0000000070097008    0.0000000069684800    0.0000000068939250    0.0000000070995345    0.0000000069500708
1063.0    0.0000000070659250    0.0000000070255754    0.0000000069499182    0.0000000071566909    0.0000000070089917
1065.0    0.0000000071248277    0.0000000070852054    0.0000000070062700    0.0000000072167825    0.0000000070682117
1067.0    0.0000000071840500    0.0000000071450723    0.0000000070654250    0.0000000072771982    0.0000000071277117
1069.0    0.0000000072435877    0.0000000072051577    0.0000000071249167    0.0000000073352836    0.0000000071849700
1071.0    0.0000000073034200    0.0000000072631217    0.0000000071822327    0.0000000073936564    0.0000000072424575
1073.0    0.0000000073611325    0.0000000073212600    0.0000000072398392    0.0000000074549792    0.0000000073026708
1075.0    0.0000000074215331    0.0000000073819077    0.0000000073002400    0.0000000075166000    0.0000000073631083
1077.0    0.0000000074822075    0.0000000074427338    0.0000000073609283    0.0000000075758291    0.0000000074237667
1079.0    0.0000000075431677    0.0000000075037446    0.0000000074193527    0.0000000076380483    0.0000000074846492
1081.0    0.0000000076044100    0.0000000075625883    0.0000000074780383    0.0000000077005800    0.0000000075432018
1083.0    0.0000000076634742    0.0000000076216192    0.0000000075395500    0.0000000077606927    0.0000000076019717
1085.0    0.0000000077252946    0.0000000076832215    0.0000000076013442    0.0000000078238658    0.0000000076635367
1087.0    0.0000000077874200    0.0000000077450577    0.0000000076608373    0.0000000078873773    0.0000000077253567
1089.0    0.0000000078498708    0.0000000078071462    0.0000000077206125    0.0000000079484655    0.0000000077874525
1091.0    0.0000000079126525    0.0000000078671075    0.0000000077832867    0.0000000080127008    0.0000000078472382
1093.0    0.0000000079757923    0.0000000079273554    0.0000000078462875    0.0000000080773227    0.0000000079073175
1095.0    0.0000000080392983    0.0000000079903377    0.0000000079069836    0.0000000081395255    0.0000000079703417
1097.0    0.0000000081006375    0.0000000080536800    0.0000000079680142    0.0000000082049792    0.0000000080337333
1099.0    0.0000000081649369    0.0000000081174192    0.0000000080320675    0.0000000082708773    0.0000000080975158
1101.0    0.0000000082296625    0.0000000081791042    0.0000000080965200    0.0000000083343564    0.0000000081590373
1103.0    0.0000000082948485    0.0000000082412192    0.0000000081586809    0.0000000084012042    0.0000000082209767
1105.0    0.0000000083605042    0.0000000083062969    0.0000000082212533    0.0000000084685600    0.0000000082860775
1107.0    0.0000000084240025    0.0000000083718962    0.0000000082869992    0.0000000085334855    0.0000000083516817
1109.0    0.0000000084906577    0.0000000084380477    0.0000000083532342    0.0000000086019083    0.0000000084178208
1111.0    0.0000000085578425    0.0000000085022025    0.0000000084171873    0.0000000086708891    0.0000000084845250
1113.0    0.0000000086255946    0.0000000085669285    0.0000000084816367    0.0000000087374227    0.0000000085489927
1115.0    0.0000000086939083    0.0000000086348638    0.0000000085494233    0.0000000088075708    0.0000000086140333
1117.0    0.0000000087628254    0.0000000087034585    0.0000000086177858    0.0000000088783255    0.0000000086825167
1119.0    0.0000000088323383    0.0000000087727369    0.0000000086838518    0.0000000089465927    0.0000000087516533
1121.0    0.0000000088996550    0.0000000088400067    0.0000000087504858    0.0000000090154409    0.0000000088214592
1123.0    0.0000000089703985    0.0000000089079462    0.0000000088206242    0.0000000090880500    0.0000000088889973
1125.0    0.0000000090417733    0.0000000089793146    0.0000000088914025    0.0000000091612964    0.0000000089571883
1127.0    0.0000000091137992    0.0000000090514208    0.0000000089598364    0.0000000092319727    0.0000000090290283
1129.0    0.0000000091864700    0.0000000091242708    0.0000000090288850    0.0000000093065042    0.0000000091015858
1131.0    0.0000000092568467    0.0000000091950217    0.0000000091015833    0.0000000093816764    0.0000000091748650
1133.0    0.0000000093308023    0.0000000092664754    0.0000000091749525    0.0000000094541891    0.0000000092488650
1135.0    0.0000000094053983    0.0000000093415138    0.0000000092458936    0.0000000095306275    0.0000000093204527
1137.0    0.0000000094806438    0.0000000094172931    0.0000000093174608    0.0000000096076918    0.0000000093927075
1139.0    0.0000000095565233    0.0000000094938023    0.0000000093927942    0.0000000096819936    0.0000000094687917
1141.0    0.0000000096299600    0.0000000095680458    0.0000000094687942    0.0000000097602742    0.0000000095455775
1143.0    0.0000000097070646    0.0000000096429477    0.0000000095422409    0.0000000098391427    0.0000000096230525
1145.0    0.0000000097847683    0.0000000097215177    0.0000000096162925    0.0000000099151282    0.0000000096979264
1147.0    0.0000000098630669    0.0000000098007615    0.0000000096941833    0.0000000099951233    0.0000000097734092
1149.0    0.0000000099419292    0.0000000098806508    0.0000000097727008    0.0000000100756636    0.0000000098527958
1151.0    0.0000000100213523    0.0000000099580550    0.0000000098485136    0.0000000101531818    0.0000000099327992
1153.0    0.0000000101012917    0.0000000100360162    0.0000000099248783    0.0000000102346917    0.0000000100133892
1155.0    0.0000000101785333    0.0000000101176692    0.0000000100051242    0.0000000103167091    0.0000000100911545
1157.0    0.0000000102594462    0.0000000101998538    0.0000000100859167    0.0000000103955727    0.0000000101694333
1159.0    0.0000000103408500    0.0000000102825615    0.0000000101638182    0.0000000104784500    0.0000000102516250
1161.0    0.0000000104226769    0.0000000103625500    0.0000000102422167    0.0000000105617000    0.0000000103342917
1163.0    0.0000000105049167    0.0000000104429615    0.0000000103244833    0.0000000106417182    0.0000000104174500
1165.0    0.0000000105842250    0.0000000105270000    0.0000000104071917    0.0000000107220182    0.0000000105010083
1167.0    0.0000000106671923    0.0000000106114308    0.0000000104868818    0.0000000108062667    0.0000000105814636
1169.0    0.0000000107504917    0.0000000106929667    0.0000000105669083    0.0000000108908182    0.0000000106622750
1171.0    0.0000000108341000    0.0000000107748077    0.0000000106508000    0.0000000109719364    0.0000000107469250
1173.0    0.0000000109179417    0.0000000108602000    0.0000000107350250    0.0000000110569583    0.0000000108318750
1175.0    0.0000000110020692    0.0000000109459000    0.0000000108160364    0.0000000111421818    0.0000000109171083
1177.0    0.0000000110863667    0.0000000110317615    0.0000000108973083    0.0000000112238455    0.0000000109990273
1179.0    0.0000000111674917    0.0000000111145417    0.0000000109823500    0.0000000113093833    0.0000000110811333
1181.0    0.0000000112521462    0.0000000111974769    0.0000000110676333    0.0000000113950273    0.0000000111669917
1183.0    0.0000000113369333    0.0000000112838769    0.0000000111495364    0.0000000114770000    0.0000000112530083
1185.0    0.0000000114218000    0.0000000113703538    0.0000000112315917    0.0000000115627667    0.0000000113391250
1187.0    0.0000000115067083    0.0000000114569308    0.0000000113173500    0.0000000116485636    0.0000000114217545
1189.0    0.0000000115883000    0.0000000115402167    0.0000000114032000    0.0000000117306091    0.0000000115044333
1191.0    0.0000000116733000    0.0000000116235077    0.0000000114855545    0.0000000118163750    0.0000000115907417
1193.0    0.0000000117583000    0.0000000117101154    0.0000000115679500    0.0000000119020727    0.0000000116770583
1195.0    0.0000000118432154    0.0000000117966846    0.0000000116539500    0.0000000119839727    0.0000000117633417
1197.0    0.0000000119280833    0.0000000118831769    0.0000000117399250    0.0000000120694750    0.0000000118495667
1199.0    0.0000000120094667    0.0000000119662750    0.0000000118223000    0.0000000121548636    0.0000000119321273
1201.0    0.0000000120941308    0.0000000120492308    0.0000000119045917    0.0000000122364000    0.0000000120145833
1203.0    0.0000000121786417    0.0000000121353692    0.0000000119903917    0.0000000123214500    0.0000000121004917
1205.0    0.0000000122629923    0.0000000122213000    0.0000000120760667    0.0000000124062909    0.0000000121862500
1207.0    0.0000000123471667    0.0000000123070692    0.0000000121580455    0.0000000124872273    0.0000000122718000
1209.0    0.0000000124311000    0.0000000123893250    0.0000000122398583    0.0000000125716250    0.0000000123536000
1211.0    0.0000000125148250    0.0000000124713231    0.0000000123250583    0.0000000126557727    0.0000000124351833
1213.0    0.0000000125949750    0.0000000125563538    0.0000000124100417    0.0000000127359455    0.0000000125200583
1215.0    0.0000000126781692    0.0000000126410846    0.0000000124912636    0.0000000128158727    0.0000000126046417
1217.0    0.0000000127611000    0.0000000127255000    0.0000000125722500    0.0000000128991250    0.0000000126889500
1219.0    0.0000000128437000    0.0000000128063333    0.0000000126564833    0.0000000129820636    0.0000000127694182
1221.0    0.0000000129259833    0.0000000128868538    0.0000000127404167    0.0000000130610273    0.0000000128495833
1223.0    0.0000000130046667    0.0000000129702000    0.0000000128205636    0.0000000131432500    0.0000000129328667
1225.0    0.0000000130862615    0.0000000130531846    0.0000000129003917    0.0000000132251000    0.0000000130157583
1227.0    0.0000000131675000    0.0000000131357385    0.0000000129833500    0.0000000133030455    0.0000000130982750
1229.0    0.0000000132483538    0.0000000132147333    0.0000000130659500    0.0000000133841250    0.0000000131803917
1231.0    0.0000000133288167    0.0000000132932846    0.0000000131447636    0.0000000134648000    0.0000000132586727
1233.0    0.0000000134056750    0.0000000133745538    0.0000000132231917    0.0000000135416091    0.0000000133365417
1235.0    0.0000000134853615    0.0000000134553692    0.0000000133046667    0.0000000136214833    0.0000000134173750
1237.0    0.0000000135646083    0.0000000135356846    0.0000000133856917    0.0000000137009636    0.0000000134977083
1239.0    0.0000000136434615    0.0000000136124667    0.0000000134629909    0.0000000137765636    0.0000000135776083
1241.0    0.0000000137218583    0.0000000136887769    0.0000000135398417    0.0000000138552167    0.0000000136537000
1243.0    0.0000000137998385    0.0000000137676846    0.0000000136196333    0.0000000139334364    0.0000000137293667
1245.0    0.0000000138773917    0.0000000138460769    0.0000000136989750    0.0000000140078636    0.0000000138078583
1247.0    0.0000000139514667    0.0000000139239769    0.0000000137746091    0.0000000140852667    0.0000000138858333
1249.0    0.0000000140281923    0.0000000139983917    0.0000000138497917    0.0000000141622636    0.0000000139633250
1251.0    0.0000000141045083    0.0000000140723462    0.0000000139278333    0.0000000142355364    0.0000000140371364
1253.0    0.0000000141804000    0.0000000141487846    0.0000000140054417    0.0000000143117667    0.0000000141105083
1255.0    0.0000000142558833    0.0000000142247154    0.0000000140793818    0.0000000143876091    0.0000000141865833
1257.0    0.0000000143279750    0.0000000143001692    0.0000000141529417    0.0000000144598000    0.0000000142621917
1259.0    0.0000000144026846    0.0000000143722917    0.0000000142292750    0.0000000145316636    0.0000000143373417
1261.0    0.0000000144770500    0.0000000144439615    0.0000000143052083    0.0000000146064583    0.0000000144120500
1263.0    0.0000000145510000    0.0000000145180923    0.0000000143775545    0.0000000146809455    0.0000000144832182
1265.0    0.0000000146246667    0.0000000145917692    0.0000000144495667    0.0000000147518909    0.0000000145540000
1267.0    0.0000000146979692    0.0000000146650615    0.0000000145243167    0.0000000148257750    0.0000000146274500
1269.0    0.0000000147709917    0.0000000147351667    0.0000000145987000    0.0000000148994000    0.0000000147005500
1271.0    0.0000000148407917    0.0000000148049154    0.0000000146696636    0.0000000149696182    0.0000000147732833
1273.0    0.0000000149132615    0.0000000148771231    0.0000000147403167    0.0000000150427833    0.0000000148426455
1275.0    0.0000000149854750    0.0000000149490154    0.0000000148137333    0.0000000151157545    0.0000000149117000
1277.0    0.0000000150574692    0.0000000150206000    0.0000000148868667    0.0000000151853909    0.0000000149835083
1279.0    0.0000000151292583    0.0000000150892167    0.0000000149566909    0.0000000152580500    0.0000000150550500
1281.0    0.0000000151980167    0.0000000151576154    0.0000000150263083    0.0000000153306000    0.0000000151263500
1283.0    0.0000000152695000    0.0000000152285231    0.0000000150987333    0.0000000153999000    0.0000000151944818
1285.0    0.0000000153408500    0.0000000152993000    0.0000000151709667    0.0000000154722583    0.0000000152624500
1287.0    0.0000000154121000    0.0000000153672167    0.0000000152400000    0.0000000155446091    0.0000000153332500
1289.0    0.0000000154833500    0.0000000154350385    0.0000000153089833    0.0000000156138000    0.0000000154039333
1291.0    0.0000000155516917    0.0000000155055154    0.0000000153808250    0.0000000156861500    0.0000000154745583
1293.0    0.0000000156228846    0.0000000155759692    0.0000000154525917    0.0000000157586000    0.0000000155451417
1295.0    0.0000000156940500    0.0000000156464231    0.0000000155213273    0.0000000158279000    0.0000000156127727
1297.0    0.0000000157653231    0.0000000157142083    0.0000000155900500    0.0000000159004667    0.0000000156804333
1299.0    0.0000000158366833    0.0000000157820692    0.0000000156617750    0.0000000159731818    0.0000000157511000
1301.0    0.0000000159081462    0.0000000158527615    0.0000000157335417    0.0000000160428909    0.0000000158218500
1303.0    0.0000000159797417    0.0000000159236077    0.0000000158023909    0.0000000161159583    0.0000000158927833
1305.0    0.0000000160486500    0.0000000159946462    0.0000000158713083    0.0000000161892273    0.0000000159608818
1307.0    0.0000000161206000    0.0000000160631500    0.0000000159434333    0.0000000162595182    0.0000000160291833
1309.0    0.0000000161927833    0.0000000161318846    0.0000000160156583    0.0000000163300909    0.0000000161006833
1311.0    0.0000000162652231    0.0000000162036462    0.0000000160850909    0.0000000164041583    0.0000000161724333
1313.0    0.0000000163379333    0.0000000162757385    0.0000000161547250    0.0000000164784909    0.0000000162444917
1315.0    0.0000000164080083    0.0000000163481538    0.0000000162276333    0.0000000165499273    0.0000000163138364
1317.0    0.0000000164813385    0.0000000164181417    0.0000000163008000    0.0000000166249500    0.0000000163835250
1319.0    0.0000000165549833    0.0000000164885000    0.0000000163712364    0.0000000167003455    0.0000000164565917
1321.0    0.0000000166290154    0.0000000165621000    0.0000000164419583    0.0000000167728182    0.0000000165300833
1323.0    0.0000000167034250    0.0000000166361308    0.0000000165161083    0.0000000168489917    0.0000000166039833
1325.0    0.0000000167782000    0.0000000167106385    0.0000000165906083    0.0000000169255727    0.0000000166783500
1327.0    0.0000000168534250    0.0000000167827250    0.0000000166623727    0.0000000169992273    0.0000000167500364
1329.0    0.0000000169260250    0.0000000168552692    0.0000000167345083    0.0000000170766667    0.0000000168221667
1331.0    0.0000000170021000    0.0000000169312154    0.0000000168102250    0.0000000171545364    0.0000000168979083
1333.0    0.0000000170786000    0.0000000170077077    0.0000000168863583    0.0000000172294909    0.0000000169741750
1335.0    0.0000000171555846    0.0000000170847154    0.0000000169597727    0.0000000173082667    0.0000000170509583
1337.0    0.0000000172330250    0.0000000171592750    0.0000000170335917    0.0000000173875273    0.0000000171250182
1339.0    0.0000000173077833    0.0000000172343615    0.0000000171111083    0.0000000174637909    0.0000000171995917
1341.0    0.0000000173861462    0.0000000173129923    0.0000000171858273    0.0000000175439667    0.0000000172779333
1343.0    0.0000000174649833    0.0000000173921538    0.0000000172610167    0.0000000176246182    0.0000000173568167
1345.0    0.0000000175443231    0.0000000174719000    0.0000000173399250    0.0000000177022182    0.0000000174362583
1347.0    0.0000000176241083    0.0000000175491000    0.0000000174193750    0.0000000177838000    0.0000000175162083
1349.0    0.0000000177011750    0.0000000176267846    0.0000000174959545    0.0000000178658364    0.0000000175933636
1351.0    0.0000000177819000    0.0000000177081308    0.0000000175730167    0.0000000179447364    0.0000000176710083
1353.0    0.0000000178631000    0.0000000177900077    0.0000000176539000    0.0000000180240909    0.0000000177525500
1355.0    0.0000000179447692    0.0000000178724154    0.0000000177353000    0.0000000181074583    0.0000000178346000
1357.0    0.0000000180268750    0.0000000179521333    0.0000000178137545    0.0000000181912364    0.0000000179171667
1359.0    0.0000000181094538    0.0000000180323462    0.0000000178926417    0.0000000182718091    0.0000000179967909
1361.0    0.0000000181924417    0.0000000181162385    0.0000000179754417    0.0000000183564417    0.0000000180768500
1363.0    0.0000000182725167    0.0000000182006231    0.0000000180587250    0.0000000184414455    0.0000000181608583
1365.0    0.0000000183563538    0.0000000182854462    0.0000000181389455    0.0000000185231545    0.0000000182453250
1367.0    0.0000000184405750    0.0000000183674500    0.0000000182196083    0.0000000186089250    0.0000000183302583
1369.0    0.0000000185251846    0.0000000184498462    0.0000000183041750    0.0000000186950364    0.0000000184120455
1371.0    0.0000000186101667    0.0000000185359692    0.0000000183891667    0.0000000187777727    0.0000000184942417
1373.0    0.0000000186920917    0.0000000186224769    0.0000000184710182    0.0000000188645667    0.0000000185804000
1375.0    0.0000000187777692    0.0000000187093769    0.0000000185532417    0.0000000189516545    0.0000000186669417
1377.0    0.0000000188637667    0.0000000187932583    0.0000000186394000    0.0000000190352455    0.0000000187538667
1379.0    0.0000000189500846    0.0000000188774615    0.0000000187259083    0.0000000191229250    0.0000000188411083
1381.0    0.0000000190366833    0.0000000189653462    0.0000000188091364    0.0000000192108455    0.0000000189250455
1383.0    0.0000000191200833    0.0000000190535308    0.0000000188927000    0.0000000192951727    0.0000000190092833
1385.0    0.0000000192072000    0.0000000191420308    0.0000000189801583    0.0000000193835500    0.0000000190974417
1387.0    0.0000000192946000    0.0000000192273583    0.0000000190679583    0.0000000194721273    0.0000000191858917
1389.0    0.0000000193821538    0.0000000193129154    0.0000000191523273    0.0000000195570364    0.0000000192746000
1391.0    0.0000000194699500    0.0000000194021077    0.0000000192369500    0.0000000196459500    0.0000000193598182
1393.0    0.0000000195579154    0.0000000194915077    0.0000000193254917    0.0000000197350273    0.0000000194452583
1395.0    0.0000000196460417    0.0000000195811000    0.0000000194142250    0.0000000198203182    0.0000000195345667
1397.0    0.0000000197308000    0.0000000196673917    0.0000000194994818    0.0000000199057364    0.0000000196240833
1399.0    0.0000000198191923    0.0000000197538154    0.0000000195849000    0.0000000199951083    0.0000000197137417
1401.0    0.0000000199076917    0.0000000198438308    0.0000000196741750    0.0000000200845455    0.0000000197997909
1403.0    0.0000000199962769    0.0000000199339462    0.0000000197636167    0.0000000201701455    0.0000000198859500
1405.0    0.0000000200849500    0.0000000200206833    0.0000000198494364    0.0000000202596500    0.0000000199759500
1407.0    0.0000000201700833    0.0000000201074846    0.0000000199353500    0.0000000203491545    0.0000000200660500
1409.0    0.0000000202588000    0.0000000201977769    0.0000000200250750    0.0000000204347636    0.0000000201561917
1411.0    0.0000000203475500    0.0000000202881231    0.0000000201148750    0.0000000205242167    0.0000000202463750
1413.0    0.0000000204363000    0.0000000203784769    0.0000000202009636    0.0000000206136273    0.0000000203328273
1415.0    0.0000000205249750    0.0000000204653500    0.0000000202870833    0.0000000206990636    0.0000000204192667
1417.0    0.0000000206136231    0.0000000205521923    0.0000000203769417    0.0000000207882833    0.0000000205094583
1419.0    0.0000000207021917    0.0000000206424538    0.0000000204668000    0.0000000208774000    0.0000000205996083
1421.0    0.0000000207871250    0.0000000207326385    0.0000000205528727    0.0000000209624909    0.0000000206897083
1423.0    0.0000000208754923    0.0000000208227538    0.0000000206388917    0.0000000210513000    0.0000000207760000
1425.0    0.0000000209637250    0.0000000209092917    0.0000000207285667    0.0000000211399000    0.0000000208621333
1427.0    0.0000000210517923    0.0000000209956923    0.0000000208181583    0.0000000212245000    0.0000000209519583
1429.0    0.0000000211397000    0.0000000210854000    0.0000000209039000    0.0000000213126917    0.0000000210416333
1431.0    0.0000000212238917    0.0000000211749923    0.0000000209895083    0.0000000214006455    0.0000000211311500
1433.0    0.0000000213113769    0.0000000212643538    0.0000000210786917    0.0000000214845091    0.0000000212167818
1435.0    0.0000000213986417    0.0000000213501000    0.0000000211676833    0.0000000215719000    0.0000000213022083
1437.0    0.0000000214856231    0.0000000214356000    0.0000000212527909    0.0000000216589727    0.0000000213911500
1439.0    0.0000000215723417    0.0000000215242769    0.0000000213376833    0.0000000217419545    0.0000000214798333
1441.0    0.0000000216553250    0.0000000216126846    0.0000000214260333    0.0000000218283417    0.0000000215682750
1443.0    0.0000000217414000    0.0000000217008077    0.0000000215141000    0.0000000219143455    0.0000000216564250
1445.0    0.0000000218271417    0.0000000217852167    0.0000000215982000    0.0000000219962455    0.0000000217405909
1447.0    0.0000000219125231    0.0000000218693231    0.0000000216820667    0.0000000220777545    0.0000000218244667
1449.0    0.0000000219975083    0.0000000219564231    0.0000000217692333    0.0000000221624917    0.0000000219116417
1451.0    0.0000000220820615    0.0000000220431154    0.0000000218560333    0.0000000222467818    0.0000000219984333
1453.0    0.0000000221662083    0.0000000221294077    0.0000000219388636    0.0000000223269364    0.0000000220848250
1455.0    0.0000000222465333    0.0000000222119667    0.0000000220213167    0.0000000224102333    0.0000000221672182
1457.0    0.0000000223297231    0.0000000222940615    0.0000000221069250    0.0000000224929818    0.0000000222491833
1459.0    0.0000000224124000    0.0000000223789769    0.0000000221920917    0.0000000225716000    0.0000000223342417
1461.0    0.0000000224945846    0.0000000224633923    0.0000000222732818    0.0000000226532250    0.0000000224188000
1463.0    0.0000000225762167    0.0000000225472538    0.0000000223539917    0.0000000227342455    0.0000000225028333
1465.0    0.0000000226540083    0.0000000226273583    0.0000000224377000    0.0000000228111455    0.0000000225828455
1467.0    0.0000000227344692    0.0000000227069000    0.0000000225208417    0.0000000228909083    0.0000000226623167
1469.0    0.0000000228143250    0.0000000227890154    0.0000000226000455    0.0000000229699909    0.0000000227446583
1471.0    0.0000000228935385    0.0000000228705000    0.0000000226786583    0.0000000230449818    0.0000000228263583
1473.0    0.0000000229720667    0.0000000229512769    0.0000000227600750    0.0000000231226750    0.0000000229074000
1475.0    0.0000000230499308    0.0000000230283333    0.0000000228408667    0.0000000231996727    0.0000000229877500
1477.0    0.0000000231270833    0.0000000231047077    0.0000000229176727    0.0000000232725909    0.0000000230640909
1479.0    0.0000000232004750    0.0000000231833923    0.0000000229938500    0.0000000233480667    0.0000000231397833
1481.0    0.0000000232761846    0.0000000232613000    0.0000000230726250    0.0000000234227727    0.0000000232180083
1483.0    0.0000000233511417    0.0000000233384231    0.0000000231506667    0.0000000234934727    0.0000000232954417
1485.0    0.0000000234252846    0.0000000234118083    0.0000000232247727    0.0000000235665667    0.0000000233720583
