9.0    0.0000000000000000    0.0000000000000000    0.0000000000000000    0.0000000000000000    0.0000000000000000
11.0    0.0000000000000000    0.0000000000000000    0.0000000000000000    0.0000000000000000    0.0000000000000000
13.0    0.0000000000000000    0.0000000000000000    0.0000000000000000    0.0000000000000000    0.0000000000000000
15.0    0.0000000000000000    0.0000000000000000    0.0000000000000000    0.0000000000000000    0.0000000000000000
17.0    0.0000000000000000    0.0000000000000000    0.0000000000000000    0.0000000000000000    0.0000000000000000
19.0    0.0000000000000000    0.0000000000000000    0.0000000000000000    0.0000000000000000    0.0000000000000000
21.0    0.0000000000000000    0.0000000000000000    0.0000000000000000    0.0000000000000000    0.0000000000000000
23.0    0.0000000000000000    0.0000000000000000    0.0000000000000000    0.0000000000000000    0.0000000000000000
25.0    0.0000000000000000    0.0000000000000000    0.0000000000000000    0.0000000000000000    0.0000000000000000
27.0    0.0000000000000000    0.0000000000000000    0.0000000000000000    0.0000000000000000    0.0000000000000000
29.0    0.0000000000000000    0.0000000000000000    0.0000000000000000    0.0000000000000000    0.0000000000000001
31.0    0.0000000000000001    0.0000000000000000    0.0000000000000001    0.0000000000000001    0.0000000000000001
33.0    0.0000000000000001    0.0000000000000001    0.0000000000000002    0.0000000000000001    0.0000000000000002
35.0    0.0000000000000002    0.0000000000000002    0.0000000000000003    0.0000000000000002    0.0000000000000003
37.0    0.0000000000000004    0.0000000000000003    0.0000000000000005    0.0000000000000003    0.0000000000000005
39.0    0.0000000000000007    0.0000000000000005    0.0000000000000008    0.0000000000000006    0.0000000000000009
41.0    0.0000000000000012    0.0000000000000008    0.0000000000000014    0.0000000000000010    0.0000000000000015
43.0    0.0000000000000020    0.0000000000000014    0.0000000000000023    0.0000000000000018    0.0000000000000025
45.0    0.0000000000000033    0.0000000000000024    0.0000000000000039    0.0000000000000030    0.0000000000000040
47.0    0.0000000000000053    0.0000000000000040    0.0000000000000063    0.0000000000000048    0.0000000000000066
49.0    0.0000000000000086    0.0000000000000065    0.0000000000000100    0.0000000000000078    0.0000000000000107
51.0    0.0000000000000138    0.0000000000000103    0.0000000000000160    0.0000000000000126    0.0000000000000170
53.0    0.0000000000000218    0.0000000000000165    0.0000000000000252    0.0000000000000200    0.0000000000000261
55.0    0.0000000000000340    0.0000000000000261    0.0000000000000384    0.0000000000000309    0.0000000000000398
57.0    0.0000000000000515    0.0000000000000410    0.0000000000000579    0.0000000000000483    0.0000000000000607
59.0    0.0000000000000784    0.0000000000000626    0.0000000000000873    0.0000000000000742    0.0000000000000912
61.0    0.0000000000001173    0.0000000000000946    0.0000000000001294    0.0000000000001106    0.0000000000001347
63.0    0.0000000000001726    0.0000000000001429    0.0000000000001852    0.0000000000001650    0.0000000000001950
65.0    0.0000000000002484    0.0000000000002119    0.0000000000002603    0.0000000000002407    0.0000000000002724
67.0    0.0000000000003501    0.0000000000003072    0.0000000000003631    0.0000000000003384    0.0000000000003733
69.0    0.0000000000004812    0.0000000000004285    0.0000000000004944    0.0000000000004716    0.0000000000005063
71.0    0.0000000000006378    0.0000000000005836    0.0000000000006492    0.0000000000006392    0.0000000000006701
73.0    0.0000000000008339    0.0000000000007819    0.0000000000008333    0.0000000000008333    0.0000000000008647
75.0    0.0000000000010607    0.0000000000010169    0.0000000000010539    0.0000000000010693    0.0000000000010778
77.0    0.0000000000013136    0.0000000000012831    0.0000000000012988    0.0000000000013326    0.0000000000013126
79.0    0.0000000000015832    0.0000000000015593    0.0000000000015488    0.0000000000016014    0.0000000000015724
81.0    0.0000000000018474    0.0000000000018431    0.0000000000018048    0.0000000000018873    0.0000000000018374
83.0    0.0000000000021156    0.0000000000021310    0.0000000000020671    0.0000000000021641    0.0000000000020963
85.0    0.0000000000023647    0.0000000000023957    0.0000000000023136    0.0000000000024071    0.0000000000023290
87.0    0.0000000000025839    0.0000000000026238    0.0000000000025265    0.0000000000026274    0.0000000000025381
89.0    0.0000000000027680    0.0000000000028011    0.0000000000027110    0.0000000000028078    0.0000000000027270
91.0    0.0000000000029158    0.0000000000029354    0.0000000000028726    0.0000000000029423    0.0000000000028850
93.0    0.0000000000030333    0.0000000000030364    0.0000000000030065    0.0000000000030459    0.0000000000030165
95.0    0.0000000000031269    0.0000000000031111    0.0000000000031167    0.0000000000031333    0.0000000000031304
97.0    0.0000000000032186    0.0000000000031780    0.0000000000032195    0.0000000000032159    0.0000000000032340
99.0    0.0000000000033193    0.0000000000032540    0.0000000000033320    0.0000000000033069    0.0000000000033439
101.0    0.0000000000034438    0.0000000000033590    0.0000000000034622    0.0000000000034304    0.0000000000034769
103.0    0.0000000000036019    0.0000000000035116    0.0000000000036125    0.0000000000035933    0.0000000000036377
105.0    0.0000000000037905    0.0000000000037151    0.0000000000037936    0.0000000000037912    0.0000000000038311
107.0    0.0000000000040243    0.0000000000039673    0.0000000000040150    0.0000000000040395    0.0000000000040466
109.0    0.0000000000042886    0.0000000000042463    0.0000000000042650    0.0000000000043203    0.0000000000042874
111.0    0.0000000000045724    0.0000000000045469    0.0000000000045232    0.0000000000046069    0.0000000000045563
113.0    0.0000000000048615    0.0000000000048633    0.0000000000047895    0.0000000000049087    0.0000000000048323
115.0    0.0000000000051311    0.0000000000051651    0.0000000000050645    0.0000000000051976    0.0000000000051039
117.0    0.0000000000053925    0.0000000000054275    0.0000000000053264    0.0000000000054497    0.0000000000053511
119.0    0.0000000000056276    0.0000000000056535    0.0000000000055587    0.0000000000056813    0.0000000000055793
121.0    0.0000000000058340    0.0000000000058493    0.0000000000057697    0.0000000000058804    0.0000000000057959
123.0    0.0000000000060166    0.0000000000060111    0.0000000000059696    0.0000000000060453    0.0000000000059926
125.0    0.0000000000061833    0.0000000000061516    0.0000000000061546    0.0000000000062022    0.0000000000061760
127.0    0.0000000000063464    0.0000000000062824    0.0000000000063262    0.0000000000063574    0.0000000000063552
129.0    0.0000000000065110    0.0000000000064258    0.0000000000065015    0.0000000000065181    0.0000000000065322
131.0    0.0000000000067020    0.0000000000066032    0.0000000000066974    0.0000000000067113    0.0000000000067229
133.0    0.0000000000069201    0.0000000000068208    0.0000000000069139    0.0000000000069379    0.0000000000069424
135.0    0.0000000000071693    0.0000000000070829    0.0000000000071439    0.0000000000071888    0.0000000000071860
137.0    0.0000000000074464    0.0000000000073736    0.0000000000073957    0.0000000000074828    0.0000000000074521
139.0    0.0000000000077323    0.0000000000076931    0.0000000000076765    0.0000000000077990    0.0000000000077227
141.0    0.0000000000080395    0.0000000000080399    0.0000000000079670    0.0000000000081096    0.0000000000080007
143.0    0.0000000000083424    0.0000000000083823    0.0000000000082442    0.0000000000084130    0.0000000000082873
145.0    0.0000000000086265    0.0000000000087001    0.0000000000085090    0.0000000000087064    0.0000000000085587
147.0    0.0000000000088794    0.0000000000089668    0.0000000000087613    0.0000000000089625    0.0000000000088036
149.0    0.0000000000090834    0.0000000000091826    0.0000000000089799    0.0000000000091622    0.0000000000090060
151.0    0.0000000000092505    0.0000000000093484    0.0000000000091526    0.0000000000093194    0.0000000000091714
153.0    0.0000000000093718    0.0000000000094547    0.0000000000092869    0.0000000000094263    0.0000000000093043
155.0    0.0000000000094508    0.0000000000095089    0.0000000000093892    0.0000000000094865    0.0000000000093995
157.0    0.0000000000094968    0.0000000000095241    0.0000000000094582    0.0000000000095162    0.0000000000094633
159.0    0.0000000000095199    0.0000000000095170    0.0000000000095011    0.0000000000095256    0.0000000000095042
161.0    0.0000000000095325    0.0000000000095024    0.0000000000095296    0.0000000000095277    0.0000000000095311
163.0    0.0000000000095446    0.0000000000094954    0.0000000000095534    0.0000000000095350    0.0000000000095542
165.0    0.0000000000095659    0.0000000000095076    0.0000000000095793    0.0000000000095562    0.0000000000095818
167.0    0.0000000000096014    0.0000000000095437    0.0000000000096116    0.0000000000095948    0.0000000000096182
169.0    0.0000000000096535    0.0000000000096054    0.0000000000096544    0.0000000000096549    0.0000000000096660
171.0    0.0000000000097199    0.0000000000096923    0.0000000000097099    0.0000000000097316    0.0000000000097219
173.0    0.0000000000097931    0.0000000000097945    0.0000000000097739    0.0000000000098147    0.0000000000097847
175.0    0.0000000000098723    0.0000000000099011    0.0000000000098388    0.0000000000099029    0.0000000000098527
177.0    0.0000000000099467    0.0000000000099968    0.0000000000099017    0.0000000000099833    0.0000000000099170
179.0    0.0000000000100083    0.0000000000100751    0.0000000000099588    0.0000000000100446    0.0000000000099712
181.0    0.0000000000100513    0.0000000000101301    0.0000000000100016    0.0000000000100855    0.0000000000100087
183.0    0.0000000000100705    0.0000000000101524    0.0000000000100252    0.0000000000100994    0.0000000000100279
185.0    0.0000000000100648    0.0000000000101404    0.0000000000100289    0.0000000000100856    0.0000000000100271
187.0    0.0000000000100363    0.0000000000100988    0.0000000000100116    0.0000000000100475    0.0000000000100048
189.0    0.0000000000099855    0.0000000000100321    0.0000000000099742    0.0000000000099855    0.0000000000099631
191.0    0.0000000000099184    0.0000000000099442    0.0000000000099226    0.0000000000099077    0.0000000000099056
193.0    0.0000000000098405    0.0000000000098461    0.0000000000098593    0.0000000000098246    0.0000000000098400
195.0    0.0000000000097580    0.0000000000097465    0.0000000000097857    0.0000000000097355    0.0000000000097686
197.0    0.0000000000096795    0.0000000000096564    0.0000000000097093    0.0000000000096501    0.0000000000096925
199.0    0.0000000000096026    0.0000000000095770    0.0000000000096372    0.0000000000095758    0.0000000000096186
201.0    0.0000000000095333    0.0000000000095082    0.0000000000095691    0.0000000000095082    0.0000000000095496
203.0    0.0000000000094728    0.0000000000094539    0.0000000000095037    0.0000000000094511    0.0000000000094892
205.0    0.0000000000094201    0.0000000000094119    0.0000000000094446    0.0000000000094049    0.0000000000094345
207.0    0.0000000000093752    0.0000000000093794    0.0000000000093929    0.0000000000093626    0.0000000000093823
209.0    0.0000000000093315    0.0000000000093501    0.0000000000093445    0.0000000000093226    0.0000000000093329
211.0    0.0000000000092876    0.0000000000093179    0.0000000000092951    0.0000000000092828    0.0000000000092839
213.0    0.0000000000092404    0.0000000000092792    0.0000000000092442    0.0000000000092361    0.0000000000092348
215.0    0.0000000000091872    0.0000000000092302    0.0000000000091919    0.0000000000091815    0.0000000000091816
217.0    0.0000000000091261    0.0000000000091716    0.0000000000091344    0.0000000000091202    0.0000000000091201
219.0    0.0000000000090564    0.0000000000091010    0.0000000000090677    0.0000000000090463    0.0000000000090515
221.0    0.0000000000089816    0.0000000000090160    0.0000000000089938    0.0000000000089632    0.0000000000089757
223.0    0.0000000000088965    0.0000000000089216    0.0000000000089167    0.0000000000088766    0.0000000000088935
225.0    0.0000000000088058    0.0000000000088208    0.0000000000088342    0.0000000000087808    0.0000000000088097
227.0    0.0000000000087116    0.0000000000087213    0.0000000000087440    0.0000000000086824    0.0000000000087225
229.0    0.0000000000086161    0.0000000000086222    0.0000000000086512    0.0000000000085880    0.0000000000086295
231.0    0.0000000000085249    0.0000000000085221    0.0000000000085614    0.0000000000084911    0.0000000000085360
233.0    0.0000000000084317    0.0000000000084270    0.0000000000084719    0.0000000000083972    0.0000000000084435
235.0    0.0000000000083414    0.0000000000083409    0.0000000000083799    0.0000000000083110    0.0000000000083563
237.0    0.0000000000082540    0.0000000000082600    0.0000000000082899    0.0000000000082281    0.0000000000082711
239.0    0.0000000000081692    0.0000000000081801    0.0000000000082054    0.0000000000081444    0.0000000000081841
241.0    0.0000000000080862    0.0000000000081028    0.0000000000081224    0.0000000000080623    0.0000000000080985
243.0    0.0000000000080037    0.0000000000080260    0.0000000000080366    0.0000000000079839    0.0000000000080134
245.0    0.0000000000079239    0.0000000000079506    0.0000000000079508    0.0000000000079007    0.0000000000079279
247.0    0.0000000000078390    0.0000000000078719    0.0000000000078677    0.0000000000078150    0.0000000000078447
249.0    0.0000000000077513    0.0000000000077853    0.0000000000077828    0.0000000000077295    0.0000000000077596
251.0    0.0000000000076603    0.0000000000076932    0.0000000000076919    0.0000000000076361    0.0000000000076681
253.0    0.0000000000075657    0.0000000000075954    0.0000000000075983    0.0000000000075387    0.0000000000075736
255.0    0.0000000000074718    0.0000000000074968    0.0000000000075058    0.0000000000074421    0.0000000000074764
257.0    0.0000000000073712    0.0000000000073946    0.0000000000074110    0.0000000000073383    0.0000000000073809
259.0    0.0000000000072686    0.0000000000072859    0.0000000000073101    0.0000000000072327    0.0000000000072837
261.0    0.0000000000071651    0.0000000000071765    0.0000000000072079    0.0000000000071312    0.0000000000071812
263.0    0.0000000000070616    0.0000000000070679    0.0000000000071094    0.0000000000070256    0.0000000000070786
265.0    0.0000000000069632    0.0000000000069655    0.0000000000070113    0.0000000000069217    0.0000000000069765
267.0    0.0000000000068625    0.0000000000068659    0.0000000000069098    0.0000000000068244    0.0000000000068800
269.0    0.0000000000067640    0.0000000000067660    0.0000000000068100    0.0000000000067255    0.0000000000067852
271.0    0.0000000000066681    0.0000000000066699    0.0000000000067163    0.0000000000066296    0.0000000000066884
273.0    0.0000000000065749    0.0000000000065774    0.0000000000066247    0.0000000000065407    0.0000000000065939
275.0    0.0000000000064843    0.0000000000064914    0.0000000000065314    0.0000000000064503    0.0000000000065018
277.0    0.0000000000063959    0.0000000000064077    0.0000000000064441    0.0000000000063621    0.0000000000064119
279.0    0.0000000000063128    0.0000000000063223    0.0000000000063588    0.0000000000062795    0.0000000000063275
281.0    0.0000000000062278    0.0000000000062379    0.0000000000062714    0.0000000000061980    0.0000000000062447
283.0    0.0000000000061439    0.0000000000061539    0.0000000000061856    0.0000000000061137    0.0000000000061595
285.0    0.0000000000060609    0.0000000000060733    0.0000000000061045    0.0000000000060301    0.0000000000060755
287.0    0.0000000000059787    0.0000000000059928    0.0000000000060245    0.0000000000059507    0.0000000000059925
289.0    0.0000000000059005    0.0000000000059091    0.0000000000059419    0.0000000000058684    0.0000000000059138
291.0    0.0000000000058199    0.0000000000058259    0.0000000000058604    0.0000000000057869    0.0000000000058361
293.0    0.0000000000057403    0.0000000000057436    0.0000000000057833    0.0000000000057099    0.0000000000057561
295.0    0.0000000000056620    0.0000000000056657    0.0000000000057074    0.0000000000056309    0.0000000000056775
297.0    0.0000000000055853    0.0000000000055896    0.0000000000056295    0.0000000000055536    0.0000000000056003
299.0    0.0000000000055133    0.0000000000055126    0.0000000000055533    0.0000000000054815    0.0000000000055280
301.0    0.0000000000054404    0.0000000000054382    0.0000000000054820    0.0000000000054085    0.0000000000054575
303.0    0.0000000000053696    0.0000000000053666    0.0000000000054126    0.0000000000053377    0.0000000000053859
305.0    0.0000000000053010    0.0000000000053004    0.0000000000053421    0.0000000000052723    0.0000000000053165
307.0    0.0000000000052347    0.0000000000052366    0.0000000000052737    0.0000000000052063    0.0000000000052492
309.0    0.0000000000051705    0.0000000000051728    0.0000000000052102    0.0000000000051424    0.0000000000051840
311.0    0.0000000000051083    0.0000000000051111    0.0000000000051485    0.0000000000050832    0.0000000000051233
313.0    0.0000000000050502    0.0000000000050512    0.0000000000050859    0.0000000000050230    0.0000000000050643
315.0    0.0000000000049913    0.0000000000049951    0.0000000000050251    0.0000000000049643    0.0000000000050043
317.0    0.0000000000049337    0.0000000000049400    0.0000000000049682    0.0000000000049093    0.0000000000049458
319.0    0.0000000000048773    0.0000000000048837    0.0000000000049125    0.0000000000048528    0.0000000000048884
321.0    0.0000000000048219    0.0000000000048282    0.0000000000048556    0.0000000000047973    0.0000000000048345
323.0    0.0000000000047694    0.0000000000047733    0.0000000000047997    0.0000000000047448    0.0000000000047815
325.0    0.0000000000047156    0.0000000000047211    0.0000000000047470    0.0000000000046907    0.0000000000047269
327.0    0.0000000000046624    0.0000000000046694    0.0000000000046949    0.0000000000046372    0.0000000000046731
329.0    0.0000000000046098    0.0000000000046162    0.0000000000046414    0.0000000000045865    0.0000000000046200
331.0    0.0000000000045578    0.0000000000045637    0.0000000000045884    0.0000000000045365    0.0000000000045697
333.0    0.0000000000045064    0.0000000000045119    0.0000000000045383    0.0000000000044847    0.0000000000045200
335.0    0.0000000000044556    0.0000000000044627    0.0000000000044887    0.0000000000044336    0.0000000000044686
337.0    0.0000000000044073    0.0000000000044142    0.0000000000044374    0.0000000000043851    0.0000000000044178
339.0    0.0000000000043575    0.0000000000043643    0.0000000000043867    0.0000000000043350    0.0000000000043675
341.0    0.0000000000043081    0.0000000000043150    0.0000000000043385    0.0000000000042854    0.0000000000043177
343.0    0.0000000000042592    0.0000000000042662    0.0000000000042907    0.0000000000042382    0.0000000000042703
345.0    0.0000000000042106    0.0000000000042195    0.0000000000042412    0.0000000000041893    0.0000000000042232
347.0    0.0000000000041641    0.0000000000041731    0.0000000000041921    0.0000000000041405    0.0000000000041743
349.0    0.0000000000041160    0.0000000000041249    0.0000000000041451    0.0000000000040940    0.0000000000041257
351.0    0.0000000000040679    0.0000000000040767    0.0000000000040984    0.0000000000040455    0.0000000000040772
353.0    0.0000000000040199    0.0000000000040304    0.0000000000040498    0.0000000000039970    0.0000000000040308
355.0    0.0000000000039719    0.0000000000039839    0.0000000000040012    0.0000000000039505    0.0000000000039844
357.0    0.0000000000039259    0.0000000000039355    0.0000000000039547    0.0000000000039020    0.0000000000039361
359.0    0.0000000000038779    0.0000000000038870    0.0000000000039082    0.0000000000038534    0.0000000000038877
361.0    0.0000000000038298    0.0000000000038384    0.0000000000038597    0.0000000000038069    0.0000000000038394
363.0    0.0000000000037818    0.0000000000037917    0.0000000000038112    0.0000000000037583    0.0000000000037930
365.0    0.0000000000037338    0.0000000000037450    0.0000000000037648    0.0000000000037097    0.0000000000037467
367.0    0.0000000000036858    0.0000000000036965    0.0000000000037183    0.0000000000036632    0.0000000000036984
369.0    0.0000000000036379    0.0000000000036480    0.0000000000036699    0.0000000000036147    0.0000000000036502
371.0    0.0000000000035919    0.0000000000035997    0.0000000000036215    0.0000000000035663    0.0000000000036020
373.0    0.0000000000035441    0.0000000000035533    0.0000000000035752    0.0000000000035200    0.0000000000035539
375.0    0.0000000000034964    0.0000000000035071    0.0000000000035290    0.0000000000034739    0.0000000000035078
377.0    0.0000000000034488    0.0000000000034591    0.0000000000034808    0.0000000000034258    0.0000000000034619
379.0    0.0000000000034013    0.0000000000034113    0.0000000000034328    0.0000000000033778    0.0000000000034140
381.0    0.0000000000033558    0.0000000000033636    0.0000000000033868    0.0000000000033320    0.0000000000033663
383.0    0.0000000000033085    0.0000000000033177    0.0000000000033410    0.0000000000032842    0.0000000000033186
385.0    0.0000000000032614    0.0000000000032719    0.0000000000032933    0.0000000000032365    0.0000000000032730
387.0    0.0000000000032143    0.0000000000032243    0.0000000000032456    0.0000000000031910    0.0000000000032276
389.0    0.0000000000031673    0.0000000000031768    0.0000000000032001    0.0000000000031435    0.0000000000031802
391.0    0.0000000000031205    0.0000000000031293    0.0000000000031548    0.0000000000030962    0.0000000000031330
393.0    0.0000000000030739    0.0000000000030838    0.0000000000031076    0.0000000000030511    0.0000000000030860
395.0    0.0000000000030293    0.0000000000030383    0.0000000000030607    0.0000000000030042    0.0000000000030411
397.0    0.0000000000029831    0.0000000000029912    0.0000000000030159    0.0000000000029576    0.0000000000029964
399.0    0.0000000000029372    0.0000000000029443    0.0000000000029714    0.0000000000029133    0.0000000000029501
401.0    0.0000000000028917    0.0000000000028976    0.0000000000029254    0.0000000000028674    0.0000000000029041
403.0    0.0000000000028467    0.0000000000028531    0.0000000000028798    0.0000000000028221    0.0000000000028586
405.0    0.0000000000028040    0.0000000000028089    0.0000000000028366    0.0000000000027793    0.0000000000028136
407.0    0.0000000000027603    0.0000000000027634    0.0000000000027941    0.0000000000027354    0.0000000000027711
409.0    0.0000000000027173    0.0000000000027185    0.0000000000027506    0.0000000000026924    0.0000000000027293
411.0    0.0000000000026755    0.0000000000026743    0.0000000000027080    0.0000000000026523    0.0000000000026866
413.0    0.0000000000026348    0.0000000000026325    0.0000000000026684    0.0000000000026118    0.0000000000026451
415.0    0.0000000000025973    0.0000000000025916    0.0000000000026302    0.0000000000025730    0.0000000000026049
417.0    0.0000000000025600    0.0000000000025503    0.0000000000025920    0.0000000000025379    0.0000000000025680
419.0    0.0000000000025249    0.0000000000025103    0.0000000000025561    0.0000000000025036    0.0000000000025330
421.0    0.0000000000024927    0.0000000000024720    0.0000000000025242    0.0000000000024725    0.0000000000024989
423.0    0.0000000000024637    0.0000000000024371    0.0000000000024954    0.0000000000024462    0.0000000000024678
425.0    0.0000000000024389    0.0000000000024046    0.0000000000024692    0.0000000000024241    0.0000000000024405
427.0    0.0000000000024191    0.0000000000023736    0.0000000000024480    0.0000000000024067    0.0000000000024177
429.0    0.0000000000024060    0.0000000000023464    0.0000000000024332    0.0000000000023960    0.0000000000024010
431.0    0.0000000000023997    0.0000000000023237    0.0000000000024252    0.0000000000023938    0.0000000000023906
433.0    0.0000000000024025    0.0000000000023071    0.0000000000024255    0.0000000000024016    0.0000000000023878
435.0    0.0000000000024167    0.0000000000022968    0.0000000000024367    0.0000000000024220    0.0000000000023951
437.0    0.0000000000024444    0.0000000000022941    0.0000000000024599    0.0000000000024561    0.0000000000024148
439.0    0.0000000000024869    0.0000000000023016    0.0000000000024981    0.0000000000025103    0.0000000000024477
441.0    0.0000000000025513    0.0000000000023216    0.0000000000025571    0.0000000000025872    0.0000000000024978
443.0    0.0000000000026402    0.0000000000023551    0.0000000000026400    0.0000000000026871    0.0000000000025718
445.0    0.0000000000027596    0.0000000000024062    0.0000000000027463    0.0000000000028251    0.0000000000026730
447.0    0.0000000000029149    0.0000000000024816    0.0000000000028853    0.0000000000030037    0.0000000000028073
449.0    0.0000000000031058    0.0000000000025850    0.0000000000030714    0.0000000000032214    0.0000000000029734
451.0    0.0000000000033571    0.0000000000027227    0.0000000000033082    0.0000000000035081    0.0000000000031844
453.0    0.0000000000036712    0.0000000000028943    0.0000000000035921    0.0000000000038658    0.0000000000034613
455.0    0.0000000000040630    0.0000000000031135    0.0000000000039440    0.0000000000042894    0.0000000000038082
457.0    0.0000000000045451    0.0000000000034017    0.0000000000043960    0.0000000000048339    0.0000000000042391
459.0    0.0000000000051379    0.0000000000037646    0.0000000000049517    0.0000000000054996    0.0000000000047709
461.0    0.0000000000058589    0.0000000000042180    0.0000000000055988    0.0000000000062735    0.0000000000053921
463.0    0.0000000000066963    0.0000000000047561    0.0000000000063814    0.0000000000072525    0.0000000000061459
465.0    0.0000000000077471    0.0000000000054166    0.0000000000073645    0.0000000000084315    0.0000000000070958
467.0    0.0000000000090071    0.0000000000062556    0.0000000000085485    0.0000000000097833    0.0000000000082435
469.0    0.0000000000105188    0.0000000000072805    0.0000000000099020    0.0000000000113888    0.0000000000096239
471.0    0.0000000000123164    0.0000000000084725    0.0000000000115101    0.0000000000133850    0.0000000000112000
473.0    0.0000000000143598    0.0000000000099083    0.0000000000134965    0.0000000000157490    0.0000000000130708
475.0    0.0000000000168711    0.0000000000116998    0.0000000000158492    0.0000000000184157    0.0000000000153790
477.0    0.0000000000198220    0.0000000000138497    0.0000000000184963    0.0000000000216914    0.0000000000181097
479.0    0.0000000000232907    0.0000000000164184    0.0000000000215930    0.0000000000255246    0.0000000000213273
481.0    0.0000000000273346    0.0000000000193436    0.0000000000253592    0.0000000000297973    0.0000000000249291
483.0    0.0000000000320497    0.0000000000227943    0.0000000000297500    0.0000000000349838    0.0000000000291210
485.0    0.0000000000375038    0.0000000000270108    0.0000000000346157    0.0000000000409808    0.0000000000341928
487.0    0.0000000000435362    0.0000000000319640    0.0000000000402215    0.0000000000475864    0.0000000000400736
489.0    0.0000000000507490    0.0000000000377569    0.0000000000469358    0.0000000000555087    0.0000000000468645
491.0    0.0000000000589950    0.0000000000442171    0.0000000000546416    0.0000000000645595    0.0000000000546742
493.0    0.0000000000684176    0.0000000000516789    0.0000000000630510    0.0000000000744092    0.0000000000632129
495.0    0.0000000000791040    0.0000000000606050    0.0000000000725914    0.0000000000860793    0.0000000000729173
497.0    0.0000000000906920    0.0000000000708630    0.0000000000838429    0.0000000000992502    0.0000000000843814
499.0    0.0000000001042740    0.0000000000825983    0.0000000000965515    0.0000000001134091    0.0000000000973509
501.0    0.0000000001194942    0.0000000000954052    0.0000000001102063    0.0000000001299794    0.0000000001119617
503.0    0.0000000001365312    0.0000000001098785    0.0000000001254573    0.0000000001484503    0.0000000001276185
505.0    0.0000000001554674    0.0000000001268153    0.0000000001431627    0.0000000001680625    0.0000000001450567
507.0    0.0000000001755900    0.0000000001458430    0.0000000001628390    0.0000000001907292    0.0000000001652415
509.0    0.0000000001986997    0.0000000001671199    0.0000000001836491    0.0000000002156814    0.0000000001876031
511.0    0.0000000002240731    0.0000000001898271    0.0000000002065248    0.0000000002418447    0.0000000002122682
513.0    0.0000000002518835    0.0000000002149183    0.0000000002326614    0.0000000002703325    0.0000000002381623
515.0    0.0000000002821646    0.0000000002436243    0.0000000002612329    0.0000000003027102    0.0000000002664122
517.0    0.0000000003150695    0.0000000002751318    0.0000000002909695    0.0000000003377593    0.0000000002984402
519.0    0.0000000003505979    0.0000000003095487    0.0000000003231356    0.0000000003738955    0.0000000003331705
521.0    0.0000000003872714    0.0000000003454493    0.0000000003592963    0.0000000004144440    0.0000000003706655
523.0    0.0000000004281767    0.0000000003842179    0.0000000003981722    0.0000000004577777    0.0000000004109674
525.0    0.0000000004717936    0.0000000004275590    0.0000000004379813    0.0000000005018854    0.0000000004522230
527.0    0.0000000005181794    0.0000000004740124    0.0000000004803457    0.0000000005507424    0.0000000004961063
529.0    0.0000000005672206    0.0000000005235604    0.0000000005271982    0.0000000006022848    0.0000000005446103
531.0    0.0000000006167860    0.0000000005740540    0.0000000005767260    0.0000000006540715    0.0000000005958463
533.0    0.0000000006709118    0.0000000006273211    0.0000000006266162    0.0000000007106927    0.0000000006497269
535.0    0.0000000007274145    0.0000000006854879    0.0000000006788411    0.0000000007696514    0.0000000007037203
537.0    0.0000000007862054    0.0000000007463445    0.0000000007356508    0.0000000008281205    0.0000000007599390
539.0    0.0000000008470501    0.0000000008097007    0.0000000007946903    0.0000000008912147    0.0000000008207594
541.0    0.0000000009097992    0.0000000008727566    0.0000000008531833    0.0000000009560558    0.0000000008836024
543.0    0.0000000009741794    0.0000000009377146    0.0000000009134022    0.0000000010195176    0.0000000009482423
545.0    0.0000000010373225    0.0000000010069778    0.0000000009778248    0.0000000010871008    0.0000000010116365
547.0    0.0000000011042269    0.0000000010776900    0.0000000010408591    0.0000000011556418    0.0000000010762308
549.0    0.0000000011719900    0.0000000011495215    0.0000000011049525    0.0000000012218418    0.0000000011446142
551.0    0.0000000012403400    0.0000000012193158    0.0000000011726633    0.0000000012914100    0.0000000012137092
553.0    0.0000000013089633    0.0000000012895069    0.0000000012409483    0.0000000013610309    0.0000000012832117
555.0    0.0000000013748200    0.0000000013625662    0.0000000013066464    0.0000000014273836    0.0000000013527983
557.0    0.0000000014431038    0.0000000014353231    0.0000000013723250    0.0000000014961850    0.0000000014192736
559.0    0.0000000015107708    0.0000000015074200    0.0000000014405550    0.0000000015641245    0.0000000014852492
561.0    0.0000000015775108    0.0000000015757892    0.0000000015081708    0.0000000016280118    0.0000000015532808
563.0    0.0000000016430692    0.0000000016428969    0.0000000015721318    0.0000000016905764    0.0000000016201817
565.0    0.0000000017046242    0.0000000017110646    0.0000000016350000    0.0000000017543108    0.0000000016856658
567.0    0.0000000017670585    0.0000000017772723    0.0000000016992058    0.0000000018161336    0.0000000017468618
569.0    0.0000000018275900    0.0000000018412477    0.0000000017617292    0.0000000018732418    0.0000000018062742
571.0    0.0000000018859577    0.0000000019004550    0.0000000018198755    0.0000000019306383    0.0000000018661983
573.0    0.0000000019420467    0.0000000019571554    0.0000000018760583    0.0000000019855691    0.0000000019238050
575.0    0.0000000019956438    0.0000000020133615    0.0000000019324692    0.0000000020356282    0.0000000019789258
577.0    0.0000000020466925    0.0000000020665915    0.0000000019864458    0.0000000020852700    0.0000000020293118
579.0    0.0000000020931650    0.0000000021167515    0.0000000020357945    0.0000000021321445    0.0000000020771625
581.0    0.0000000021388746    0.0000000021620417    0.0000000020826733    0.0000000021742927    0.0000000021243708
583.0    0.0000000021818467    0.0000000022043685    0.0000000021289467    0.0000000022155342    0.0000000021687367
585.0    0.0000000022219969    0.0000000022453085    0.0000000021724567    0.0000000022539627    0.0000000022102392
587.0    0.0000000022594158    0.0000000022831254    0.0000000022115691    0.0000000022880645    0.0000000022488883
589.0    0.0000000022927500    0.0000000023166158    0.0000000022481042    0.0000000023209992    0.0000000022832982
591.0    0.0000000023248415    0.0000000023473185    0.0000000022835667    0.0000000023512927    0.0000000023151317
593.0    0.0000000023543750    0.0000000023764569    0.0000000023163533    0.0000000023778364    0.0000000023457350
595.0    0.0000000023813862    0.0000000024028531    0.0000000023453418    0.0000000024031567    0.0000000023737425
597.0    0.0000000024060433    0.0000000024266531    0.0000000023719900    0.0000000024261691    0.0000000023992692
599.0    0.0000000024275767    0.0000000024472517    0.0000000023974500    0.0000000024461027    0.0000000024215336
601.0    0.0000000024479077    0.0000000024657123    0.0000000024206208    0.0000000024649125    0.0000000024417225
603.0    0.0000000024662758    0.0000000024828546    0.0000000024408082    0.0000000024818400    0.0000000024607617
605.0    0.0000000024827808    0.0000000024980569    0.0000000024591083    0.0000000024963773    0.0000000024778650
607.0    0.0000000024976158    0.0000000025114931    0.0000000024763683    0.0000000025094464    0.0000000024931825
609.0    0.0000000025108900    0.0000000025229192    0.0000000024918908    0.0000000025216817    0.0000000025063400
611.0    0.0000000025227925    0.0000000025330062    0.0000000025052836    0.0000000025326373    0.0000000025181192
613.0    0.0000000025330425    0.0000000025422623    0.0000000025173317    0.0000000025420391    0.0000000025291167
615.0    0.0000000025426354    0.0000000025504100    0.0000000025286442    0.0000000025508858    0.0000000025389350
617.0    0.0000000025512850    0.0000000025576000    0.0000000025388092    0.0000000025588900    0.0000000025477192
619.0    0.0000000025591069    0.0000000025637517    0.0000000025476118    0.0000000025658700    0.0000000025556142
621.0    0.0000000025662542    0.0000000025692692    0.0000000025556083    0.0000000025725958    0.0000000025624782
623.0    0.0000000025725892    0.0000000025744731    0.0000000025632425    0.0000000025788727    0.0000000025687608
625.0    0.0000000025787631    0.0000000025792515    0.0000000025702783    0.0000000025845673    0.0000000025748342
627.0    0.0000000025846317    0.0000000025837231    0.0000000025765809    0.0000000025903133    0.0000000025805350
629.0    0.0000000025902992    0.0000000025878417    0.0000000025825592    0.0000000025959691    0.0000000025859792
631.0    0.0000000025958850    0.0000000025918746    0.0000000025885758    0.0000000026013891    0.0000000025910627
633.0    0.0000000026014969    0.0000000025960823    0.0000000025944750    0.0000000026071792    0.0000000025961133
635.0    0.0000000026072350    0.0000000026004000    0.0000000026001264    0.0000000026131964    0.0000000026014558
637.0    0.0000000026129658    0.0000000026049308    0.0000000026058742    0.0000000026192627    0.0000000026069733
639.0    0.0000000026192592    0.0000000026095708    0.0000000026120767    0.0000000026260283    0.0000000026127675
641.0    0.0000000026259733    0.0000000026145838    0.0000000026185908    0.0000000026333173    0.0000000026189392
643.0    0.0000000026332200    0.0000000026202769    0.0000000026252191    0.0000000026408800    0.0000000026252982
645.0    0.0000000026410758    0.0000000026265546    0.0000000026323217    0.0000000026495017    0.0000000026321917
647.0    0.0000000026492958    0.0000000026335108    0.0000000026403267    0.0000000026589282    0.0000000026400325
649.0    0.0000000026586531    0.0000000026409267    0.0000000026490383    0.0000000026688073    0.0000000026486392
651.0    0.0000000026688942    0.0000000026491577    0.0000000026581336    0.0000000026801267    0.0000000026581067
653.0    0.0000000026801438    0.0000000026586615    0.0000000026680658    0.0000000026925327    0.0000000026680700
655.0    0.0000000026924575    0.0000000026692292    0.0000000026793933    0.0000000027055209    0.0000000026790158
657.0    0.0000000027053883    0.0000000026809669    0.0000000026918017    0.0000000027196836    0.0000000026915500
659.0    0.0000000027201015    0.0000000026934333    0.0000000027047882    0.0000000027358383    0.0000000027053250
661.0    0.0000000027361433    0.0000000027071808    0.0000000027189542    0.0000000027534255    0.0000000027204342
663.0    0.0000000027536323    0.0000000027229062    0.0000000027350483    0.0000000027716964    0.0000000027362409
665.0    0.0000000027726142    0.0000000027401885    0.0000000027525792    0.0000000027923917    0.0000000027534542
667.0    0.0000000027932038    0.0000000027591277    0.0000000027707964    0.0000000028147536    0.0000000027729683
669.0    0.0000000028154375    0.0000000027789775    0.0000000027905017    0.0000000028378000    0.0000000027941608
671.0    0.0000000028384183    0.0000000028005469    0.0000000028126883    0.0000000028636908    0.0000000028171100
673.0    0.0000000028641192    0.0000000028248438    0.0000000028366125    0.0000000028914318    0.0000000028418833
675.0    0.0000000028916400    0.0000000028511315    0.0000000028612173    0.0000000029197809    0.0000000028673836
677.0    0.0000000029210777    0.0000000028794808    0.0000000028875542    0.0000000029513542    0.0000000028946983
679.0    0.0000000029524133    0.0000000029087175    0.0000000029168833    0.0000000029848873    0.0000000029251358
681.0    0.0000000029843483    0.0000000029399831    0.0000000029481567    0.0000000030188591    0.0000000029576008
683.0    0.0000000030195569    0.0000000029746392    0.0000000029799600    0.0000000030563625    0.0000000029921217
685.0    0.0000000030567200    0.0000000030115146    0.0000000030136192    0.0000000030958455    0.0000000030271327
687.0    0.0000000030958792    0.0000000030506154    0.0000000030506825    0.0000000031354936    0.0000000030640775
689.0    0.0000000031369658    0.0000000030902967    0.0000000030897408    0.0000000031788800    0.0000000031046342
691.0    0.0000000031800038    0.0000000031320431    0.0000000031290136    0.0000000032241582    0.0000000031472308
693.0    0.0000000032248983    0.0000000031775631    0.0000000031701067    0.0000000032692273    0.0000000031918317
695.0    0.0000000032697308    0.0000000032251962    0.0000000032148433    0.0000000033181200    0.0000000032363955
697.0    0.0000000033181662    0.0000000032748731    0.0000000032614392    0.0000000033687036    0.0000000032827208
699.0    0.0000000033682592    0.0000000033244717    0.0000000033077645    0.0000000034186255    0.0000000033328225
701.0    0.0000000034199646    0.0000000033758062    0.0000000033556908    0.0000000034699364    0.0000000033846458
703.0    0.0000000034731425    0.0000000034308946    0.0000000034072850    0.0000000035249758    0.0000000034380892
705.0    0.0000000035254967    0.0000000034875931    0.0000000034604092    0.0000000035812855    0.0000000034930342
707.0    0.0000000035812708    0.0000000035434925    0.0000000035126445    0.0000000036362418    0.0000000035469745
709.0    0.0000000036381633    0.0000000036006254    0.0000000035660950    0.0000000036947017    0.0000000036020750
711.0    0.0000000036960615    0.0000000036611700    0.0000000036230125    0.0000000037540300    0.0000000036606408
713.0    0.0000000037548033    0.0000000037227000    0.0000000036809750    0.0000000038114736    0.0000000037201617
715.0    0.0000000038118700    0.0000000037850400    0.0000000037373645    0.0000000038721050    0.0000000037804767
717.0    0.0000000038718700    0.0000000038455658    0.0000000037944650    0.0000000039331691    0.0000000038388782
719.0    0.0000000039322858    0.0000000039065115    0.0000000038546517    0.0000000039918536    0.0000000038977308
721.0    0.0000000039929846    0.0000000039701538    0.0000000039153083    0.0000000040533525    0.0000000039594575
723.0    0.0000000040538158    0.0000000040338831    0.0000000039737445    0.0000000041148555    0.0000000040213575
725.0    0.0000000041146446    0.0000000040975208    0.0000000040323567    0.0000000041735709    0.0000000040832783
727.0    0.0000000041753442    0.0000000041584775    0.0000000040935667    0.0000000042347117    0.0000000041425009
729.0    0.0000000042333725    0.0000000042190538    0.0000000041546942    0.0000000042954964    0.0000000042014825
731.0    0.0000000042934623    0.0000000042815146    0.0000000042130836    0.0000000043532009    0.0000000042626533
733.0    0.0000000043530908    0.0000000043432992    0.0000000042711742    0.0000000044129775    0.0000000043233250
735.0    0.0000000044121569    0.0000000044042885    0.0000000043313792    0.0000000044721309    0.0000000043833908
737.0    0.0000000044706000    0.0000000044620942    0.0000000043910683    0.0000000045280527    0.0000000044427625
739.0    0.0000000045260458    0.0000000045189923    0.0000000044477136    0.0000000045857775    0.0000000044989464
741.0    0.0000000045830715    0.0000000045771623    0.0000000045037358    0.0000000046427282    0.0000000045543583
743.0    0.0000000046393267    0.0000000046342554    0.0000000045614992    0.0000000046964436    0.0000000046113375
745.0    0.0000000046947746    0.0000000046902562    0.0000000046185000    0.0000000047518017    0.0000000046674225
747.0    0.0000000047494317    0.0000000047430742    0.0000000046723964    0.0000000048063700    0.0000000047226017
749.0    0.0000000048011483    0.0000000047948754    0.0000000047255533    0.0000000048578291    0.0000000047746491
751.0    0.0000000048542585    0.0000000048477269    0.0000000047802542    0.0000000049086082    0.0000000048258775
753.0    0.0000000049066433    0.0000000048995854    0.0000000048341808    0.0000000049610067    0.0000000048785183
755.0    0.0000000049583292    0.0000000049505154    0.0000000048851700    0.0000000050127745    0.0000000049303683
757.0    0.0000000050093917    0.0000000049986942    0.0000000049355042    0.0000000050617518    0.0000000049814942
759.0    0.0000000050598869    0.0000000050461692    0.0000000049874000    0.0000000051124700    0.0000000050298791
761.0    0.0000000051099017    0.0000000050949162    0.0000000050387100    0.0000000051627836    0.0000000050777350
763.0    0.0000000051575342    0.0000000051431292    0.0000000050874100    0.0000000052106064    0.0000000051272067
765.0    0.0000000052068408    0.0000000051909415    0.0000000051357050    0.0000000052603750    0.0000000051762992
767.0    0.0000000052559267    0.0000000052366492    0.0000000051857658    0.0000000053100155    0.0000000052251150
769.0    0.0000000053048823    0.0000000052822131    0.0000000052355717    0.0000000053574573    0.0000000052737650
771.0    0.0000000053538025    0.0000000053295777    0.0000000052831473    0.0000000054071117    0.0000000053203327
773.0    0.0000000054008192    0.0000000053770492    0.0000000053306592    0.0000000054569100    0.0000000053669425
775.0    0.0000000054499446    0.0000000054247469    0.0000000053802600    0.0000000055047636    0.0000000054157200
777.0    0.0000000054993000    0.0000000054709367    0.0000000054299742    0.0000000055551033    0.0000000054647475
779.0    0.0000000055489746    0.0000000055175523    0.0000000054778055    0.0000000056058282    0.0000000055141150
781.0    0.0000000055990350    0.0000000055665700    0.0000000055259000    0.0000000056547782    0.0000000055618255
783.0    0.0000000056495546    0.0000000056162331    0.0000000055764375    0.0000000057064600    0.0000000056100067
785.0    0.0000000057005850    0.0000000056666169    0.0000000056274050    0.0000000057587000    0.0000000056608400
787.0    0.0000000057501067    0.0000000057157992    0.0000000056767027    0.0000000058092336    0.0000000057123050
789.0    0.0000000058022846    0.0000000057657631    0.0000000057265083    0.0000000058626908    0.0000000057644458
791.0    0.0000000058550850    0.0000000058185715    0.0000000057790475    0.0000000059167827    0.0000000058150827
793.0    0.0000000059085362    0.0000000058722715    0.0000000058322050    0.0000000059691427    0.0000000058663992
795.0    0.0000000059626325    0.0000000059268685    0.0000000058837409    0.0000000060220973    0.0000000059206767
797.0    0.0000000060151825    0.0000000059801933    0.0000000059358833    0.0000000060780875    0.0000000059756950
799.0    0.0000000060705454    0.0000000060343277    0.0000000059909267    0.0000000061346800    0.0000000060314425
801.0    0.0000000061265125    0.0000000060914354    0.0000000060466100    0.0000000061893618    0.0000000060878967
803.0    0.0000000061830654    0.0000000061493223    0.0000000061005536    0.0000000062470600    0.0000000061426227
805.0    0.0000000062401475    0.0000000062079277    0.0000000061550475    0.0000000063052418    0.0000000061979275
807.0    0.0000000062954108    0.0000000062648833    0.0000000062124517    0.0000000063613045    0.0000000062561908
809.0    0.0000000063534031    0.0000000063223723    0.0000000062703667    0.0000000064202858    0.0000000063149600
811.0    0.0000000064117675    0.0000000063826323    0.0000000063262955    0.0000000064795709    0.0000000063741667
813.0    0.0000000064704423    0.0000000064432808    0.0000000063825958    0.0000000065365073    0.0000000064312464
815.0    0.0000000065293558    0.0000000065042223    0.0000000064416750    0.0000000065962008    0.0000000064885925
817.0    0.0000000065884415    0.0000000065630033    0.0000000065010233    0.0000000066559936    0.0000000065486275
819.0    0.0000000066476250    0.0000000066218738    0.0000000065580864    0.0000000067132164    0.0000000066087883
821.0    0.0000000067044700    0.0000000066830962    0.0000000066152742    0.0000000067730042    0.0000000066689900
823.0    0.0000000067636469    0.0000000067442238    0.0000000066750083    0.0000000068326900    0.0000000067266464
825.0    0.0000000068227225    0.0000000068028217    0.0000000067322500    0.0000000068896282    0.0000000067841942
827.0    0.0000000068816300    0.0000000068611654    0.0000000067894242    0.0000000069489342    0.0000000068440625
829.0    0.0000000069403175    0.0000000069215015    0.0000000068489508    0.0000000070079700    0.0000000069036758
831.0    0.0000000069963983    0.0000000069814162    0.0000000069082825    0.0000000070641427    0.0000000069629700
833.0    0.0000000070545008    0.0000000070408477    0.0000000069649091    0.0000000071225125    0.0000000070218942
835.0    0.0000000071122508    0.0000000070974908    0.0000000070212592    0.0000000071805009    0.0000000070779718
837.0    0.0000000071696031    0.0000000071535977    0.0000000070797275    0.0000000072355782    0.0000000071336217
839.0    0.0000000072265508    0.0000000072113562    0.0000000071378208    0.0000000072927350    0.0000000071912200
841.0    0.0000000072830600    0.0000000072684962    0.0000000071931155    0.0000000073494618    0.0000000072483150
843.0    0.0000000073391350    0.0000000073250031    0.0000000072480183    0.0000000074033082    0.0000000073048925
845.0    0.0000000073925492    0.0000000073787500    0.0000000073048817    0.0000000074567555    0.0000000073586282
847.0    0.0000000074477631    0.0000000074319246    0.0000000073613025    0.0000000075122200    0.0000000074118883
849.0    0.0000000075025583    0.0000000074866546    0.0000000074149655    0.0000000075672909    0.0000000074669842
851.0    0.0000000075569477    0.0000000075408300    0.0000000074682267    0.0000000076196091    0.0000000075216067
853.0    0.0000000076109625    0.0000000075944938    0.0000000075234008    0.0000000076739633    0.0000000075757908
855.0    0.0000000076624908    0.0000000076456658    0.0000000075781833    0.0000000077280100    0.0000000076295725
857.0    0.0000000077158585    0.0000000076964585    0.0000000076303464    0.0000000077794455    0.0000000076807791
859.0    0.0000000077689542    0.0000000077489469    0.0000000076821983    0.0000000078329892    0.0000000077316950
861.0    0.0000000078218138    0.0000000078011608    0.0000000077360208    0.0000000078863409    0.0000000077845675
863.0    0.0000000078744858    0.0000000078531654    0.0000000077895883    0.0000000079372282    0.0000000078372325
865.0    0.0000000079249117    0.0000000079030375    0.0000000078407245    0.0000000079903217    0.0000000078897433
867.0    0.0000000079773323    0.0000000079528431    0.0000000078917025    0.0000000080433464    0.0000000079399764
869.0    0.0000000080296917    0.0000000080046369    0.0000000079447742    0.0000000080940336    0.0000000079901658
871.0    0.0000000080820262    0.0000000080564869    0.0000000079977600    0.0000000081470283    0.0000000080425425
873.0    0.0000000081343700    0.0000000081084538    0.0000000080484973    0.0000000082000582    0.0000000080949717
875.0    0.0000000081867623    0.0000000081585833    0.0000000080992317    0.0000000082508409    0.0000000081474975
877.0    0.0000000082392258    0.0000000082089177    0.0000000081521983    0.0000000083040075    0.0000000081979618
879.0    0.0000000082896800    0.0000000082615138    0.0000000082052258    0.0000000083572727    0.0000000082485808
881.0    0.0000000083423477    0.0000000083143992    0.0000000082561236    0.0000000084083200    0.0000000083015892
883.0    0.0000000083951358    0.0000000083675923    0.0000000083071225    0.0000000084617975    0.0000000083548083
885.0    0.0000000084480523    0.0000000084190433    0.0000000083604508    0.0000000085153736    0.0000000084082500
887.0    0.0000000085010900    0.0000000084707969    0.0000000084139083    0.0000000085667100    0.0000000084619125
889.0    0.0000000085521100    0.0000000085249285    0.0000000084652582    0.0000000086181118    0.0000000085135427
891.0    0.0000000086053508    0.0000000085793600    0.0000000085167217    0.0000000086718975    0.0000000085653592
893.0    0.0000000086586625    0.0000000086340592    0.0000000085705242    0.0000000087256991    0.0000000086196033
895.0    0.0000000087120138    0.0000000086868717    0.0000000086244158    0.0000000087771400    0.0000000086739908
897.0    0.0000000087653650    0.0000000087398554    0.0000000086761164    0.0000000088308517    0.0000000087284833
899.0    0.0000000088165442    0.0000000087950838    0.0000000087278400    0.0000000088844464    0.0000000087807600
901.0    0.0000000088697608    0.0000000088503738    0.0000000087817950    0.0000000089355473    0.0000000088330358
903.0    0.0000000089228333    0.0000000089056546    0.0000000088356842    0.0000000089887383    0.0000000088875283
905.0    0.0000000089756962    0.0000000089587250    0.0000000088872227    0.0000000090416373    0.0000000089418908
907.0    0.0000000090282900    0.0000000090116323    0.0000000089385925    0.0000000090918945    0.0000000089960558
909.0    0.0000000090805400    0.0000000090664062    0.0000000089919667    0.0000000091440075    0.0000000090477064
911.0    0.0000000091323917    0.0000000091208223    0.0000000090450392    0.0000000091956245    0.0000000090990242
913.0    0.0000000091817158    0.0000000091747908    0.0000000090955509    0.0000000092444582    0.0000000091521450
915.0    0.0000000092325515    0.0000000092261767    0.0000000091456492    0.0000000092948792    0.0000000092047483
917.0    0.0000000092827792    0.0000000092769631    0.0000000091974275    0.0000000093445945    0.0000000092567475
919.0    0.0000000093323092    0.0000000093290677    0.0000000092486158    0.0000000093914173    0.0000000093080542
921.0    0.0000000093810900    0.0000000093803492    0.0000000092970573    0.0000000094395358    0.0000000093565055
923.0    0.0000000094271417    0.0000000094307169    0.0000000093448183    0.0000000094867609    0.0000000094041667
925.0    0.0000000094742392    0.0000000094782158    0.0000000093938783    0.0000000095310300    0.0000000094530017
927.0    0.0000000095204067    0.0000000095247062    0.0000000094420742    0.0000000095763133    0.0000000095008417
929.0    0.0000000095655662    0.0000000095719415    0.0000000094874000    0.0000000096205555    0.0000000095476225
931.0    0.0000000096096958    0.0000000096179654    0.0000000095318075    0.0000000096618382    0.0000000095914100
933.0    0.0000000096527254    0.0000000096627185    0.0000000095771408    0.0000000097020845    0.0000000096341075
935.0    0.0000000096946483    0.0000000097045142    0.0000000096213883    0.0000000097430225    0.0000000096774733
937.0    0.0000000097338058    0.0000000097450415    0.0000000096627464    0.0000000097828000    0.0000000097195858
939.0    0.0000000097734392    0.0000000097858315    0.0000000097030258    0.0000000098197264    0.0000000097604108
941.0    0.0000000098119000    0.0000000098252115    0.0000000097439033    0.0000000098571525    0.0000000097983155
943.0    0.0000000098491546    0.0000000098617450    0.0000000097835750    0.0000000098934064    0.0000000098349833
945.0    0.0000000098852300    0.0000000098969415    0.0000000098204582    0.0000000099269691    0.0000000098719592
947.0    0.0000000099187400    0.0000000099321608    0.0000000098562017    0.0000000099609100    0.0000000099076092
949.0    0.0000000099524962    0.0000000099659815    0.0000000098923125    0.0000000099937236    0.0000000099419483
951.0    0.0000000099851167    0.0000000099984208    0.0000000099272142    0.0000000100240636    0.0000000099749967
953.0    0.0000000100166231    0.0000000100283583    0.0000000099595482    0.0000000100547500    0.0000000100054791
955.0    0.0000000100470417    0.0000000100570846    0.0000000099907925    0.0000000100844182    0.0000000100348333
957.0    0.0000000100752667    0.0000000100857385    0.0000000100223083    0.0000000101118818    0.0000000100643417
959.0    0.0000000101036923    0.0000000101131923    0.0000000100527083    0.0000000101397000    0.0000000100926917
961.0    0.0000000101312083    0.0000000101395462    0.0000000100808818    0.0000000101666727    0.0000000101199833
963.0    0.0000000101578615    0.0000000101639000    0.0000000101081167    0.0000000101917455    0.0000000101451909
965.0    0.0000000101836917    0.0000000101873308    0.0000000101356167    0.0000000102172667    0.0000000101695167
967.0    0.0000000102088077    0.0000000102108385    0.0000000101622583    0.0000000102421455    0.0000000101940750
969.0    0.0000000102332500    0.0000000102335462    0.0000000101870364    0.0000000102654000    0.0000000102178917
971.0    0.0000000102562083    0.0000000102555846    0.0000000102111333    0.0000000102893000    0.0000000102410000
973.0    0.0000000102796000    0.0000000102761833    0.0000000102356333    0.0000000103127909    0.0000000102625636
975.0    0.0000000103025917    0.0000000102963000    0.0000000102595667    0.0000000103349909    0.0000000102836667
977.0    0.0000000103252769    0.0000000103168538    0.0000000102820455    0.0000000103579917    0.0000000103052750
979.0    0.0000000103476833    0.0000000103370769    0.0000000103041417    0.0000000103808636    0.0000000103265833
981.0    0.0000000103690833    0.0000000103571154    0.0000000103269167    0.0000000104027273    0.0000000103476500
983.0    0.0000000103912923    0.0000000103763000    0.0000000103494583    0.0000000104246000    0.0000000103685917
985.0    0.0000000104135333    0.0000000103954769    0.0000000103709182    0.0000000104476333    0.0000000103886364
987.0    0.0000000104359000    0.0000000104155231    0.0000000103923417    0.0000000104708818    0.0000000104087500
989.0    0.0000000104584333    0.0000000104357846    0.0000000104147417    0.0000000104934091    0.0000000104298833
991.0    0.0000000104812615    0.0000000104563538    0.0000000104372833    0.0000000105173500    0.0000000104513000
993.0    0.0000000105044500    0.0000000104765167    0.0000000104590636    0.0000000105417364    0.0000000104730167
995.0    0.0000000105271417    0.0000000104971385    0.0000000104811500    0.0000000105655818    0.0000000104942636
997.0    0.0000000105512538    0.0000000105191615    0.0000000105045500    0.0000000105911083    0.0000000105159833
999.0    0.0000000105760000    0.0000000105418462    0.0000000105284250    0.0000000106173182    0.0000000105392417
1001.0    0.0000000106013615    0.0000000105652923    0.0000000105518182    0.0000000106430636    0.0000000105631833
1003.0    0.0000000106274500    0.0000000105886000    0.0000000105757750    0.0000000106707917    0.0000000105878750
1005.0    0.0000000106532500    0.0000000106127692    0.0000000106014583    0.0000000106993636    0.0000000106123273
1007.0    0.0000000106809385    0.0000000106388462    0.0000000106278917    0.0000000107275545    0.0000000106376083
1009.0    0.0000000107095250    0.0000000106659077    0.0000000106539818    0.0000000107579833    0.0000000106648917
1011.0    0.0000000107390385    0.0000000106941000    0.0000000106808833    0.0000000107893727    0.0000000106932083
1013.0    0.0000000107695333    0.0000000107222583    0.0000000107098417    0.0000000108203636    0.0000000107225417
1015.0    0.0000000107997833    0.0000000107514846    0.0000000107397833    0.0000000108538417    0.0000000107529917
1017.0    0.0000000108323077    0.0000000107830769    0.0000000107694364    0.0000000108883636    0.0000000107832455
1019.0    0.0000000108658750    0.0000000108159000    0.0000000108000167    0.0000000109224182    0.0000000108145500
1021.0    0.0000000109005769    0.0000000108499923    0.0000000108330250    0.0000000109591333    0.0000000108483750
1023.0    0.0000000109363750    0.0000000108839500    0.0000000108671000    0.0000000109969545    0.0000000108834250
1025.0    0.0000000109733000    0.0000000109191462    0.0000000109008455    0.0000000110342000    0.0000000109197167
1027.0    0.0000000110113250    0.0000000109569846    0.0000000109356250    0.0000000110724818    0.0000000109555909
1029.0    0.0000000110489083    0.0000000109961385    0.0000000109730250    0.0000000111136000    0.0000000109926500
1031.0    0.0000000110891538    0.0000000110365538    0.0000000110116000    0.0000000111558455    0.0000000110325000
1033.0    0.0000000111304917    0.0000000110766000    0.0000000110496545    0.0000000111972545    0.0000000110735750
1035.0    0.0000000111729692    0.0000000111178231    0.0000000110887667    0.0000000112416333    0.0000000111158667
1037.0    0.0000000112165000    0.0000000111618923    0.0000000111306833    0.0000000112870455    0.0000000111574636
1039.0    0.0000000112592750    0.0000000112071692    0.0000000111737167    0.0000000113314636    0.0000000112001500
1041.0    0.0000000113048615    0.0000000112535692    0.0000000112160091    0.0000000113789167    0.0000000112457833
1043.0    0.0000000113514417    0.0000000112992750    0.0000000112593083    0.0000000114273091    0.0000000112925333
1045.0    0.0000000113990154    0.0000000113459769    0.0000000113054833    0.0000000114744818    0.0000000113403083
1047.0    0.0000000114475083    0.0000000113955462    0.0000000113527083    0.0000000115246833    0.0000000113891250
1049.0    0.0000000114949333    0.0000000114461077    0.0000000113989000    0.0000000115757545    0.0000000114368273
1051.0    0.0000000115451615    0.0000000114956167    0.0000000114459583    0.0000000116253636    0.0000000114853750
1053.0    0.0000000115962167    0.0000000115459615    0.0000000114959833    0.0000000116780250    0.0000000115368917
1055.0    0.0000000116480846    0.0000000115991000    0.0000000115468833    0.0000000117314091    0.0000000115892417
1057.0    0.0000000117006833    0.0000000116530462    0.0000000115964455    0.0000000117831545    0.0000000116423917
1059.0    0.0000000117540154    0.0000000117077000    0.0000000116467333    0.0000000118379167    0.0000000116940273
1061.0    0.0000000118079667    0.0000000117608667    0.0000000116999583    0.0000000118932727    0.0000000117462583
1063.0    0.0000000118603500    0.0000000118146308    0.0000000117516455    0.0000000119468091    0.0000000118014000
1065.0    0.0000000119155308    0.0000000118710769    0.0000000118039333    0.0000000120032917    0.0000000118571417
1067.0    0.0000000119712250    0.0000000119280308    0.0000000118591250    0.0000000120602909    0.0000000119134083
1069.0    0.0000000120274462    0.0000000119854769    0.0000000119149000    0.0000000121152727    0.0000000119678273
1071.0    0.0000000120841167    0.0000000120410917    0.0000000119688636    0.0000000121706818    0.0000000120226500
1073.0    0.0000000121389583    0.0000000120970385    0.0000000120233167    0.0000000122290083    0.0000000120802667
1075.0    0.0000000121964923    0.0000000121555923    0.0000000120806167    0.0000000122877636    0.0000000121382667
1077.0    0.0000000122544083    0.0000000122144308    0.0000000121383333    0.0000000123442818    0.0000000121966250
1079.0    0.0000000123127000    0.0000000122735462    0.0000000121940545    0.0000000124037333    0.0000000122552750
1081.0    0.0000000123713083    0.0000000123306250    0.0000000122501000    0.0000000124635182    0.0000000123117909
1083.0    0.0000000124278833    0.0000000123879154    0.0000000123089667    0.0000000125209909    0.0000000123685333
1085.0    0.0000000124871077    0.0000000124477000    0.0000000123681667    0.0000000125813917    0.0000000124279917
1087.0    0.0000000125466333    0.0000000125076538    0.0000000124252000    0.0000000126420909    0.0000000124876833
1089.0    0.0000000126064154    0.0000000125678000    0.0000000124825083    0.0000000127004182    0.0000000125476000
1091.0    0.0000000126665000    0.0000000126258083    0.0000000125425917    0.0000000127616750    0.0000000126052545
1093.0    0.0000000127268462    0.0000000126839923    0.0000000126029667    0.0000000128232091    0.0000000126630833
1095.0    0.0000000127874500    0.0000000127446692    0.0000000126610727    0.0000000128823364    0.0000000127236333
1097.0    0.0000000128458917    0.0000000128055462    0.0000000127194333    0.0000000129444417    0.0000000127844167
1099.0    0.0000000129070154    0.0000000128666308    0.0000000127805833    0.0000000130068545    0.0000000128454500
1101.0    0.0000000129684583    0.0000000129255667    0.0000000128420167    0.0000000130668182    0.0000000129041364
1103.0    0.0000000130301462    0.0000000129847231    0.0000000129011455    0.0000000131298000    0.0000000129630583
1105.0    0.0000000130921583    0.0000000130464846    0.0000000129605500    0.0000000131931273    0.0000000130248167
1107.0    0.0000000131519500    0.0000000131085154    0.0000000130228000    0.0000000132540000    0.0000000130868500
1109.0    0.0000000132145769    0.0000000131708462    0.0000000130853667    0.0000000133179667    0.0000000131492083
1111.0    0.0000000132775083    0.0000000132311000    0.0000000131456273    0.0000000133823091    0.0000000132118667
1113.0    0.0000000133407923    0.0000000132916615    0.0000000132061667    0.0000000134441545    0.0000000132722455
1115.0    0.0000000134044500    0.0000000133550231    0.0000000132696750    0.0000000135091917    0.0000000133329667
1117.0    0.0000000134684231    0.0000000134187615    0.0000000133335417    0.0000000135746182    0.0000000133967083
1119.0    0.0000000135328000    0.0000000134829308    0.0000000133951091    0.0000000136375727    0.0000000134608583
1121.0    0.0000000135950000    0.0000000135450500    0.0000000134570000    0.0000000137008818    0.0000000135254333
1123.0    0.0000000136601538    0.0000000136076000    0.0000000135219917    0.0000000137675083    0.0000000135877364
1125.0    0.0000000137257250    0.0000000136731462    0.0000000135873750    0.0000000138344909    0.0000000136504833
1127.0    0.0000000137917154    0.0000000137392000    0.0000000136504182    0.0000000138989727    0.0000000137164000
1129.0    0.0000000138581417    0.0000000138057154    0.0000000137138917    0.0000000139668167    0.0000000137828333
1131.0    0.0000000139223000    0.0000000138702167    0.0000000137805333    0.0000000140350545    0.0000000138497750
1133.0    0.0000000139895923    0.0000000139352077    0.0000000138476250    0.0000000141007273    0.0000000139172083
1135.0    0.0000000140572583    0.0000000140033385    0.0000000139123364    0.0000000141697750    0.0000000139823273
1137.0    0.0000000141253769    0.0000000140720154    0.0000000139774667    0.0000000142392182    0.0000000140479083
1139.0    0.0000000141938917    0.0000000141412385    0.0000000140458750    0.0000000143060182    0.0000000141168500
1141.0    0.0000000142600750    0.0000000142082833    0.0000000141147167    0.0000000143762000    0.0000000141863167
1143.0    0.0000000143293923    0.0000000142758462    0.0000000141811182    0.0000000144467273    0.0000000142562583
1145.0    0.0000000143990917    0.0000000143466154    0.0000000142479083    0.0000000145145273    0.0000000143237364
1147.0    0.0000000144691462    0.0000000144178615    0.0000000143180250    0.0000000145857000    0.0000000143916833
1149.0    0.0000000145395250    0.0000000144895846    0.0000000143885000    0.0000000146571545    0.0000000144630000
1151.0    0.0000000146102462    0.0000000145589833    0.0000000144564545    0.0000000147257364    0.0000000145347583
1153.0    0.0000000146812583    0.0000000146287769    0.0000000145247083    0.0000000147976417    0.0000000146069083
1155.0    0.0000000147496500    0.0000000147017231    0.0000000145962750    0.0000000148697455    0.0000000146763909
1157.0    0.0000000148211000    0.0000000147750077    0.0000000146681250    0.0000000149388455    0.0000000147462000
1159.0    0.0000000148927500    0.0000000148486231    0.0000000147372727    0.0000000150112000    0.0000000148193083
1161.0    0.0000000149645538    0.0000000149196333    0.0000000148066417    0.0000000150836000    0.0000000148926833
1163.0    0.0000000150364583    0.0000000149908462    0.0000000148792167    0.0000000151529000    0.0000000149662667
1165.0    0.0000000151055417    0.0000000150650923    0.0000000149519667    0.0000000152221909    0.0000000150400083
1167.0    0.0000000151775308    0.0000000151394385    0.0000000150217909    0.0000000152945167    0.0000000151108000
1169.0    0.0000000152494833    0.0000000152109750    0.0000000150917000    0.0000000153667455    0.0000000151816417
1171.0    0.0000000153213615    0.0000000152825308    0.0000000151646750    0.0000000154356636    0.0000000152555583
1173.0    0.0000000153931167    0.0000000153568923    0.0000000152376417    0.0000000155075083    0.0000000153294500
1175.0    0.0000000154646923    0.0000000154311462    0.0000000153075091    0.0000000155790727    0.0000000154032250
1177.0    0.0000000155360417    0.0000000155052154    0.0000000153772667    0.0000000156472273    0.0000000154737818
1179.0    0.0000000156042417    0.0000000155762167    0.0000000154498833    0.0000000157180917    0.0000000155441333
1181.0    0.0000000156749615    0.0000000156469231    0.0000000155222917    0.0000000157885000    0.0000000156172667
1183.0    0.0000000157452917    0.0000000157201308    0.0000000155914000    0.0000000158554455    0.0000000156900500
1185.0    0.0000000158151923    0.0000000157928923    0.0000000156602333    0.0000000159248583    0.0000000157624500
1187.0    0.0000000158845833    0.0000000158651846    0.0000000157316500    0.0000000159936818    0.0000000158313818
1189.0    0.0000000159506833    0.0000000159341417    0.0000000158026333    0.0000000160589000    0.0000000158998417
1191.0    0.0000000160189308    0.0000000160025538    0.0000000158701909    0.0000000161264167    0.0000000159706917
1193.0    0.0000000160865333    0.0000000160730538    0.0000000159372250    0.0000000161931818    0.0000000160409167
1195.0    0.0000000161534077    0.0000000161427769    0.0000000160065750    0.0000000162562909    0.0000000161104250
1197.0    0.0000000162195250    0.0000000162117308    0.0000000160752583    0.0000000163214250    0.0000000161791667
1199.0    0.0000000162822500    0.0000000162772333    0.0000000161404273    0.0000000163857000    0.0000000162443000
1201.0    0.0000000163467231    0.0000000163418769    0.0000000162048667    0.0000000164462909    0.0000000163086000
1203.0    0.0000000164103167    0.0000000164081615    0.0000000162713000    0.0000000165086583    0.0000000163747917
1205.0    0.0000000164729615    0.0000000164734462    0.0000000163368667    0.0000000165700636    0.0000000164400250
1207.0    0.0000000165346333    0.0000000165376615    0.0000000163988364    0.0000000166277727    0.0000000165042167
1209.0    0.0000000165952538    0.0000000165983667    0.0000000164599250    0.0000000166870583    0.0000000165647364
1211.0    0.0000000166548583    0.0000000166579923    0.0000000165226667    0.0000000167452364    0.0000000166242000
1213.0    0.0000000167109917    0.0000000167188000    0.0000000165843750    0.0000000167997909    0.0000000166851250
1215.0    0.0000000167684000    0.0000000167784308    0.0000000166424818    0.0000000168532818    0.0000000167448750
1217.0    0.0000000168246583    0.0000000168367538    0.0000000166995583    0.0000000169080333    0.0000000168034083
1219.0    0.0000000168797231    0.0000000168916167    0.0000000167579917    0.0000000169615818    0.0000000168582818
1221.0    0.0000000169336000    0.0000000169452462    0.0000000168152250    0.0000000170116636    0.0000000169119667
1223.0    0.0000000169841583    0.0000000169996846    0.0000000168689455    0.0000000170627583    0.0000000169667000
1225.0    0.0000000170356000    0.0000000170527615    0.0000000169215250    0.0000000171126455    0.0000000170201167
1227.0    0.0000000170858417    0.0000000171044308    0.0000000169751500    0.0000000171591545    0.0000000170721500
1229.0    0.0000000171347846    0.0000000171528000    0.0000000170275083    0.0000000172065583    0.0000000171227917
1231.0    0.0000000171824917    0.0000000171998385    0.0000000170764818    0.0000000172526909    0.0000000171700727
1233.0    0.0000000172270750    0.0000000172473692    0.0000000171242583    0.0000000172956455    0.0000000172160333
1235.0    0.0000000172722846    0.0000000172934615    0.0000000171728333    0.0000000173393083    0.0000000172626417
1237.0    0.0000000173162417    0.0000000173381538    0.0000000172200833    0.0000000173817727    0.0000000173078667
1239.0    0.0000000173589462    0.0000000173798000    0.0000000172641455    0.0000000174212000    0.0000000173516750
1241.0    0.0000000174004083    0.0000000174201308    0.0000000173069750    0.0000000174612250    0.0000000173923636
1243.0    0.0000000174406077    0.0000000174607000    0.0000000173504167    0.0000000175001000    0.0000000174318250
1245.0    0.0000000174796583    0.0000000174999154    0.0000000173925750    0.0000000175361364    0.0000000174716417
1247.0    0.0000000175159667    0.0000000175377615    0.0000000174317727    0.0000000175727333    0.0000000175101333
1249.0    0.0000000175526769    0.0000000175729000    0.0000000174697917    0.0000000176081818    0.0000000175473250
1251.0    0.0000000175882667    0.0000000176068692    0.0000000175082500    0.0000000176411000    0.0000000175817545
1253.0    0.0000000176227385    0.0000000176409154    0.0000000175455000    0.0000000176744667    0.0000000176150333
1255.0    0.0000000176561167    0.0000000176737462    0.0000000175801091    0.0000000177068273    0.0000000176485583
1257.0    0.0000000176871833    0.0000000177053923    0.0000000176136333    0.0000000177368818    0.0000000176809083
1259.0    0.0000000177185692    0.0000000177347333    0.0000000176475167    0.0000000177660727    0.0000000177121083
1261.0    0.0000000177489833    0.0000000177630846    0.0000000176802917    0.0000000177957333    0.0000000177422167
1263.0    0.0000000177784923    0.0000000177915000    0.0000000177107182    0.0000000178245545    0.0000000177700636
1265.0    0.0000000178071167    0.0000000178189231    0.0000000177402167    0.0000000178513818    0.0000000177970250
1267.0    0.0000000178348846    0.0000000178454308    0.0000000177700583    0.0000000178786667    0.0000000178242167
1269.0    0.0000000178619417    0.0000000178700583    0.0000000177989833    0.0000000179052727    0.0000000178505083
1271.0    0.0000000178871833    0.0000000178939154    0.0000000178258727    0.0000000179301364    0.0000000178759250
1273.0    0.0000000179128154    0.0000000179179462    0.0000000178519917    0.0000000179555333    0.0000000178995909
1275.0    0.0000000179378417    0.0000000179412923    0.0000000178785083    0.0000000179804000    0.0000000179225667
1277.0    0.0000000179622692    0.0000000179639923    0.0000000179042917    0.0000000180037000    0.0000000179458833
1279.0    0.0000000179862250    0.0000000179852583    0.0000000179284000    0.0000000180277083    0.0000000179686000
1281.0    0.0000000180087583    0.0000000180060231    0.0000000179519250    0.0000000180513182    0.0000000179907667
1283.0    0.0000000180318231    0.0000000180271769    0.0000000179759417    0.0000000180735818    0.0000000180115727
1285.0    0.0000000180545583    0.0000000180479615    0.0000000179994750    0.0000000180966333    0.0000000180319833
1287.0    0.0000000180769692    0.0000000180676333    0.0000000180215909    0.0000000181194545    0.0000000180529500
1289.0    0.0000000180991667    0.0000000180870615    0.0000000180433917    0.0000000181411636    0.0000000180736167
1291.0    0.0000000181202917    0.0000000181070692    0.0000000180658250    0.0000000181637333    0.0000000180940500
1293.0    0.0000000181421692    0.0000000181269385    0.0000000180879750    0.0000000181862636    0.0000000181143500
1295.0    0.0000000181639750    0.0000000181467538    0.0000000181090091    0.0000000182078182    0.0000000181337000
1297.0    0.0000000181857462    0.0000000181658000    0.0000000181299083    0.0000000182304000    0.0000000181530250
1299.0    0.0000000182075583    0.0000000181848769    0.0000000181516250    0.0000000182530818    0.0000000181731917
1301.0    0.0000000182294385    0.0000000182048462    0.0000000181733083    0.0000000182749182    0.0000000181934500
1303.0    0.0000000182514333    0.0000000182249923    0.0000000181941091    0.0000000182979250    0.0000000182138500
1305.0    0.0000000182727167    0.0000000182453538    0.0000000182149667    0.0000000183211636    0.0000000182335727
1307.0    0.0000000182951000    0.0000000182652000    0.0000000182368500    0.0000000183436545    0.0000000182535167
1309.0    0.0000000183177417    0.0000000182853538    0.0000000182589083    0.0000000183664273    0.0000000182746333
1311.0    0.0000000183406846    0.0000000183067000    0.0000000182802364    0.0000000183905750    0.0000000182961083
1313.0    0.0000000183639583    0.0000000183284538    0.0000000183018083    0.0000000184150818    0.0000000183179750
1315.0    0.0000000183866583    0.0000000183507154    0.0000000183246250    0.0000000184389273    0.0000000183393182
1317.0    0.0000000184106923    0.0000000183725667    0.0000000183477833    0.0000000184642583    0.0000000183611167
1319.0    0.0000000184351500    0.0000000183949308    0.0000000183703545    0.0000000184900545    0.0000000183843750
1321.0    0.0000000184600692    0.0000000184187923    0.0000000183932833    0.0000000185152000    0.0000000184081583
1323.0    0.0000000184854917    0.0000000184432231    0.0000000184176583    0.0000000185419583    0.0000000184325583
1325.0    0.0000000185114154    0.0000000184683308    0.0000000184425333    0.0000000185692182    0.0000000184575667
1327.0    0.0000000185378500    0.0000000184930833    0.0000000184668182    0.0000000185958000    0.0000000184820909
1329.0    0.0000000185637583    0.0000000185184615    0.0000000184916167    0.0000000186241167    0.0000000185072417
1331.0    0.0000000185912846    0.0000000185455385    0.0000000185180250    0.0000000186529818    0.0000000185341417
1333.0    0.0000000186193583    0.0000000185733308    0.0000000185450083    0.0000000186810909    0.0000000185617333
1335.0    0.0000000186479923    0.0000000186018538    0.0000000185714000    0.0000000187110333    0.0000000185900250
1337.0    0.0000000186772000    0.0000000186299417    0.0000000185983583    0.0000000187415000    0.0000000186177636
1339.0    0.0000000187058000    0.0000000186587154    0.0000000186270667    0.0000000187711545    0.0000000186461833
1341.0    0.0000000187361077    0.0000000186893538    0.0000000186551364    0.0000000188026750    0.0000000186765167
1343.0    0.0000000187669750    0.0000000187206846    0.0000000186837917    0.0000000188347091    0.0000000187075500
1345.0    0.0000000187984231    0.0000000187527231    0.0000000187142583    0.0000000188658091    0.0000000187392667
1347.0    0.0000000188303833    0.0000000187841833    0.0000000187453417    0.0000000188987917    0.0000000187716667
1349.0    0.0000000188615500    0.0000000188162615    0.0000000187756545    0.0000000189322636    0.0000000188033455
1351.0    0.0000000188945231    0.0000000188502692    0.0000000188065583    0.0000000189646818    0.0000000188356000
1353.0    0.0000000189279667    0.0000000188849154    0.0000000188392917    0.0000000189975000    0.0000000188698500
1355.0    0.0000000189618769    0.0000000189201154    0.0000000188726000    0.0000000190321583    0.0000000189047250
1357.0    0.0000000189961917    0.0000000189545167    0.0000000189049727    0.0000000190671818    0.0000000189401333
1359.0    0.0000000190309231    0.0000000189894231    0.0000000189378333    0.0000000191010000    0.0000000189745545
1361.0    0.0000000190660167    0.0000000190261846    0.0000000189725833    0.0000000191366333    0.0000000190094667
1363.0    0.0000000191000333    0.0000000190634000    0.0000000190077750    0.0000000191725364    0.0000000190463167
1365.0    0.0000000191357692    0.0000000191010308    0.0000000190418818    0.0000000192070727    0.0000000190836083
1367.0    0.0000000191717667    0.0000000191375667    0.0000000190763417    0.0000000192433667    0.0000000191212583
1369.0    0.0000000192080000    0.0000000191744000    0.0000000191126417    0.0000000192798091    0.0000000191576455
1371.0    0.0000000192443750    0.0000000192129692    0.0000000191492417    0.0000000193147636    0.0000000191943000
1373.0    0.0000000192794750    0.0000000192517615    0.0000000191845545    0.0000000193513667    0.0000000192327833
1375.0    0.0000000193161231    0.0000000192907077    0.0000000192200583    0.0000000193879909    0.0000000192714583
1377.0    0.0000000193528500    0.0000000193283167    0.0000000192573167    0.0000000194230091    0.0000000193102667
1379.0    0.0000000193895769    0.0000000193659538    0.0000000192947167    0.0000000194595500    0.0000000193491500
1381.0    0.0000000194263000    0.0000000194051154    0.0000000193306273    0.0000000194959909    0.0000000193864545
1383.0    0.0000000194614917    0.0000000194442308    0.0000000193665917    0.0000000195307000    0.0000000194237333
1385.0    0.0000000194980308    0.0000000194832769    0.0000000194041167    0.0000000195668000    0.0000000194625667
1387.0    0.0000000195344333    0.0000000195206417    0.0000000194416000    0.0000000196026818    0.0000000195012833
1389.0    0.0000000195706231    0.0000000195578385    0.0000000194774364    0.0000000196367364    0.0000000195398000
1391.0    0.0000000196065750    0.0000000195962692    0.0000000195131500    0.0000000196720333    0.0000000195765182
1393.0    0.0000000196422462    0.0000000196344154    0.0000000195502333    0.0000000197069727    0.0000000196129750
1395.0    0.0000000196776000    0.0000000196721846    0.0000000195870917    0.0000000197400545    0.0000000196506917
1397.0    0.0000000197111917    0.0000000197081333    0.0000000196221727    0.0000000197727091    0.0000000196880333
1399.0    0.0000000197458000    0.0000000197436692    0.0000000196569583    0.0000000198064167    0.0000000197249333
1401.0    0.0000000197799667    0.0000000197801231    0.0000000196929000    0.0000000198396000    0.0000000197598727
1403.0    0.0000000198136462    0.0000000198160308    0.0000000197284333    0.0000000198708545    0.0000000197943250
1405.0    0.0000000198468333    0.0000000198500333    0.0000000197620818    0.0000000199029917    0.0000000198297500
1407.0    0.0000000198781750    0.0000000198834154    0.0000000197953000    0.0000000199345455    0.0000000198645667
1409.0    0.0000000199102462    0.0000000199174923    0.0000000198294417    0.0000000199641364    0.0000000198987417
1411.0    0.0000000199417333    0.0000000199509000    0.0000000198630417    0.0000000199944583    0.0000000199322583
1413.0    0.0000000199725769    0.0000000199835615    0.0000000198947000    0.0000000200240909    0.0000000199636909
1415.0    0.0000000200027750    0.0000000200142833    0.0000000199257833    0.0000000200517818    0.0000000199944917
1417.0    0.0000000200322846    0.0000000200442615    0.0000000199575917    0.0000000200800833    0.0000000200258583
1419.0    0.0000000200611000    0.0000000200746538    0.0000000199887083    0.0000000201076455    0.0000000200564500
1421.0    0.0000000200881083    0.0000000201041923    0.0000000200178818    0.0000000201333000    0.0000000200862250
1423.0    0.0000000201154923    0.0000000201329000    0.0000000200464083    0.0000000201594167    0.0000000201140000
1425.0    0.0000000201421417    0.0000000201596917    0.0000000200754500    0.0000000201847636    0.0000000201409833
1427.0    0.0000000201680308    0.0000000201856462    0.0000000201036917    0.0000000202082818    0.0000000201682833
1429.0    0.0000000201931417    0.0000000202118077    0.0000000201300727    0.0000000202321000    0.0000000201947500
1431.0    0.0000000202165083    0.0000000202370538    0.0000000201556917    0.0000000202551545    0.0000000202203167
1433.0    0.0000000202400923    0.0000000202613923    0.0000000201816667    0.0000000202764727    0.0000000202440000
1435.0    0.0000000202628833    0.0000000202839833    0.0000000202068167    0.0000000202979667    0.0000000202668333
1437.0    0.0000000202849000    0.0000000203056846    0.0000000202301727    0.0000000203187091    0.0000000202898000
1439.0    0.0000000203061083    0.0000000203274308    0.0000000202527417    0.0000000203378182    0.0000000203119083
1441.0    0.0000000203257583    0.0000000203482692    0.0000000202755083    0.0000000203570333    0.0000000203331417
1443.0    0.0000000203454231    0.0000000203682154    0.0000000202974500    0.0000000203754909    0.0000000203534667
1445.0    0.0000000203643167    0.0000000203865833    0.0000000203177091    0.0000000203924273    0.0000000203721455
1447.0    0.0000000203824462    0.0000000204041231    0.0000000203372083    0.0000000204086818    0.0000000203900083
1449.0    0.0000000203998500    0.0000000204215769    0.0000000203567583    0.0000000204249417    0.0000000204078583
1451.0    0.0000000204164692    0.0000000204381846    0.0000000203755000    0.0000000204405091    0.0000000204248583
1453.0    0.0000000204323750    0.0000000204539462    0.0000000203927273    0.0000000204546909    0.0000000204410250
1455.0    0.0000000204469500    0.0000000204683833    0.0000000204092167    0.0000000204688583    0.0000000204558091
1457.0    0.0000000204614231    0.0000000204820769    0.0000000204256750    0.0000000204823455    0.0000000204698500
1459.0    0.0000000204752333    0.0000000204955769    0.0000000204413917    0.0000000204946182    0.0000000204837500
1461.0    0.0000000204883308    0.0000000205083538    0.0000000204557364    0.0000000205068000    0.0000000204969167
1463.0    0.0000000205008000    0.0000000205204077    0.0000000204694167    0.0000000205183818    0.0000000205093750
1465.0    0.0000000205121667    0.0000000205313750    0.0000000204829917    0.0000000205288727    0.0000000205206364
1467.0    0.0000000205233846    0.0000000205416923    0.0000000204958833    0.0000000205392667    0.0000000205313000
1469.0    0.0000000205340000    0.0000000205517923    0.0000000205075909    0.0000000205490909    0.0000000205417750
1471.0    0.0000000205440308    0.0000000205612846    0.0000000205187083    0.0000000205579545    0.0000000205515917
1473.0    0.0000000205534917    0.0000000205701769    0.0000000205297000    0.0000000205667083    0.0000000205608583
1475.0    0.0000000205623923    0.0000000205781917    0.0000000205400583    0.0000000205749545    0.0000000205695333
1477.0    0.0000000205708250    0.0000000205857077    0.0000000205494091    0.0000000205823636    0.0000000205773182
1479.0    0.0000000205784250    0.0000000205930000    0.0000000205582667    0.0000000205896500    0.0000000205846167
1481.0    0.0000000205858462    0.0000000205997923    0.0000000205669500    0.0000000205964818    0.0000000205917167
1483.0    0.0000000205928167    0.0000000206061462    0.0000000205751250    0.0000000206026273    0.0000000205983500
1485.0    0.0000000205993692    0.0000000206118083    0.0000000205824818    0.0000000206086333    0.0000000206045417
