9.0    0.0000000000000001    0.0000000000000000    0.0000000000000001    0.0000000000000000    0.0000000000000001
11.0    0.0000000000000009    0.0000000000000005    0.0000000000000012    0.0000000000000006    0.0000000000000013
13.0    0.0000000000000022    0.0000000000000014    0.0000000000000031    0.0000000000000018    0.0000000000000032
15.0    0.0000000000000053    0.0000000000000036    0.0000000000000069    0.0000000000000045    0.0000000000000073
17.0    0.0000000000000120    0.0000000000000087    0.0000000000000145    0.0000000000000102    0.0000000000000157
19.0    0.0000000000000254    0.0000000000000191    0.0000000000000296    0.0000000000000226    0.0000000000000316
21.0    0.0000000000000498    0.0000000000000391    0.0000000000000564    0.0000000000000458    0.0000000000000579
23.0    0.0000000000000893    0.0000000000000761    0.0000000000000982    0.0000000000000843    0.0000000000001004
25.0    0.0000000000001533    0.0000000000001372    0.0000000000001611    0.0000000000001486    0.0000000000001667
27.0    0.0000000000002449    0.0000000000002289    0.0000000000002528    0.0000000000002424    0.0000000000002593
29.0    0.0000000000003657    0.0000000000003483    0.0000000000003712    0.0000000000003618    0.0000000000003779
31.0    0.0000000000005095    0.0000000000004943    0.0000000000005045    0.0000000000005118    0.0000000000005166
33.0    0.0000000000006636    0.0000000000006603    0.0000000000006465    0.0000000000006732    0.0000000000006570
35.0    0.0000000000008095    0.0000000000008192    0.0000000000007878    0.0000000000008190    0.0000000000007901
37.0    0.0000000000009236    0.0000000000009466    0.0000000000009052    0.0000000000009409    0.0000000000009054
39.0    0.0000000000010018    0.0000000000010226    0.0000000000009840    0.0000000000010168    0.0000000000009853
41.0    0.0000000000010367    0.0000000000010477    0.0000000000010268    0.0000000000010430    0.0000000000010280
43.0    0.0000000000010384    0.0000000000010330    0.0000000000010427    0.0000000000010349    0.0000000000010431
45.0    0.0000000000010303    0.0000000000010037    0.0000000000010483    0.0000000000010170    0.0000000000010503
47.0    0.0000000000010393    0.0000000000009952    0.0000000000010667    0.0000000000010204    0.0000000000010725
49.0    0.0000000000010915    0.0000000000010359    0.0000000000011194    0.0000000000010695    0.0000000000011314
51.0    0.0000000000012017    0.0000000000011436    0.0000000000012241    0.0000000000011863    0.0000000000012406
53.0    0.0000000000013725    0.0000000000013276    0.0000000000013820    0.0000000000013691    0.0000000000013932
55.0    0.0000000000015892    0.0000000000015698    0.0000000000015729    0.0000000000015923    0.0000000000015833
57.0    0.0000000000018178    0.0000000000018399    0.0000000000017833    0.0000000000018474    0.0000000000017996
59.0    0.0000000000020459    0.0000000000020905    0.0000000000019959    0.0000000000020899    0.0000000000020071
61.0    0.0000000000022332    0.0000000000022964    0.0000000000021728    0.0000000000022769    0.0000000000021776
63.0    0.0000000000023522    0.0000000000024338    0.0000000000022866    0.0000000000023975    0.0000000000022877
65.0    0.0000000000023894    0.0000000000024737    0.0000000000023306    0.0000000000024275    0.0000000000023240
67.0    0.0000000000023398    0.0000000000024134    0.0000000000022996    0.0000000000023683    0.0000000000022881
69.0    0.0000000000022159    0.0000000000022735    0.0000000000021965    0.0000000000022272    0.0000000000021830
71.0    0.0000000000020441    0.0000000000020749    0.0000000000020458    0.0000000000020299    0.0000000000020247
73.0    0.0000000000018357    0.0000000000018381    0.0000000000018636    0.0000000000018147    0.0000000000018353
75.0    0.0000000000016230    0.0000000000016017    0.0000000000016633    0.0000000000015907    0.0000000000016459
77.0    0.0000000000014282    0.0000000000013917    0.0000000000014734    0.0000000000013904    0.0000000000014671
79.0    0.0000000000012654    0.0000000000012297    0.0000000000013149    0.0000000000012352    0.0000000000013053
81.0    0.0000000000011458    0.0000000000011126    0.0000000000011875    0.0000000000011159    0.0000000000011763
83.0    0.0000000000010579    0.0000000000010337    0.0000000000010878    0.0000000000010361    0.0000000000010804
85.0    0.0000000000009997    0.0000000000009883    0.0000000000010176    0.0000000000009888    0.0000000000010149
87.0    0.0000000000009615    0.0000000000009626    0.0000000000009703    0.0000000000009574    0.0000000000009683
89.0    0.0000000000009321    0.0000000000009438    0.0000000000009343    0.0000000000009325    0.0000000000009306
91.0    0.0000000000009023    0.0000000000009209    0.0000000000009000    0.0000000000009057    0.0000000000008958
93.0    0.0000000000008662    0.0000000000008863    0.0000000000008629    0.0000000000008706    0.0000000000008579
95.0    0.0000000000008227    0.0000000000008383    0.0000000000008212    0.0000000000008226    0.0000000000008134
97.0    0.0000000000007684    0.0000000000007781    0.0000000000007725    0.0000000000007645    0.0000000000007641
99.0    0.0000000000007076    0.0000000000007127    0.0000000000007158    0.0000000000007024    0.0000000000007096
101.0    0.0000000000006441    0.0000000000006447    0.0000000000006559    0.0000000000006353    0.0000000000006501
103.0    0.0000000000005821    0.0000000000005765    0.0000000000005986    0.0000000000005708    0.0000000000005912
105.0    0.0000000000005274    0.0000000000005154    0.0000000000005447    0.0000000000005151    0.0000000000005361
107.0    0.0000000000004779    0.0000000000004644    0.0000000000004944    0.0000000000004658    0.0000000000004892
109.0    0.0000000000004373    0.0000000000004258    0.0000000000004518    0.0000000000004265    0.0000000000004494
111.0    0.0000000000004057    0.0000000000003972    0.0000000000004185    0.0000000000003980    0.0000000000004156
113.0    0.0000000000003818    0.0000000000003762    0.0000000000003923    0.0000000000003762    0.0000000000003891
115.0    0.0000000000003646    0.0000000000003616    0.0000000000003710    0.0000000000003603    0.0000000000003686
117.0    0.0000000000003507    0.0000000000003511    0.0000000000003543    0.0000000000003485    0.0000000000003529
119.0    0.0000000000003387    0.0000000000003417    0.0000000000003408    0.0000000000003375    0.0000000000003396
121.0    0.0000000000003271    0.0000000000003314    0.0000000000003286    0.0000000000003263    0.0000000000003268
123.0    0.0000000000003148    0.0000000000003193    0.0000000000003158    0.0000000000003143    0.0000000000003139
125.0    0.0000000000003012    0.0000000000003050    0.0000000000003025    0.0000000000003001    0.0000000000003004
127.0    0.0000000000002863    0.0000000000002895    0.0000000000002888    0.0000000000002844    0.0000000000002861
129.0    0.0000000000002712    0.0000000000002727    0.0000000000002744    0.0000000000002685    0.0000000000002717
131.0    0.0000000000002552    0.0000000000002549    0.0000000000002591    0.0000000000002517    0.0000000000002570
133.0    0.0000000000002395    0.0000000000002378    0.0000000000002439    0.0000000000002356    0.0000000000002420
135.0    0.0000000000002250    0.0000000000002222    0.0000000000002301    0.0000000000002214    0.0000000000002278
137.0    0.0000000000002119    0.0000000000002091    0.0000000000002174    0.0000000000002084    0.0000000000002149
139.0    0.0000000000002011    0.0000000000001982    0.0000000000002055    0.0000000000001974    0.0000000000002039
141.0    0.0000000000001916    0.0000000000001891    0.0000000000001953    0.0000000000001888    0.0000000000001944
143.0    0.0000000000001837    0.0000000000001821    0.0000000000001870    0.0000000000001818    0.0000000000001860
145.0    0.0000000000001773    0.0000000000001765    0.0000000000001800    0.0000000000001758    0.0000000000001788
147.0    0.0000000000001718    0.0000000000001720    0.0000000000001737    0.0000000000001707    0.0000000000001727
149.0    0.0000000000001670    0.0000000000001678    0.0000000000001681    0.0000000000001662    0.0000000000001674
151.0    0.0000000000001622    0.0000000000001635    0.0000000000001631    0.0000000000001615    0.0000000000001624
153.0    0.0000000000001573    0.0000000000001588    0.0000000000001582    0.0000000000001566    0.0000000000001573
155.0    0.0000000000001522    0.0000000000001536    0.0000000000001531    0.0000000000001516    0.0000000000001522
157.0    0.0000000000001468    0.0000000000001481    0.0000000000001477    0.0000000000001459    0.0000000000001468
159.0    0.0000000000001411    0.0000000000001421    0.0000000000001424    0.0000000000001400    0.0000000000001412
161.0    0.0000000000001352    0.0000000000001357    0.0000000000001370    0.0000000000001342    0.0000000000001358
163.0    0.0000000000001296    0.0000000000001294    0.0000000000001313    0.0000000000001281    0.0000000000001304
165.0    0.0000000000001239    0.0000000000001233    0.0000000000001257    0.0000000000001223    0.0000000000001248
167.0    0.0000000000001185    0.0000000000001178    0.0000000000001205    0.0000000000001171    0.0000000000001195
169.0    0.0000000000001135    0.0000000000001129    0.0000000000001157    0.0000000000001121    0.0000000000001145
171.0    0.0000000000001090    0.0000000000001083    0.0000000000001109    0.0000000000001076    0.0000000000001101
173.0    0.0000000000001051    0.0000000000001044    0.0000000000001066    0.0000000000001038    0.0000000000001060
175.0    0.0000000000001014    0.0000000000001010    0.0000000000001028    0.0000000000001003    0.0000000000001021
177.0    0.0000000000000980    0.0000000000000980    0.0000000000000993    0.0000000000000970    0.0000000000000986
179.0    0.0000000000000949    0.0000000000000952    0.0000000000000959    0.0000000000000941    0.0000000000000952
181.0    0.0000000000000918    0.0000000000000924    0.0000000000000927    0.0000000000000912    0.0000000000000922
183.0    0.0000000000000889    0.0000000000000896    0.0000000000000897    0.0000000000000882    0.0000000000000892
185.0    0.0000000000000859    0.0000000000000866    0.0000000000000868    0.0000000000000853    0.0000000000000862
187.0    0.0000000000000829    0.0000000000000836    0.0000000000000837    0.0000000000000823    0.0000000000000831
189.0    0.0000000000000797    0.0000000000000804    0.0000000000000805    0.0000000000000791    0.0000000000000799
191.0    0.0000000000000765    0.0000000000000770    0.0000000000000775    0.0000000000000757    0.0000000000000767
193.0    0.0000000000000732    0.0000000000000735    0.0000000000000744    0.0000000000000725    0.0000000000000736
195.0    0.0000000000000700    0.0000000000000700    0.0000000000000712    0.0000000000000691    0.0000000000000705
197.0    0.0000000000000669    0.0000000000000667    0.0000000000000680    0.0000000000000659    0.0000000000000674
199.0    0.0000000000000638    0.0000000000000635    0.0000000000000650    0.0000000000000629    0.0000000000000643
201.0    0.0000000000000609    0.0000000000000605    0.0000000000000622    0.0000000000000599    0.0000000000000614
203.0    0.0000000000000581    0.0000000000000577    0.0000000000000594    0.0000000000000572    0.0000000000000588
205.0    0.0000000000000556    0.0000000000000551    0.0000000000000568    0.0000000000000548    0.0000000000000563
207.0    0.0000000000000534    0.0000000000000530    0.0000000000000545    0.0000000000000526    0.0000000000000540
209.0    0.0000000000000513    0.0000000000000510    0.0000000000000524    0.0000000000000505    0.0000000000000518
211.0    0.0000000000000494    0.0000000000000491    0.0000000000000503    0.0000000000000488    0.0000000000000499
213.0    0.0000000000000477    0.0000000000000475    0.0000000000000485    0.0000000000000471    0.0000000000000481
215.0    0.0000000000000461    0.0000000000000460    0.0000000000000469    0.0000000000000456    0.0000000000000465
217.0    0.0000000000000446    0.0000000000000446    0.0000000000000454    0.0000000000000442    0.0000000000000450
219.0    0.0000000000000432    0.0000000000000433    0.0000000000000439    0.0000000000000428    0.0000000000000436
221.0    0.0000000000000420    0.0000000000000420    0.0000000000000425    0.0000000000000415    0.0000000000000422
223.0    0.0000000000000407    0.0000000000000407    0.0000000000000413    0.0000000000000403    0.0000000000000409
225.0    0.0000000000000395    0.0000000000000395    0.0000000000000401    0.0000000000000391    0.0000000000000398
227.0    0.0000000000000384    0.0000000000000384    0.0000000000000389    0.0000000000000380    0.0000000000000387
229.0    0.0000000000000373    0.0000000000000373    0.0000000000000378    0.0000000000000369    0.0000000000000375
231.0    0.0000000000000363    0.0000000000000362    0.0000000000000368    0.0000000000000359    0.0000000000000365
233.0    0.0000000000000353    0.0000000000000352    0.0000000000000358    0.0000000000000349    0.0000000000000355
235.0    0.0000000000000343    0.0000000000000343    0.0000000000000348    0.0000000000000340    0.0000000000000345
237.0    0.0000000000000334    0.0000000000000334    0.0000000000000339    0.0000000000000332    0.0000000000000337
239.0    0.0000000000000326    0.0000000000000326    0.0000000000000330    0.0000000000000323    0.0000000000000328
241.0    0.0000000000000318    0.0000000000000318    0.0000000000000322    0.0000000000000315    0.0000000000000319
243.0    0.0000000000000310    0.0000000000000310    0.0000000000000314    0.0000000000000308    0.0000000000000311
245.0    0.0000000000000303    0.0000000000000303    0.0000000000000306    0.0000000000000300    0.0000000000000304
247.0    0.0000000000000295    0.0000000000000296    0.0000000000000299    0.0000000000000293    0.0000000000000296
249.0    0.0000000000000288    0.0000000000000289    0.0000000000000291    0.0000000000000286    0.0000000000000289
251.0    0.0000000000000281    0.0000000000000282    0.0000000000000284    0.0000000000000279    0.0000000000000282
253.0    0.0000000000000274    0.0000000000000275    0.0000000000000277    0.0000000000000272    0.0000000000000275
255.0    0.0000000000000267    0.0000000000000268    0.0000000000000270    0.0000000000000265    0.0000000000000268
257.0    0.0000000000000260    0.0000000000000261    0.0000000000000263    0.0000000000000258    0.0000000000000261
259.0    0.0000000000000253    0.0000000000000254    0.0000000000000256    0.0000000000000251    0.0000000000000254
261.0    0.0000000000000246    0.0000000000000247    0.0000000000000249    0.0000000000000244    0.0000000000000248
263.0    0.0000000000000240    0.0000000000000240    0.0000000000000243    0.0000000000000237    0.0000000000000241
265.0    0.0000000000000233    0.0000000000000233    0.0000000000000237    0.0000000000000231    0.0000000000000234
267.0    0.0000000000000227    0.0000000000000227    0.0000000000000230    0.0000000000000225    0.0000000000000228
269.0    0.0000000000000221    0.0000000000000221    0.0000000000000224    0.0000000000000218    0.0000000000000222
271.0    0.0000000000000215    0.0000000000000215    0.0000000000000218    0.0000000000000213    0.0000000000000216
273.0    0.0000000000000209    0.0000000000000209    0.0000000000000213    0.0000000000000207    0.0000000000000211
275.0    0.0000000000000204    0.0000000000000204    0.0000000000000207    0.0000000000000202    0.0000000000000205
277.0    0.0000000000000199    0.0000000000000199    0.0000000000000202    0.0000000000000197    0.0000000000000200
279.0    0.0000000000000194    0.0000000000000194    0.0000000000000197    0.0000000000000192    0.0000000000000195
281.0    0.0000000000000189    0.0000000000000189    0.0000000000000192    0.0000000000000187    0.0000000000000190
283.0    0.0000000000000184    0.0000000000000184    0.0000000000000187    0.0000000000000183    0.0000000000000186
285.0    0.0000000000000180    0.0000000000000180    0.0000000000000183    0.0000000000000178    0.0000000000000181
287.0    0.0000000000000176    0.0000000000000176    0.0000000000000178    0.0000000000000174    0.0000000000000177
289.0    0.0000000000000172    0.0000000000000172    0.0000000000000174    0.0000000000000170    0.0000000000000173
291.0    0.0000000000000168    0.0000000000000168    0.0000000000000170    0.0000000000000166    0.0000000000000169
293.0    0.0000000000000164    0.0000000000000164    0.0000000000000166    0.0000000000000162    0.0000000000000165
295.0    0.0000000000000160    0.0000000000000160    0.0000000000000162    0.0000000000000158    0.0000000000000161
297.0    0.0000000000000156    0.0000000000000156    0.0000000000000159    0.0000000000000155    0.0000000000000157
299.0    0.0000000000000153    0.0000000000000153    0.0000000000000155    0.0000000000000151    0.0000000000000154
301.0    0.0000000000000150    0.0000000000000149    0.0000000000000152    0.0000000000000148    0.0000000000000150
303.0    0.0000000000000146    0.0000000000000146    0.0000000000000148    0.0000000000000145    0.0000000000000147
305.0    0.0000000000000143    0.0000000000000143    0.0000000000000145    0.0000000000000142    0.0000000000000144
307.0    0.0000000000000140    0.0000000000000140    0.0000000000000142    0.0000000000000139    0.0000000000000141
309.0    0.0000000000000137    0.0000000000000137    0.0000000000000139    0.0000000000000136    0.0000000000000138
311.0    0.0000000000000135    0.0000000000000134    0.0000000000000136    0.0000000000000133    0.0000000000000135
313.0    0.0000000000000132    0.0000000000000132    0.0000000000000134    0.0000000000000131    0.0000000000000133
315.0    0.0000000000000130    0.0000000000000129    0.0000000000000131    0.0000000000000128    0.0000000000000130
317.0    0.0000000000000127    0.0000000000000127    0.0000000000000129    0.0000000000000126    0.0000000000000128
319.0    0.0000000000000125    0.0000000000000125    0.0000000000000126    0.0000000000000124    0.0000000000000125
321.0    0.0000000000000122    0.0000000000000123    0.0000000000000124    0.0000000000000121    0.0000000000000123
323.0    0.0000000000000120    0.0000000000000120    0.0000000000000122    0.0000000000000119    0.0000000000000121
325.0    0.0000000000000118    0.0000000000000118    0.0000000000000120    0.0000000000000117    0.0000000000000119
327.0    0.0000000000000116    0.0000000000000116    0.0000000000000117    0.0000000000000115    0.0000000000000117
329.0    0.0000000000000114    0.0000000000000114    0.0000000000000115    0.0000000000000113    0.0000000000000115
331.0    0.0000000000000112    0.0000000000000112    0.0000000000000113    0.0000000000000111    0.0000000000000113
333.0    0.0000000000000110    0.0000000000000110    0.0000000000000111    0.0000000000000109    0.0000000000000111
335.0    0.0000000000000108    0.0000000000000108    0.0000000000000110    0.0000000000000107    0.0000000000000109
337.0    0.0000000000000106    0.0000000000000107    0.0000000000000108    0.0000000000000106    0.0000000000000107
339.0    0.0000000000000105    0.0000000000000105    0.0000000000000106    0.0000000000000104    0.0000000000000105
341.0    0.0000000000000103    0.0000000000000103    0.0000000000000104    0.0000000000000102    0.0000000000000103
343.0    0.0000000000000101    0.0000000000000101    0.0000000000000102    0.0000000000000100    0.0000000000000102
345.0    0.0000000000000099    0.0000000000000100    0.0000000000000101    0.0000000000000099    0.0000000000000100
347.0    0.0000000000000098    0.0000000000000098    0.0000000000000099    0.0000000000000097    0.0000000000000098
349.0    0.0000000000000096    0.0000000000000096    0.0000000000000097    0.0000000000000095    0.0000000000000097
351.0    0.0000000000000095    0.0000000000000095    0.0000000000000096    0.0000000000000094    0.0000000000000095
353.0    0.0000000000000093    0.0000000000000093    0.0000000000000094    0.0000000000000092    0.0000000000000093
355.0    0.0000000000000091    0.0000000000000092    0.0000000000000092    0.0000000000000091    0.0000000000000092
357.0    0.0000000000000090    0.0000000000000090    0.0000000000000091    0.0000000000000089    0.0000000000000090
359.0    0.0000000000000088    0.0000000000000088    0.0000000000000089    0.0000000000000087    0.0000000000000089
361.0    0.0000000000000087    0.0000000000000087    0.0000000000000088    0.0000000000000086    0.0000000000000087
363.0    0.0000000000000085    0.0000000000000085    0.0000000000000086    0.0000000000000084    0.0000000000000086
365.0    0.0000000000000084    0.0000000000000084    0.0000000000000085    0.0000000000000083    0.0000000000000084
367.0    0.0000000000000082    0.0000000000000082    0.0000000000000083    0.0000000000000081    0.0000000000000083
369.0    0.0000000000000081    0.0000000000000081    0.0000000000000082    0.0000000000000080    0.0000000000000081
371.0    0.0000000000000079    0.0000000000000079    0.0000000000000080    0.0000000000000078    0.0000000000000080
373.0    0.0000000000000078    0.0000000000000078    0.0000000000000079    0.0000000000000077    0.0000000000000078
375.0    0.0000000000000076    0.0000000000000077    0.0000000000000077    0.0000000000000076    0.0000000000000077
377.0    0.0000000000000075    0.0000000000000075    0.0000000000000076    0.0000000000000074    0.0000000000000075
379.0    0.0000000000000073    0.0000000000000074    0.0000000000000074    0.0000000000000073    0.0000000000000074
381.0    0.0000000000000072    0.0000000000000072    0.0000000000000073    0.0000000000000071    0.0000000000000072
383.0    0.0000000000000071    0.0000000000000071    0.0000000000000072    0.0000000000000070    0.0000000000000071
385.0    0.0000000000000069    0.0000000000000070    0.0000000000000070    0.0000000000000069    0.0000000000000070
387.0    0.0000000000000068    0.0000000000000068    0.0000000000000069    0.0000000000000067    0.0000000000000068
389.0    0.0000000000000067    0.0000000000000067    0.0000000000000068    0.0000000000000066    0.0000000000000067
391.0    0.0000000000000065    0.0000000000000066    0.0000000000000066    0.0000000000000065    0.0000000000000066
393.0    0.0000000000000064    0.0000000000000064    0.0000000000000065    0.0000000000000063    0.0000000000000064
395.0    0.0000000000000063    0.0000000000000063    0.0000000000000064    0.0000000000000062    0.0000000000000063
397.0    0.0000000000000062    0.0000000000000062    0.0000000000000063    0.0000000000000061    0.0000000000000062
399.0    0.0000000000000060    0.0000000000000060    0.0000000000000061    0.0000000000000060    0.0000000000000061
401.0    0.0000000000000059    0.0000000000000059    0.0000000000000060    0.0000000000000058    0.0000000000000059
403.0    0.0000000000000058    0.0000000000000058    0.0000000000000059    0.0000000000000057    0.0000000000000058
405.0    0.0000000000000057    0.0000000000000057    0.0000000000000058    0.0000000000000056    0.0000000000000057
407.0    0.0000000000000056    0.0000000000000056    0.0000000000000056    0.0000000000000055    0.0000000000000056
409.0    0.0000000000000054    0.0000000000000054    0.0000000000000055    0.0000000000000054    0.0000000000000055
411.0    0.0000000000000053    0.0000000000000053    0.0000000000000054    0.0000000000000053    0.0000000000000054
413.0    0.0000000000000052    0.0000000000000052    0.0000000000000053    0.0000000000000051    0.0000000000000052
415.0    0.0000000000000051    0.0000000000000051    0.0000000000000052    0.0000000000000050    0.0000000000000051
417.0    0.0000000000000050    0.0000000000000050    0.0000000000000051    0.0000000000000049    0.0000000000000050
419.0    0.0000000000000049    0.0000000000000049    0.0000000000000050    0.0000000000000048    0.0000000000000049
421.0    0.0000000000000048    0.0000000000000048    0.0000000000000049    0.0000000000000047    0.0000000000000048
423.0    0.0000000000000047    0.0000000000000047    0.0000000000000048    0.0000000000000046    0.0000000000000047
425.0    0.0000000000000046    0.0000000000000046    0.0000000000000047    0.0000000000000046    0.0000000000000046
427.0    0.0000000000000045    0.0000000000000045    0.0000000000000046    0.0000000000000045    0.0000000000000045
429.0    0.0000000000000044    0.0000000000000044    0.0000000000000045    0.0000000000000044    0.0000000000000045
431.0    0.0000000000000044    0.0000000000000043    0.0000000000000044    0.0000000000000043    0.0000000000000044
433.0    0.0000000000000043    0.0000000000000043    0.0000000000000044    0.0000000000000042    0.0000000000000043
435.0    0.0000000000000042    0.0000000000000042    0.0000000000000043    0.0000000000000042    0.0000000000000042
437.0    0.0000000000000042    0.0000000000000041    0.0000000000000042    0.0000000000000041    0.0000000000000042
439.0    0.0000000000000041    0.0000000000000041    0.0000000000000042    0.0000000000000041    0.0000000000000041
441.0    0.0000000000000041    0.0000000000000040    0.0000000000000041    0.0000000000000040    0.0000000000000041
443.0    0.0000000000000040    0.0000000000000040    0.0000000000000041    0.0000000000000040    0.0000000000000040
445.0    0.0000000000000040    0.0000000000000039    0.0000000000000040    0.0000000000000040    0.0000000000000040
447.0    0.0000000000000040    0.0000000000000039    0.0000000000000040    0.0000000000000039    0.0000000000000040
449.0    0.0000000000000039    0.0000000000000039    0.0000000000000040    0.0000000000000039    0.0000000000000039
451.0    0.0000000000000039    0.0000000000000038    0.0000000000000040    0.0000000000000039    0.0000000000000039
453.0    0.0000000000000039    0.0000000000000038    0.0000000000000039    0.0000000000000039    0.0000000000000039
455.0    0.0000000000000039    0.0000000000000038    0.0000000000000040    0.0000000000000039    0.0000000000000039
457.0    0.0000000000000040    0.0000000000000039    0.0000000000000040    0.0000000000000040    0.0000000000000039
459.0    0.0000000000000040    0.0000000000000039    0.0000000000000040    0.0000000000000040    0.0000000000000040
461.0    0.0000000000000040    0.0000000000000039    0.0000000000000040    0.0000000000000040    0.0000000000000040
463.0    0.0000000000000041    0.0000000000000040    0.0000000000000041    0.0000000000000041    0.0000000000000041
465.0    0.0000000000000041    0.0000000000000040    0.0000000000000041    0.0000000000000042    0.0000000000000041
467.0    0.0000000000000042    0.0000000000000041    0.0000000000000042    0.0000000000000042    0.0000000000000042
469.0    0.0000000000000043    0.0000000000000042    0.0000000000000042    0.0000000000000043    0.0000000000000043
471.0    0.0000000000000044    0.0000000000000043    0.0000000000000043    0.0000000000000044    0.0000000000000043
473.0    0.0000000000000045    0.0000000000000043    0.0000000000000044    0.0000000000000045    0.0000000000000044
475.0    0.0000000000000046    0.0000000000000045    0.0000000000000045    0.0000000000000046    0.0000000000000045
477.0    0.0000000000000047    0.0000000000000046    0.0000000000000046    0.0000000000000047    0.0000000000000046
479.0    0.0000000000000048    0.0000000000000047    0.0000000000000047    0.0000000000000049    0.0000000000000048
481.0    0.0000000000000049    0.0000000000000048    0.0000000000000048    0.0000000000000050    0.0000000000000049
483.0    0.0000000000000051    0.0000000000000050    0.0000000000000050    0.0000000000000051    0.0000000000000050
485.0    0.0000000000000052    0.0000000000000051    0.0000000000000051    0.0000000000000053    0.0000000000000052
487.0    0.0000000000000053    0.0000000000000053    0.0000000000000052    0.0000000000000054    0.0000000000000053
489.0    0.0000000000000055    0.0000000000000054    0.0000000000000054    0.0000000000000056    0.0000000000000054
491.0    0.0000000000000056    0.0000000000000056    0.0000000000000055    0.0000000000000057    0.0000000000000056
493.0    0.0000000000000058    0.0000000000000057    0.0000000000000057    0.0000000000000059    0.0000000000000057
495.0    0.0000000000000059    0.0000000000000059    0.0000000000000058    0.0000000000000060    0.0000000000000059
497.0    0.0000000000000061    0.0000000000000061    0.0000000000000059    0.0000000000000062    0.0000000000000060
499.0    0.0000000000000062    0.0000000000000062    0.0000000000000061    0.0000000000000063    0.0000000000000062
501.0    0.0000000000000064    0.0000000000000064    0.0000000000000062    0.0000000000000065    0.0000000000000063
503.0    0.0000000000000065    0.0000000000000065    0.0000000000000064    0.0000000000000066    0.0000000000000065
505.0    0.0000000000000066    0.0000000000000067    0.0000000000000065    0.0000000000000067    0.0000000000000066
507.0    0.0000000000000068    0.0000000000000068    0.0000000000000066    0.0000000000000069    0.0000000000000067
509.0    0.0000000000000069    0.0000000000000069    0.0000000000000068    0.0000000000000070    0.0000000000000068
511.0    0.0000000000000070    0.0000000000000071    0.0000000000000069    0.0000000000000071    0.0000000000000070
513.0    0.0000000000000071    0.0000000000000072    0.0000000000000070    0.0000000000000072    0.0000000000000071
515.0    0.0000000000000072    0.0000000000000073    0.0000000000000071    0.0000000000000073    0.0000000000000072
517.0    0.0000000000000073    0.0000000000000074    0.0000000000000072    0.0000000000000074    0.0000000000000073
519.0    0.0000000000000074    0.0000000000000075    0.0000000000000073    0.0000000000000074    0.0000000000000074
521.0    0.0000000000000074    0.0000000000000075    0.0000000000000074    0.0000000000000075    0.0000000000000074
523.0    0.0000000000000075    0.0000000000000076    0.0000000000000074    0.0000000000000076    0.0000000000000075
525.0    0.0000000000000076    0.0000000000000077    0.0000000000000075    0.0000000000000076    0.0000000000000076
527.0    0.0000000000000076    0.0000000000000077    0.0000000000000076    0.0000000000000077    0.0000000000000076
529.0    0.0000000000000077    0.0000000000000077    0.0000000000000076    0.0000000000000077    0.0000000000000077
531.0    0.0000000000000077    0.0000000000000078    0.0000000000000076    0.0000000000000077    0.0000000000000077
533.0    0.0000000000000077    0.0000000000000078    0.0000000000000077    0.0000000000000077    0.0000000000000077
535.0    0.0000000000000077    0.0000000000000078    0.0000000000000077    0.0000000000000077    0.0000000000000077
537.0    0.0000000000000077    0.0000000000000078    0.0000000000000077    0.0000000000000077    0.0000000000000077
539.0    0.0000000000000077    0.0000000000000078    0.0000000000000077    0.0000000000000077    0.0000000000000077
541.0    0.0000000000000077    0.0000000000000078    0.0000000000000077    0.0000000000000077    0.0000000000000077
543.0    0.0000000000000077    0.0000000000000078    0.0000000000000077    0.0000000000000077    0.0000000000000077
545.0    0.0000000000000077    0.0000000000000078    0.0000000000000077    0.0000000000000077    0.0000000000000077
547.0    0.0000000000000077    0.0000000000000077    0.0000000000000077    0.0000000000000076    0.0000000000000077
549.0    0.0000000000000076    0.0000000000000077    0.0000000000000077    0.0000000000000076    0.0000000000000077
551.0    0.0000000000000076    0.0000000000000077    0.0000000000000076    0.0000000000000076    0.0000000000000076
553.0    0.0000000000000076    0.0000000000000076    0.0000000000000076    0.0000000000000075    0.0000000000000076
555.0    0.0000000000000075    0.0000000000000076    0.0000000000000075    0.0000000000000075    0.0000000000000075
557.0    0.0000000000000075    0.0000000000000075    0.0000000000000075    0.0000000000000074    0.0000000000000075
559.0    0.0000000000000074    0.0000000000000075    0.0000000000000075    0.0000000000000074    0.0000000000000074
561.0    0.0000000000000074    0.0000000000000074    0.0000000000000074    0.0000000000000073    0.0000000000000074
563.0    0.0000000000000073    0.0000000000000073    0.0000000000000074    0.0000000000000073    0.0000000000000073
565.0    0.0000000000000072    0.0000000000000073    0.0000000000000073    0.0000000000000072    0.0000000000000073
567.0    0.0000000000000072    0.0000000000000072    0.0000000000000072    0.0000000000000071    0.0000000000000072
569.0    0.0000000000000071    0.0000000000000072    0.0000000000000072    0.0000000000000071    0.0000000000000071
571.0    0.0000000000000071    0.0000000000000071    0.0000000000000071    0.0000000000000070    0.0000000000000071
573.0    0.0000000000000070    0.0000000000000070    0.0000000000000071    0.0000000000000069    0.0000000000000070
575.0    0.0000000000000069    0.0000000000000070    0.0000000000000070    0.0000000000000069    0.0000000000000070
577.0    0.0000000000000069    0.0000000000000069    0.0000000000000069    0.0000000000000068    0.0000000000000069
579.0    0.0000000000000068    0.0000000000000068    0.0000000000000069    0.0000000000000067    0.0000000000000068
581.0    0.0000000000000067    0.0000000000000067    0.0000000000000068    0.0000000000000067    0.0000000000000068
583.0    0.0000000000000067    0.0000000000000067    0.0000000000000067    0.0000000000000066    0.0000000000000067
585.0    0.0000000000000066    0.0000000000000066    0.0000000000000067    0.0000000000000065    0.0000000000000066
587.0    0.0000000000000065    0.0000000000000065    0.0000000000000066    0.0000000000000065    0.0000000000000066
589.0    0.0000000000000065    0.0000000000000065    0.0000000000000065    0.0000000000000064    0.0000000000000065
591.0    0.0000000000000064    0.0000000000000064    0.0000000000000065    0.0000000000000064    0.0000000000000064
593.0    0.0000000000000063    0.0000000000000064    0.0000000000000064    0.0000000000000063    0.0000000000000064
595.0    0.0000000000000063    0.0000000000000063    0.0000000000000063    0.0000000000000062    0.0000000000000063
597.0    0.0000000000000062    0.0000000000000062    0.0000000000000063    0.0000000000000062    0.0000000000000062
599.0    0.0000000000000062    0.0000000000000062    0.0000000000000062    0.0000000000000061    0.0000000000000062
601.0    0.0000000000000061    0.0000000000000061    0.0000000000000062    0.0000000000000060    0.0000000000000061
603.0    0.0000000000000060    0.0000000000000060    0.0000000000000061    0.0000000000000060    0.0000000000000061
605.0    0.0000000000000060    0.0000000000000060    0.0000000000000060    0.0000000000000059    0.0000000000000060
607.0    0.0000000000000059    0.0000000000000059    0.0000000000000060    0.0000000000000059    0.0000000000000059
609.0    0.0000000000000059    0.0000000000000059    0.0000000000000059    0.0000000000000058    0.0000000000000059
611.0    0.0000000000000058    0.0000000000000058    0.0000000000000059    0.0000000000000057    0.0000000000000058
613.0    0.0000000000000057    0.0000000000000057    0.0000000000000058    0.0000000000000057    0.0000000000000058
615.0    0.0000000000000057    0.0000000000000057    0.0000000000000057    0.0000000000000056    0.0000000000000057
617.0    0.0000000000000056    0.0000000000000056    0.0000000000000057    0.0000000000000056    0.0000000000000056
619.0    0.0000000000000056    0.0000000000000056    0.0000000000000056    0.0000000000000055    0.0000000000000056
621.0    0.0000000000000055    0.0000000000000055    0.0000000000000056    0.0000000000000055    0.0000000000000055
623.0    0.0000000000000055    0.0000000000000055    0.0000000000000055    0.0000000000000054    0.0000000000000055
625.0    0.0000000000000054    0.0000000000000054    0.0000000000000055    0.0000000000000054    0.0000000000000054
627.0    0.0000000000000054    0.0000000000000054    0.0000000000000054    0.0000000000000053    0.0000000000000054
629.0    0.0000000000000053    0.0000000000000053    0.0000000000000054    0.0000000000000053    0.0000000000000053
631.0    0.0000000000000053    0.0000000000000053    0.0000000000000053    0.0000000000000052    0.0000000000000053
633.0    0.0000000000000052    0.0000000000000052    0.0000000000000053    0.0000000000000052    0.0000000000000052
635.0    0.0000000000000052    0.0000000000000052    0.0000000000000052    0.0000000000000051    0.0000000000000052
637.0    0.0000000000000051    0.0000000000000051    0.0000000000000052    0.0000000000000051    0.0000000000000051
639.0    0.0000000000000051    0.0000000000000051    0.0000000000000051    0.0000000000000050    0.0000000000000051
641.0    0.0000000000000050    0.0000000000000050    0.0000000000000051    0.0000000000000050    0.0000000000000050
643.0    0.0000000000000050    0.0000000000000050    0.0000000000000050    0.0000000000000049    0.0000000000000050
645.0    0.0000000000000049    0.0000000000000049    0.0000000000000050    0.0000000000000049    0.0000000000000049
647.0    0.0000000000000049    0.0000000000000049    0.0000000000000049    0.0000000000000048    0.0000000000000049
649.0    0.0000000000000048    0.0000000000000048    0.0000000000000049    0.0000000000000048    0.0000000000000048
651.0    0.0000000000000048    0.0000000000000048    0.0000000000000048    0.0000000000000047    0.0000000000000048
653.0    0.0000000000000047    0.0000000000000047    0.0000000000000048    0.0000000000000047    0.0000000000000047
655.0    0.0000000000000047    0.0000000000000047    0.0000000000000047    0.0000000000000046    0.0000000000000047
657.0    0.0000000000000046    0.0000000000000046    0.0000000000000047    0.0000000000000046    0.0000000000000047
659.0    0.0000000000000046    0.0000000000000046    0.0000000000000046    0.0000000000000046    0.0000000000000046
661.0    0.0000000000000045    0.0000000000000046    0.0000000000000046    0.0000000000000045    0.0000000000000046
663.0    0.0000000000000045    0.0000000000000045    0.0000000000000046    0.0000000000000045    0.0000000000000045
665.0    0.0000000000000045    0.0000000000000045    0.0000000000000045    0.0000000000000044    0.0000000000000045
667.0    0.0000000000000044    0.0000000000000044    0.0000000000000045    0.0000000000000044    0.0000000000000044
669.0    0.0000000000000044    0.0000000000000044    0.0000000000000044    0.0000000000000043    0.0000000000000044
671.0    0.0000000000000043    0.0000000000000043    0.0000000000000044    0.0000000000000043    0.0000000000000043
673.0    0.0000000000000043    0.0000000000000043    0.0000000000000043    0.0000000000000042    0.0000000000000043
675.0    0.0000000000000042    0.0000000000000043    0.0000000000000043    0.0000000000000042    0.0000000000000043
677.0    0.0000000000000042    0.0000000000000042    0.0000000000000043    0.0000000000000042    0.0000000000000042
679.0    0.0000000000000042    0.0000000000000042    0.0000000000000042    0.0000000000000041    0.0000000000000042
681.0    0.0000000000000041    0.0000000000000041    0.0000000000000042    0.0000000000000041    0.0000000000000041
683.0    0.0000000000000041    0.0000000000000041    0.0000000000000041    0.0000000000000040    0.0000000000000041
685.0    0.0000000000000040    0.0000000000000040    0.0000000000000041    0.0000000000000040    0.0000000000000041
687.0    0.0000000000000040    0.0000000000000040    0.0000000000000040    0.0000000000000040    0.0000000000000040
689.0    0.0000000000000040    0.0000000000000040    0.0000000000000040    0.0000000000000039    0.0000000000000040
691.0    0.0000000000000039    0.0000000000000039    0.0000000000000040    0.0000000000000039    0.0000000000000039
693.0    0.0000000000000039    0.0000000000000039    0.0000000000000039    0.0000000000000038    0.0000000000000039
695.0    0.0000000000000038    0.0000000000000038    0.0000000000000039    0.0000000000000038    0.0000000000000039
697.0    0.0000000000000038    0.0000000000000038    0.0000000000000038    0.0000000000000038    0.0000000000000038
699.0    0.0000000000000038    0.0000000000000038    0.0000000000000038    0.0000000000000037    0.0000000000000038
701.0    0.0000000000000037    0.0000000000000037    0.0000000000000038    0.0000000000000037    0.0000000000000037
703.0    0.0000000000000037    0.0000000000000037    0.0000000000000037    0.0000000000000036    0.0000000000000037
705.0    0.0000000000000036    0.0000000000000036    0.0000000000000037    0.0000000000000036    0.0000000000000037
707.0    0.0000000000000036    0.0000000000000036    0.0000000000000037    0.0000000000000036    0.0000000000000036
709.0    0.0000000000000036    0.0000000000000036    0.0000000000000036    0.0000000000000035    0.0000000000000036
711.0    0.0000000000000035    0.0000000000000035    0.0000000000000036    0.0000000000000035    0.0000000000000035
713.0    0.0000000000000035    0.0000000000000035    0.0000000000000035    0.0000000000000035    0.0000000000000035
715.0    0.0000000000000035    0.0000000000000035    0.0000000000000035    0.0000000000000034    0.0000000000000035
717.0    0.0000000000000034    0.0000000000000034    0.0000000000000035    0.0000000000000034    0.0000000000000034
719.0    0.0000000000000034    0.0000000000000034    0.0000000000000034    0.0000000000000034    0.0000000000000034
721.0    0.0000000000000034    0.0000000000000034    0.0000000000000034    0.0000000000000033    0.0000000000000034
723.0    0.0000000000000033    0.0000000000000033    0.0000000000000034    0.0000000000000033    0.0000000000000033
725.0    0.0000000000000033    0.0000000000000033    0.0000000000000033    0.0000000000000033    0.0000000000000033
727.0    0.0000000000000032    0.0000000000000033    0.0000000000000033    0.0000000000000032    0.0000000000000033
729.0    0.0000000000000032    0.0000000000000032    0.0000000000000033    0.0000000000000032    0.0000000000000032
731.0    0.0000000000000032    0.0000000000000032    0.0000000000000032    0.0000000000000032    0.0000000000000032
733.0    0.0000000000000032    0.0000000000000032    0.0000000000000032    0.0000000000000031    0.0000000000000032
735.0    0.0000000000000031    0.0000000000000031    0.0000000000000032    0.0000000000000031    0.0000000000000031
737.0    0.0000000000000031    0.0000000000000031    0.0000000000000031    0.0000000000000031    0.0000000000000031
739.0    0.0000000000000031    0.0000000000000031    0.0000000000000031    0.0000000000000030    0.0000000000000031
741.0    0.0000000000000030    0.0000000000000030    0.0000000000000031    0.0000000000000030    0.0000000000000030
743.0    0.0000000000000030    0.0000000000000030    0.0000000000000030    0.0000000000000030    0.0000000000000030
745.0    0.0000000000000030    0.0000000000000030    0.0000000000000030    0.0000000000000029    0.0000000000000030
747.0    0.0000000000000029    0.0000000000000029    0.0000000000000030    0.0000000000000029    0.0000000000000030
749.0    0.0000000000000029    0.0000000000000029    0.0000000000000030    0.0000000000000029    0.0000000000000029
751.0    0.0000000000000029    0.0000000000000029    0.0000000000000029    0.0000000000000029    0.0000000000000029
753.0    0.0000000000000029    0.0000000000000029    0.0000000000000029    0.0000000000000028    0.0000000000000029
755.0    0.0000000000000028    0.0000000000000028    0.0000000000000029    0.0000000000000028    0.0000000000000028
757.0    0.0000000000000028    0.0000000000000028    0.0000000000000028    0.0000000000000028    0.0000000000000028
759.0    0.0000000000000028    0.0000000000000028    0.0000000000000028    0.0000000000000027    0.0000000000000028
761.0    0.0000000000000027    0.0000000000000028    0.0000000000000028    0.0000000000000027    0.0000000000000028
763.0    0.0000000000000027    0.0000000000000027    0.0000000000000028    0.0000000000000027    0.0000000000000027
765.0    0.0000000000000027    0.0000000000000027    0.0000000000000027    0.0000000000000027    0.0000000000000027
767.0    0.0000000000000027    0.0000000000000027    0.0000000000000027    0.0000000000000026    0.0000000000000027
769.0    0.0000000000000026    0.0000000000000026    0.0000000000000027    0.0000000000000026    0.0000000000000027
771.0    0.0000000000000026    0.0000000000000026    0.0000000000000027    0.0000000000000026    0.0000000000000026
773.0    0.0000000000000026    0.0000000000000026    0.0000000000000026    0.0000000000000026    0.0000000000000026
775.0    0.0000000000000026    0.0000000000000026    0.0000000000000026    0.0000000000000025    0.0000000000000026
777.0    0.0000000000000026    0.0000000000000026    0.0000000000000026    0.0000000000000025    0.0000000000000026
779.0    0.0000000000000025    0.0000000000000025    0.0000000000000026    0.0000000000000025    0.0000000000000025
781.0    0.0000000000000025    0.0000000000000025    0.0000000000000025    0.0000000000000025    0.0000000000000025
783.0    0.0000000000000025    0.0000000000000025    0.0000000000000025    0.0000000000000025    0.0000000000000025
785.0    0.0000000000000025    0.0000000000000025    0.0000000000000025    0.0000000000000024    0.0000000000000025
787.0    0.0000000000000024    0.0000000000000024    0.0000000000000025    0.0000000000000024    0.0000000000000024
789.0    0.0000000000000024    0.0000000000000024    0.0000000000000024    0.0000000000000024    0.0000000000000024
791.0    0.0000000000000024    0.0000000000000024    0.0000000000000024    0.0000000000000024    0.0000000000000024
793.0    0.0000000000000024    0.0000000000000024    0.0000000000000024    0.0000000000000023    0.0000000000000024
795.0    0.0000000000000024    0.0000000000000024    0.0000000000000024    0.0000000000000023    0.0000000000000024
797.0    0.0000000000000023    0.0000000000000023    0.0000000000000024    0.0000000000000023    0.0000000000000023
799.0    0.0000000000000023    0.0000000000000023    0.0000000000000023    0.0000000000000023    0.0000000000000023
801.0    0.0000000000000023    0.0000000000000023    0.0000000000000023    0.0000000000000023    0.0000000000000023
803.0    0.0000000000000023    0.0000000000000023    0.0000000000000023    0.0000000000000022    0.0000000000000023
805.0    0.0000000000000022    0.0000000000000023    0.0000000000000023    0.0000000000000022    0.0000000000000023
807.0    0.0000000000000022    0.0000000000000022    0.0000000000000023    0.0000000000000022    0.0000000000000022
809.0    0.0000000000000022    0.0000000000000022    0.0000000000000022    0.0000000000000022    0.0000000000000022
811.0    0.0000000000000022    0.0000000000000022    0.0000000000000022    0.0000000000000022    0.0000000000000022
813.0    0.0000000000000022    0.0000000000000022    0.0000000000000022    0.0000000000000021    0.0000000000000022
815.0    0.0000000000000022    0.0000000000000022    0.0000000000000022    0.0000000000000021    0.0000000000000022
817.0    0.0000000000000021    0.0000000000000021    0.0000000000000022    0.0000000000000021    0.0000000000000021
819.0    0.0000000000000021    0.0000000000000021    0.0000000000000021    0.0000000000000021    0.0000000000000021
821.0    0.0000000000000021    0.0000000000000021    0.0000000000000021    0.0000000000000021    0.0000000000000021
823.0    0.0000000000000021    0.0000000000000021    0.0000000000000021    0.0000000000000021    0.0000000000000021
825.0    0.0000000000000021    0.0000000000000021    0.0000000000000021    0.0000000000000020    0.0000000000000021
827.0    0.0000000000000020    0.0000000000000020    0.0000000000000021    0.0000000000000020    0.0000000000000021
829.0    0.0000000000000020    0.0000000000000020    0.0000000000000020    0.0000000000000020    0.0000000000000020
831.0    0.0000000000000020    0.0000000000000020    0.0000000000000020    0.0000000000000020    0.0000000000000020
833.0    0.0000000000000020    0.0000000000000020    0.0000000000000020    0.0000000000000020    0.0000000000000020
835.0    0.0000000000000020    0.0000000000000020    0.0000000000000020    0.0000000000000019    0.0000000000000020
837.0    0.0000000000000020    0.0000000000000020    0.0000000000000020    0.0000000000000019    0.0000000000000020
839.0    0.0000000000000019    0.0000000000000019    0.0000000000000020    0.0000000000000019    0.0000000000000019
841.0    0.0000000000000019    0.0000000000000019    0.0000000000000019    0.0000000000000019    0.0000000000000019
843.0    0.0000000000000019    0.0000000000000019    0.0000000000000019    0.0000000000000019    0.0000000000000019
845.0    0.0000000000000019    0.0000000000000019    0.0000000000000019    0.0000000000000019    0.0000000000000019
847.0    0.0000000000000019    0.0000000000000019    0.0000000000000019    0.0000000000000018    0.0000000000000019
849.0    0.0000000000000018    0.0000000000000019    0.0000000000000019    0.0000000000000018    0.0000000000000019
851.0    0.0000000000000018    0.0000000000000018    0.0000000000000019    0.0000000000000018    0.0000000000000018
853.0    0.0000000000000018    0.0000000000000018    0.0000000000000018    0.0000000000000018    0.0000000000000018
855.0    0.0000000000000018    0.0000000000000018    0.0000000000000018    0.0000000000000018    0.0000000000000018
857.0    0.0000000000000018    0.0000000000000018    0.0000000000000018    0.0000000000000018    0.0000000000000018
859.0    0.0000000000000018    0.0000000000000018    0.0000000000000018    0.0000000000000017    0.0000000000000018
861.0    0.0000000000000018    0.0000000000000018    0.0000000000000018    0.0000000000000017    0.0000000000000018
863.0    0.0000000000000017    0.0000000000000017    0.0000000000000018    0.0000000000000017    0.0000000000000017
865.0    0.0000000000000017    0.0000000000000017    0.0000000000000017    0.0000000000000017    0.0000000000000017
867.0    0.0000000000000017    0.0000000000000017    0.0000000000000017    0.0000000000000017    0.0000000000000017
869.0    0.0000000000000017    0.0000000000000017    0.0000000000000017    0.0000000000000017    0.0000000000000017
871.0    0.0000000000000017    0.0000000000000017    0.0000000000000017    0.0000000000000017    0.0000000000000017
873.0    0.0000000000000017    0.0000000000000017    0.0000000000000017    0.0000000000000016    0.0000000000000017
875.0    0.0000000000000016    0.0000000000000016    0.0000000000000017    0.0000000000000016    0.0000000000000017
877.0    0.0000000000000016    0.0000000000000016    0.0000000000000017    0.0000000000000016    0.0000000000000016
879.0    0.0000000000000016    0.0000000000000016    0.0000000000000016    0.0000000000000016    0.0000000000000016
881.0    0.0000000000000016    0.0000000000000016    0.0000000000000016    0.0000000000000016    0.0000000000000016
883.0    0.0000000000000016    0.0000000000000016    0.0000000000000016    0.0000000000000016    0.0000000000000016
885.0    0.0000000000000016    0.0000000000000016    0.0000000000000016    0.0000000000000016    0.0000000000000016
887.0    0.0000000000000016    0.0000000000000016    0.0000000000000016    0.0000000000000015    0.0000000000000016
889.0    0.0000000000000015    0.0000000000000015    0.0000000000000016    0.0000000000000015    0.0000000000000016
891.0    0.0000000000000015    0.0000000000000015    0.0000000000000016    0.0000000000000015    0.0000000000000015
893.0    0.0000000000000015    0.0000000000000015    0.0000000000000015    0.0000000000000015    0.0000000000000015
895.0    0.0000000000000015    0.0000000000000015    0.0000000000000015    0.0000000000000015    0.0000000000000015
897.0    0.0000000000000015    0.0000000000000015    0.0000000000000015    0.0000000000000015    0.0000000000000015
899.0    0.0000000000000015    0.0000000000000015    0.0000000000000015    0.0000000000000015    0.0000000000000015
901.0    0.0000000000000015    0.0000000000000015    0.0000000000000015    0.0000000000000015    0.0000000000000015
903.0    0.0000000000000015    0.0000000000000015    0.0000000000000015    0.0000000000000014    0.0000000000000015
905.0    0.0000000000000014    0.0000000000000014    0.0000000000000015    0.0000000000000014    0.0000000000000015
907.0    0.0000000000000014    0.0000000000000014    0.0000000000000015    0.0000000000000014    0.0000000000000014
909.0    0.0000000000000014    0.0000000000000014    0.0000000000000014    0.0000000000000014    0.0000000000000014
911.0    0.0000000000000014    0.0000000000000014    0.0000000000000014    0.0000000000000014    0.0000000000000014
913.0    0.0000000000000014    0.0000000000000014    0.0000000000000014    0.0000000000000014    0.0000000000000014
915.0    0.0000000000000014    0.0000000000000014    0.0000000000000014    0.0000000000000014    0.0000000000000014
917.0    0.0000000000000014    0.0000000000000014    0.0000000000000014    0.0000000000000014    0.0000000000000014
919.0    0.0000000000000014    0.0000000000000014    0.0000000000000014    0.0000000000000014    0.0000000000000014
921.0    0.0000000000000014    0.0000000000000014    0.0000000000000014    0.0000000000000013    0.0000000000000014
923.0    0.0000000000000013    0.0000000000000013    0.0000000000000014    0.0000000000000013    0.0000000000000013
925.0    0.0000000000000013    0.0000000000000013    0.0000000000000014    0.0000000000000013    0.0000000000000013
927.0    0.0000000000000013    0.0000000000000013    0.0000000000000013    0.0000000000000013    0.0000000000000013
929.0    0.0000000000000013    0.0000000000000013    0.0000000000000013    0.0000000000000013    0.0000000000000013
931.0    0.0000000000000013    0.0000000000000013    0.0000000000000013    0.0000000000000013    0.0000000000000013
933.0    0.0000000000000013    0.0000000000000013    0.0000000000000013    0.0000000000000013    0.0000000000000013
935.0    0.0000000000000013    0.0000000000000013    0.0000000000000013    0.0000000000000013    0.0000000000000013
937.0    0.0000000000000013    0.0000000000000013    0.0000000000000013    0.0000000000000013    0.0000000000000013
939.0    0.0000000000000013    0.0000000000000013    0.0000000000000013    0.0000000000000013    0.0000000000000013
941.0    0.0000000000000013    0.0000000000000013    0.0000000000000013    0.0000000000000012    0.0000000000000013
943.0    0.0000000000000012    0.0000000000000012    0.0000000000000013    0.0000000000000012    0.0000000000000013
945.0    0.0000000000000012    0.0000000000000012    0.0000000000000013    0.0000000000000012    0.0000000000000012
947.0    0.0000000000000012    0.0000000000000012    0.0000000000000012    0.0000000000000012    0.0000000000000012
949.0    0.0000000000000012    0.0000000000000012    0.0000000000000012    0.0000000000000012    0.0000000000000012
951.0    0.0000000000000012    0.0000000000000012    0.0000000000000012    0.0000000000000012    0.0000000000000012
953.0    0.0000000000000012    0.0000000000000012    0.0000000000000012    0.0000000000000012    0.0000000000000012
955.0    0.0000000000000012    0.0000000000000012    0.0000000000000012    0.0000000000000012    0.0000000000000012
957.0    0.0000000000000012    0.0000000000000012    0.0000000000000012    0.0000000000000012    0.0000000000000012
959.0    0.0000000000000012    0.0000000000000012    0.0000000000000012    0.0000000000000012    0.0000000000000012
961.0    0.0000000000000012    0.0000000000000012    0.0000000000000012    0.0000000000000012    0.0000000000000012
963.0    0.0000000000000012    0.0000000000000012    0.0000000000000012    0.0000000000000012    0.0000000000000012
965.0    0.0000000000000012    0.0000000000000012    0.0000000000000012    0.0000000000000011    0.0000000000000012
967.0    0.0000000000000011    0.0000000000000011    0.0000000000000012    0.0000000000000011    0.0000000000000011
969.0    0.0000000000000011    0.0000000000000011    0.0000000000000012    0.0000000000000011    0.0000000000000011
971.0    0.0000000000000011    0.0000000000000011    0.0000000000000011    0.0000000000000011    0.0000000000000011
973.0    0.0000000000000011    0.0000000000000011    0.0000000000000011    0.0000000000000011    0.0000000000000011
975.0    0.0000000000000011    0.0000000000000011    0.0000000000000011    0.0000000000000011    0.0000000000000011
977.0    0.0000000000000011    0.0000000000000011    0.0000000000000011    0.0000000000000011    0.0000000000000011
979.0    0.0000000000000011    0.0000000000000011    0.0000000000000011    0.0000000000000011    0.0000000000000011
981.0    0.0000000000000011    0.0000000000000011    0.0000000000000011    0.0000000000000011    0.0000000000000011
983.0    0.0000000000000011    0.0000000000000011    0.0000000000000011    0.0000000000000011    0.0000000000000011
985.0    0.0000000000000011    0.0000000000000011    0.0000000000000011    0.0000000000000011    0.0000000000000011
987.0    0.0000000000000011    0.0000000000000011    0.0000000000000011    0.0000000000000011    0.0000000000000011
989.0    0.0000000000000011    0.0000000000000011    0.0000000000000011    0.0000000000000011    0.0000000000000011
991.0    0.0000000000000011    0.0000000000000011    0.0000000000000011    0.0000000000000010    0.0000000000000011
993.0    0.0000000000000010    0.0000000000000011    0.0000000000000011    0.0000000000000010    0.0000000000000011
995.0    0.0000000000000010    0.0000000000000010    0.0000000000000011    0.0000000000000010    0.0000000000000010
997.0    0.0000000000000010    0.0000000000000010    0.0000000000000010    0.0000000000000010    0.0000000000000010
999.0    0.0000000000000010    0.0000000000000010    0.0000000000000010    0.0000000000000010    0.0000000000000010
1001.0    0.0000000000000010    0.0000000000000010    0.0000000000000010    0.0000000000000010    0.0000000000000010
1003.0    0.0000000000000010    0.0000000000000010    0.0000000000000010    0.0000000000000010    0.0000000000000010
1005.0    0.0000000000000010    0.0000000000000010    0.0000000000000010    0.0000000000000010    0.0000000000000010
1007.0    0.0000000000000010    0.0000000000000010    0.0000000000000010    0.0000000000000010    0.0000000000000010
1009.0    0.0000000000000010    0.0000000000000010    0.0000000000000010    0.0000000000000010    0.0000000000000010
1011.0    0.0000000000000010    0.0000000000000010    0.0000000000000010    0.0000000000000010    0.0000000000000010
1013.0    0.0000000000000010    0.0000000000000010    0.0000000000000010    0.0000000000000010    0.0000000000000010
1015.0    0.0000000000000010    0.0000000000000010    0.0000000000000010    0.0000000000000010    0.0000000000000010
1017.0    0.0000000000000010    0.0000000000000010    0.0000000000000010    0.0000000000000010    0.0000000000000010
1019.0    0.0000000000000010    0.0000000000000010    0.0000000000000010    0.0000000000000010    0.0000000000000010
1021.0    0.0000000000000010    0.0000000000000010    0.0000000000000010    0.0000000000000009    0.0000000000000010
1023.0    0.0000000000000009    0.0000000000000009    0.0000000000000010    0.0000000000000009    0.0000000000000010
1025.0    0.0000000000000009    0.0000000000000009    0.0000000000000010    0.0000000000000009    0.0000000000000009
1027.0    0.0000000000000009    0.0000000000000009    0.0000000000000009    0.0000000000000009    0.0000000000000009
1029.0    0.0000000000000009    0.0000000000000009    0.0000000000000009    0.0000000000000009    0.0000000000000009
1031.0    0.0000000000000009    0.0000000000000009    0.0000000000000009    0.0000000000000009    0.0000000000000009
1033.0    0.0000000000000009    0.0000000000000009    0.0000000000000009    0.0000000000000009    0.0000000000000009
1035.0    0.0000000000000009    0.0000000000000009    0.0000000000000009    0.0000000000000009    0.0000000000000009
1037.0    0.0000000000000009    0.0000000000000009    0.0000000000000009    0.0000000000000009    0.0000000000000009
1039.0    0.0000000000000009    0.0000000000000009    0.0000000000000009    0.0000000000000009    0.0000000000000009
1041.0    0.0000000000000009    0.0000000000000009    0.0000000000000009    0.0000000000000009    0.0000000000000009
1043.0    0.0000000000000009    0.0000000000000009    0.0000000000000009    0.0000000000000009    0.0000000000000009
1045.0    0.0000000000000009    0.0000000000000009    0.0000000000000009    0.0000000000000009    0.0000000000000009
1047.0    0.0000000000000009    0.0000000000000009    0.0000000000000009    0.0000000000000009    0.0000000000000009
1049.0    0.0000000000000009    0.0000000000000009    0.0000000000000009    0.0000000000000009    0.0000000000000009
1051.0    0.0000000000000009    0.0000000000000009    0.0000000000000009    0.0000000000000008    0.0000000000000009
1053.0    0.0000000000000008    0.0000000000000009    0.0000000000000009    0.0000000000000008    0.0000000000000009
1055.0    0.0000000000000008    0.0000000000000008    0.0000000000000009    0.0000000000000008    0.0000000000000008
1057.0    0.0000000000000008    0.0000000000000008    0.0000000000000008    0.0000000000000008    0.0000000000000008
1059.0    0.0000000000000008    0.0000000000000008    0.0000000000000008    0.0000000000000008    0.0000000000000008
1061.0    0.0000000000000008    0.0000000000000008    0.0000000000000008    0.0000000000000008    0.0000000000000008
1063.0    0.0000000000000008    0.0000000000000008    0.0000000000000008    0.0000000000000008    0.0000000000000008
1065.0    0.0000000000000008    0.0000000000000008    0.0000000000000008    0.0000000000000008    0.0000000000000008
1067.0    0.0000000000000008    0.0000000000000008    0.0000000000000008    0.0000000000000008    0.0000000000000008
1069.0    0.0000000000000008    0.0000000000000008    0.0000000000000008    0.0000000000000008    0.0000000000000008
1071.0    0.0000000000000008    0.0000000000000008    0.0000000000000008    0.0000000000000008    0.0000000000000008
1073.0    0.0000000000000008    0.0000000000000008    0.0000000000000008    0.0000000000000008    0.0000000000000008
1075.0    0.0000000000000008    0.0000000000000008    0.0000000000000008    0.0000000000000008    0.0000000000000008
1077.0    0.0000000000000008    0.0000000000000008    0.0000000000000008    0.0000000000000008    0.0000000000000008
1079.0    0.0000000000000008    0.0000000000000008    0.0000000000000008    0.0000000000000008    0.0000000000000008
1081.0    0.0000000000000008    0.0000000000000008    0.0000000000000008    0.0000000000000007    0.0000000000000008
1083.0    0.0000000000000008    0.0000000000000008    0.0000000000000008    0.0000000000000007    0.0000000000000008
1085.0    0.0000000000000007    0.0000000000000007    0.0000000000000008    0.0000000000000007    0.0000000000000008
1087.0    0.0000000000000007    0.0000000000000007    0.0000000000000008    0.0000000000000007    0.0000000000000007
1089.0    0.0000000000000007    0.0000000000000007    0.0000000000000007    0.0000000000000007    0.0000000000000007
1091.0    0.0000000000000007    0.0000000000000007    0.0000000000000007    0.0000000000000007    0.0000000000000007
1093.0    0.0000000000000007    0.0000000000000007    0.0000000000000007    0.0000000000000007    0.0000000000000007
1095.0    0.0000000000000007    0.0000000000000007    0.0000000000000007    0.0000000000000007    0.0000000000000007
1097.0    0.0000000000000007    0.0000000000000007    0.0000000000000007    0.0000000000000007    0.0000000000000007
1099.0    0.0000000000000007    0.0000000000000007    0.0000000000000007    0.0000000000000007    0.0000000000000007
1101.0    0.0000000000000007    0.0000000000000007    0.0000000000000007    0.0000000000000007    0.0000000000000007
1103.0    0.0000000000000007    0.0000000000000007    0.0000000000000007    0.0000000000000007    0.0000000000000007
1105.0    0.0000000000000007    0.0000000000000007    0.0000000000000007    0.0000000000000007    0.0000000000000007
1107.0    0.0000000000000007    0.0000000000000007    0.0000000000000007    0.0000000000000007    0.0000000000000007
1109.0    0.0000000000000007    0.0000000000000007    0.0000000000000007    0.0000000000000007    0.0000000000000007
1111.0    0.0000000000000007    0.0000000000000007    0.0000000000000007    0.0000000000000007    0.0000000000000007
1113.0    0.0000000000000007    0.0000000000000007    0.0000000000000007    0.0000000000000006    0.0000000000000007
1115.0    0.0000000000000007    0.0000000000000007    0.0000000000000007    0.0000000000000006    0.0000000000000007
1117.0    0.0000000000000006    0.0000000000000006    0.0000000000000007    0.0000000000000006    0.0000000000000007
1119.0    0.0000000000000006    0.0000000000000006    0.0000000000000007    0.0000000000000006    0.0000000000000006
1121.0    0.0000000000000006    0.0000000000000006    0.0000000000000006    0.0000000000000006    0.0000000000000006
1123.0    0.0000000000000006    0.0000000000000006    0.0000000000000006    0.0000000000000006    0.0000000000000006
1125.0    0.0000000000000006    0.0000000000000006    0.0000000000000006    0.0000000000000006    0.0000000000000006
1127.0    0.0000000000000006    0.0000000000000006    0.0000000000000006    0.0000000000000006    0.0000000000000006
1129.0    0.0000000000000006    0.0000000000000006    0.0000000000000006    0.0000000000000006    0.0000000000000006
1131.0    0.0000000000000006    0.0000000000000006    0.0000000000000006    0.0000000000000006    0.0000000000000006
1133.0    0.0000000000000006    0.0000000000000006    0.0000000000000006    0.0000000000000006    0.0000000000000006
1135.0    0.0000000000000006    0.0000000000000006    0.0000000000000006    0.0000000000000006    0.0000000000000006
1137.0    0.0000000000000006    0.0000000000000006    0.0000000000000006    0.0000000000000006    0.0000000000000006
1139.0    0.0000000000000006    0.0000000000000006    0.0000000000000006    0.0000000000000006    0.0000000000000006
1141.0    0.0000000000000006    0.0000000000000006    0.0000000000000006    0.0000000000000006    0.0000000000000006
1143.0    0.0000000000000006    0.0000000000000006    0.0000000000000006    0.0000000000000006    0.0000000000000006
1145.0    0.0000000000000006    0.0000000000000006    0.0000000000000006    0.0000000000000006    0.0000000000000006
1147.0    0.0000000000000006    0.0000000000000006    0.0000000000000006    0.0000000000000006    0.0000000000000006
1149.0    0.0000000000000006    0.0000000000000006    0.0000000000000006    0.0000000000000005    0.0000000000000006
1151.0    0.0000000000000005    0.0000000000000006    0.0000000000000006    0.0000000000000005    0.0000000000000006
1153.0    0.0000000000000005    0.0000000000000005    0.0000000000000006    0.0000000000000005    0.0000000000000005
1155.0    0.0000000000000005    0.0000000000000005    0.0000000000000005    0.0000000000000005    0.0000000000000005
1157.0    0.0000000000000005    0.0000000000000005    0.0000000000000005    0.0000000000000005    0.0000000000000005
1159.0    0.0000000000000005    0.0000000000000005    0.0000000000000005    0.0000000000000005    0.0000000000000005
1161.0    0.0000000000000005    0.0000000000000005    0.0000000000000005    0.0000000000000005    0.0000000000000005
1163.0    0.0000000000000005    0.0000000000000005    0.0000000000000005    0.0000000000000005    0.0000000000000005
1165.0    0.0000000000000005    0.0000000000000005    0.0000000000000005    0.0000000000000005    0.0000000000000005
1167.0    0.0000000000000005    0.0000000000000005    0.0000000000000005    0.0000000000000005    0.0000000000000005
1169.0    0.0000000000000005    0.0000000000000005    0.0000000000000005    0.0000000000000005    0.0000000000000005
1171.0    0.0000000000000005    0.0000000000000005    0.0000000000000005    0.0000000000000005    0.0000000000000005
1173.0    0.0000000000000005    0.0000000000000005    0.0000000000000005    0.0000000000000005    0.0000000000000005
1175.0    0.0000000000000005    0.0000000000000005    0.0000000000000005    0.0000000000000005    0.0000000000000005
1177.0    0.0000000000000005    0.0000000000000005    0.0000000000000005    0.0000000000000005    0.0000000000000005
1179.0    0.0000000000000005    0.0000000000000005    0.0000000000000005    0.0000000000000005    0.0000000000000005
1181.0    0.0000000000000005    0.0000000000000005    0.0000000000000005    0.0000000000000005    0.0000000000000005
1183.0    0.0000000000000005    0.0000000000000005    0.0000000000000005    0.0000000000000005    0.0000000000000005
1185.0    0.0000000000000005    0.0000000000000005    0.0000000000000005    0.0000000000000005    0.0000000000000005
1187.0    0.0000000000000005    0.0000000000000005    0.0000000000000005    0.0000000000000005    0.0000000000000005
1189.0    0.0000000000000005    0.0000000000000005    0.0000000000000005    0.0000000000000004    0.0000000000000005
1191.0    0.0000000000000005    0.0000000000000005    0.0000000000000005    0.0000000000000004    0.0000000000000005
1193.0    0.0000000000000004    0.0000000000000004    0.0000000000000005    0.0000000000000004    0.0000000000000004
1195.0    0.0000000000000004    0.0000000000000004    0.0000000000000005    0.0000000000000004    0.0000000000000004
1197.0    0.0000000000000004    0.0000000000000004    0.0000000000000004    0.0000000000000004    0.0000000000000004
1199.0    0.0000000000000004    0.0000000000000004    0.0000000000000004    0.0000000000000004    0.0000000000000004
1201.0    0.0000000000000004    0.0000000000000004    0.0000000000000004    0.0000000000000004    0.0000000000000004
1203.0    0.0000000000000004    0.0000000000000004    0.0000000000000004    0.0000000000000004    0.0000000000000004
1205.0    0.0000000000000004    0.0000000000000004    0.0000000000000004    0.0000000000000004    0.0000000000000004
1207.0    0.0000000000000004    0.0000000000000004    0.0000000000000004    0.0000000000000004    0.0000000000000004
1209.0    0.0000000000000004    0.0000000000000004    0.0000000000000004    0.0000000000000004    0.0000000000000004
1211.0    0.0000000000000004    0.0000000000000004    0.0000000000000004    0.0000000000000004    0.0000000000000004
1213.0    0.0000000000000004    0.0000000000000004    0.0000000000000004    0.0000000000000004    0.0000000000000004
1215.0    0.0000000000000004    0.0000000000000004    0.0000000000000004    0.0000000000000004    0.0000000000000004
1217.0    0.0000000000000004    0.0000000000000004    0.0000000000000004    0.0000000000000004    0.0000000000000004
1219.0    0.0000000000000004    0.0000000000000004    0.0000000000000004    0.0000000000000004    0.0000000000000004
1221.0    0.0000000000000004    0.0000000000000004    0.0000000000000004    0.0000000000000004    0.0000000000000004
1223.0    0.0000000000000004    0.0000000000000004    0.0000000000000004    0.0000000000000004    0.0000000000000004
1225.0    0.0000000000000004    0.0000000000000004    0.0000000000000004    0.0000000000000004    0.0000000000000004
1227.0    0.0000000000000004    0.0000000000000004    0.0000000000000004    0.0000000000000004    0.0000000000000004
1229.0    0.0000000000000004    0.0000000000000004    0.0000000000000004    0.0000000000000004    0.0000000000000004
1231.0    0.0000000000000004    0.0000000000000004    0.0000000000000004    0.0000000000000004    0.0000000000000004
1233.0    0.0000000000000004    0.0000000000000004    0.0000000000000004    0.0000000000000004    0.0000000000000004
1235.0    0.0000000000000004    0.0000000000000004    0.0000000000000004    0.0000000000000004    0.0000000000000004
1237.0    0.0000000000000004    0.0000000000000004    0.0000000000000004    0.0000000000000004    0.0000000000000004
1239.0    0.0000000000000004    0.0000000000000004    0.0000000000000004    0.0000000000000003    0.0000000000000004
1241.0    0.0000000000000004    0.0000000000000004    0.0000000000000004    0.0000000000000003    0.0000000000000004
1243.0    0.0000000000000003    0.0000000000000003    0.0000000000000004    0.0000000000000003    0.0000000000000004
1245.0    0.0000000000000003    0.0000000000000003    0.0000000000000004    0.0000000000000003    0.0000000000000003
1247.0    0.0000000000000003    0.0000000000000003    0.0000000000000003    0.0000000000000003    0.0000000000000003
1249.0    0.0000000000000003    0.0000000000000003    0.0000000000000003    0.0000000000000003    0.0000000000000003
1251.0    0.0000000000000003    0.0000000000000003    0.0000000000000003    0.0000000000000003    0.0000000000000003
1253.0    0.0000000000000003    0.0000000000000003    0.0000000000000003    0.0000000000000003    0.0000000000000003
1255.0    0.0000000000000003    0.0000000000000003    0.0000000000000003    0.0000000000000003    0.0000000000000003
1257.0    0.0000000000000003    0.0000000000000003    0.0000000000000003    0.0000000000000003    0.0000000000000003
1259.0    0.0000000000000003    0.0000000000000003    0.0000000000000003    0.0000000000000003    0.0000000000000003
1261.0    0.0000000000000003    0.0000000000000003    0.0000000000000003    0.0000000000000003    0.0000000000000003
1263.0    0.0000000000000003    0.0000000000000003    0.0000000000000003    0.0000000000000003    0.0000000000000003
1265.0    0.0000000000000003    0.0000000000000003    0.0000000000000003    0.0000000000000003    0.0000000000000003
1267.0    0.0000000000000003    0.0000000000000003    0.0000000000000003    0.0000000000000003    0.0000000000000003
1269.0    0.0000000000000003    0.0000000000000003    0.0000000000000003    0.0000000000000003    0.0000000000000003
1271.0    0.0000000000000003    0.0000000000000003    0.0000000000000003    0.0000000000000003    0.0000000000000003
1273.0    0.0000000000000003    0.0000000000000003    0.0000000000000003    0.0000000000000003    0.0000000000000003
1275.0    0.0000000000000003    0.0000000000000003    0.0000000000000003    0.0000000000000003    0.0000000000000003
1277.0    0.0000000000000003    0.0000000000000003    0.0000000000000003    0.0000000000000003    0.0000000000000003
1279.0    0.0000000000000003    0.0000000000000003    0.0000000000000003    0.0000000000000003    0.0000000000000003
1281.0    0.0000000000000003    0.0000000000000003    0.0000000000000003    0.0000000000000003    0.0000000000000003
1283.0    0.0000000000000003    0.0000000000000003    0.0000000000000003    0.0000000000000003    0.0000000000000003
1285.0    0.0000000000000003    0.0000000000000003    0.0000000000000003    0.0000000000000003    0.0000000000000003
1287.0    0.0000000000000003    0.0000000000000003    0.0000000000000003    0.0000000000000003    0.0000000000000003
1289.0    0.0000000000000003    0.0000000000000003    0.0000000000000003    0.0000000000000003    0.0000000000000003
1291.0    0.0000000000000003    0.0000000000000003    0.0000000000000003    0.0000000000000003    0.0000000000000003
1293.0    0.0000000000000003    0.0000000000000003    0.0000000000000003    0.0000000000000003    0.0000000000000003
1295.0    0.0000000000000003    0.0000000000000003    0.0000000000000003    0.0000000000000003    0.0000000000000003
1297.0    0.0000000000000003    0.0000000000000003    0.0000000000000003    0.0000000000000003    0.0000000000000003
1299.0    0.0000000000000003    0.0000000000000003    0.0000000000000003    0.0000000000000002    0.0000000000000003
1301.0    0.0000000000000003    0.0000000000000003    0.0000000000000003    0.0000000000000002    0.0000000000000003
1303.0    0.0000000000000002    0.0000000000000003    0.0000000000000003    0.0000000000000002    0.0000000000000003
1305.0    0.0000000000000002    0.0000000000000002    0.0000000000000003    0.0000000000000002    0.0000000000000002
1307.0    0.0000000000000002    0.0000000000000002    0.0000000000000003    0.0000000000000002    0.0000000000000002
1309.0    0.0000000000000002    0.0000000000000002    0.0000000000000002    0.0000000000000002    0.0000000000000002
1311.0    0.0000000000000002    0.0000000000000002    0.0000000000000002    0.0000000000000002    0.0000000000000002
1313.0    0.0000000000000002    0.0000000000000002    0.0000000000000002    0.0000000000000002    0.0000000000000002
1315.0    0.0000000000000002    0.0000000000000002    0.0000000000000002    0.0000000000000002    0.0000000000000002
1317.0    0.0000000000000002    0.0000000000000002    0.0000000000000002    0.0000000000000002    0.0000000000000002
1319.0    0.0000000000000002    0.0000000000000002    0.0000000000000002    0.0000000000000002    0.0000000000000002
1321.0    0.0000000000000002    0.0000000000000002    0.0000000000000002    0.0000000000000002    0.0000000000000002
1323.0    0.0000000000000002    0.0000000000000002    0.0000000000000002    0.0000000000000002    0.0000000000000002
1325.0    0.0000000000000002    0.0000000000000002    0.0000000000000002    0.0000000000000002    0.0000000000000002
1327.0    0.0000000000000002    0.0000000000000002    0.0000000000000002    0.0000000000000002    0.0000000000000002
1329.0    0.0000000000000002    0.0000000000000002    0.0000000000000002    0.0000000000000002    0.0000000000000002
1331.0    0.0000000000000002    0.0000000000000002    0.0000000000000002    0.0000000000000002    0.0000000000000002
1333.0    0.0000000000000002    0.0000000000000002    0.0000000000000002    0.0000000000000002    0.0000000000000002
1335.0    0.0000000000000002    0.0000000000000002    0.0000000000000002    0.0000000000000002    0.0000000000000002
1337.0    0.0000000000000002    0.0000000000000002    0.0000000000000002    0.0000000000000002    0.0000000000000002
1339.0    0.0000000000000002    0.0000000000000002    0.0000000000000002    0.0000000000000002    0.0000000000000002
1341.0    0.0000000000000002    0.0000000000000002    0.0000000000000002    0.0000000000000002    0.0000000000000002
1343.0    0.0000000000000002    0.0000000000000002    0.0000000000000002    0.0000000000000002    0.0000000000000002
1345.0    0.0000000000000002    0.0000000000000002    0.0000000000000002    0.0000000000000002    0.0000000000000002
1347.0    0.0000000000000002    0.0000000000000002    0.0000000000000002    0.0000000000000002    0.0000000000000002
1349.0    0.0000000000000002    0.0000000000000002    0.0000000000000002    0.0000000000000002    0.0000000000000002
1351.0    0.0000000000000002    0.0000000000000002    0.0000000000000002    0.0000000000000002    0.0000000000000002
1353.0    0.0000000000000002    0.0000000000000002    0.0000000000000002    0.0000000000000002    0.0000000000000002
1355.0    0.0000000000000002    0.0000000000000002    0.0000000000000002    0.0000000000000002    0.0000000000000002
1357.0    0.0000000000000002    0.0000000000000002    0.0000000000000002    0.0000000000000002    0.0000000000000002
1359.0    0.0000000000000002    0.0000000000000002    0.0000000000000002    0.0000000000000002    0.0000000000000002
1361.0    0.0000000000000002    0.0000000000000002    0.0000000000000002    0.0000000000000001    0.0000000000000002
1363.0    0.0000000000000002    0.0000000000000002    0.0000000000000002    0.0000000000000001    0.0000000000000002
1365.0    0.0000000000000001    0.0000000000000002    0.0000000000000002    0.0000000000000001    0.0000000000000002
1367.0    0.0000000000000001    0.0000000000000001    0.0000000000000002    0.0000000000000001    0.0000000000000001
1369.0    0.0000000000000001    0.0000000000000001    0.0000000000000002    0.0000000000000001    0.0000000000000001
1371.0    0.0000000000000001    0.0000000000000001    0.0000000000000001    0.0000000000000001    0.0000000000000001
1373.0    0.0000000000000001    0.0000000000000001    0.0000000000000001    0.0000000000000001    0.0000000000000001
1375.0    0.0000000000000001    0.0000000000000001    0.0000000000000001    0.0000000000000001    0.0000000000000001
1377.0    0.0000000000000001    0.0000000000000001    0.0000000000000001    0.0000000000000001    0.0000000000000001
1379.0    0.0000000000000001    0.0000000000000001    0.0000000000000001    0.0000000000000001    0.0000000000000001
1381.0    0.0000000000000001    0.0000000000000001    0.0000000000000001    0.0000000000000001    0.0000000000000001
1383.0    0.0000000000000001    0.0000000000000001    0.0000000000000001    0.0000000000000001    0.0000000000000001
1385.0    0.0000000000000001    0.0000000000000001    0.0000000000000001    0.0000000000000001    0.0000000000000001
1387.0    0.0000000000000001    0.0000000000000001    0.0000000000000001    0.0000000000000001    0.0000000000000001
1389.0    0.0000000000000001    0.0000000000000001    0.0000000000000001    0.0000000000000001    0.0000000000000001
1391.0    0.0000000000000001    0.0000000000000001    0.0000000000000001    0.0000000000000001    0.0000000000000001
1393.0    0.0000000000000001    0.0000000000000001    0.0000000000000001    0.0000000000000001    0.0000000000000001
1395.0    0.0000000000000001    0.0000000000000001    0.0000000000000001    0.0000000000000001    0.0000000000000001
1397.0    0.0000000000000001    0.0000000000000001    0.0000000000000001    0.0000000000000001    0.0000000000000001
1399.0    0.0000000000000001    0.0000000000000001    0.0000000000000001    0.0000000000000001    0.0000000000000001
1401.0    0.0000000000000001    0.0000000000000001    0.0000000000000001    0.0000000000000001    0.0000000000000001
1403.0    0.0000000000000001    0.0000000000000001    0.0000000000000001    0.0000000000000001    0.0000000000000001
1405.0    0.0000000000000001    0.0000000000000001    0.0000000000000001    0.0000000000000001    0.0000000000000001
1407.0    0.0000000000000001    0.0000000000000001    0.0000000000000001    0.0000000000000001    0.0000000000000001
1409.0    0.0000000000000001    0.0000000000000001    0.0000000000000001    0.0000000000000001    0.0000000000000001
1411.0    0.0000000000000001    0.0000000000000001    0.0000000000000001    0.0000000000000001    0.0000000000000001
1413.0    0.0000000000000001    0.0000000000000001    0.0000000000000001    0.0000000000000001    0.0000000000000001
1415.0    0.0000000000000001    0.0000000000000001    0.0000000000000001    0.0000000000000001    0.0000000000000001
1417.0    0.0000000000000001    0.0000000000000001    0.0000000000000001    0.0000000000000001    0.0000000000000001
1419.0    0.0000000000000001    0.0000000000000001    0.0000000000000001    0.0000000000000001    0.0000000000000001
1421.0    0.0000000000000001    0.0000000000000001    0.0000000000000001    0.0000000000000001    0.0000000000000001
1423.0    0.0000000000000001    0.0000000000000001    0.0000000000000001    0.0000000000000001    0.0000000000000001
1425.0    0.0000000000000001    0.0000000000000001    0.0000000000000001    0.0000000000000001    0.0000000000000001
1427.0    0.0000000000000001    0.0000000000000001    0.0000000000000001    0.0000000000000001    0.0000000000000001
1429.0    0.0000000000000001    0.0000000000000001    0.0000000000000001    0.0000000000000001    0.0000000000000001
1431.0    0.0000000000000001    0.0000000000000001    0.0000000000000001    0.0000000000000001    0.0000000000000001
1433.0    0.0000000000000001    0.0000000000000001    0.0000000000000001    0.0000000000000000    0.0000000000000001
1435.0    0.0000000000000001    0.0000000000000000    0.0000000000000001    0.0000000000000000    0.0000000000000001
1437.0    0.0000000000000000    0.0000000000000000    0.0000000000000001    0.0000000000000000    0.0000000000000000
1439.0    0.0000000000000000    0.0000000000000000    0.0000000000000001    0.0000000000000000    0.0000000000000000
1441.0    0.0000000000000000    0.0000000000000000    0.0000000000000000    0.0000000000000000    0.0000000000000000
1443.0    0.0000000000000000    0.0000000000000000    0.0000000000000000    0.0000000000000000    0.0000000000000000
1445.0    0.0000000000000000    0.0000000000000000    0.0000000000000000    0.0000000000000000    0.0000000000000000
1447.0    0.0000000000000000    0.0000000000000000    0.0000000000000000    0.0000000000000000    0.0000000000000000
1449.0    0.0000000000000000    0.0000000000000000    0.0000000000000000    0.0000000000000000    0.0000000000000000
1451.0    0.0000000000000000    0.0000000000000000    0.0000000000000000    0.0000000000000000    0.0000000000000000
1453.0    0.0000000000000000    0.0000000000000000    0.0000000000000000    0.0000000000000000    0.0000000000000000
1455.0    0.0000000000000000    0.0000000000000000    0.0000000000000000    0.0000000000000000    0.0000000000000000
1457.0    0.0000000000000000    0.0000000000000000    0.0000000000000000    0.0000000000000000    0.0000000000000000
1459.0    0.0000000000000000    0.0000000000000000    0.0000000000000000    0.0000000000000000    0.0000000000000000
1461.0    0.0000000000000000    0.0000000000000000    0.0000000000000000    0.0000000000000000    0.0000000000000000
1463.0    0.0000000000000000    0.0000000000000000    0.0000000000000000    0.0000000000000000    0.0000000000000000
1465.0    0.0000000000000000    0.0000000000000000    0.0000000000000000    0.0000000000000000    0.0000000000000000
1467.0    0.0000000000000000    0.0000000000000000    0.0000000000000000    0.0000000000000000    0.0000000000000000
1469.0    0.0000000000000000    0.0000000000000000    0.0000000000000000    0.0000000000000000    0.0000000000000000
1471.0    0.0000000000000000    0.0000000000000000    0.0000000000000000    0.0000000000000000    0.0000000000000000
1473.0    0.0000000000000000    0.0000000000000000    0.0000000000000000    0.0000000000000000    0.0000000000000000
1475.0    0.0000000000000000    0.0000000000000000    0.0000000000000000    0.0000000000000000    0.0000000000000000
1477.0    0.0000000000000000    0.0000000000000000    0.0000000000000000    0.0000000000000000    0.0000000000000000
1479.0    0.0000000000000000    0.0000000000000000    0.0000000000000000    0.0000000000000000    0.0000000000000000
1481.0    0.0000000000000000    0.0000000000000000    0.0000000000000000    0.0000000000000000    0.0000000000000000
1483.0    0.0000000000000000    0.0000000000000000    0.0000000000000000    0.0000000000000000    0.0000000000000000
1485.0    0.0000000000000000    0.0000000000000000    0.0000000000000000    0.0000000000000000    0.0000000000000000
