9.0    0.0000000000000000    0.0000000000000000    0.0000000000000000    0.0000000000000000    0.0000000000000000
11.0    0.0000000000000001    0.0000000000000001    0.0000000000000001    0.0000000000000001    0.0000000000000002
13.0    0.0000000000000002    0.0000000000000002    0.0000000000000003    0.0000000000000002    0.0000000000000004
15.0    0.0000000000000006    0.0000000000000004    0.0000000000000008    0.0000000000000005    0.0000000000000008
17.0    0.0000000000000014    0.0000000000000010    0.0000000000000016    0.0000000000000012    0.0000000000000018
19.0    0.0000000000000029    0.0000000000000022    0.0000000000000034    0.0000000000000026    0.0000000000000036
21.0    0.0000000000000056    0.0000000000000044    0.0000000000000064    0.0000000000000052    0.0000000000000066
23.0    0.0000000000000101    0.0000000000000086    0.0000000000000112    0.0000000000000096    0.0000000000000114
25.0    0.0000000000000174    0.0000000000000155    0.0000000000000184    0.0000000000000169    0.0000000000000190
27.0    0.0000000000000279    0.0000000000000260    0.0000000000000289    0.0000000000000276    0.0000000000000296
29.0    0.0000000000000418    0.0000000000000396    0.0000000000000426    0.0000000000000413    0.0000000000000434
31.0    0.0000000000000586    0.0000000000000564    0.0000000000000583    0.0000000000000586    0.0000000000000598
33.0    0.0000000000000770    0.0000000000000759    0.0000000000000755    0.0000000000000777    0.0000000000000769
35.0    0.0000000000000952    0.0000000000000951    0.0000000000000935    0.0000000000000958    0.0000000000000940
37.0    0.0000000000001110    0.0000000000001120    0.0000000000001103    0.0000000000001124    0.0000000000001106
39.0    0.0000000000001249    0.0000000000001245    0.0000000000001245    0.0000000000001258    0.0000000000001254
41.0    0.0000000000001367    0.0000000000001339    0.0000000000001374    0.0000000000001361    0.0000000000001390
43.0    0.0000000000001488    0.0000000000001429    0.0000000000001516    0.0000000000001469    0.0000000000001529
45.0    0.0000000000001648    0.0000000000001554    0.0000000000001695    0.0000000000001619    0.0000000000001706
47.0    0.0000000000001878    0.0000000000001767    0.0000000000001937    0.0000000000001846    0.0000000000001964
49.0    0.0000000000002231    0.0000000000002097    0.0000000000002275    0.0000000000002190    0.0000000000002325
51.0    0.0000000000002714    0.0000000000002573    0.0000000000002745    0.0000000000002693    0.0000000000002802
53.0    0.0000000000003323    0.0000000000003215    0.0000000000003326    0.0000000000003331    0.0000000000003360
55.0    0.0000000000004018    0.0000000000003969    0.0000000000003960    0.0000000000004033    0.0000000000003991
57.0    0.0000000000004719    0.0000000000004768    0.0000000000004625    0.0000000000004800    0.0000000000004677
59.0    0.0000000000005415    0.0000000000005503    0.0000000000005294    0.0000000000005527    0.0000000000005334
61.0    0.0000000000006015    0.0000000000006130    0.0000000000005880    0.0000000000006117    0.0000000000005906
63.0    0.0000000000006466    0.0000000000006610    0.0000000000006322    0.0000000000006567    0.0000000000006348
65.0    0.0000000000006747    0.0000000000006881    0.0000000000006621    0.0000000000006829    0.0000000000006633
67.0    0.0000000000006862    0.0000000000006953    0.0000000000006787    0.0000000000006909    0.0000000000006782
69.0    0.0000000000006853    0.0000000000006879    0.0000000000006832    0.0000000000006860    0.0000000000006825
71.0    0.0000000000006778    0.0000000000006733    0.0000000000006806    0.0000000000006746    0.0000000000006801
73.0    0.0000000000006699    0.0000000000006589    0.0000000000006766    0.0000000000006646    0.0000000000006766
75.0    0.0000000000006679    0.0000000000006530    0.0000000000006761    0.0000000000006619    0.0000000000006770
77.0    0.0000000000006760    0.0000000000006608    0.0000000000006833    0.0000000000006712    0.0000000000006847
79.0    0.0000000000006954    0.0000000000006827    0.0000000000006990    0.0000000000006926    0.0000000000007017
81.0    0.0000000000007237    0.0000000000007171    0.0000000000007229    0.0000000000007261    0.0000000000007270
83.0    0.0000000000007592    0.0000000000007606    0.0000000000007535    0.0000000000007659    0.0000000000007575
85.0    0.0000000000007957    0.0000000000008053    0.0000000000007857    0.0000000000008041    0.0000000000007877
87.0    0.0000000000008272    0.0000000000008435    0.0000000000008134    0.0000000000008377    0.0000000000008145
89.0    0.0000000000008491    0.0000000000008685    0.0000000000008340    0.0000000000008598    0.0000000000008346
91.0    0.0000000000008580    0.0000000000008780    0.0000000000008449    0.0000000000008668    0.0000000000008440
93.0    0.0000000000008530    0.0000000000008708    0.0000000000008436    0.0000000000008595    0.0000000000008415
95.0    0.0000000000008363    0.0000000000008479    0.0000000000008316    0.0000000000008383    0.0000000000008279
97.0    0.0000000000008095    0.0000000000008135    0.0000000000008111    0.0000000000008072    0.0000000000008068
99.0    0.0000000000007776    0.0000000000007750    0.0000000000007842    0.0000000000007728    0.0000000000007810
101.0    0.0000000000007454    0.0000000000007369    0.0000000000007559    0.0000000000007376    0.0000000000007533
103.0    0.0000000000007176    0.0000000000007031    0.0000000000007314    0.0000000000007081    0.0000000000007288
105.0    0.0000000000006985    0.0000000000006795    0.0000000000007129    0.0000000000006887    0.0000000000007109
107.0    0.0000000000006889    0.0000000000006687    0.0000000000007024    0.0000000000006802    0.0000000000007023
109.0    0.0000000000006906    0.0000000000006710    0.0000000000007024    0.0000000000006841    0.0000000000007034
111.0    0.0000000000007039    0.0000000000006851    0.0000000000007126    0.0000000000006990    0.0000000000007151
113.0    0.0000000000007274    0.0000000000007102    0.0000000000007326    0.0000000000007251    0.0000000000007370
115.0    0.0000000000007586    0.0000000000007440    0.0000000000007628    0.0000000000007597    0.0000000000007684
117.0    0.0000000000007986    0.0000000000007826    0.0000000000008018    0.0000000000007997    0.0000000000008064
119.0    0.0000000000008455    0.0000000000008262    0.0000000000008465    0.0000000000008478    0.0000000000008518
121.0    0.0000000000008993    0.0000000000008767    0.0000000000008986    0.0000000000009022    0.0000000000009067
123.0    0.0000000000009604    0.0000000000009333    0.0000000000009608    0.0000000000009611    0.0000000000009699
125.0    0.0000000000010305    0.0000000000009979    0.0000000000010323    0.0000000000010315    0.0000000000010424
127.0    0.0000000000011110    0.0000000000010699    0.0000000000011107    0.0000000000011129    0.0000000000011258
129.0    0.0000000000012002    0.0000000000011541    0.0000000000012006    0.0000000000012034    0.0000000000012174
131.0    0.0000000000013076    0.0000000000012568    0.0000000000013082    0.0000000000013134    0.0000000000013224
133.0    0.0000000000014309    0.0000000000013769    0.0000000000014316    0.0000000000014403    0.0000000000014473
135.0    0.0000000000015718    0.0000000000015155    0.0000000000015659    0.0000000000015790    0.0000000000015895
137.0    0.0000000000017308    0.0000000000016663    0.0000000000017174    0.0000000000017426    0.0000000000017500
139.0    0.0000000000019013    0.0000000000018345    0.0000000000018942    0.0000000000019251    0.0000000000019217
141.0    0.0000000000020980    0.0000000000020272    0.0000000000020912    0.0000000000021180    0.0000000000021123
143.0    0.0000000000023146    0.0000000000022380    0.0000000000023001    0.0000000000023294    0.0000000000023320
145.0    0.0000000000025533    0.0000000000024678    0.0000000000025306    0.0000000000025716    0.0000000000025749
147.0    0.0000000000028157    0.0000000000027082    0.0000000000027959    0.0000000000028375    0.0000000000028437
149.0    0.0000000000030935    0.0000000000029711    0.0000000000030900    0.0000000000031179    0.0000000000031283
151.0    0.0000000000034144    0.0000000000032729    0.0000000000034025    0.0000000000034433    0.0000000000034442
153.0    0.0000000000037722    0.0000000000036100    0.0000000000037505    0.0000000000038070    0.0000000000038112
155.0    0.0000000000041742    0.0000000000039897    0.0000000000041561    0.0000000000041978    0.0000000000042227
157.0    0.0000000000046259    0.0000000000044020    0.0000000000046119    0.0000000000046587    0.0000000000046850
159.0    0.0000000000051358    0.0000000000048689    0.0000000000051014    0.0000000000051791    0.0000000000052048
161.0    0.0000000000057090    0.0000000000054182    0.0000000000056500    0.0000000000057403    0.0000000000057625
163.0    0.0000000000063257    0.0000000000060394    0.0000000000062901    0.0000000000063995    0.0000000000063857
165.0    0.0000000000070433    0.0000000000067379    0.0000000000070060    0.0000000000071370    0.0000000000071100
167.0    0.0000000000078411    0.0000000000074863    0.0000000000077680    0.0000000000079220    0.0000000000079161
169.0    0.0000000000087264    0.0000000000083152    0.0000000000086110    0.0000000000088307    0.0000000000088095
171.0    0.0000000000097020    0.0000000000092651    0.0000000000095803    0.0000000000098322    0.0000000000097520
173.0    0.0000000000107299    0.0000000000103096    0.0000000000106473    0.0000000000108839    0.0000000000107857
175.0    0.0000000000119013    0.0000000000114547    0.0000000000117658    0.0000000000120872    0.0000000000119648
177.0    0.0000000000131793    0.0000000000126567    0.0000000000129853    0.0000000000134009    0.0000000000132529
179.0    0.0000000000145729    0.0000000000139676    0.0000000000143682    0.0000000000147695    0.0000000000146553
181.0    0.0000000000160849    0.0000000000154532    0.0000000000158696    0.0000000000163242    0.0000000000161102
183.0    0.0000000000177233    0.0000000000170733    0.0000000000174221    0.0000000000180086    0.0000000000176793
185.0    0.0000000000194877    0.0000000000188355    0.0000000000190900    0.0000000000197469    0.0000000000194372
187.0    0.0000000000213023    0.0000000000206673    0.0000000000209499    0.0000000000216089    0.0000000000213177
189.0    0.0000000000233140    0.0000000000226361    0.0000000000229285    0.0000000000236841    0.0000000000233157
191.0    0.0000000000254385    0.0000000000248194    0.0000000000249275    0.0000000000258781    0.0000000000254218
193.0    0.0000000000276640    0.0000000000271281    0.0000000000270171    0.0000000000280751    0.0000000000275277
195.0    0.0000000000299681    0.0000000000295399    0.0000000000292750    0.0000000000304522    0.0000000000297037
197.0    0.0000000000322322    0.0000000000319283    0.0000000000315907    0.0000000000328820    0.0000000000320253
199.0    0.0000000000346163    0.0000000000343526    0.0000000000338399    0.0000000000352262    0.0000000000343730
201.0    0.0000000000369955    0.0000000000368729    0.0000000000360930    0.0000000000376629    0.0000000000367178
203.0    0.0000000000393370    0.0000000000393507    0.0000000000384203    0.0000000000400510    0.0000000000389353
205.0    0.0000000000416113    0.0000000000417456    0.0000000000406949    0.0000000000422578    0.0000000000410972
207.0    0.0000000000437048    0.0000000000439378    0.0000000000428018    0.0000000000444553    0.0000000000432711
209.0    0.0000000000457705    0.0000000000459930    0.0000000000448157    0.0000000000465217    0.0000000000453404
211.0    0.0000000000477066    0.0000000000479700    0.0000000000468048    0.0000000000483600    0.0000000000472905
213.0    0.0000000000495025    0.0000000000497746    0.0000000000486686    0.0000000000501323    0.0000000000490409
215.0    0.0000000000511624    0.0000000000514102    0.0000000000503356    0.0000000000517593    0.0000000000506721
217.0    0.0000000000526914    0.0000000000528372    0.0000000000518868    0.0000000000531878    0.0000000000522553
219.0    0.0000000000541072    0.0000000000541393    0.0000000000533941    0.0000000000545665    0.0000000000537275
221.0    0.0000000000553758    0.0000000000553908    0.0000000000548014    0.0000000000558534    0.0000000000551044
223.0    0.0000000000566244    0.0000000000565680    0.0000000000560733    0.0000000000570200    0.0000000000564050
225.0    0.0000000000578220    0.0000000000577021    0.0000000000572860    0.0000000000581975    0.0000000000575981
227.0    0.0000000000589885    0.0000000000587783    0.0000000000585082    0.0000000000593546    0.0000000000587552
229.0    0.0000000000601423    0.0000000000598611    0.0000000000597029    0.0000000000604590    0.0000000000599411
231.0    0.0000000000612505    0.0000000000610087    0.0000000000608354    0.0000000000616236    0.0000000000611179
233.0    0.0000000000624138    0.0000000000621862    0.0000000000619653    0.0000000000628049    0.0000000000622948
235.0    0.0000000000635896    0.0000000000633467    0.0000000000631477    0.0000000000639518    0.0000000000634276
237.0    0.0000000000647775    0.0000000000645300    0.0000000000643361    0.0000000000651120    0.0000000000645662
239.0    0.0000000000659727    0.0000000000657740    0.0000000000654796    0.0000000000663324    0.0000000000657586
241.0    0.0000000000671686    0.0000000000670190    0.0000000000666245    0.0000000000675514    0.0000000000669508
243.0    0.0000000000683576    0.0000000000682517    0.0000000000678154    0.0000000000687074    0.0000000000681372
245.0    0.0000000000694854    0.0000000000694144    0.0000000000689967    0.0000000000698968    0.0000000000693118
247.0    0.0000000000706398    0.0000000000705468    0.0000000000701145    0.0000000000710610    0.0000000000704215
249.0    0.0000000000717696    0.0000000000716886    0.0000000000712139    0.0000000000721468    0.0000000000715113
251.0    0.0000000000728720    0.0000000000727933    0.0000000000723387    0.0000000000732520    0.0000000000726255
253.0    0.0000000000739477    0.0000000000738641    0.0000000000734389    0.0000000000743284    0.0000000000737150
255.0    0.0000000000749562    0.0000000000748676    0.0000000000744701    0.0000000000753336    0.0000000000747803
257.0    0.0000000000759843    0.0000000000758519    0.0000000000754788    0.0000000000763629    0.0000000000757798
259.0    0.0000000000769926    0.0000000000768624    0.0000000000765094    0.0000000000773743    0.0000000000767595
261.0    0.0000000000779829    0.0000000000778651    0.0000000000775187    0.0000000000783272    0.0000000000777622
263.0    0.0000000000789569    0.0000000000788627    0.0000000000784666    0.0000000000793092    0.0000000000787453
265.0    0.0000000000798754    0.0000000000798168    0.0000000000793951    0.0000000000802756    0.0000000000797079
267.0    0.0000000000808126    0.0000000000807619    0.0000000000803418    0.0000000000811816    0.0000000000806092
269.0    0.0000000000817258    0.0000000000817282    0.0000000000812627    0.0000000000821038    0.0000000000814858
271.0    0.0000000000826083    0.0000000000826676    0.0000000000821172    0.0000000000829937    0.0000000000823700
273.0    0.0000000000834541    0.0000000000835687    0.0000000000829388    0.0000000000838063    0.0000000000832170
275.0    0.0000000000842550    0.0000000000843884    0.0000000000837561    0.0000000000846075    0.0000000000840207
277.0    0.0000000000850055    0.0000000000851516    0.0000000000844958    0.0000000000853529    0.0000000000847753
279.0    0.0000000000856724    0.0000000000858786    0.0000000000851872    0.0000000000860072    0.0000000000854480
281.0    0.0000000000863073    0.0000000000865317    0.0000000000858542    0.0000000000866014    0.0000000000860669
283.0    0.0000000000868805    0.0000000000871092    0.0000000000864624    0.0000000000871565    0.0000000000866545
285.0    0.0000000000873903    0.0000000000875949    0.0000000000869895    0.0000000000876465    0.0000000000871818
287.0    0.0000000000878403    0.0000000000880152    0.0000000000874612    0.0000000000880560    0.0000000000876501
289.0    0.0000000000882181    0.0000000000883910    0.0000000000878974    0.0000000000884270    0.0000000000880462
291.0    0.0000000000885600    0.0000000000887123    0.0000000000882791    0.0000000000887467    0.0000000000883933
293.0    0.0000000000888553    0.0000000000889879    0.0000000000885979    0.0000000000890094    0.0000000000887084
295.0    0.0000000000891081    0.0000000000892177    0.0000000000888737    0.0000000000892447    0.0000000000889796
297.0    0.0000000000893246    0.0000000000894189    0.0000000000891208    0.0000000000894459    0.0000000000892113
299.0    0.0000000000895011    0.0000000000896032    0.0000000000893299    0.0000000000896094    0.0000000000894001
301.0    0.0000000000896552    0.0000000000897646    0.0000000000894980    0.0000000000897525    0.0000000000895581
303.0    0.0000000000897813    0.0000000000899038    0.0000000000896359    0.0000000000898687    0.0000000000896928
305.0    0.0000000000898791    0.0000000000900154    0.0000000000897499    0.0000000000899538    0.0000000000897973
307.0    0.0000000000899489    0.0000000000901022    0.0000000000898335    0.0000000000900145    0.0000000000898718
309.0    0.0000000000899888    0.0000000000901631    0.0000000000898854    0.0000000000900449    0.0000000000899158
311.0    0.0000000000899981    0.0000000000901899    0.0000000000899084    0.0000000000900432    0.0000000000899288
313.0    0.0000000000899764    0.0000000000901792    0.0000000000899016    0.0000000000900075    0.0000000000899115
315.0    0.0000000000899207    0.0000000000901316    0.0000000000898624    0.0000000000899367    0.0000000000898615
317.0    0.0000000000898315    0.0000000000900456    0.0000000000897942    0.0000000000898351    0.0000000000897781
319.0    0.0000000000897083    0.0000000000899167    0.0000000000896956    0.0000000000896942    0.0000000000896618
321.0    0.0000000000895530    0.0000000000897493    0.0000000000895615    0.0000000000895203    0.0000000000895206
323.0    0.0000000000893750    0.0000000000895469    0.0000000000893966    0.0000000000893248    0.0000000000893512
325.0    0.0000000000891621    0.0000000000893234    0.0000000000892117    0.0000000000890930    0.0000000000891472
327.0    0.0000000000889245    0.0000000000890756    0.0000000000890020    0.0000000000888375    0.0000000000889178
329.0    0.0000000000886650    0.0000000000887976    0.0000000000887602    0.0000000000885738    0.0000000000886661
331.0    0.0000000000883874    0.0000000000885033    0.0000000000884974    0.0000000000882947    0.0000000000884068
333.0    0.0000000000880945    0.0000000000881970    0.0000000000882286    0.0000000000879895    0.0000000000881321
335.0    0.0000000000877891    0.0000000000878943    0.0000000000879455    0.0000000000876734    0.0000000000878318
337.0    0.0000000000874862    0.0000000000875854    0.0000000000876373    0.0000000000873625    0.0000000000875197
339.0    0.0000000000871620    0.0000000000872588    0.0000000000873179    0.0000000000870300    0.0000000000871975
341.0    0.0000000000868302    0.0000000000869273    0.0000000000870028    0.0000000000866906    0.0000000000868664
343.0    0.0000000000864911    0.0000000000865904    0.0000000000866795    0.0000000000863596    0.0000000000865416
345.0    0.0000000000861451    0.0000000000862607    0.0000000000863344    0.0000000000860066    0.0000000000862095
347.0    0.0000000000858060    0.0000000000859241    0.0000000000859814    0.0000000000856464    0.0000000000858556
349.0    0.0000000000854454    0.0000000000855658    0.0000000000856359    0.0000000000852942    0.0000000000854938
351.0    0.0000000000850769    0.0000000000851983    0.0000000000852830    0.0000000000849178    0.0000000000851239
353.0    0.0000000000846999    0.0000000000848356    0.0000000000849069    0.0000000000845325    0.0000000000847618
355.0    0.0000000000843145    0.0000000000844635    0.0000000000845224    0.0000000000841554    0.0000000000843918
357.0    0.0000000000839362    0.0000000000840667    0.0000000000841460    0.0000000000837522    0.0000000000839973
359.0    0.0000000000835336    0.0000000000836603    0.0000000000837616    0.0000000000833402    0.0000000000835943
361.0    0.0000000000831227    0.0000000000832450    0.0000000000833522    0.0000000000829378    0.0000000000831828
363.0    0.0000000000827033    0.0000000000828379    0.0000000000829343    0.0000000000825089    0.0000000000827807
365.0    0.0000000000822761    0.0000000000824239    0.0000000000825262    0.0000000000820723    0.0000000000823710
367.0    0.0000000000818411    0.0000000000819866    0.0000000000821104    0.0000000000816473    0.0000000000819359
369.0    0.0000000000813987    0.0000000000815429    0.0000000000816688    0.0000000000811958    0.0000000000814930
371.0    0.0000000000809670    0.0000000000810927    0.0000000000812194    0.0000000000807371    0.0000000000810426
373.0    0.0000000000805102    0.0000000000806539    0.0000000000807816    0.0000000000802913    0.0000000000805845
375.0    0.0000000000800460    0.0000000000802086    0.0000000000803365    0.0000000000798386    0.0000000000801385
377.0    0.0000000000795741    0.0000000000797383    0.0000000000798645    0.0000000000793577    0.0000000000796851
379.0    0.0000000000790945    0.0000000000792601    0.0000000000793846    0.0000000000788688    0.0000000000792042
381.0    0.0000000000786265    0.0000000000787733    0.0000000000789171    0.0000000000783931    0.0000000000787151
383.0    0.0000000000781306    0.0000000000782966    0.0000000000784419    0.0000000000778872    0.0000000000782175
385.0    0.0000000000776263    0.0000000000778107    0.0000000000779378    0.0000000000773724    0.0000000000777326
387.0    0.0000000000771132    0.0000000000772956    0.0000000000774252    0.0000000000768715    0.0000000000772395
389.0    0.0000000000765915    0.0000000000767703    0.0000000000769260    0.0000000000763389    0.0000000000767164
391.0    0.0000000000760611    0.0000000000762349    0.0000000000764189    0.0000000000757976    0.0000000000761847
393.0    0.0000000000755226    0.0000000000757109    0.0000000000758818    0.0000000000752719    0.0000000000756446
395.0    0.0000000000749982    0.0000000000751780    0.0000000000753368    0.0000000000747146    0.0000000000751195
397.0    0.0000000000744450    0.0000000000746153    0.0000000000748078    0.0000000000741503    0.0000000000745875
399.0    0.0000000000738856    0.0000000000740444    0.0000000000742727    0.0000000000736048    0.0000000000740260
401.0    0.0000000000733208    0.0000000000734664    0.0000000000737088    0.0000000000730297    0.0000000000734587
403.0    0.0000000000727521    0.0000000000729047    0.0000000000731406    0.0000000000724511    0.0000000000728870
405.0    0.0000000000722037    0.0000000000723382    0.0000000000725932    0.0000000000718959    0.0000000000723121
407.0    0.0000000000716316    0.0000000000717455    0.0000000000720444    0.0000000000713154    0.0000000000717599
409.0    0.0000000000710606    0.0000000000711503    0.0000000000714722    0.0000000000707370    0.0000000000712080
411.0    0.0000000000704931    0.0000000000705546    0.0000000000709027    0.0000000000701882    0.0000000000706347
413.0    0.0000000000699316    0.0000000000699833    0.0000000000703618    0.0000000000696218    0.0000000000700666
415.0    0.0000000000694010    0.0000000000694158    0.0000000000698284    0.0000000000690661    0.0000000000695067
417.0    0.0000000000688608    0.0000000000688324    0.0000000000692828    0.0000000000685483    0.0000000000689808
419.0    0.0000000000683369    0.0000000000682594    0.0000000000687525    0.0000000000680258    0.0000000000684694
421.0    0.0000000000678341    0.0000000000677009    0.0000000000682623    0.0000000000675268    0.0000000000679549
423.0    0.0000000000673570    0.0000000000671820    0.0000000000677946    0.0000000000670771    0.0000000000674650
425.0    0.0000000000669119    0.0000000000666861    0.0000000000673351    0.0000000000666596    0.0000000000670054
427.0    0.0000000000665041    0.0000000000662002    0.0000000000669109    0.0000000000662645    0.0000000000665822
429.0    0.0000000000661547    0.0000000000657517    0.0000000000665432    0.0000000000659179    0.0000000000662166
431.0    0.0000000000658418    0.0000000000653482    0.0000000000662207    0.0000000000656400    0.0000000000658979
433.0    0.0000000000655876    0.0000000000650101    0.0000000000659386    0.0000000000654139    0.0000000000656216
435.0    0.0000000000654022    0.0000000000647299    0.0000000000657206    0.0000000000652611    0.0000000000654115
437.0    0.0000000000652924    0.0000000000645080    0.0000000000655789    0.0000000000651935    0.0000000000652766
439.0    0.0000000000652682    0.0000000000643675    0.0000000000655129    0.0000000000652148    0.0000000000652258
441.0    0.0000000000653369    0.0000000000643190    0.0000000000655318    0.0000000000653376    0.0000000000652622
443.0    0.0000000000655087    0.0000000000643687    0.0000000000656502    0.0000000000655616    0.0000000000654007
445.0    0.0000000000657963    0.0000000000645250    0.0000000000658651    0.0000000000659171    0.0000000000656521
447.0    0.0000000000662061    0.0000000000648096    0.0000000000661903    0.0000000000664035    0.0000000000660265
449.0    0.0000000000667255    0.0000000000652304    0.0000000000666537    0.0000000000670028    0.0000000000665086
451.0    0.0000000000674067    0.0000000000657988    0.0000000000672536    0.0000000000677786    0.0000000000671227
453.0    0.0000000000682361    0.0000000000664934    0.0000000000679637    0.0000000000687117    0.0000000000679097
455.0    0.0000000000692256    0.0000000000673453    0.0000000000688162    0.0000000000697617    0.0000000000688549
457.0    0.0000000000703776    0.0000000000684038    0.0000000000698615    0.0000000000710303    0.0000000000699656
459.0    0.0000000000717022    0.0000000000696474    0.0000000000710731    0.0000000000724751    0.0000000000712482
461.0    0.0000000000731994    0.0000000000710827    0.0000000000723937    0.0000000000740289    0.0000000000726420
463.0    0.0000000000748050    0.0000000000726474    0.0000000000738775    0.0000000000758352    0.0000000000742035
465.0    0.0000000000766541    0.0000000000743996    0.0000000000755983    0.0000000000778237    0.0000000000760099
467.0    0.0000000000786797    0.0000000000764184    0.0000000000774973    0.0000000000798989    0.0000000000779986
469.0    0.0000000000808843    0.0000000000786381    0.0000000000794823    0.0000000000821389    0.0000000000801679
471.0    0.0000000000832593    0.0000000000809578    0.0000000000816302    0.0000000000846532    0.0000000000824121
473.0    0.0000000000856972    0.0000000000834580    0.0000000000840370    0.0000000000873327    0.0000000000848165
475.0    0.0000000000883935    0.0000000000862383    0.0000000000866077    0.0000000000900451    0.0000000000874854
477.0    0.0000000000912372    0.0000000000891935    0.0000000000892164    0.0000000000930256    0.0000000000903098
479.0    0.0000000000942204    0.0000000000923109    0.0000000000919609    0.0000000000961380    0.0000000000932782
481.0    0.0000000000973263    0.0000000000954469    0.0000000000949552    0.0000000000992274    0.0000000000962451
483.0    0.0000000001005430    0.0000000000987057    0.0000000000980701    0.0000000001025585    0.0000000000993208
485.0    0.0000000001038516    0.0000000001022047    0.0000000001011539    0.0000000001059728    0.0000000001026279
487.0    0.0000000001070993    0.0000000001057962    0.0000000001043213    0.0000000001093015    0.0000000001060185
489.0    0.0000000001105388    0.0000000001094592    0.0000000001076967    0.0000000001128266    0.0000000001094737
491.0    0.0000000001140163    0.0000000001130268    0.0000000001111265    0.0000000001163774    0.0000000001129738
493.0    0.0000000001175122    0.0000000001166189    0.0000000001144462    0.0000000001197791    0.0000000001163517
495.0    0.0000000001210068    0.0000000001203575    0.0000000001177812    0.0000000001233202    0.0000000001197344
497.0    0.0000000001243417    0.0000000001240760    0.0000000001212576    0.0000000001268262    0.0000000001232498
499.0    0.0000000001277752    0.0000000001277513    0.0000000001247113    0.0000000001301277    0.0000000001267307
501.0    0.0000000001311506    0.0000000001312242    0.0000000001279822    0.0000000001335058    0.0000000001301573
503.0    0.0000000001344476    0.0000000001346168    0.0000000001311970    0.0000000001367927    0.0000000001333732
505.0    0.0000000001376516    0.0000000001380422    0.0000000001344758    0.0000000001398341    0.0000000001365049
507.0    0.0000000001406229    0.0000000001413442    0.0000000001376602    0.0000000001428909    0.0000000001396693
509.0    0.0000000001435957    0.0000000001445062    0.0000000001406095    0.0000000001458113    0.0000000001427118
511.0    0.0000000001464329    0.0000000001474017    0.0000000001434428    0.0000000001484631    0.0000000001456188
513.0    0.0000000001491198    0.0000000001501410    0.0000000001462664    0.0000000001509678    0.0000000001482674
515.0    0.0000000001516506    0.0000000001528172    0.0000000001489422    0.0000000001534198    0.0000000001507688
517.0    0.0000000001540132    0.0000000001553080    0.0000000001513595    0.0000000001556981    0.0000000001532177
519.0    0.0000000001562055    0.0000000001576066    0.0000000001536227    0.0000000001577066    0.0000000001554932
521.0    0.0000000001581429    0.0000000001596327    0.0000000001558174    0.0000000001596243    0.0000000001575901
523.0    0.0000000001599837    0.0000000001614726    0.0000000001578357    0.0000000001613582    0.0000000001595053
525.0    0.0000000001616458    0.0000000001631916    0.0000000001596027    0.0000000001628408    0.0000000001611688
527.0    0.0000000001631244    0.0000000001647122    0.0000000001612015    0.0000000001642080    0.0000000001626610
529.0    0.0000000001644257    0.0000000001660365    0.0000000001626932    0.0000000001653945    0.0000000001640397
531.0    0.0000000001655073    0.0000000001671294    0.0000000001640048    0.0000000001663604    0.0000000001652368
533.0    0.0000000001664629    0.0000000001680468    0.0000000001650969    0.0000000001671979    0.0000000001662564
535.0    0.0000000001672521    0.0000000001688238    0.0000000001660263    0.0000000001678685    0.0000000001670716
537.0    0.0000000001678760    0.0000000001694257    0.0000000001668314    0.0000000001683565    0.0000000001677308
539.0    0.0000000001683452    0.0000000001698603    0.0000000001674719    0.0000000001687131    0.0000000001682606
541.0    0.0000000001686622    0.0000000001701290    0.0000000001679384    0.0000000001689230    0.0000000001686352
543.0    0.0000000001688383    0.0000000001702562    0.0000000001682634    0.0000000001689915    0.0000000001688618
545.0    0.0000000001688796    0.0000000001702498    0.0000000001684618    0.0000000001689325    0.0000000001689479
547.0    0.0000000001687968    0.0000000001701102    0.0000000001685242    0.0000000001687508    0.0000000001689107
549.0    0.0000000001685966    0.0000000001698466    0.0000000001684658    0.0000000001684684    0.0000000001687509
551.0    0.0000000001682836    0.0000000001694855    0.0000000001682865    0.0000000001680670    0.0000000001684750
553.0    0.0000000001678692    0.0000000001690249    0.0000000001679940    0.0000000001675682    0.0000000001680912
555.0    0.0000000001673813    0.0000000001684513    0.0000000001676149    0.0000000001670052    0.0000000001676080
557.0    0.0000000001667872    0.0000000001677891    0.0000000001671454    0.0000000001663353    0.0000000001670599
559.0    0.0000000001661147    0.0000000001670470    0.0000000001665681    0.0000000001655911    0.0000000001664338
561.0    0.0000000001653692    0.0000000001662660    0.0000000001659092    0.0000000001648158    0.0000000001657068
563.0    0.0000000001645601    0.0000000001654247    0.0000000001652082    0.0000000001639849    0.0000000001649113
565.0    0.0000000001637283    0.0000000001644947    0.0000000001644446    0.0000000001630633    0.0000000001640548
567.0    0.0000000001628111    0.0000000001635143    0.0000000001635892    0.0000000001620947    0.0000000001631831
569.0    0.0000000001618490    0.0000000001624909    0.0000000001626801    0.0000000001611295    0.0000000001622667
571.0    0.0000000001608473    0.0000000001614720    0.0000000001617646    0.0000000001600851    0.0000000001612692
573.0    0.0000000001598121    0.0000000001604235    0.0000000001608108    0.0000000001590109    0.0000000001602355
575.0    0.0000000001587475    0.0000000001593071    0.0000000001597802    0.0000000001579590    0.0000000001591706
577.0    0.0000000001576587    0.0000000001581695    0.0000000001587186    0.0000000001568386    0.0000000001581258
579.0    0.0000000001565946    0.0000000001570146    0.0000000001576768    0.0000000001557013    0.0000000001570604
581.0    0.0000000001554702    0.0000000001558914    0.0000000001566150    0.0000000001546008    0.0000000001559317
583.0    0.0000000001543335    0.0000000001547595    0.0000000001554896    0.0000000001534403    0.0000000001547888
585.0    0.0000000001531869    0.0000000001535755    0.0000000001543502    0.0000000001522726    0.0000000001536351
587.0    0.0000000001520338    0.0000000001523876    0.0000000001532482    0.0000000001511517    0.0000000001524740
589.0    0.0000000001509230    0.0000000001512440    0.0000000001521385    0.0000000001499774    0.0000000001513565
591.0    0.0000000001497638    0.0000000001501008    0.0000000001509755    0.0000000001488030    0.0000000001502367
593.0    0.0000000001486045    0.0000000001489143    0.0000000001498098    0.0000000001476812    0.0000000001490675
595.0    0.0000000001474469    0.0000000001477316    0.0000000001486918    0.0000000001465112    0.0000000001478997
597.0    0.0000000001462925    0.0000000001465543    0.0000000001475746    0.0000000001453455    0.0000000001467346
599.0    0.0000000001451881    0.0000000001454280    0.0000000001464110    0.0000000001442358    0.0000000001456217
601.0    0.0000000001440430    0.0000000001443085    0.0000000001452511    0.0000000001430817    0.0000000001445136
603.0    0.0000000001429039    0.0000000001431518    0.0000000001441441    0.0000000001419345    0.0000000001433634
605.0    0.0000000001417715    0.0000000001420035    0.0000000001430423    0.0000000001408444    0.0000000001422198
607.0    0.0000000001406466    0.0000000001408640    0.0000000001418989    0.0000000001397612    0.0000000001410837
609.0    0.0000000001395293    0.0000000001397768    0.0000000001407627    0.0000000001386368    0.0000000001400020
611.0    0.0000000001384199    0.0000000001386982    0.0000000001396806    0.0000000001375208    0.0000000001389279
613.0    0.0000000001373627    0.0000000001375851    0.0000000001386059    0.0000000001364613    0.0000000001378153
615.0    0.0000000001362695    0.0000000001364814    0.0000000001374925    0.0000000001353621    0.0000000001367110
617.0    0.0000000001351844    0.0000000001353865    0.0000000001363869    0.0000000001342710    0.0000000001356151
619.0    0.0000000001341076    0.0000000001343424    0.0000000001353354    0.0000000001332355    0.0000000001345278
621.0    0.0000000001330389    0.0000000001333065    0.0000000001342916    0.0000000001321607    0.0000000001334933
623.0    0.0000000001320203    0.0000000001322372    0.0000000001332099    0.0000000001310940    0.0000000001324666
625.0    0.0000000001309672    0.0000000001311763    0.0000000001321367    0.0000000001300810    0.0000000001314031
627.0    0.0000000001299216    0.0000000001301233    0.0000000001311155    0.0000000001290295    0.0000000001303472
629.0    0.0000000001288833    0.0000000001291180    0.0000000001301014    0.0000000001279851    0.0000000001292989
631.0    0.0000000001278521    0.0000000001281196    0.0000000001290505    0.0000000001269931    0.0000000001283014
633.0    0.0000000001268279    0.0000000001270882    0.0000000001280070    0.0000000001259625    0.0000000001273102
635.0    0.0000000001258102    0.0000000001260635    0.0000000001270134    0.0000000001249385    0.0000000001262829
637.0    0.0000000001248395    0.0000000001250452    0.0000000001260265    0.0000000001239648    0.0000000001252619
639.0    0.0000000001238344    0.0000000001240721    0.0000000001250027    0.0000000001229532    0.0000000001242473
641.0    0.0000000001228350    0.0000000001231045    0.0000000001239857    0.0000000001219473    0.0000000001232388
643.0    0.0000000001218412    0.0000000001221038    0.0000000001230164    0.0000000001209903    0.0000000001222779
645.0    0.0000000001208532    0.0000000001211085    0.0000000001220528    0.0000000001199953    0.0000000001213221
647.0    0.0000000001199098    0.0000000001201182    0.0000000001210527    0.0000000001190055    0.0000000001203302
649.0    0.0000000001189320    0.0000000001191712    0.0000000001200583    0.0000000001180635    0.0000000001193434
651.0    0.0000000001179589    0.0000000001182283    0.0000000001191102    0.0000000001170837    0.0000000001183617
653.0    0.0000000001169910    0.0000000001172525    0.0000000001181667    0.0000000001161085    0.0000000001174256
655.0    0.0000000001160277    0.0000000001162813    0.0000000001171872    0.0000000001151805    0.0000000001164938
657.0    0.0000000001151071    0.0000000001153143    0.0000000001162126    0.0000000001142563    0.0000000001155260
659.0    0.0000000001141526    0.0000000001143885    0.0000000001152829    0.0000000001132945    0.0000000001145624
661.0    0.0000000001132024    0.0000000001134670    0.0000000001143576    0.0000000001123371    0.0000000001136037
663.0    0.0000000001122565    0.0000000001125122    0.0000000001133963    0.0000000001114255    0.0000000001126887
665.0    0.0000000001113150    0.0000000001115620    0.0000000001124396    0.0000000001104769    0.0000000001117778
667.0    0.0000000001103778    0.0000000001106153    0.0000000001115269    0.0000000001095323    0.0000000001108315
669.0    0.0000000001094447    0.0000000001097090    0.0000000001106183    0.0000000001086332    0.0000000001098893
671.0    0.0000000001085528    0.0000000001088065    0.0000000001096743    0.0000000001076973    0.0000000001089512
673.0    0.0000000001076282    0.0000000001078720    0.0000000001087347    0.0000000001067657    0.0000000001080176
675.0    0.0000000001067077    0.0000000001069414    0.0000000001078384    0.0000000001058789    0.0000000001071268
677.0    0.0000000001057916    0.0000000001060152    0.0000000001069463    0.0000000001049562    0.0000000001062398
679.0    0.0000000001048800    0.0000000001051283    0.0000000001060195    0.0000000001040382    0.0000000001053188
681.0    0.0000000001040091    0.0000000001042455    0.0000000001050973    0.0000000001031645    0.0000000001044022
683.0    0.0000000001031062    0.0000000001033318    0.0000000001042178    0.0000000001022559    0.0000000001034899
685.0    0.0000000001022083    0.0000000001024227    0.0000000001033425    0.0000000001013519    0.0000000001026202
687.0    0.0000000001013151    0.0000000001015182    0.0000000001024342    0.0000000001004921    0.0000000001017547
689.0    0.0000000001004268    0.0000000001006527    0.0000000001015307    0.0000000000995984    0.0000000001008565
691.0    0.0000000000995437    0.0000000000997923    0.0000000001006694    0.0000000000987100    0.0000000000999635
693.0    0.0000000000986658    0.0000000000989022    0.0000000000998130    0.0000000000978655    0.0000000000990754
695.0    0.0000000000978281    0.0000000000980175    0.0000000000989246    0.0000000000969882    0.0000000000982294
697.0    0.0000000000969611    0.0000000000971382    0.0000000000980417    0.0000000000961167    0.0000000000973885
699.0    0.0000000000960997    0.0000000000962981    0.0000000000972009    0.0000000000952889    0.0000000000965167
701.0    0.0000000000952443    0.0000000000954635    0.0000000000963655    0.0000000000944668    0.0000000000956507
703.0    0.0000000000943950    0.0000000000946014    0.0000000000954996    0.0000000000936136    0.0000000000947908
705.0    0.0000000000935856    0.0000000000937457    0.0000000000946399    0.0000000000927671    0.0000000000939372
707.0    0.0000000000927490    0.0000000000929289    0.0000000000938220    0.0000000000919638    0.0000000000931252
709.0    0.0000000000919189    0.0000000000921185    0.0000000000930102    0.0000000000911309    0.0000000000923194
711.0    0.0000000000910958    0.0000000000912824    0.0000000000921697    0.0000000000903052    0.0000000000914853
713.0    0.0000000000902797    0.0000000000904534    0.0000000000913362    0.0000000000895223    0.0000000000906583
715.0    0.0000000000895031    0.0000000000896319    0.0000000000905441    0.0000000000887114    0.0000000000898386
717.0    0.0000000000887015    0.0000000000888491    0.0000000000897589    0.0000000000879082    0.0000000000890600
719.0    0.0000000000879074    0.0000000000880736    0.0000000000889468    0.0000000000871474    0.0000000000882886
721.0    0.0000000000871213    0.0000000000872748    0.0000000000881425    0.0000000000863600    0.0000000000874912
723.0    0.0000000000863429    0.0000000000864842    0.0000000000873790    0.0000000000855807    0.0000000000867019
725.0    0.0000000000855728    0.0000000000857021    0.0000000000866230    0.0000000000848433    0.0000000000859208
727.0    0.0000000000848107    0.0000000000849580    0.0000000000858421    0.0000000000840808    0.0000000000851800
729.0    0.0000000000840871    0.0000000000842220    0.0000000000850695    0.0000000000833268    0.0000000000844471
731.0    0.0000000000833416    0.0000000000834652    0.0000000000843370    0.0000000000826138    0.0000000000836908
733.0    0.0000000000826046    0.0000000000827174    0.0000000000836125    0.0000000000818772    0.0000000000829431
735.0    0.0000000000818764    0.0000000000819786    0.0000000000828649    0.0000000000811493    0.0000000000822043
737.0    0.0000000000811568    0.0000000000812768    0.0000000000821262    0.0000000000804615    0.0000000000814744
739.0    0.0000000000804742    0.0000000000805836    0.0000000000814264    0.0000000000797513    0.0000000000807832
741.0    0.0000000000797719    0.0000000000798717    0.0000000000807349    0.0000000000790499    0.0000000000801005
743.0    0.0000000000790783    0.0000000000791691    0.0000000000800221    0.0000000000783876    0.0000000000793969
745.0    0.0000000000783936    0.0000000000784758    0.0000000000793183    0.0000000000777040    0.0000000000787023
747.0    0.0000000000777176    0.0000000000778178    0.0000000000786520    0.0000000000770292    0.0000000000780168
749.0    0.0000000000770769    0.0000000000771685    0.0000000000779942    0.0000000000763921    0.0000000000773682
751.0    0.0000000000764181    0.0000000000765022    0.0000000000773164    0.0000000000757631    0.0000000000767280
753.0    0.0000000000757678    0.0000000000758449    0.0000000000766476    0.0000000000751141    0.0000000000760686
755.0    0.0000000000751262    0.0000000000751967    0.0000000000760148    0.0000000000744735    0.0000000000754181
757.0    0.0000000000744928    0.0000000000745818    0.0000000000753901    0.0000000000738689    0.0000000000747763
759.0    0.0000000000738680    0.0000000000739751    0.0000000000747467    0.0000000000732450    0.0000000000741692
761.0    0.0000000000732512    0.0000000000733525    0.0000000000741118    0.0000000000726293    0.0000000000735701
763.0    0.0000000000726668    0.0000000000727385    0.0000000000735112    0.0000000000720479    0.0000000000729530
765.0    0.0000000000720657    0.0000000000721327    0.0000000000729182    0.0000000000714478    0.0000000000723441
767.0    0.0000000000714723    0.0000000000715578    0.0000000000723074    0.0000000000708555    0.0000000000717432
769.0    0.0000000000708866    0.0000000000709904    0.0000000000717046    0.0000000000702959    0.0000000000711501
771.0    0.0000000000703082    0.0000000000704077    0.0000000000711341    0.0000000000697181    0.0000000000705889
773.0    0.0000000000697596    0.0000000000698326    0.0000000000705707    0.0000000000691474    0.0000000000700347
775.0    0.0000000000691952    0.0000000000692647    0.0000000000699900    0.0000000000686080    0.0000000000694634
777.0    0.0000000000686374    0.0000000000687253    0.0000000000694165    0.0000000000680507    0.0000000000688990
779.0    0.0000000000680863    0.0000000000681923    0.0000000000688735    0.0000000000674999    0.0000000000683416
781.0    0.0000000000675415    0.0000000000676444    0.0000000000683368    0.0000000000669789    0.0000000000678135
783.0    0.0000000000670030    0.0000000000671028    0.0000000000677831    0.0000000000664402    0.0000000000672914
785.0    0.0000000000664703    0.0000000000665673    0.0000000000672359    0.0000000000659074    0.0000000000667526
787.0    0.0000000000659644    0.0000000000660579    0.0000000000667172    0.0000000000654030    0.0000000000662196
789.0    0.0000000000654429    0.0000000000655539    0.0000000000662041    0.0000000000648811    0.0000000000656925
791.0    0.0000000000649266    0.0000000000650350    0.0000000000656743    0.0000000000643644    0.0000000000651924
793.0    0.0000000000644156    0.0000000000645213    0.0000000000651500    0.0000000000638749    0.0000000000646973
795.0    0.0000000000639095    0.0000000000640126    0.0000000000646526    0.0000000000633898    0.0000000000641857
797.0    0.0000000000634281    0.0000000000635279    0.0000000000641600    0.0000000000628874    0.0000000000636789
799.0    0.0000000000629312    0.0000000000630475    0.0000000000636507    0.0000000000623894    0.0000000000631769
801.0    0.0000000000624387    0.0000000000625523    0.0000000000631463    0.0000000000619172    0.0000000000626793
803.0    0.0000000000619505    0.0000000000620612    0.0000000000626672    0.0000000000614276    0.0000000000622066
805.0    0.0000000000614663    0.0000000000615741    0.0000000000621922    0.0000000000609420    0.0000000000617378
807.0    0.0000000000610053    0.0000000000611095    0.0000000000617007    0.0000000000604812    0.0000000000612524
809.0    0.0000000000605288    0.0000000000606484    0.0000000000612134    0.0000000000600032    0.0000000000607710
811.0    0.0000000000600559    0.0000000000601723    0.0000000000607500    0.0000000000595289    0.0000000000602933
813.0    0.0000000000595867    0.0000000000596997    0.0000000000602902    0.0000000000590784    0.0000000000598389
815.0    0.0000000000591209    0.0000000000592304    0.0000000000598141    0.0000000000586109    0.0000000000593877
817.0    0.0000000000586585    0.0000000000587822    0.0000000000593415    0.0000000000581468    0.0000000000589203
819.0    0.0000000000581993    0.0000000000583370    0.0000000000588919    0.0000000000577059    0.0000000000584561
821.0    0.0000000000577615    0.0000000000578770    0.0000000000584455    0.0000000000572481    0.0000000000579951
823.0    0.0000000000573086    0.0000000000574200    0.0000000000579829    0.0000000000567935    0.0000000000575563
825.0    0.0000000000568588    0.0000000000569833    0.0000000000575426    0.0000000000563616    0.0000000000571203
827.0    0.0000000000564120    0.0000000000565493    0.0000000000571053    0.0000000000559130    0.0000000000566683
829.0    0.0000000000559682    0.0000000000561008    0.0000000000566520    0.0000000000554676    0.0000000000562193
831.0    0.0000000000555450    0.0000000000556551    0.0000000000562018    0.0000000000550443    0.0000000000557732
833.0    0.0000000000551070    0.0000000000552122    0.0000000000557732    0.0000000000546048    0.0000000000553301
835.0    0.0000000000546720    0.0000000000547890    0.0000000000553475    0.0000000000541682    0.0000000000549081
837.0    0.0000000000542399    0.0000000000543685    0.0000000000549061    0.0000000000537536    0.0000000000544889
839.0    0.0000000000538108    0.0000000000539339    0.0000000000544678    0.0000000000533231    0.0000000000540543
841.0    0.0000000000533847    0.0000000000535022    0.0000000000540506    0.0000000000528956    0.0000000000536226
843.0    0.0000000000529615    0.0000000000530733    0.0000000000536362    0.0000000000524897    0.0000000000531938
845.0    0.0000000000525581    0.0000000000526637    0.0000000000532068    0.0000000000520866    0.0000000000527857
847.0    0.0000000000521410    0.0000000000522568    0.0000000000527804    0.0000000000516684    0.0000000000523805
849.0    0.0000000000517269    0.0000000000518367    0.0000000000523747    0.0000000000512534    0.0000000000519606
851.0    0.0000000000513160    0.0000000000514196    0.0000000000519719    0.0000000000508595    0.0000000000515438
853.0    0.0000000000509082    0.0000000000510057    0.0000000000515547    0.0000000000504510    0.0000000000511302
855.0    0.0000000000505198    0.0000000000506107    0.0000000000511408    0.0000000000500458    0.0000000000507198
857.0    0.0000000000501186    0.0000000000502187    0.0000000000507472    0.0000000000496615    0.0000000000503296
859.0    0.0000000000497206    0.0000000000498144    0.0000000000503566    0.0000000000492633    0.0000000000499425
861.0    0.0000000000493261    0.0000000000494135    0.0000000000499525    0.0000000000488686    0.0000000000495419
863.0    0.0000000000489351    0.0000000000490161    0.0000000000495518    0.0000000000484945    0.0000000000491448
865.0    0.0000000000485631    0.0000000000486373    0.0000000000491711    0.0000000000481070    0.0000000000487513
867.0    0.0000000000481792    0.0000000000482620    0.0000000000487937    0.0000000000477233    0.0000000000483776
869.0    0.0000000000477988    0.0000000000478753    0.0000000000484035    0.0000000000473598    0.0000000000480073
871.0    0.0000000000474224    0.0000000000474924    0.0000000000480170    0.0000000000469838    0.0000000000476246
873.0    0.0000000000470496    0.0000000000471135    0.0000000000476501    0.0000000000466116    0.0000000000472458
875.0    0.0000000000466808    0.0000000000467528    0.0000000000472869    0.0000000000462594    0.0000000000468708
877.0    0.0000000000463159    0.0000000000463960    0.0000000000469116    0.0000000000458952    0.0000000000465153
879.0    0.0000000000459693    0.0000000000460288    0.0000000000465404    0.0000000000455351    0.0000000000461634
881.0    0.0000000000456123    0.0000000000456658    0.0000000000461883    0.0000000000451946    0.0000000000458003
883.0    0.0000000000452592    0.0000000000453071    0.0000000000458401    0.0000000000448427    0.0000000000454414
885.0    0.0000000000449104    0.0000000000449662    0.0000000000454807    0.0000000000444950    0.0000000000450866
887.0    0.0000000000445656    0.0000000000446294    0.0000000000451256    0.0000000000441665    0.0000000000447362
889.0    0.0000000000442387    0.0000000000442833    0.0000000000447891    0.0000000000438418    0.0000000000444043
891.0    0.0000000000439022    0.0000000000439417    0.0000000000444566    0.0000000000435067    0.0000000000440764
893.0    0.0000000000435699    0.0000000000436045    0.0000000000441138    0.0000000000431759    0.0000000000437386
895.0    0.0000000000432419    0.0000000000432845    0.0000000000437754    0.0000000000428635    0.0000000000434051
897.0    0.0000000000429181    0.0000000000429687    0.0000000000434550    0.0000000000425412    0.0000000000430760
899.0    0.0000000000426113    0.0000000000426446    0.0000000000431387    0.0000000000422231    0.0000000000427647
901.0    0.0000000000422959    0.0000000000423250    0.0000000000428129    0.0000000000419230    0.0000000000424575
903.0    0.0000000000419846    0.0000000000420098    0.0000000000424914    0.0000000000416134    0.0000000000421412
905.0    0.0000000000416777    0.0000000000417110    0.0000000000421873    0.0000000000413080    0.0000000000418293
907.0    0.0000000000413748    0.0000000000414163    0.0000000000418873    0.0000000000410199    0.0000000000415218
909.0    0.0000000000410762    0.0000000000411141    0.0000000000415784    0.0000000000407228    0.0000000000412310
911.0    0.0000000000407816    0.0000000000408162    0.0000000000412737    0.0000000000404298    0.0000000000409443
913.0    0.0000000000405027    0.0000000000405227    0.0000000000409857    0.0000000000401533    0.0000000000406492
915.0    0.0000000000402161    0.0000000000402445    0.0000000000407016    0.0000000000398683    0.0000000000403584
917.0    0.0000000000399334    0.0000000000399702    0.0000000000404092    0.0000000000395872    0.0000000000400716
919.0    0.0000000000396547    0.0000000000396889    0.0000000000401208    0.0000000000393220    0.0000000000397890
921.0    0.0000000000393798    0.0000000000394117    0.0000000000398483    0.0000000000390485    0.0000000000395219
923.0    0.0000000000391195    0.0000000000391384    0.0000000000395794    0.0000000000387787    0.0000000000392584
925.0    0.0000000000388519    0.0000000000388794    0.0000000000393026    0.0000000000385241    0.0000000000389873
927.0    0.0000000000385880    0.0000000000386239    0.0000000000390297    0.0000000000382614    0.0000000000387199
929.0    0.0000000000383276    0.0000000000383618    0.0000000000387717    0.0000000000380022    0.0000000000384562
931.0    0.0000000000380706    0.0000000000381033    0.0000000000385170    0.0000000000377575    0.0000000000382068
933.0    0.0000000000378170    0.0000000000378483    0.0000000000382548    0.0000000000375158    0.0000000000379607
935.0    0.0000000000375667    0.0000000000376064    0.0000000000379961    0.0000000000372663    0.0000000000377073
937.0    0.0000000000373293    0.0000000000373675    0.0000000000377513    0.0000000000370199    0.0000000000374571
939.0    0.0000000000370852    0.0000000000371222    0.0000000000375096    0.0000000000367870    0.0000000000372102
941.0    0.0000000000368440    0.0000000000368800    0.0000000000372606    0.0000000000365465    0.0000000000369765
943.0    0.0000000000366057    0.0000000000366500    0.0000000000370147    0.0000000000363087    0.0000000000367456
945.0    0.0000000000363702    0.0000000000364226    0.0000000000367818    0.0000000000360839    0.0000000000365075
947.0    0.0000000000361466    0.0000000000361889    0.0000000000365517    0.0000000000358515    0.0000000000362722
949.0    0.0000000000359163    0.0000000000359579    0.0000000000363143    0.0000000000356215    0.0000000000360396
951.0    0.0000000000356886    0.0000000000357294    0.0000000000360797    0.0000000000354039    0.0000000000358096
953.0    0.0000000000354632    0.0000000000355120    0.0000000000358573    0.0000000000351787    0.0000000000355916
955.0    0.0000000000352402    0.0000000000352969    0.0000000000356373    0.0000000000349557    0.0000000000353757
957.0    0.0000000000350282    0.0000000000350753    0.0000000000354101    0.0000000000347445    0.0000000000351528
959.0    0.0000000000348094    0.0000000000348559    0.0000000000351852    0.0000000000345257    0.0000000000349321
961.0    0.0000000000345928    0.0000000000346386    0.0000000000349719    0.0000000000343089    0.0000000000347135
963.0    0.0000000000343781    0.0000000000344315    0.0000000000347605    0.0000000000341034    0.0000000000345059
965.0    0.0000000000341653    0.0000000000342262    0.0000000000345420    0.0000000000338903    0.0000000000343001
967.0    0.0000000000339543    0.0000000000340145    0.0000000000343255    0.0000000000336789    0.0000000000340872
969.0    0.0000000000337450    0.0000000000338045    0.0000000000341198    0.0000000000334783    0.0000000000338761
971.0    0.0000000000335457    0.0000000000335961    0.0000000000339158    0.0000000000332702    0.0000000000336667
973.0    0.0000000000333397    0.0000000000333972    0.0000000000337047    0.0000000000330636    0.0000000000334675
975.0    0.0000000000331351    0.0000000000331998    0.0000000000334952    0.0000000000328674    0.0000000000332698
977.0    0.0000000000329320    0.0000000000329958    0.0000000000332960    0.0000000000326637    0.0000000000330650
979.0    0.0000000000327304    0.0000000000327932    0.0000000000330982    0.0000000000324613    0.0000000000328615
981.0    0.0000000000325380    0.0000000000325920    0.0000000000328932    0.0000000000322689    0.0000000000326595
983.0    0.0000000000323389    0.0000000000323996    0.0000000000326897    0.0000000000320777    0.0000000000324587
985.0    0.0000000000321410    0.0000000000322084    0.0000000000324959    0.0000000000318789    0.0000000000322675
987.0    0.0000000000319443    0.0000000000320106    0.0000000000323033    0.0000000000316813    0.0000000000320774
989.0    0.0000000000317488    0.0000000000318140    0.0000000000321036    0.0000000000314933    0.0000000000318801
991.0    0.0000000000315543    0.0000000000316184    0.0000000000319051    0.0000000000312979    0.0000000000316840
993.0    0.0000000000313608    0.0000000000314313    0.0000000000317158    0.0000000000311034    0.0000000000314888
995.0    0.0000000000311761    0.0000000000312451    0.0000000000315277    0.0000000000309183    0.0000000000313028
997.0    0.0000000000309846    0.0000000000310524    0.0000000000313323    0.0000000000307258    0.0000000000311177
999.0    0.0000000000307940    0.0000000000308606    0.0000000000311380    0.0000000000305341    0.0000000000309255
1001.0    0.0000000000306044    0.0000000000306696    0.0000000000309527    0.0000000000303517    0.0000000000307341
1003.0    0.0000000000304156    0.0000000000304868    0.0000000000307683    0.0000000000301617    0.0000000000305437
1005.0    0.0000000000302352    0.0000000000303048    0.0000000000305768    0.0000000000299726    0.0000000000303620
1007.0    0.0000000000300480    0.0000000000301163    0.0000000000303862    0.0000000000297925    0.0000000000301810
1009.0    0.0000000000298617    0.0000000000299285    0.0000000000302043    0.0000000000296050    0.0000000000299930
1011.0    0.0000000000296761    0.0000000000297416    0.0000000000300231    0.0000000000294183    0.0000000000298058
1013.0    0.0000000000294913    0.0000000000295625    0.0000000000298349    0.0000000000292403    0.0000000000296193
1015.0    0.0000000000293145    0.0000000000293840    0.0000000000296475    0.0000000000290551    0.0000000000294335
1017.0    0.0000000000291312    0.0000000000291992    0.0000000000294687    0.0000000000288705    0.0000000000292562
1019.0    0.0000000000289485    0.0000000000290150    0.0000000000292905    0.0000000000286946    0.0000000000290795
1021.0    0.0000000000287665    0.0000000000288315    0.0000000000291052    0.0000000000285114    0.0000000000288958
1023.0    0.0000000000285852    0.0000000000286557    0.0000000000289207    0.0000000000283289    0.0000000000287129
1025.0    0.0000000000284045    0.0000000000284805    0.0000000000287446    0.0000000000281549    0.0000000000285305
1027.0    0.0000000000282245    0.0000000000282989    0.0000000000285690    0.0000000000279816    0.0000000000283564
1029.0    0.0000000000280523    0.0000000000281180    0.0000000000283866    0.0000000000278009    0.0000000000281829
1031.0    0.0000000000278736    0.0000000000279377    0.0000000000282047    0.0000000000276210    0.0000000000280025
1033.0    0.0000000000276955    0.0000000000277649    0.0000000000280311    0.0000000000274494    0.0000000000278227
1035.0    0.0000000000275180    0.0000000000275927    0.0000000000278581    0.0000000000272707    0.0000000000276436
1037.0    0.0000000000273411    0.0000000000274142    0.0000000000276781    0.0000000000270926    0.0000000000274724
1039.0    0.0000000000271719    0.0000000000272363    0.0000000000274988    0.0000000000269228    0.0000000000273019
1041.0    0.0000000000269962    0.0000000000270590    0.0000000000273276    0.0000000000267459    0.0000000000271245
1043.0    0.0000000000268211    0.0000000000268891    0.0000000000271569    0.0000000000265696    0.0000000000269477
1045.0    0.0000000000266466    0.0000000000267198    0.0000000000269794    0.0000000000264015    0.0000000000267715
1047.0    0.0000000000264727    0.0000000000265442    0.0000000000268025    0.0000000000262264    0.0000000000265959
1049.0    0.0000000000263063    0.0000000000263692    0.0000000000266336    0.0000000000260519    0.0000000000264282
1051.0    0.0000000000261335    0.0000000000262015    0.0000000000264652    0.0000000000258855    0.0000000000262610
1053.0    0.0000000000259613    0.0000000000260343    0.0000000000262901    0.0000000000257121    0.0000000000260871
1055.0    0.0000000000257897    0.0000000000258610    0.0000000000261155    0.0000000000255394    0.0000000000259138
1057.0    0.0000000000256186    0.0000000000256883    0.0000000000259488    0.0000000000253747    0.0000000000257411
1059.0    0.0000000000254482    0.0000000000255162    0.0000000000257826    0.0000000000252031    0.0000000000255761
1061.0    0.0000000000252783    0.0000000000253512    0.0000000000256098    0.0000000000250320    0.0000000000254116
1063.0    0.0000000000251157    0.0000000000251868    0.0000000000254447    0.0000000000248690    0.0000000000252405
1065.0    0.0000000000249470    0.0000000000250163    0.0000000000252802    0.0000000000246991    0.0000000000250701
1067.0    0.0000000000247788    0.0000000000248464    0.0000000000251091    0.0000000000245298    0.0000000000249002
1069.0    0.0000000000246111    0.0000000000246771    0.0000000000249385    0.0000000000243685    0.0000000000247378
1071.0    0.0000000000244441    0.0000000000245148    0.0000000000247756    0.0000000000242077    0.0000000000245761
1073.0    0.0000000000242843    0.0000000000243531    0.0000000000246133    0.0000000000240401    0.0000000000244078
1075.0    0.0000000000241184    0.0000000000241854    0.0000000000244445    0.0000000000238732    0.0000000000242402
1077.0    0.0000000000239530    0.0000000000240183    0.0000000000242762    0.0000000000237141    0.0000000000240731
1079.0    0.0000000000237883    0.0000000000238518    0.0000000000241155    0.0000000000235483    0.0000000000239066
1081.0    0.0000000000236242    0.0000000000236922    0.0000000000239554    0.0000000000233832    0.0000000000237475
1083.0    0.0000000000234671    0.0000000000235332    0.0000000000237889    0.0000000000232259    0.0000000000235891
1085.0    0.0000000000233042    0.0000000000233684    0.0000000000236230    0.0000000000230620    0.0000000000234243
1087.0    0.0000000000231418    0.0000000000232042    0.0000000000234646    0.0000000000228987    0.0000000000232600
1089.0    0.0000000000229801    0.0000000000230406    0.0000000000233067    0.0000000000227431    0.0000000000230964
1091.0    0.0000000000228189    0.0000000000228839    0.0000000000231426    0.0000000000225811    0.0000000000229402
1093.0    0.0000000000226584    0.0000000000227277    0.0000000000229791    0.0000000000224197    0.0000000000227846
1095.0    0.0000000000224985    0.0000000000225659    0.0000000000228230    0.0000000000222660    0.0000000000226227
1097.0    0.0000000000223456    0.0000000000224046    0.0000000000226675    0.0000000000221060    0.0000000000224615
1099.0    0.0000000000221870    0.0000000000222441    0.0000000000225058    0.0000000000219467    0.0000000000223009
1101.0    0.0000000000220290    0.0000000000220903    0.0000000000223448    0.0000000000217949    0.0000000000221476
1103.0    0.0000000000218718    0.0000000000219371    0.0000000000221911    0.0000000000216369    0.0000000000219950
1105.0    0.0000000000217152    0.0000000000217784    0.0000000000220381    0.0000000000214797    0.0000000000218363
1107.0    0.0000000000215655    0.0000000000216204    0.0000000000218790    0.0000000000213300    0.0000000000216783
1109.0    0.0000000000214103    0.0000000000214631    0.0000000000217207    0.0000000000211742    0.0000000000215210
1111.0    0.0000000000212557    0.0000000000213125    0.0000000000215695    0.0000000000210191    0.0000000000213644
1113.0    0.0000000000211020    0.0000000000211625    0.0000000000214191    0.0000000000208716    0.0000000000212149
1115.0    0.0000000000209489    0.0000000000210073    0.0000000000212629    0.0000000000207181    0.0000000000210662
1117.0    0.0000000000207967    0.0000000000208528    0.0000000000211073    0.0000000000205654    0.0000000000209117
1119.0    0.0000000000206452    0.0000000000206990    0.0000000000209590    0.0000000000204201    0.0000000000207579
1121.0    0.0000000000205005    0.0000000000205519    0.0000000000208114    0.0000000000202757    0.0000000000206049
1123.0    0.0000000000203506    0.0000000000204056    0.0000000000206581    0.0000000000201255    0.0000000000204591
1125.0    0.0000000000202015    0.0000000000202541    0.0000000000205057    0.0000000000199761    0.0000000000203139
1127.0    0.0000000000200532    0.0000000000201035    0.0000000000203603    0.0000000000198341    0.0000000000201633
1129.0    0.0000000000199059    0.0000000000199538    0.0000000000202158    0.0000000000196866    0.0000000000200135
1131.0    0.0000000000197652    0.0000000000198106    0.0000000000200658    0.0000000000195400    0.0000000000198646
1133.0    0.0000000000196196    0.0000000000196683    0.0000000000199166    0.0000000000194007    0.0000000000197166
1135.0    0.0000000000194749    0.0000000000195211    0.0000000000197746    0.0000000000192560    0.0000000000195756
1137.0    0.0000000000193312    0.0000000000193749    0.0000000000196334    0.0000000000191123    0.0000000000194354
1139.0    0.0000000000191884    0.0000000000192296    0.0000000000194869    0.0000000000189758    0.0000000000192901
1141.0    0.0000000000190522    0.0000000000190909    0.0000000000193414    0.0000000000188341    0.0000000000191457
1143.0    0.0000000000189114    0.0000000000189531    0.0000000000192029    0.0000000000186935    0.0000000000190024
1145.0    0.0000000000187716    0.0000000000188108    0.0000000000190654    0.0000000000185600    0.0000000000188660
1147.0    0.0000000000186329    0.0000000000186695    0.0000000000189228    0.0000000000184216    0.0000000000187306
1149.0    0.0000000000184952    0.0000000000185293    0.0000000000187813    0.0000000000182842    0.0000000000185902
1151.0    0.0000000000183586    0.0000000000183955    0.0000000000186467    0.0000000000181540    0.0000000000184510
1153.0    0.0000000000182231    0.0000000000182628    0.0000000000185131    0.0000000000180189    0.0000000000183129
1155.0    0.0000000000180942    0.0000000000181259    0.0000000000183748    0.0000000000178851    0.0000000000181816
1157.0    0.0000000000179609    0.0000000000179902    0.0000000000182376    0.0000000000177582    0.0000000000180514
1159.0    0.0000000000178289    0.0000000000178557    0.0000000000181072    0.0000000000176267    0.0000000000179167
1161.0    0.0000000000176980    0.0000000000177275    0.0000000000179779    0.0000000000174965    0.0000000000177832
1163.0    0.0000000000175684    0.0000000000176005    0.0000000000178442    0.0000000000173731    0.0000000000176510
1165.0    0.0000000000174451    0.0000000000174696    0.0000000000177117    0.0000000000172509    0.0000000000175200
1167.0    0.0000000000173179    0.0000000000173400    0.0000000000175858    0.0000000000171244    0.0000000000173956
1169.0    0.0000000000171920    0.0000000000172167    0.0000000000174612    0.0000000000169993    0.0000000000172724
1171.0    0.0000000000170673    0.0000000000170945    0.0000000000173323    0.0000000000168808    0.0000000000171452
1173.0    0.0000000000169439    0.0000000000169688    0.0000000000172048    0.0000000000167582    0.0000000000170192
1175.0    0.0000000000168219    0.0000000000168445    0.0000000000170837    0.0000000000166370    0.0000000000168946
1177.0    0.0000000000167011    0.0000000000167215    0.0000000000169639    0.0000000000165223    0.0000000000167765
1179.0    0.0000000000165865    0.0000000000166046    0.0000000000168403    0.0000000000164038    0.0000000000166597
1181.0    0.0000000000164684    0.0000000000164890    0.0000000000167179    0.0000000000162867    0.0000000000165392
1183.0    0.0000000000163517    0.0000000000163702    0.0000000000166020    0.0000000000161759    0.0000000000164200
1185.0    0.0000000000162363    0.0000000000162527    0.0000000000164873    0.0000000000160615    0.0000000000163023
1187.0    0.0000000000161223    0.0000000000161368    0.0000000000163689    0.0000000000159484    0.0000000000161908
1189.0    0.0000000000160141    0.0000000000160266    0.0000000000162520    0.0000000000158416    0.0000000000160806
1191.0    0.0000000000159028    0.0000000000159178    0.0000000000161413    0.0000000000157313    0.0000000000159670
1193.0    0.0000000000157928    0.0000000000158061    0.0000000000160319    0.0000000000156224    0.0000000000158549
1195.0    0.0000000000156843    0.0000000000156959    0.0000000000159190    0.0000000000155196    0.0000000000157443
1197.0    0.0000000000155771    0.0000000000155871    0.0000000000158076    0.0000000000154134    0.0000000000156350
1199.0    0.0000000000154755    0.0000000000154838    0.0000000000157022    0.0000000000153086    0.0000000000155317
1201.0    0.0000000000153710    0.0000000000153819    0.0000000000155981    0.0000000000152096    0.0000000000154297
1203.0    0.0000000000152678    0.0000000000152774    0.0000000000154908    0.0000000000151076    0.0000000000153247
1205.0    0.0000000000151661    0.0000000000151743    0.0000000000153849    0.0000000000150068    0.0000000000152211
1207.0    0.0000000000150656    0.0000000000150726    0.0000000000152848    0.0000000000149117    0.0000000000151189
1209.0    0.0000000000149666    0.0000000000149762    0.0000000000151859    0.0000000000148136    0.0000000000150223
1211.0    0.0000000000148688    0.0000000000148811    0.0000000000150841    0.0000000000147168    0.0000000000149270
1213.0    0.0000000000147762    0.0000000000147836    0.0000000000149837    0.0000000000146255    0.0000000000148289
1215.0    0.0000000000146810    0.0000000000146874    0.0000000000148887    0.0000000000145353    0.0000000000147322
1217.0    0.0000000000145871    0.0000000000145926    0.0000000000147950    0.0000000000144423    0.0000000000146368
1219.0    0.0000000000144945    0.0000000000145028    0.0000000000146986    0.0000000000143505    0.0000000000145467
1221.0    0.0000000000144031    0.0000000000144141    0.0000000000146034    0.0000000000142639    0.0000000000144578
1223.0    0.0000000000143165    0.0000000000143232    0.0000000000145134    0.0000000000141745    0.0000000000143663
1225.0    0.0000000000142275    0.0000000000142336    0.0000000000144246    0.0000000000140864    0.0000000000142761
1227.0    0.0000000000141397    0.0000000000141452    0.0000000000143332    0.0000000000140031    0.0000000000141871
1229.0    0.0000000000140530    0.0000000000140614    0.0000000000142431    0.0000000000139172    0.0000000000140993
1231.0    0.0000000000139675    0.0000000000139787    0.0000000000141578    0.0000000000138324    0.0000000000140164
1233.0    0.0000000000138865    0.0000000000138938    0.0000000000140737    0.0000000000137524    0.0000000000139345
1235.0    0.0000000000138032    0.0000000000138101    0.0000000000139871    0.0000000000136697    0.0000000000138502
1237.0    0.0000000000137209    0.0000000000137275    0.0000000000139015    0.0000000000135881    0.0000000000137671
1239.0    0.0000000000136397    0.0000000000136491    0.0000000000138207    0.0000000000135110    0.0000000000136850
1241.0    0.0000000000135595    0.0000000000135718    0.0000000000137408    0.0000000000134313    0.0000000000136073
1243.0    0.0000000000134802    0.0000000000134923    0.0000000000136585    0.0000000000133526    0.0000000000135307
1245.0    0.0000000000134020    0.0000000000134138    0.0000000000135773    0.0000000000132783    0.0000000000134516
1247.0    0.0000000000133278    0.0000000000133364    0.0000000000135004    0.0000000000132014    0.0000000000133736
1249.0    0.0000000000132514    0.0000000000132627    0.0000000000134245    0.0000000000131254    0.0000000000132965
1251.0    0.0000000000131758    0.0000000000131899    0.0000000000133461    0.0000000000130535    0.0000000000132235
1253.0    0.0000000000131011    0.0000000000131152    0.0000000000132687    0.0000000000129792    0.0000000000131513
1255.0    0.0000000000130272    0.0000000000130412    0.0000000000131954    0.0000000000129056    0.0000000000130769
1257.0    0.0000000000129571    0.0000000000129680    0.0000000000131229    0.0000000000128360    0.0000000000130032
1259.0    0.0000000000128848    0.0000000000128985    0.0000000000130481    0.0000000000127671    0.0000000000129304
1261.0    0.0000000000128132    0.0000000000128296    0.0000000000129742    0.0000000000126958    0.0000000000128583
1263.0    0.0000000000127424    0.0000000000127587    0.0000000000129040    0.0000000000126251    0.0000000000127900
1265.0    0.0000000000126722    0.0000000000126885    0.0000000000128346    0.0000000000125582    0.0000000000127223
1267.0    0.0000000000126028    0.0000000000126190    0.0000000000127629    0.0000000000124889    0.0000000000126524
1269.0    0.0000000000125340    0.0000000000125528    0.0000000000126919    0.0000000000124201    0.0000000000125831
1271.0    0.0000000000124685    0.0000000000124871    0.0000000000126245    0.0000000000123550    0.0000000000125145
1273.0    0.0000000000124009    0.0000000000124194    0.0000000000125578    0.0000000000122874    0.0000000000124493
1275.0    0.0000000000123339    0.0000000000123524    0.0000000000124887    0.0000000000122204    0.0000000000123847
1277.0    0.0000000000122674    0.0000000000122858    0.0000000000124203    0.0000000000121569    0.0000000000123178
1279.0    0.0000000000122015    0.0000000000122223    0.0000000000123553    0.0000000000120909    0.0000000000122514
1281.0    0.0000000000121387    0.0000000000121593    0.0000000000122908    0.0000000000120254    0.0000000000121856
1283.0    0.0000000000120738    0.0000000000120943    0.0000000000122241    0.0000000000119633    0.0000000000121230
1285.0    0.0000000000120093    0.0000000000120297    0.0000000000121579    0.0000000000118987    0.0000000000120608
1287.0    0.0000000000119453    0.0000000000119680    0.0000000000120949    0.0000000000118346    0.0000000000119964
1289.0    0.0000000000118818    0.0000000000119067    0.0000000000120324    0.0000000000117737    0.0000000000119324
1291.0    0.0000000000118211    0.0000000000118434    0.0000000000119676    0.0000000000117105    0.0000000000118689
1293.0    0.0000000000117584    0.0000000000117805    0.0000000000119033    0.0000000000116476    0.0000000000118057
1295.0    0.0000000000116960    0.0000000000117179    0.0000000000118421    0.0000000000115878    0.0000000000117456
1297.0    0.0000000000116341    0.0000000000116581    0.0000000000117812    0.0000000000115256    0.0000000000116858
1299.0    0.0000000000115725    0.0000000000115986    0.0000000000117181    0.0000000000114638    0.0000000000116237
1301.0    0.0000000000115112    0.0000000000115371    0.0000000000116554    0.0000000000114050    0.0000000000115620
1303.0    0.0000000000114503    0.0000000000114759    0.0000000000115957    0.0000000000113439    0.0000000000115007
1305.0    0.0000000000113921    0.0000000000114150    0.0000000000115363    0.0000000000112830    0.0000000000114422
1307.0    0.0000000000113318    0.0000000000113568    0.0000000000114746    0.0000000000112251    0.0000000000113840
1309.0    0.0000000000112718    0.0000000000112988    0.0000000000114133    0.0000000000111675    0.0000000000113235
1311.0    0.0000000000112121    0.0000000000112387    0.0000000000113548    0.0000000000111075    0.0000000000112633
1313.0    0.0000000000111527    0.0000000000111789    0.0000000000112966    0.0000000000110479    0.0000000000112034
1315.0    0.0000000000110959    0.0000000000111194    0.0000000000112362    0.0000000000109910    0.0000000000111463
1317.0    0.0000000000110370    0.0000000000110624    0.0000000000111761    0.0000000000109319    0.0000000000110894
1319.0    0.0000000000109783    0.0000000000110057    0.0000000000111187    0.0000000000108729    0.0000000000110302
1321.0    0.0000000000109199    0.0000000000109469    0.0000000000110616    0.0000000000108168    0.0000000000109714
1323.0    0.0000000000108618    0.0000000000108883    0.0000000000110023    0.0000000000107584    0.0000000000109127
1325.0    0.0000000000108039    0.0000000000108300    0.0000000000109432    0.0000000000107002    0.0000000000108543
1327.0    0.0000000000107462    0.0000000000107741    0.0000000000108868    0.0000000000106448    0.0000000000107985
1329.0    0.0000000000106911    0.0000000000107184    0.0000000000108306    0.0000000000105870    0.0000000000107429
1331.0    0.0000000000106339    0.0000000000106607    0.0000000000107723    0.0000000000105295    0.0000000000106852
1333.0    0.0000000000105768    0.0000000000106032    0.0000000000107141    0.0000000000104747    0.0000000000106276
1335.0    0.0000000000105201    0.0000000000105459    0.0000000000106586    0.0000000000104177    0.0000000000105703
1337.0    0.0000000000104635    0.0000000000104911    0.0000000000106033    0.0000000000103608    0.0000000000105155
1339.0    0.0000000000104094    0.0000000000104364    0.0000000000105458    0.0000000000103066    0.0000000000104609
1341.0    0.0000000000103532    0.0000000000103797    0.0000000000104909    0.0000000000102502    0.0000000000104042
1343.0    0.0000000000102972    0.0000000000103232    0.0000000000104363    0.0000000000101940    0.0000000000103476
1345.0    0.0000000000102415    0.0000000000102668    0.0000000000103794    0.0000000000101404    0.0000000000102913
1347.0    0.0000000000101859    0.0000000000102129    0.0000000000103227    0.0000000000100846    0.0000000000102351
1349.0    0.0000000000101328    0.0000000000101591    0.0000000000102686    0.0000000000100289    0.0000000000101814
1351.0    0.0000000000100776    0.0000000000101034    0.0000000000102147    0.0000000000099759    0.0000000000101280
1353.0    0.0000000000100226    0.0000000000100478    0.0000000000101587    0.0000000000099231    0.0000000000100724
1355.0    0.0000000000099679    0.0000000000099924    0.0000000000101028    0.0000000000098681    0.0000000000100170
1357.0    0.0000000000099133    0.0000000000099394    0.0000000000100495    0.0000000000098133    0.0000000000099618
1359.0    0.0000000000098590    0.0000000000098865    0.0000000000099963    0.0000000000097611    0.0000000000099090
1361.0    0.0000000000098048    0.0000000000098317    0.0000000000099410    0.0000000000097067    0.0000000000098565
1363.0    0.0000000000097530    0.0000000000097771    0.0000000000098860    0.0000000000096525    0.0000000000098018
1365.0    0.0000000000096992    0.0000000000097227    0.0000000000098334    0.0000000000096009    0.0000000000097474
1367.0    0.0000000000096457    0.0000000000096706    0.0000000000097810    0.0000000000095472    0.0000000000096931
1369.0    0.0000000000095923    0.0000000000096186    0.0000000000097265    0.0000000000094936    0.0000000000096413
1371.0    0.0000000000095392    0.0000000000095648    0.0000000000096723    0.0000000000094426    0.0000000000095896
1373.0    0.0000000000094883    0.0000000000095111    0.0000000000096205    0.0000000000093895    0.0000000000095360
1375.0    0.0000000000094356    0.0000000000094577    0.0000000000095688    0.0000000000093367    0.0000000000094825
1377.0    0.0000000000093831    0.0000000000094065    0.0000000000095152    0.0000000000092863    0.0000000000094292
1379.0    0.0000000000093308    0.0000000000093555    0.0000000000094617    0.0000000000092339    0.0000000000093761
1381.0    0.0000000000092787    0.0000000000093027    0.0000000000094107    0.0000000000091817    0.0000000000093255
1383.0    0.0000000000092289    0.0000000000092501    0.0000000000093599    0.0000000000091320    0.0000000000092750
1385.0    0.0000000000091773    0.0000000000091977    0.0000000000093071    0.0000000000090803    0.0000000000092226
1387.0    0.0000000000091259    0.0000000000091476    0.0000000000092545    0.0000000000090288    0.0000000000091704
1389.0    0.0000000000090747    0.0000000000090976    0.0000000000092043    0.0000000000089798    0.0000000000091184
1391.0    0.0000000000090238    0.0000000000090459    0.0000000000091544    0.0000000000089288    0.0000000000090687
1393.0    0.0000000000089731    0.0000000000089944    0.0000000000091025    0.0000000000088781    0.0000000000090193
1395.0    0.0000000000089226    0.0000000000089432    0.0000000000090508    0.0000000000088299    0.0000000000089680
1397.0    0.0000000000088745    0.0000000000088941    0.0000000000090015    0.0000000000087819    0.0000000000089170
1399.0    0.0000000000088245    0.0000000000088453    0.0000000000089525    0.0000000000087319    0.0000000000088661
1401.0    0.0000000000087748    0.0000000000087948    0.0000000000089015    0.0000000000086823    0.0000000000088177
1403.0    0.0000000000087254    0.0000000000087446    0.0000000000088509    0.0000000000086351    0.0000000000087694
1405.0    0.0000000000086763    0.0000000000086965    0.0000000000088025    0.0000000000085860    0.0000000000087194
1407.0    0.0000000000086294    0.0000000000086487    0.0000000000087545    0.0000000000085372    0.0000000000086696
1409.0    0.0000000000085808    0.0000000000085992    0.0000000000087046    0.0000000000084908    0.0000000000086200
1411.0    0.0000000000085325    0.0000000000085500    0.0000000000086549    0.0000000000084426    0.0000000000085708
1413.0    0.0000000000084845    0.0000000000085011    0.0000000000086076    0.0000000000083947    0.0000000000085239
1415.0    0.0000000000084368    0.0000000000084544    0.0000000000085606    0.0000000000083492    0.0000000000084772
1417.0    0.0000000000083893    0.0000000000084080    0.0000000000085118    0.0000000000083020    0.0000000000084288
1419.0    0.0000000000083422    0.0000000000083600    0.0000000000084634    0.0000000000082551    0.0000000000083807
1421.0    0.0000000000082973    0.0000000000083123    0.0000000000084172    0.0000000000082105    0.0000000000083329
1423.0    0.0000000000082508    0.0000000000082649    0.0000000000083713    0.0000000000081642    0.0000000000082874
1425.0    0.0000000000082047    0.0000000000082197    0.0000000000083237    0.0000000000081183    0.0000000000082422
1427.0    0.0000000000081589    0.0000000000081747    0.0000000000082765    0.0000000000080747    0.0000000000081954
1429.0    0.0000000000081134    0.0000000000081283    0.0000000000082315    0.0000000000080295    0.0000000000081489
1431.0    0.0000000000080701    0.0000000000080823    0.0000000000081868    0.0000000000079846    0.0000000000081027
1433.0    0.0000000000080253    0.0000000000080366    0.0000000000081406    0.0000000000079420    0.0000000000080588
1435.0    0.0000000000079808    0.0000000000079930    0.0000000000080947    0.0000000000078979    0.0000000000080153
1437.0    0.0000000000079367    0.0000000000079497    0.0000000000080510    0.0000000000078541    0.0000000000079701
1439.0    0.0000000000078930    0.0000000000079051    0.0000000000080076    0.0000000000078126    0.0000000000079254
1441.0    0.0000000000078514    0.0000000000078609    0.0000000000079628    0.0000000000077696    0.0000000000078810
1443.0    0.0000000000078084    0.0000000000078170    0.0000000000079183    0.0000000000077270    0.0000000000078370
1445.0    0.0000000000077658    0.0000000000077752    0.0000000000078760    0.0000000000076866    0.0000000000077952
1447.0    0.0000000000077236    0.0000000000077338    0.0000000000078340    0.0000000000076465    0.0000000000077538
1449.0    0.0000000000076817    0.0000000000076911    0.0000000000077906    0.0000000000076051    0.0000000000077110
1451.0    0.0000000000076403    0.0000000000076488    0.0000000000077476    0.0000000000075640    0.0000000000076685
1453.0    0.0000000000075993    0.0000000000076069    0.0000000000077068    0.0000000000075252    0.0000000000076265
1455.0    0.0000000000075602    0.0000000000075671    0.0000000000076663    0.0000000000074849    0.0000000000075866
1457.0    0.0000000000075200    0.0000000000075276    0.0000000000076245    0.0000000000074451    0.0000000000075471
1459.0    0.0000000000074802    0.0000000000074870    0.0000000000075831    0.0000000000074074    0.0000000000075063
1461.0    0.0000000000074407    0.0000000000074468    0.0000000000075438    0.0000000000073684    0.0000000000074659
1463.0    0.0000000000074017    0.0000000000074070    0.0000000000075049    0.0000000000073298    0.0000000000074260
1465.0    0.0000000000073647    0.0000000000073692    0.0000000000074647    0.0000000000072933    0.0000000000073881
1467.0    0.0000000000073265    0.0000000000073318    0.0000000000074249    0.0000000000072556    0.0000000000073507
1469.0    0.0000000000072887    0.0000000000072933    0.0000000000073872    0.0000000000072183    0.0000000000073120
1471.0    0.0000000000072514    0.0000000000072553    0.0000000000073499    0.0000000000071830    0.0000000000072738
1473.0    0.0000000000072144    0.0000000000072177    0.0000000000073114    0.0000000000071465    0.0000000000072360
1475.0    0.0000000000071779    0.0000000000071820    0.0000000000072733    0.0000000000071105    0.0000000000071987
1477.0    0.0000000000071419    0.0000000000071467    0.0000000000072372    0.0000000000070764    0.0000000000071634
1479.0    0.0000000000071076    0.0000000000071104    0.0000000000072015    0.0000000000070412    0.0000000000071284
1481.0    0.0000000000070724    0.0000000000070746    0.0000000000071647    0.0000000000070064    0.0000000000070924
1483.0    0.0000000000070376    0.0000000000070393    0.0000000000071284    0.0000000000069736    0.0000000000070569
1485.0    0.0000000000070032    0.0000000000070057    0.0000000000070939    0.0000000000069396    0.0000000000070218
