9.0    0.0000000000000000    0.0000000000000000    0.0000000000000000    0.0000000000000000    0.0000000000000000
11.0    0.0000000000000000    0.0000000000000000    0.0000000000000000    0.0000000000000000    0.0000000000000000
13.0    0.0000000000000000    0.0000000000000000    0.0000000000000000    0.0000000000000000    0.0000000000000000
15.0    0.0000000000000000    0.0000000000000000    0.0000000000000000    0.0000000000000000    0.0000000000000000
17.0    0.0000000000000000    0.0000000000000000    0.0000000000000000    0.0000000000000000    0.0000000000000000
19.0    0.0000000000000000    0.0000000000000000    0.0000000000000000    0.0000000000000000    0.0000000000000000
21.0    0.0000000000000000    0.0000000000000000    0.0000000000000000    0.0000000000000000    0.0000000000000000
23.0    0.0000000000000000    0.0000000000000000    0.0000000000000001    0.0000000000000000    0.0000000000000001
25.0    0.0000000000000001    0.0000000000000000    0.0000000000000001    0.0000000000000001    0.0000000000000002
27.0    0.0000000000000002    0.0000000000000001    0.0000000000000003    0.0000000000000002    0.0000000000000003
29.0    0.0000000000000005    0.0000000000000003    0.0000000000000006    0.0000000000000004    0.0000000000000007
31.0    0.0000000000000009    0.0000000000000006    0.0000000000000012    0.0000000000000008    0.0000000000000014
33.0    0.0000000000000019    0.0000000000000012    0.0000000000000023    0.0000000000000016    0.0000000000000025
35.0    0.0000000000000036    0.0000000000000024    0.0000000000000043    0.0000000000000031    0.0000000000000045
37.0    0.0000000000000064    0.0000000000000047    0.0000000000000077    0.0000000000000058    0.0000000000000080
39.0    0.0000000000000112    0.0000000000000085    0.0000000000000128    0.0000000000000104    0.0000000000000136
41.0    0.0000000000000188    0.0000000000000148    0.0000000000000208    0.0000000000000174    0.0000000000000223
43.0    0.0000000000000305    0.0000000000000250    0.0000000000000332    0.0000000000000289    0.0000000000000346
45.0    0.0000000000000475    0.0000000000000404    0.0000000000000510    0.0000000000000457    0.0000000000000520
47.0    0.0000000000000701    0.0000000000000625    0.0000000000000744    0.0000000000000683    0.0000000000000767
49.0    0.0000000000001015    0.0000000000000914    0.0000000000001053    0.0000000000000985    0.0000000000001096
51.0    0.0000000000001420    0.0000000000001290    0.0000000000001467    0.0000000000001394    0.0000000000001519
53.0    0.0000000000001928    0.0000000000001778    0.0000000000001987    0.0000000000001904    0.0000000000002023
55.0    0.0000000000002546    0.0000000000002372    0.0000000000002596    0.0000000000002497    0.0000000000002638
57.0    0.0000000000003258    0.0000000000003078    0.0000000000003333    0.0000000000003238    0.0000000000003416
59.0    0.0000000000004147    0.0000000000003876    0.0000000000004262    0.0000000000004121    0.0000000000004360
61.0    0.0000000000005222    0.0000000000004825    0.0000000000005396    0.0000000000005139    0.0000000000005513
63.0    0.0000000000006548    0.0000000000006026    0.0000000000006728    0.0000000000006448    0.0000000000006936
65.0    0.0000000000008201    0.0000000000007538    0.0000000000008374    0.0000000000008089    0.0000000000008620
67.0    0.0000000000010287    0.0000000000009479    0.0000000000010503    0.0000000000010079    0.0000000000010703
69.0    0.0000000000012895    0.0000000000011869    0.0000000000013138    0.0000000000012712    0.0000000000013370
71.0    0.0000000000015974    0.0000000000014892    0.0000000000016198    0.0000000000015994    0.0000000000016607
73.0    0.0000000000019824    0.0000000000018771    0.0000000000019819    0.0000000000019800    0.0000000000020438
75.0    0.0000000000024293    0.0000000000023407    0.0000000000024158    0.0000000000024456    0.0000000000024629
77.0    0.0000000000029293    0.0000000000028703    0.0000000000028976    0.0000000000029679    0.0000000000029247
79.0    0.0000000000034626    0.0000000000034226    0.0000000000033886    0.0000000000035021    0.0000000000034345
81.0    0.0000000000039825    0.0000000000039899    0.0000000000038874    0.0000000000040680    0.0000000000039499
83.0    0.0000000000045020    0.0000000000045595    0.0000000000043898    0.0000000000046076    0.0000000000044438
85.0    0.0000000000049693    0.0000000000050698    0.0000000000048462    0.0000000000050662    0.0000000000048721
87.0    0.0000000000053553    0.0000000000054857    0.0000000000052176    0.0000000000054557    0.0000000000052336
89.0    0.0000000000056433    0.0000000000057743    0.0000000000055067    0.0000000000057356    0.0000000000055250
91.0    0.0000000000058231    0.0000000000059420    0.0000000000057144    0.0000000000058922    0.0000000000057214
93.0    0.0000000000059033    0.0000000000059973    0.0000000000058285    0.0000000000059482    0.0000000000058267
95.0    0.0000000000059012    0.0000000000059528    0.0000000000058631    0.0000000000059197    0.0000000000058557
97.0    0.0000000000058436    0.0000000000058437    0.0000000000058436    0.0000000000058353    0.0000000000058334
99.0    0.0000000000057621    0.0000000000057171    0.0000000000057936    0.0000000000057360    0.0000000000057862
101.0    0.0000000000056890    0.0000000000056071    0.0000000000057414    0.0000000000056487    0.0000000000057378
103.0    0.0000000000056512    0.0000000000055431    0.0000000000057128    0.0000000000056068    0.0000000000057143
105.0    0.0000000000056661    0.0000000000055530    0.0000000000057232    0.0000000000056279    0.0000000000057332
107.0    0.0000000000057426    0.0000000000056445    0.0000000000057839    0.0000000000057201    0.0000000000057988
109.0    0.0000000000058769    0.0000000000058025    0.0000000000058964    0.0000000000058758    0.0000000000059109
111.0    0.0000000000060577    0.0000000000060129    0.0000000000060450    0.0000000000060701    0.0000000000060682
113.0    0.0000000000062651    0.0000000000062605    0.0000000000062213    0.0000000000062978    0.0000000000062525
115.0    0.0000000000064702    0.0000000000065091    0.0000000000064173    0.0000000000065260    0.0000000000064467
117.0    0.0000000000066707    0.0000000000067250    0.0000000000066090    0.0000000000067247    0.0000000000066269
119.0    0.0000000000068438    0.0000000000069006    0.0000000000067757    0.0000000000068965    0.0000000000067892
121.0    0.0000000000069810    0.0000000000070327    0.0000000000069176    0.0000000000070260    0.0000000000069325
123.0    0.0000000000070832    0.0000000000071148    0.0000000000070374    0.0000000000071113    0.0000000000070477
125.0    0.0000000000071565    0.0000000000071584    0.0000000000071318    0.0000000000071703    0.0000000000071392
127.0    0.0000000000072140    0.0000000000071813    0.0000000000072067    0.0000000000072144    0.0000000000072160
129.0    0.0000000000072680    0.0000000000072051    0.0000000000072765    0.0000000000072589    0.0000000000072868
131.0    0.0000000000073374    0.0000000000072509    0.0000000000073561    0.0000000000073248    0.0000000000073657
133.0    0.0000000000074319    0.0000000000073346    0.0000000000074531    0.0000000000074228    0.0000000000074663
135.0    0.0000000000075595    0.0000000000074659    0.0000000000075694    0.0000000000075539    0.0000000000075923
137.0    0.0000000000077210    0.0000000000076378    0.0000000000077116    0.0000000000077300    0.0000000000077456
139.0    0.0000000000079045    0.0000000000078490    0.0000000000078853    0.0000000000079388    0.0000000000079156
141.0    0.0000000000081162    0.0000000000080962    0.0000000000080786    0.0000000000081585    0.0000000000081022
143.0    0.0000000000083361    0.0000000000083534    0.0000000000082734    0.0000000000083837    0.0000000000083049
145.0    0.0000000000085503    0.0000000000086010    0.0000000000084673    0.0000000000086092    0.0000000000085046
147.0    0.0000000000087460    0.0000000000088133    0.0000000000086576    0.0000000000088104    0.0000000000086902
149.0    0.0000000000089065    0.0000000000089869    0.0000000000088263    0.0000000000089693    0.0000000000088465
151.0    0.0000000000090388    0.0000000000091197    0.0000000000089615    0.0000000000090945    0.0000000000089759
153.0    0.0000000000091347    0.0000000000092027    0.0000000000090676    0.0000000000091786    0.0000000000090808
155.0    0.0000000000091965    0.0000000000092416    0.0000000000091489    0.0000000000092244    0.0000000000091563
157.0    0.0000000000092320    0.0000000000092479    0.0000000000092045    0.0000000000092455    0.0000000000092077
159.0    0.0000000000092505    0.0000000000092367    0.0000000000092406    0.0000000000092515    0.0000000000092427
161.0    0.0000000000092633    0.0000000000092219    0.0000000000092677    0.0000000000092549    0.0000000000092691
163.0    0.0000000000092800    0.0000000000092183    0.0000000000092953    0.0000000000092677    0.0000000000092966
165.0    0.0000000000093106    0.0000000000092377    0.0000000000093302    0.0000000000092988    0.0000000000093337
167.0    0.0000000000093602    0.0000000000092843    0.0000000000093760    0.0000000000093512    0.0000000000093850
169.0    0.0000000000094319    0.0000000000093609    0.0000000000094376    0.0000000000094313    0.0000000000094535
171.0    0.0000000000095241    0.0000000000094690    0.0000000000095191    0.0000000000095344    0.0000000000095352
173.0    0.0000000000096289    0.0000000000095997    0.0000000000096163    0.0000000000096500    0.0000000000096309
175.0    0.0000000000097494    0.0000000000097433    0.0000000000097207    0.0000000000097810    0.0000000000097413
177.0    0.0000000000098745    0.0000000000098840    0.0000000000098314    0.0000000000099143    0.0000000000098572
179.0    0.0000000000099974    0.0000000000100180    0.0000000000099484    0.0000000000100366    0.0000000000099732
181.0    0.0000000000101125    0.0000000000101431    0.0000000000100617    0.0000000000101532    0.0000000000100799
183.0    0.0000000000102158    0.0000000000102485    0.0000000000101630    0.0000000000102549    0.0000000000101788
185.0    0.0000000000103056    0.0000000000103331    0.0000000000102550    0.0000000000103367    0.0000000000102719
187.0    0.0000000000103794    0.0000000000103965    0.0000000000103404    0.0000000000104050    0.0000000000103543
189.0    0.0000000000104455    0.0000000000104463    0.0000000000104159    0.0000000000104652    0.0000000000104273
191.0    0.0000000000105044    0.0000000000104902    0.0000000000104811    0.0000000000105188    0.0000000000104934
193.0    0.0000000000105603    0.0000000000105328    0.0000000000105418    0.0000000000105686    0.0000000000105533
195.0    0.0000000000106171    0.0000000000105807    0.0000000000106037    0.0000000000106240    0.0000000000106126
197.0    0.0000000000106759    0.0000000000106363    0.0000000000106670    0.0000000000106863    0.0000000000106767
199.0    0.0000000000107436    0.0000000000107040    0.0000000000107309    0.0000000000107541    0.0000000000107447
201.0    0.0000000000108182    0.0000000000107873    0.0000000000107991    0.0000000000108337    0.0000000000108174
203.0    0.0000000000108988    0.0000000000108816    0.0000000000108744    0.0000000000109203    0.0000000000108910
205.0    0.0000000000109830    0.0000000000109824    0.0000000000109526    0.0000000000110065    0.0000000000109668
207.0    0.0000000000110641    0.0000000000110804    0.0000000000110283    0.0000000000110961    0.0000000000110458
209.0    0.0000000000111449    0.0000000000111735    0.0000000000111017    0.0000000000111804    0.0000000000111217
211.0    0.0000000000112184    0.0000000000112598    0.0000000000111732    0.0000000000112519    0.0000000000111913
213.0    0.0000000000112810    0.0000000000113304    0.0000000000112365    0.0000000000113137    0.0000000000112496
215.0    0.0000000000113307    0.0000000000113823    0.0000000000112873    0.0000000000113603    0.0000000000112976
217.0    0.0000000000113661    0.0000000000114136    0.0000000000113271    0.0000000000113896    0.0000000000113357
219.0    0.0000000000113876    0.0000000000114271    0.0000000000113565    0.0000000000114052    0.0000000000113616
221.0    0.0000000000113963    0.0000000000114253    0.0000000000113743    0.0000000000114077    0.0000000000113759
223.0    0.0000000000113952    0.0000000000114112    0.0000000000113817    0.0000000000114004    0.0000000000113806
225.0    0.0000000000113869    0.0000000000113895    0.0000000000113815    0.0000000000113865    0.0000000000113782
227.0    0.0000000000113744    0.0000000000113661    0.0000000000113758    0.0000000000113698    0.0000000000113713
229.0    0.0000000000113609    0.0000000000113444    0.0000000000113671    0.0000000000113544    0.0000000000113620
231.0    0.0000000000113494    0.0000000000113268    0.0000000000113582    0.0000000000113416    0.0000000000113529
233.0    0.0000000000113408    0.0000000000113166    0.0000000000113505    0.0000000000113338    0.0000000000113458
235.0    0.0000000000113367    0.0000000000113145    0.0000000000113452    0.0000000000113318    0.0000000000113418
237.0    0.0000000000113375    0.0000000000113197    0.0000000000113434    0.0000000000113350    0.0000000000113413
239.0    0.0000000000113426    0.0000000000113314    0.0000000000113449    0.0000000000113430    0.0000000000113442
241.0    0.0000000000113509    0.0000000000113472    0.0000000000113494    0.0000000000113541    0.0000000000113499
243.0    0.0000000000113610    0.0000000000113644    0.0000000000113562    0.0000000000113659    0.0000000000113575
245.0    0.0000000000113711    0.0000000000113801    0.0000000000113642    0.0000000000113779    0.0000000000113658
247.0    0.0000000000113806    0.0000000000113929    0.0000000000113719    0.0000000000113879    0.0000000000113734
249.0    0.0000000000113880    0.0000000000114018    0.0000000000113788    0.0000000000113947    0.0000000000113797
251.0    0.0000000000113926    0.0000000000114055    0.0000000000113843    0.0000000000113983    0.0000000000113844
253.0    0.0000000000113944    0.0000000000114041    0.0000000000113876    0.0000000000113985    0.0000000000113869
255.0    0.0000000000113935    0.0000000000113989    0.0000000000113889    0.0000000000113959    0.0000000000113873
257.0    0.0000000000113906    0.0000000000113912    0.0000000000113883    0.0000000000113911    0.0000000000113860
259.0    0.0000000000113865    0.0000000000113820    0.0000000000113864    0.0000000000113855    0.0000000000113836
261.0    0.0000000000113821    0.0000000000113733    0.0000000000113837    0.0000000000113803    0.0000000000113806
263.0    0.0000000000113783    0.0000000000113667    0.0000000000113810    0.0000000000113761    0.0000000000113779
265.0    0.0000000000113759    0.0000000000113632    0.0000000000113789    0.0000000000113738    0.0000000000113760
267.0    0.0000000000113751    0.0000000000113630    0.0000000000113776    0.0000000000113738    0.0000000000113753
269.0    0.0000000000113762    0.0000000000113664    0.0000000000113777    0.0000000000113761    0.0000000000113760
271.0    0.0000000000113791    0.0000000000113727    0.0000000000113790    0.0000000000113803    0.0000000000113780
273.0    0.0000000000113833    0.0000000000113812    0.0000000000113814    0.0000000000113856    0.0000000000113812
275.0    0.0000000000113882    0.0000000000113901    0.0000000000113847    0.0000000000113917    0.0000000000113849
277.0    0.0000000000113932    0.0000000000113987    0.0000000000113882    0.0000000000113975    0.0000000000113888
279.0    0.0000000000113973    0.0000000000114062    0.0000000000113915    0.0000000000114020    0.0000000000113921
281.0    0.0000000000114003    0.0000000000114112    0.0000000000113942    0.0000000000114048    0.0000000000113944
283.0    0.0000000000114016    0.0000000000114132    0.0000000000113957    0.0000000000114055    0.0000000000113954
285.0    0.0000000000114008    0.0000000000114119    0.0000000000113957    0.0000000000114038    0.0000000000113948
287.0    0.0000000000113979    0.0000000000114076    0.0000000000113940    0.0000000000114000    0.0000000000113923
289.0    0.0000000000113932    0.0000000000114004    0.0000000000113906    0.0000000000113938    0.0000000000113882
291.0    0.0000000000113865    0.0000000000113911    0.0000000000113855    0.0000000000113860    0.0000000000113826
293.0    0.0000000000113786    0.0000000000113806    0.0000000000113792    0.0000000000113773    0.0000000000113755
295.0    0.0000000000113697    0.0000000000113699    0.0000000000113718    0.0000000000113675    0.0000000000113674
297.0    0.0000000000113602    0.0000000000113594    0.0000000000113632    0.0000000000113574    0.0000000000113586
299.0    0.0000000000113509    0.0000000000113491    0.0000000000113541    0.0000000000113479    0.0000000000113497
301.0    0.0000000000113413    0.0000000000113398    0.0000000000113450    0.0000000000113381    0.0000000000113407
303.0    0.0000000000113318    0.0000000000113313    0.0000000000113357    0.0000000000113287    0.0000000000113312
305.0    0.0000000000113224    0.0000000000113239    0.0000000000113260    0.0000000000113199    0.0000000000113216
307.0    0.0000000000113129    0.0000000000113168    0.0000000000113160    0.0000000000113106    0.0000000000113118
309.0    0.0000000000113032    0.0000000000113092    0.0000000000113062    0.0000000000113010    0.0000000000113017
311.0    0.0000000000112930    0.0000000000113009    0.0000000000112961    0.0000000000112912    0.0000000000112915
313.0    0.0000000000112824    0.0000000000112913    0.0000000000112849    0.0000000000112799    0.0000000000112806
315.0    0.0000000000112704    0.0000000000112805    0.0000000000112729    0.0000000000112674    0.0000000000112683
317.0    0.0000000000112571    0.0000000000112678    0.0000000000112605    0.0000000000112541    0.0000000000112550
319.0    0.0000000000112425    0.0000000000112528    0.0000000000112471    0.0000000000112387    0.0000000000112405
321.0    0.0000000000112267    0.0000000000112357    0.0000000000112319    0.0000000000112219    0.0000000000112255
323.0    0.0000000000112103    0.0000000000112169    0.0000000000112157    0.0000000000112047    0.0000000000112095
325.0    0.0000000000111923    0.0000000000111976    0.0000000000111993    0.0000000000111856    0.0000000000111918
327.0    0.0000000000111734    0.0000000000111775    0.0000000000111820    0.0000000000111659    0.0000000000111734
329.0    0.0000000000111541    0.0000000000111561    0.0000000000111634    0.0000000000111467    0.0000000000111544
331.0    0.0000000000111345    0.0000000000111347    0.0000000000111444    0.0000000000111274    0.0000000000111360
333.0    0.0000000000111150    0.0000000000111137    0.0000000000111260    0.0000000000111074    0.0000000000111175
335.0    0.0000000000110958    0.0000000000110942    0.0000000000111077    0.0000000000110880    0.0000000000110984
337.0    0.0000000000110778    0.0000000000110755    0.0000000000110888    0.0000000000110699    0.0000000000110796
339.0    0.0000000000110597    0.0000000000110570    0.0000000000110704    0.0000000000110518    0.0000000000110615
341.0    0.0000000000110422    0.0000000000110395    0.0000000000110533    0.0000000000110346    0.0000000000110438
343.0    0.0000000000110255    0.0000000000110229    0.0000000000110367    0.0000000000110188    0.0000000000110276
345.0    0.0000000000110096    0.0000000000110077    0.0000000000110202    0.0000000000110030    0.0000000000110120
347.0    0.0000000000109950    0.0000000000109931    0.0000000000110043    0.0000000000109880    0.0000000000109964
349.0    0.0000000000109805    0.0000000000109785    0.0000000000109898    0.0000000000109743    0.0000000000109815
351.0    0.0000000000109666    0.0000000000109643    0.0000000000109759    0.0000000000109606    0.0000000000109674
353.0    0.0000000000109533    0.0000000000109511    0.0000000000109621    0.0000000000109475    0.0000000000109544
355.0    0.0000000000109407    0.0000000000109383    0.0000000000109490    0.0000000000109355    0.0000000000109420
357.0    0.0000000000109293    0.0000000000109255    0.0000000000109372    0.0000000000109237    0.0000000000109299
359.0    0.0000000000109181    0.0000000000109132    0.0000000000109260    0.0000000000109127    0.0000000000109184
361.0    0.0000000000109076    0.0000000000109017    0.0000000000109152    0.0000000000109029    0.0000000000109078
363.0    0.0000000000108982    0.0000000000108915    0.0000000000109053    0.0000000000108936    0.0000000000108985
365.0    0.0000000000108896    0.0000000000108823    0.0000000000108966    0.0000000000108854    0.0000000000108901
367.0    0.0000000000108822    0.0000000000108738    0.0000000000108890    0.0000000000108787    0.0000000000108824
369.0    0.0000000000108759    0.0000000000108666    0.0000000000108820    0.0000000000108729    0.0000000000108758
371.0    0.0000000000108711    0.0000000000108608    0.0000000000108764    0.0000000000108684    0.0000000000108705
373.0    0.0000000000108674    0.0000000000108565    0.0000000000108722    0.0000000000108655    0.0000000000108666
375.0    0.0000000000108652    0.0000000000108537    0.0000000000108693    0.0000000000108640    0.0000000000108641
377.0    0.0000000000108645    0.0000000000108521    0.0000000000108677    0.0000000000108640    0.0000000000108630
379.0    0.0000000000108653    0.0000000000108521    0.0000000000108677    0.0000000000108655    0.0000000000108633
381.0    0.0000000000108677    0.0000000000108536    0.0000000000108692    0.0000000000108687    0.0000000000108653
383.0    0.0000000000108718    0.0000000000108565    0.0000000000108723    0.0000000000108737    0.0000000000108690
385.0    0.0000000000108777    0.0000000000108609    0.0000000000108774    0.0000000000108807    0.0000000000108742
387.0    0.0000000000108857    0.0000000000108670    0.0000000000108844    0.0000000000108892    0.0000000000108813
389.0    0.0000000000108956    0.0000000000108750    0.0000000000108931    0.0000000000109003    0.0000000000108906
391.0    0.0000000000109079    0.0000000000108849    0.0000000000109040    0.0000000000109138    0.0000000000109022
393.0    0.0000000000109227    0.0000000000108964    0.0000000000109178    0.0000000000109292    0.0000000000109163
395.0    0.0000000000109396    0.0000000000109100    0.0000000000109343    0.0000000000109482    0.0000000000109323
397.0    0.0000000000109602    0.0000000000109266    0.0000000000109531    0.0000000000109705    0.0000000000109511
399.0    0.0000000000109843    0.0000000000109462    0.0000000000109751    0.0000000000109955    0.0000000000109741
401.0    0.0000000000110124    0.0000000000109689    0.0000000000110019    0.0000000000110258    0.0000000000110010
403.0    0.0000000000110450    0.0000000000109942    0.0000000000110332    0.0000000000110609    0.0000000000110322
405.0    0.0000000000110812    0.0000000000110233    0.0000000000110679    0.0000000000110999    0.0000000000110685
407.0    0.0000000000111248    0.0000000000110582    0.0000000000111080    0.0000000000111469    0.0000000000111086
409.0    0.0000000000111751    0.0000000000110983    0.0000000000111564    0.0000000000112013    0.0000000000111548
411.0    0.0000000000112335    0.0000000000111446    0.0000000000112124    0.0000000000112613    0.0000000000112104
413.0    0.0000000000113007    0.0000000000111957    0.0000000000112743    0.0000000000113339    0.0000000000112747
415.0    0.0000000000113750    0.0000000000112545    0.0000000000113456    0.0000000000114176    0.0000000000113492
417.0    0.0000000000114644    0.0000000000113249    0.0000000000114314    0.0000000000115101    0.0000000000114313
419.0    0.0000000000115674    0.0000000000114063    0.0000000000115306    0.0000000000116217    0.0000000000115259
421.0    0.0000000000116866    0.0000000000115006    0.0000000000116400    0.0000000000117506    0.0000000000116396
423.0    0.0000000000118238    0.0000000000116053    0.0000000000117657    0.0000000000118926    0.0000000000117710
425.0    0.0000000000119823    0.0000000000117263    0.0000000000119166    0.0000000000120557    0.0000000000119227
427.0    0.0000000000121644    0.0000000000118717    0.0000000000120904    0.0000000000122518    0.0000000000120976
429.0    0.0000000000123651    0.0000000000120404    0.0000000000122814    0.0000000000124773    0.0000000000122900
431.0    0.0000000000126046    0.0000000000122359    0.0000000000124999    0.0000000000127245    0.0000000000125105
433.0    0.0000000000128785    0.0000000000124526    0.0000000000127604    0.0000000000130205    0.0000000000127735
435.0    0.0000000000131922    0.0000000000127020    0.0000000000130585    0.0000000000133585    0.0000000000130749
437.0    0.0000000000135494    0.0000000000130002    0.0000000000133833    0.0000000000137267    0.0000000000134192
439.0    0.0000000000139386    0.0000000000133431    0.0000000000137518    0.0000000000141640    0.0000000000137939
441.0    0.0000000000143977    0.0000000000137365    0.0000000000141869    0.0000000000146593    0.0000000000142182
443.0    0.0000000000149159    0.0000000000141676    0.0000000000146795    0.0000000000151943    0.0000000000147183
445.0    0.0000000000155011    0.0000000000146573    0.0000000000152107    0.0000000000158237    0.0000000000152832
447.0    0.0000000000161575    0.0000000000152341    0.0000000000158063    0.0000000000165299    0.0000000000159192
449.0    0.0000000000168621    0.0000000000158871    0.0000000000165014    0.0000000000172850    0.0000000000166010
451.0    0.0000000000176802    0.0000000000166235    0.0000000000172785    0.0000000000181646    0.0000000000173613
453.0    0.0000000000185889    0.0000000000174167    0.0000000000181058    0.0000000000191413    0.0000000000182429
455.0    0.0000000000195976    0.0000000000183018    0.0000000000190219    0.0000000000201749    0.0000000000192223
457.0    0.0000000000207104    0.0000000000193254    0.0000000000200770    0.0000000000213664    0.0000000000203063
459.0    0.0000000000219370    0.0000000000204621    0.0000000000212410    0.0000000000226757    0.0000000000215019
461.0    0.0000000000232809    0.0000000000217195    0.0000000000224640    0.0000000000240469    0.0000000000227579
463.0    0.0000000000246899    0.0000000000230482    0.0000000000238007    0.0000000000256114    0.0000000000241302
465.0    0.0000000000262873    0.0000000000245033    0.0000000000253204    0.0000000000273129    0.0000000000256898
467.0    0.0000000000280203    0.0000000000261542    0.0000000000269746    0.0000000000290770    0.0000000000273865
469.0    0.0000000000298984    0.0000000000279526    0.0000000000286907    0.0000000000309788    0.0000000000292264
471.0    0.0000000000319229    0.0000000000298254    0.0000000000305428    0.0000000000331204    0.0000000000311281
473.0    0.0000000000340115    0.0000000000318468    0.0000000000326225    0.0000000000354201    0.0000000000331728
475.0    0.0000000000363429    0.0000000000341081    0.0000000000348582    0.0000000000377751    0.0000000000354602
477.0    0.0000000000388338    0.0000000000365368    0.0000000000371503    0.0000000000404032    0.0000000000379100
479.0    0.0000000000414924    0.0000000000391367    0.0000000000395957    0.0000000000432010    0.0000000000405260
481.0    0.0000000000443173    0.0000000000417999    0.0000000000423110    0.0000000000460421    0.0000000000431910
483.0    0.0000000000473160    0.0000000000446288    0.0000000000451978    0.0000000000491874    0.0000000000460168
485.0    0.0000000000504862    0.0000000000477452    0.0000000000481267    0.0000000000525101    0.0000000000491356
487.0    0.0000000000536964    0.0000000000510425    0.0000000000512204    0.0000000000558597    0.0000000000524318
489.0    0.0000000000572158    0.0000000000545218    0.0000000000546228    0.0000000000595424    0.0000000000559072
491.0    0.0000000000609122    0.0000000000580390    0.0000000000582063    0.0000000000634074    0.0000000000595636
493.0    0.0000000000647917    0.0000000000617286    0.0000000000618108    0.0000000000672798    0.0000000000632377
495.0    0.0000000000688509    0.0000000000657458    0.0000000000655869    0.0000000000715129    0.0000000000670829
497.0    0.0000000000729212    0.0000000000699484    0.0000000000697077    0.0000000000759317    0.0000000000712751
499.0    0.0000000000773428    0.0000000000743370    0.0000000000740155    0.0000000000803369    0.0000000000756533
501.0    0.0000000000819473    0.0000000000787318    0.0000000000783191    0.0000000000851302    0.0000000000802187
503.0    0.0000000000867407    0.0000000000833023    0.0000000000827991    0.0000000000901124    0.0000000000847694
505.0    0.0000000000917193    0.0000000000882394    0.0000000000876592    0.0000000000950598    0.0000000000894966
507.0    0.0000000000966775    0.0000000000933662    0.0000000000927111    0.0000000001004237    0.0000000000946149
509.0    0.0000000001020299    0.0000000000986841    0.0000000000977326    0.0000000001059803    0.0000000000999255
511.0    0.0000000001075717    0.0000000001039782    0.0000000001029352    0.0000000001114815    0.0000000001054298
513.0    0.0000000001133092    0.0000000001094547    0.0000000001085548    0.0000000001171644    0.0000000001108869
515.0    0.0000000001192385    0.0000000001153419    0.0000000001143716    0.0000000001233034    0.0000000001165272
517.0    0.0000000001253673    0.0000000001214278    0.0000000001201318    0.0000000001296415    0.0000000001226063
519.0    0.0000000001316912    0.0000000001277152    0.0000000001260787    0.0000000001358963    0.0000000001288857
521.0    0.0000000001379514    0.0000000001339510    0.0000000001324810    0.0000000001426378    0.0000000001353676
523.0    0.0000000001446708    0.0000000001403802    0.0000000001390868    0.0000000001495836    0.0000000001420531
525.0    0.0000000001515902    0.0000000001472690    0.0000000001456086    0.0000000001564235    0.0000000001486514
527.0    0.0000000001587159    0.0000000001543678    0.0000000001523227    0.0000000001637807    0.0000000001554427
529.0    0.0000000001660433    0.0000000001616786    0.0000000001595300    0.0000000001713450    0.0000000001627312
531.0    0.0000000001732721    0.0000000001689079    0.0000000001669457    0.0000000001787787    0.0000000001702282
533.0    0.0000000001810049    0.0000000001763381    0.0000000001742465    0.0000000001867577    0.0000000001779346
535.0    0.0000000001889398    0.0000000001842749    0.0000000001817417    0.0000000001949435    0.0000000001855145
537.0    0.0000000001970822    0.0000000001924268    0.0000000001897652    0.0000000002029703    0.0000000001932891
539.0    0.0000000002054253    0.0000000002007927    0.0000000001979964    0.0000000002115660    0.0000000002016037
541.0    0.0000000002139724    0.0000000002090366    0.0000000002060764    0.0000000002203637    0.0000000002101247
543.0    0.0000000002227164    0.0000000002174782    0.0000000002143468    0.0000000002289699    0.0000000002188494
545.0    0.0000000002312967    0.0000000002264606    0.0000000002231734    0.0000000002381631    0.0000000002273990
547.0    0.0000000002404247    0.0000000002356480    0.0000000002318176    0.0000000002475482    0.0000000002361327
549.0    0.0000000002497393    0.0000000002450364    0.0000000002406440    0.0000000002567048    0.0000000002454353
551.0    0.0000000002592409    0.0000000002542476    0.0000000002500403    0.0000000002664598    0.0000000002549280
553.0    0.0000000002689190    0.0000000002636375    0.0000000002596236    0.0000000002763916    0.0000000002646056
555.0    0.0000000002783745    0.0000000002735828    0.0000000002689768    0.0000000002860551    0.0000000002744620
557.0    0.0000000002883892    0.0000000002837059    0.0000000002784939    0.0000000002963214    0.0000000002840692
559.0    0.0000000002985624    0.0000000002939996    0.0000000002885901    0.0000000003067448    0.0000000002938315
561.0    0.0000000003088917    0.0000000003040497    0.0000000002988497    0.0000000003168584    0.0000000003041730
563.0    0.0000000003193657    0.0000000003142448    0.0000000003088276    0.0000000003271040    0.0000000003146670
565.0    0.0000000003295523    0.0000000003249901    0.0000000003189447    0.0000000003379498    0.0000000003253053
567.0    0.0000000003402932    0.0000000003358728    0.0000000003296392    0.0000000003489224    0.0000000003356276
569.0    0.0000000003511563    0.0000000003468839    0.0000000003404683    0.0000000003595313    0.0000000003460696
571.0    0.0000000003621366    0.0000000003575834    0.0000000003509640    0.0000000003707333    0.0000000003570829
573.0    0.0000000003732237    0.0000000003683864    0.0000000003615702    0.0000000003820385    0.0000000003682089
575.0    0.0000000003844125    0.0000000003797206    0.0000000003727453    0.0000000003929432    0.0000000003794390
577.0    0.0000000003956929    0.0000000003911479    0.0000000003840240    0.0000000004044319    0.0000000003902918
579.0    0.0000000004066037    0.0000000004026598    0.0000000003949224    0.0000000004160015    0.0000000004012275
581.0    0.0000000004180472    0.0000000004138008    0.0000000004059035    0.0000000004271396    0.0000000004127185
583.0    0.0000000004295622    0.0000000004250065    0.0000000004174423    0.0000000004388526    0.0000000004242848
585.0    0.0000000004411450    0.0000000004367212    0.0000000004290567    0.0000000004506285    0.0000000004359199
587.0    0.0000000004527887    0.0000000004484913    0.0000000004402526    0.0000000004619482    0.0000000004476182
589.0    0.0000000004640204    0.0000000004598558    0.0000000004515087    0.0000000004738361    0.0000000004588827
591.0    0.0000000004757722    0.0000000004712624    0.0000000004633125    0.0000000004857745    0.0000000004701971
593.0    0.0000000004875730    0.0000000004831652    0.0000000004751723    0.0000000004972392    0.0000000004820516
595.0    0.0000000004994215    0.0000000004951052    0.0000000004865871    0.0000000005092707    0.0000000004939524
597.0    0.0000000005113143    0.0000000005070802    0.0000000004980483    0.0000000005213468    0.0000000005058975
599.0    0.0000000005227732    0.0000000005186260    0.0000000005100547    0.0000000005329398    0.0000000005173847
601.0    0.0000000005347527    0.0000000005302024    0.0000000005221080    0.0000000005451045    0.0000000005289113
603.0    0.0000000005467761    0.0000000005422737    0.0000000005337026    0.0000000005573151    0.0000000005409799
605.0    0.0000000005588461    0.0000000005543793    0.0000000005453414    0.0000000005690407    0.0000000005530922
607.0    0.0000000005709633    0.0000000005665214    0.0000000005575333    0.0000000005808135    0.0000000005652498
609.0    0.0000000005831324    0.0000000005782337    0.0000000005697761    0.0000000005931758    0.0000000005769456
611.0    0.0000000005953556    0.0000000005899868    0.0000000005815584    0.0000000006055971    0.0000000005886895
613.0    0.0000000006071462    0.0000000006022572    0.0000000005933943    0.0000000006175396    0.0000000006009983
615.0    0.0000000006194918    0.0000000006145821    0.0000000006058044    0.0000000006300951    0.0000000006133681
617.0    0.0000000006319066    0.0000000006269677    0.0000000006182815    0.0000000006427265    0.0000000006258046
619.0    0.0000000006443991    0.0000000006389407    0.0000000006303061    0.0000000006548884    0.0000000006383143
621.0    0.0000000006569742    0.0000000006509848    0.0000000006424038    0.0000000006676933    0.0000000006503776
623.0    0.0000000006691321    0.0000000006635932    0.0000000006551106    0.0000000006805970    0.0000000006625226
625.0    0.0000000006818942    0.0000000006762942    0.0000000006679102    0.0000000006930410    0.0000000006752882
627.0    0.0000000006947612    0.0000000006890976    0.0000000006802695    0.0000000007061653    0.0000000006881573
629.0    0.0000000007077445    0.0000000007015136    0.0000000006927298    0.0000000007194128    0.0000000007011383
631.0    0.0000000007208491    0.0000000007140430    0.0000000007058451    0.0000000007322100    0.0000000007136914
633.0    0.0000000007340871    0.0000000007272016    0.0000000007190846    0.0000000007457291    0.0000000007263648
635.0    0.0000000007474633    0.0000000007405007    0.0000000007318965    0.0000000007593968    0.0000000007397235
637.0    0.0000000007604447    0.0000000007539505    0.0000000007448398    0.0000000007726198    0.0000000007532292
639.0    0.0000000007741215    0.0000000007670323    0.0000000007584914    0.0000000007866090    0.0000000007668901
641.0    0.0000000007879603    0.0000000007802725    0.0000000007723009    0.0000000008007706    0.0000000007807151
643.0    0.0000000008019730    0.0000000007942155    0.0000000007856892    0.0000000008144883    0.0000000007941243
645.0    0.0000000008161627    0.0000000008083441    0.0000000007992386    0.0000000008290163    0.0000000008077008
647.0    0.0000000008299603    0.0000000008226664    0.0000000008135530    0.0000000008437371    0.0000000008220497
649.0    0.0000000008445226    0.0000000008366267    0.0000000008280544    0.0000000008580087    0.0000000008365919
651.0    0.0000000008592801    0.0000000008507816    0.0000000008421325    0.0000000008731329    0.0000000008513345
653.0    0.0000000008742429    0.0000000008657116    0.0000000008563964    0.0000000008884659    0.0000000008656546
655.0    0.0000000008894107    0.0000000008808607    0.0000000008714797    0.0000000009033360    0.0000000008801712
657.0    0.0000000009041719    0.0000000008962342    0.0000000008867726    0.0000000009184067    0.0000000008955288
659.0    0.0000000009197604    0.0000000009112307    0.0000000009016274    0.0000000009343810    0.0000000009111056
661.0    0.0000000009355626    0.0000000009264441    0.0000000009166846    0.0000000009505755    0.0000000009269049
663.0    0.0000000009515870    0.0000000009424940    0.0000000009326099    0.0000000009662783    0.0000000009422551
665.0    0.0000000009678279    0.0000000009587799    0.0000000009487567    0.0000000009829157    0.0000000009578163
667.0    0.0000000009842920    0.0000000009753025    0.0000000009644385    0.0000000009997741    0.0000000009742750
669.0    0.0000000010009718    0.0000000009914112    0.0000000009803276    0.0000000010161100    0.0000000009909602
671.0    0.0000000010171917    0.0000000010077398    0.0000000009971245    0.0000000010334050    0.0000000010078708
673.0    0.0000000010343000    0.0000000010249523    0.0000000010141442    0.0000000010509164    0.0000000010250092
675.0    0.0000000010516183    0.0000000010423962    0.0000000010306545    0.0000000010678645    0.0000000010416345
677.0    0.0000000010691469    0.0000000010600669    0.0000000010473683    0.0000000010857883    0.0000000010584683
679.0    0.0000000010868758    0.0000000010772650    0.0000000010650167    0.0000000011039145    0.0000000010762408
681.0    0.0000000011040850    0.0000000010946700    0.0000000010828700    0.0000000011214355    0.0000000010942183
683.0    0.0000000011221969    0.0000000011129769    0.0000000011001700    0.0000000011399358    0.0000000011124017
685.0    0.0000000011404917    0.0000000011314885    0.0000000011176517    0.0000000011586145    0.0000000011300073
687.0    0.0000000011589646    0.0000000011501954    0.0000000011360750    0.0000000011766418    0.0000000011477900
689.0    0.0000000011776017    0.0000000011683583    0.0000000011546792    0.0000000011956450    0.0000000011665192
691.0    0.0000000011963977    0.0000000011866877    0.0000000011726664    0.0000000012147964    0.0000000011854158
693.0    0.0000000012153358    0.0000000012059115    0.0000000011908067    0.0000000012332464    0.0000000012044700
695.0    0.0000000012336475    0.0000000012252908    0.0000000012098792    0.0000000012526567    0.0000000012228691
697.0    0.0000000012528415    0.0000000012448100    0.0000000012290942    0.0000000012721764    0.0000000012413942
699.0    0.0000000012721408    0.0000000012636975    0.0000000012476255    0.0000000012909427    0.0000000012608433
701.0    0.0000000012915408    0.0000000012826931    0.0000000012662633    0.0000000013097864    0.0000000012804025
703.0    0.0000000013110242    0.0000000013025431    0.0000000012858125    0.0000000013295558    0.0000000013000542
705.0    0.0000000013297892    0.0000000013224785    0.0000000013054475    0.0000000013493791    0.0000000013197883
707.0    0.0000000013493908    0.0000000013417108    0.0000000013243336    0.0000000013683791    0.0000000013387600
709.0    0.0000000013690333    0.0000000013609892    0.0000000013432767    0.0000000013882650    0.0000000013577800
711.0    0.0000000013886977    0.0000000013810738    0.0000000013630825    0.0000000014081600    0.0000000013776575
713.0    0.0000000014083692    0.0000000014011746    0.0000000013829175    0.0000000014271845    0.0000000013975533
715.0    0.0000000014272475    0.0000000014212754    0.0000000014019400    0.0000000014470475    0.0000000014174508
717.0    0.0000000014468900    0.0000000014405867    0.0000000014209583    0.0000000014668736    0.0000000014365045
719.0    0.0000000014664942    0.0000000014598654    0.0000000014407833    0.0000000014857845    0.0000000014555317
721.0    0.0000000014860438    0.0000000014798615    0.0000000014605783    0.0000000015054842    0.0000000014753383
723.0    0.0000000015055225    0.0000000014997892    0.0000000014795009    0.0000000015251027    0.0000000014950808
725.0    0.0000000015249169    0.0000000015196300    0.0000000014983617    0.0000000015437709    0.0000000015147442
727.0    0.0000000015442150    0.0000000015386108    0.0000000015179633    0.0000000015631725    0.0000000015335000
729.0    0.0000000015626325    0.0000000015574800    0.0000000015374725    0.0000000015824473    0.0000000015521525
731.0    0.0000000015816938    0.0000000015769746    0.0000000015560645    0.0000000016007518    0.0000000015714983
733.0    0.0000000016006175    0.0000000015963177    0.0000000015745417    0.0000000016197350    0.0000000015907050
735.0    0.0000000016193885    0.0000000016154985    0.0000000015936900    0.0000000016385555    0.0000000016097608
737.0    0.0000000016379983    0.0000000016337767    0.0000000016126892    0.0000000016563900    0.0000000016286525
739.0    0.0000000016556983    0.0000000016518800    0.0000000016307482    0.0000000016748500    0.0000000016465936
741.0    0.0000000016739585    0.0000000016705131    0.0000000016486467    0.0000000016931218    0.0000000016643617
743.0    0.0000000016920283    0.0000000016889369    0.0000000016671450    0.0000000017104027    0.0000000016827142
745.0    0.0000000017098969    0.0000000017071431    0.0000000016854542    0.0000000017282650    0.0000000017008608
747.0    0.0000000017275600    0.0000000017244375    0.0000000017028155    0.0000000017459118    0.0000000017187983
749.0    0.0000000017443183    0.0000000017415162    0.0000000017199842    0.0000000017625809    0.0000000017357827
751.0    0.0000000017615592    0.0000000017590446    0.0000000017376917    0.0000000017790482    0.0000000017525583
753.0    0.0000000017785825    0.0000000017763323    0.0000000017551808    0.0000000017960342    0.0000000017698458
755.0    0.0000000017953792    0.0000000017933769    0.0000000017717336    0.0000000018127955    0.0000000017868967
757.0    0.0000000018119508    0.0000000018095333    0.0000000017880783    0.0000000018286100    0.0000000018037167
759.0    0.0000000018282954    0.0000000018254592    0.0000000018049100    0.0000000018449133    0.0000000018196136
761.0    0.0000000018444142    0.0000000018417777    0.0000000018215108    0.0000000018609909    0.0000000018352908
763.0    0.0000000018596750    0.0000000018578546    0.0000000018372064    0.0000000018761509    0.0000000018514225
765.0    0.0000000018753500    0.0000000018736838    0.0000000018526892    0.0000000018917775    0.0000000018673208
767.0    0.0000000018908042    0.0000000018886800    0.0000000018686217    0.0000000019071845    0.0000000018829858
769.0    0.0000000019060377    0.0000000019034569    0.0000000018843242    0.0000000019217136    0.0000000018984208
771.0    0.0000000019210558    0.0000000019185962    0.0000000018991664    0.0000000019366900    0.0000000019130055
773.0    0.0000000019352767    0.0000000019335092    0.0000000019138042    0.0000000019514627    0.0000000019273833
775.0    0.0000000019498831    0.0000000019482008    0.0000000019288658    0.0000000019653945    0.0000000019421775
777.0    0.0000000019642950    0.0000000019621275    0.0000000019437158    0.0000000019797667    0.0000000019567633
779.0    0.0000000019785054    0.0000000019758600    0.0000000019577536    0.0000000019939464    0.0000000019711450
781.0    0.0000000019925300    0.0000000019899477    0.0000000019716075    0.0000000020073373    0.0000000019847436
783.0    0.0000000020063715    0.0000000020038438    0.0000000019858708    0.0000000020211600    0.0000000019981633
785.0    0.0000000020200367    0.0000000020175554    0.0000000019999442    0.0000000020348100    0.0000000020119867
787.0    0.0000000020329967    0.0000000020305750    0.0000000020132645    0.0000000020477100    0.0000000020256383
789.0    0.0000000020463362    0.0000000020434400    0.0000000020264192    0.0000000020610417    0.0000000020391192
791.0    0.0000000020595217    0.0000000020566631    0.0000000020399808    0.0000000020742236    0.0000000020518882
793.0    0.0000000020725600    0.0000000020697346    0.0000000020533842    0.0000000020866945    0.0000000020645167
795.0    0.0000000020854542    0.0000000020826623    0.0000000020660836    0.0000000020990400    0.0000000020775467
797.0    0.0000000020977058    0.0000000020949667    0.0000000020786442    0.0000000021118158    0.0000000020904408
799.0    0.0000000021103408    0.0000000021071508    0.0000000020916142    0.0000000021244673    0.0000000021032025
801.0    0.0000000021228533    0.0000000021197046    0.0000000021044475    0.0000000021364536    0.0000000021158383
803.0    0.0000000021352469    0.0000000021321438    0.0000000021166282    0.0000000021488750    0.0000000021278355
805.0    0.0000000021475308    0.0000000021444785    0.0000000021286933    0.0000000021611864    0.0000000021397283
807.0    0.0000000021592217    0.0000000021562417    0.0000000021411683    0.0000000021728636    0.0000000021520325
809.0    0.0000000021712992    0.0000000021679154    0.0000000021535325    0.0000000021849717    0.0000000021642342
811.0    0.0000000021832783    0.0000000021799662    0.0000000021652818    0.0000000021969873    0.0000000021763375
813.0    0.0000000021951623    0.0000000021919300    0.0000000021769358    0.0000000022083909    0.0000000021878509
815.0    0.0000000022069583    0.0000000022038108    0.0000000021890017    0.0000000022202208    0.0000000021992817
817.0    0.0000000022186646    0.0000000022151625    0.0000000022009708    0.0000000022319636    0.0000000022111250
819.0    0.0000000022302842    0.0000000022264385    0.0000000022123555    0.0000000022431155    0.0000000022228825
821.0    0.0000000022413592    0.0000000022380954    0.0000000022236583    0.0000000022546883    0.0000000022345608
823.0    0.0000000022528162    0.0000000022496762    0.0000000022353667    0.0000000022661745    0.0000000022456755
825.0    0.0000000022641900    0.0000000022607467    0.0000000022465064    0.0000000022770836    0.0000000022567183
827.0    0.0000000022754785    0.0000000022717477    0.0000000022575667    0.0000000022884033    0.0000000022681633
829.0    0.0000000022866883    0.0000000022831162    0.0000000022690275    0.0000000022996373    0.0000000022795308
831.0    0.0000000022973683    0.0000000022944138    0.0000000022804017    0.0000000023102991    0.0000000022908192
833.0    0.0000000023084085    0.0000000023056362    0.0000000022912236    0.0000000023213550    0.0000000023020242
835.0    0.0000000023193667    0.0000000023163525    0.0000000023019633    0.0000000023323227    0.0000000023126891
837.0    0.0000000023302323    0.0000000023269946    0.0000000023130867    0.0000000023427227    0.0000000023232742
839.0    0.0000000023410058    0.0000000023379815    0.0000000023241183    0.0000000023534975    0.0000000023342342
841.0    0.0000000023516846    0.0000000023488815    0.0000000023346045    0.0000000023641700    0.0000000023451050
843.0    0.0000000023622642    0.0000000023596923    0.0000000023450008    0.0000000023742800    0.0000000023558817
845.0    0.0000000023723267    0.0000000023699975    0.0000000023557542    0.0000000023842891    0.0000000023661173
847.0    0.0000000023826992    0.0000000023802092    0.0000000023664042    0.0000000023946383    0.0000000023762575
849.0    0.0000000023929658    0.0000000023907277    0.0000000023765100    0.0000000024048682    0.0000000023867367
851.0    0.0000000024031108    0.0000000024011331    0.0000000023865158    0.0000000024145382    0.0000000023971017
853.0    0.0000000024131400    0.0000000024114262    0.0000000023968408    0.0000000024245150    0.0000000024073500
855.0    0.0000000024226467    0.0000000024212050    0.0000000024070458    0.0000000024343609    0.0000000024174750
857.0    0.0000000024324192    0.0000000024308654    0.0000000024167091    0.0000000024436445    0.0000000024270591
859.0    0.0000000024420583    0.0000000024407823    0.0000000024262475    0.0000000024532058    0.0000000024365192
861.0    0.0000000024515508    0.0000000024505569    0.0000000024360692    0.0000000024626155    0.0000000024462508
863.0    0.0000000024608992    0.0000000024601838    0.0000000024457500    0.0000000024714700    0.0000000024558392
865.0    0.0000000024697275    0.0000000024692975    0.0000000024548891    0.0000000024805608    0.0000000024652750
867.0    0.0000000024787654    0.0000000024782562    0.0000000024638850    0.0000000024894855    0.0000000024741691
869.0    0.0000000024876408    0.0000000024874131    0.0000000024731175    0.0000000024978600    0.0000000024829108
871.0    0.0000000024963454    0.0000000024963962    0.0000000024821850    0.0000000025064358    0.0000000024918650
873.0    0.0000000025048767    0.0000000025052008    0.0000000024907155    0.0000000025148300    0.0000000025006450
875.0    0.0000000025132246    0.0000000025134900    0.0000000024990817    0.0000000025226782    0.0000000025092425
877.0    0.0000000025213900    0.0000000025216015    0.0000000025076367    0.0000000025306908    0.0000000025173073
879.0    0.0000000025290483    0.0000000025298454    0.0000000025160067    0.0000000025385082    0.0000000025251908
881.0    0.0000000025368331    0.0000000025378831    0.0000000025238482    0.0000000025457927    0.0000000025332250
883.0    0.0000000025444233    0.0000000025457162    0.0000000025315058    0.0000000025532067    0.0000000025410575
885.0    0.0000000025518077    0.0000000025530483    0.0000000025393025    0.0000000025604118    0.0000000025486850
887.0    0.0000000025589883    0.0000000025601785    0.0000000025468967    0.0000000025671027    0.0000000025560992
889.0    0.0000000025656850    0.0000000025673762    0.0000000025539818    0.0000000025735945    0.0000000025630055
891.0    0.0000000025724500    0.0000000025743531    0.0000000025608675    0.0000000025801675    0.0000000025697108
893.0    0.0000000025790067    0.0000000025811015    0.0000000025678442    0.0000000025865218    0.0000000025764908
895.0    0.0000000025853408    0.0000000025873758    0.0000000025746058    0.0000000025923936    0.0000000025830492
897.0    0.0000000025914617    0.0000000025934369    0.0000000025808800    0.0000000025983108    0.0000000025893817
899.0    0.0000000025971325    0.0000000025995123    0.0000000025869500    0.0000000026040064    0.0000000025952391
901.0    0.0000000026028223    0.0000000026053531    0.0000000025930642    0.0000000026092473    0.0000000026008842
903.0    0.0000000026082950    0.0000000026109608    0.0000000025989575    0.0000000026145042    0.0000000026065533
905.0    0.0000000026135438    0.0000000026161342    0.0000000026043973    0.0000000026195418    0.0000000026119958
907.0    0.0000000026185800    0.0000000026210900    0.0000000026096267    0.0000000026241527    0.0000000026172100
909.0    0.0000000026233946    0.0000000026260169    0.0000000026148650    0.0000000026287558    0.0000000026219955
911.0    0.0000000026279950    0.0000000026307108    0.0000000026198833    0.0000000026331418    0.0000000026265692
913.0    0.0000000026322083    0.0000000026351815    0.0000000026244836    0.0000000026371345    0.0000000026311258
915.0    0.0000000026363877    0.0000000026392642    0.0000000026288792    0.0000000026411008    0.0000000026354600
917.0    0.0000000026403600    0.0000000026431400    0.0000000026332533    0.0000000026448600    0.0000000026395758
919.0    0.0000000026441231    0.0000000026469569    0.0000000026374100    0.0000000026482600    0.0000000026434758
921.0    0.0000000026476858    0.0000000026505577    0.0000000026411964    0.0000000026516142    0.0000000026470136
923.0    0.0000000026509133    0.0000000026539462    0.0000000026447867    0.0000000026547727    0.0000000026503567
925.0    0.0000000026540862    0.0000000026570083    0.0000000026483333    0.0000000026576109    0.0000000026536417
927.0    0.0000000026570667    0.0000000026598808    0.0000000026516750    0.0000000026603892    0.0000000026567300
929.0    0.0000000026598562    0.0000000026626754    0.0000000026546900    0.0000000026629836    0.0000000026596225
931.0    0.0000000026624642    0.0000000026652769    0.0000000026575258    0.0000000026652936    0.0000000026622127
933.0    0.0000000026648915    0.0000000026676900    0.0000000026602983    0.0000000026674445    0.0000000026646300
935.0    0.0000000026671475    0.0000000026698392    0.0000000026628858    0.0000000026695242    0.0000000026669758
937.0    0.0000000026691542    0.0000000026718231    0.0000000026651955    0.0000000026714391    0.0000000026691442
939.0    0.0000000026710808    0.0000000026737208    0.0000000026673400    0.0000000026731182    0.0000000026711400
941.0    0.0000000026728500    0.0000000026754500    0.0000000026694100    0.0000000026747217    0.0000000026728982
943.0    0.0000000026744638    0.0000000026769650    0.0000000026713167    0.0000000026761755    0.0000000026745067
945.0    0.0000000026759317    0.0000000026783362    0.0000000026729927    0.0000000026774273    0.0000000026760358
947.0    0.0000000026772042    0.0000000026796200    0.0000000026745225    0.0000000026785992    0.0000000026774158
949.0    0.0000000026783923    0.0000000026807615    0.0000000026759717    0.0000000026796382    0.0000000026786508
951.0    0.0000000026794483    0.0000000026817638    0.0000000026772783    0.0000000026805091    0.0000000026797483
953.0    0.0000000026803762    0.0000000026826083    0.0000000026783964    0.0000000026812983    0.0000000026806745
955.0    0.0000000026811817    0.0000000026833331    0.0000000026793933    0.0000000026819682    0.0000000026814842
957.0    0.0000000026818417    0.0000000026839715    0.0000000026803025    0.0000000026824982    0.0000000026822092
959.0    0.0000000026824177    0.0000000026844938    0.0000000026810917    0.0000000026829467    0.0000000026828167
961.0    0.0000000026828858    0.0000000026849092    0.0000000026817345    0.0000000026832891    0.0000000026833100
963.0    0.0000000026832492    0.0000000026852083    0.0000000026822675    0.0000000026835209    0.0000000026836855
965.0    0.0000000026835117    0.0000000026854162    0.0000000026827175    0.0000000026836667    0.0000000026839642
967.0    0.0000000026836777    0.0000000026855385    0.0000000026830633    0.0000000026837191    0.0000000026841592
969.0    0.0000000026837542    0.0000000026855677    0.0000000026833000    0.0000000026836882    0.0000000026842608
971.0    0.0000000026837417    0.0000000026855123    0.0000000026834458    0.0000000026835700    0.0000000026842692
973.0    0.0000000026836477    0.0000000026853808    0.0000000026835067    0.0000000026833682    0.0000000026841991
975.0    0.0000000026834717    0.0000000026851777    0.0000000026834800    0.0000000026831036    0.0000000026840525
977.0    0.0000000026832169    0.0000000026848877    0.0000000026833727    0.0000000026827508    0.0000000026838233
979.0    0.0000000026828917    0.0000000026845285    0.0000000026831883    0.0000000026823282    0.0000000026835183
981.0    0.0000000026825075    0.0000000026840992    0.0000000026829217    0.0000000026818545    0.0000000026831392
983.0    0.0000000026820400    0.0000000026836217    0.0000000026825792    0.0000000026813182    0.0000000026826900
985.0    0.0000000026815083    0.0000000026830862    0.0000000026821818    0.0000000026806992    0.0000000026822009
987.0    0.0000000026809100    0.0000000026824692    0.0000000026817200    0.0000000026800136    0.0000000026816508
989.0    0.0000000026802533    0.0000000026817908    0.0000000026811708    0.0000000026793009    0.0000000026810142
991.0    0.0000000026795346    0.0000000026810569    0.0000000026805608    0.0000000026784975    0.0000000026803192
993.0    0.0000000026787583    0.0000000026802983    0.0000000026799155    0.0000000026776373    0.0000000026795658
995.0    0.0000000026779600    0.0000000026794892    0.0000000026792133    0.0000000026767627    0.0000000026787900
997.0    0.0000000026770746    0.0000000026785977    0.0000000026784208    0.0000000026757917    0.0000000026779667
999.0    0.0000000026761367    0.0000000026776515    0.0000000026775750    0.0000000026747682    0.0000000026770533
1001.0    0.0000000026751454    0.0000000026766585    0.0000000026767118    0.0000000026737445    0.0000000026760892
1003.0    0.0000000026741042    0.0000000026756558    0.0000000026757975    0.0000000026726200    0.0000000026750742
1005.0    0.0000000026730575    0.0000000026746100    0.0000000026747925    0.0000000026714482    0.0000000026740564
1007.0    0.0000000026719185    0.0000000026734762    0.0000000026737350    0.0000000026702773    0.0000000026729892
1009.0    0.0000000026707325    0.0000000026722938    0.0000000026726755    0.0000000026690075    0.0000000026718333
1011.0    0.0000000026694977    0.0000000026710654    0.0000000026715692    0.0000000026676909    0.0000000026706283
1013.0    0.0000000026682158    0.0000000026698400    0.0000000026703650    0.0000000026663864    0.0000000026693758
1015.0    0.0000000026669400    0.0000000026685762    0.0000000026691150    0.0000000026649733    0.0000000026680750
1017.0    0.0000000026655662    0.0000000026672154    0.0000000026678700    0.0000000026635145    0.0000000026667900
1019.0    0.0000000026641483    0.0000000026658100    0.0000000026665808    0.0000000026620718    0.0000000026654608
1021.0    0.0000000026626838    0.0000000026643592    0.0000000026651917    0.0000000026605200    0.0000000026640275
1023.0    0.0000000026611717    0.0000000026629217    0.0000000026637533    0.0000000026589218    0.0000000026625517
1025.0    0.0000000026596146    0.0000000026614400    0.0000000026623318    0.0000000026573491    0.0000000026610292
1027.0    0.0000000026580142    0.0000000026598608    0.0000000026608642    0.0000000026557318    0.0000000026595273
1029.0    0.0000000026564308    0.0000000026582323    0.0000000026592925    0.0000000026539950    0.0000000026579825
1031.0    0.0000000026547385    0.0000000026565592    0.0000000026576725    0.0000000026522118    0.0000000026563275
1033.0    0.0000000026529983    0.0000000026549075    0.0000000026560773    0.0000000026504591    0.0000000026546242
1035.0    0.0000000026512154    0.0000000026532138    0.0000000026544342    0.0000000026485833    0.0000000026528758
1037.0    0.0000000026493817    0.0000000026514069    0.0000000026526783    0.0000000026466591    0.0000000026511573
1039.0    0.0000000026475800    0.0000000026495515    0.0000000026508733    0.0000000026447709    0.0000000026493942
1041.0    0.0000000026456562    0.0000000026476515    0.0000000026490991    0.0000000026427500    0.0000000026475083
1043.0    0.0000000026436875    0.0000000026457783    0.0000000026472800    0.0000000026406809    0.0000000026455783
1045.0    0.0000000026416662    0.0000000026438608    0.0000000026453367    0.0000000026386536    0.0000000026435983
1047.0    0.0000000026396008    0.0000000026418177    0.0000000026433442    0.0000000026364842    0.0000000026415717
1049.0    0.0000000026375708    0.0000000026397292    0.0000000026413891    0.0000000026342682    0.0000000026395809
1051.0    0.0000000026354062    0.0000000026376742    0.0000000026393875    0.0000000026320991    0.0000000026375475
1053.0    0.0000000026331958    0.0000000026355700    0.0000000026372500    0.0000000026297817    0.0000000026353767
1055.0    0.0000000026309323    0.0000000026333369    0.0000000026350658    0.0000000026274127    0.0000000026331550
1057.0    0.0000000026286217    0.0000000026310500    0.0000000026329245    0.0000000026250982    0.0000000026308825
1059.0    0.0000000026262577    0.0000000026287138    0.0000000026307342    0.0000000026226267    0.0000000026286600
1061.0    0.0000000026238433    0.0000000026264183    0.0000000026283992    0.0000000026201027    0.0000000026263883
1063.0    0.0000000026214783    0.0000000026240746    0.0000000026261155    0.0000000026176373    0.0000000026239658
1065.0    0.0000000026189631    0.0000000026215846    0.0000000026237792    0.0000000026150067    0.0000000026214908
1067.0    0.0000000026163958    0.0000000026190415    0.0000000026212933    0.0000000026123245    0.0000000026189650
1069.0    0.0000000026137746    0.0000000026164446    0.0000000026187525    0.0000000026097073    0.0000000026164936
1071.0    0.0000000026111025    0.0000000026138975    0.0000000026162700    0.0000000026070373    0.0000000026139733
1073.0    0.0000000026084842    0.0000000026113000    0.0000000026137358    0.0000000026041942    0.0000000026112883
1075.0    0.0000000026057054    0.0000000026085446    0.0000000026110383    0.0000000026012936    0.0000000026085517
1077.0    0.0000000026028717    0.0000000026057338    0.0000000026082883    0.0000000025984682    0.0000000026057575
1079.0    0.0000000025999831    0.0000000026028669    0.0000000026055991    0.0000000025954575    0.0000000026029092
1081.0    0.0000000025970408    0.0000000026000558    0.0000000026028583    0.0000000025923891    0.0000000026001255
1083.0    0.0000000025941633    0.0000000025971946    0.0000000025999442    0.0000000025894045    0.0000000025972917
1085.0    0.0000000025911100    0.0000000025941600    0.0000000025969750    0.0000000025862275    0.0000000025942792
1087.0    0.0000000025880025    0.0000000025910700    0.0000000025940755    0.0000000025829918    0.0000000025912058
1089.0    0.0000000025848377    0.0000000025879208    0.0000000025911250    0.0000000025798436    0.0000000025880800
1091.0    0.0000000025816183    0.0000000025848400    0.0000000025879858    0.0000000025764925    0.0000000025850300
1093.0    0.0000000025783392    0.0000000025817046    0.0000000025847925    0.0000000025730873    0.0000000025819242
1095.0    0.0000000025750033    0.0000000025783838    0.0000000025816791    0.0000000025697736    0.0000000025786283
1097.0    0.0000000025717500    0.0000000025750062    0.0000000025785117    0.0000000025662525    0.0000000025752733
1099.0    0.0000000025683038    0.0000000025715692    0.0000000025751483    0.0000000025626745    0.0000000025718583
1101.0    0.0000000025648008    0.0000000025682100    0.0000000025717267    0.0000000025591964    0.0000000025685327
1103.0    0.0000000025612400    0.0000000025647931    0.0000000025683936    0.0000000025555017    0.0000000025651517
1105.0    0.0000000025576208    0.0000000025611800    0.0000000025650075    0.0000000025517509    0.0000000025615658
1107.0    0.0000000025540958    0.0000000025575115    0.0000000025614150    0.0000000025481082    0.0000000025579208
1109.0    0.0000000025503669    0.0000000025537808    0.0000000025577642    0.0000000025442450    0.0000000025542175
1111.0    0.0000000025465783    0.0000000025501400    0.0000000025542136    0.0000000025403218    0.0000000025504542
1113.0    0.0000000025427354    0.0000000025464423    0.0000000025506058    0.0000000025365155    0.0000000025467936
1115.0    0.0000000025388342    0.0000000025425392    0.0000000025467867    0.0000000025324808    0.0000000025430775
1117.0    0.0000000025348777    0.0000000025385762    0.0000000025429058    0.0000000025283900    0.0000000025391442
1119.0    0.0000000025308650    0.0000000025345554    0.0000000025391345    0.0000000025244245    0.0000000025351508
1121.0    0.0000000025269608    0.0000000025306333    0.0000000025353083    0.0000000025204064    0.0000000025311000
1123.0    0.0000000025228400    0.0000000025266592    0.0000000025312600    0.0000000025161517    0.0000000025271636
1125.0    0.0000000025186642    0.0000000025224662    0.0000000025271583    0.0000000025118418    0.0000000025231733
1127.0    0.0000000025144331    0.0000000025182177    0.0000000025231691    0.0000000025076691    0.0000000025189575
1129.0    0.0000000025101492    0.0000000025139131    0.0000000025191308    0.0000000025032550    0.0000000025146833
1131.0    0.0000000025059833    0.0000000025097200    0.0000000025148633    0.0000000024987873    0.0000000025103533
1133.0    0.0000000025015969    0.0000000025054754    0.0000000025105400    0.0000000024944655    0.0000000025059675
1135.0    0.0000000024971583    0.0000000025010077    0.0000000025063455    0.0000000024898950    0.0000000025017127
1137.0    0.0000000024926669    0.0000000024964869    0.0000000025021017    0.0000000024852745    0.0000000024974100
1139.0    0.0000000024881242    0.0000000024919100    0.0000000024976183    0.0000000024808091    0.0000000024928675
1141.0    0.0000000024837208    0.0000000024874617    0.0000000024930867    0.0000000024760925    0.0000000024882708
1143.0    0.0000000024790808    0.0000000024829638    0.0000000024886918    0.0000000024713282    0.0000000024836233
1145.0    0.0000000024743967    0.0000000024782385    0.0000000024842508    0.0000000024667273    0.0000000024791236
1147.0    0.0000000024696646    0.0000000024734592    0.0000000024795692    0.0000000024618708    0.0000000024745783
1149.0    0.0000000024648867    0.0000000024686377    0.0000000024748392    0.0000000024569718    0.0000000024697867
1151.0    0.0000000024600638    0.0000000024639542    0.0000000024702600    0.0000000024522436    0.0000000024649483
1153.0    0.0000000024552000    0.0000000024592277    0.0000000024656367    0.0000000024472592    0.0000000024600625
1155.0    0.0000000024504875    0.0000000024542662    0.0000000024607683    0.0000000024422355    0.0000000024553400
1157.0    0.0000000024455392    0.0000000024492623    0.0000000024558567    0.0000000024373900    0.0000000024505750
1159.0    0.0000000024405500    0.0000000024442177    0.0000000024511073    0.0000000024322867    0.0000000024455600
1161.0    0.0000000024355238    0.0000000024393250    0.0000000024463192    0.0000000024271464    0.0000000024405075
1163.0    0.0000000024304592    0.0000000024343962    0.0000000024412825    0.0000000024221964    0.0000000024354117
1165.0    0.0000000024255633    0.0000000024292346    0.0000000024362042    0.0000000024172145    0.0000000024302808
1167.0    0.0000000024204292    0.0000000024240346    0.0000000024313027    0.0000000024119708    0.0000000024253245
1169.0    0.0000000024152600    0.0000000024190008    0.0000000024263650    0.0000000024067000    0.0000000024203375
1171.0    0.0000000024100585    0.0000000024139346    0.0000000024211800    0.0000000024016245    0.0000000024151000
1173.0    0.0000000024048292    0.0000000024086354    0.0000000024159600    0.0000000023962900    0.0000000024098283
1175.0    0.0000000023995646    0.0000000024033038    0.0000000024109255    0.0000000023909282    0.0000000024045250
1177.0    0.0000000023942750    0.0000000023979423    0.0000000024058600    0.0000000023857764    0.0000000023994145
1179.0    0.0000000023891708    0.0000000023927592    0.0000000024005458    0.0000000023803608    0.0000000023942767
1181.0    0.0000000023838285    0.0000000023875538    0.0000000023952017    0.0000000023749245    0.0000000023888900
1183.0    0.0000000023784642    0.0000000023821146    0.0000000023900545    0.0000000023697009    0.0000000023834767
1185.0    0.0000000023730715    0.0000000023766500    0.0000000023848817    0.0000000023642200    0.0000000023780375
1187.0    0.0000000023676600    0.0000000023711646    0.0000000023794592    0.0000000023587191    0.0000000023728055
1189.0    0.0000000023624450    0.0000000023658683    0.0000000023740142    0.0000000023534382    0.0000000023675525
1191.0    0.0000000023569931    0.0000000023605554    0.0000000023687727    0.0000000023479000    0.0000000023620500
1193.0    0.0000000023515242    0.0000000023550123    0.0000000023635133    0.0000000023423455    0.0000000023565300
1195.0    0.0000000023460392    0.0000000023494523    0.0000000023580075    0.0000000023370173    0.0000000023509942
1197.0    0.0000000023405367    0.0000000023438769    0.0000000023524783    0.0000000023314333    0.0000000023454408
1199.0    0.0000000023352408    0.0000000023385017    0.0000000023471664    0.0000000023258355    0.0000000023401027
1201.0    0.0000000023297115    0.0000000023331138    0.0000000023418383    0.0000000023204700    0.0000000023347533
1203.0    0.0000000023241700    0.0000000023274992    0.0000000023362650    0.0000000023148500    0.0000000023291600
1205.0    0.0000000023186162    0.0000000023218746    0.0000000023306758    0.0000000023092200    0.0000000023235533
1207.0    0.0000000023130517    0.0000000023162392    0.0000000023253091    0.0000000023038236    0.0000000023179383
1209.0    0.0000000023074777    0.0000000023108133    0.0000000023199317    0.0000000022981750    0.0000000023125464
1211.0    0.0000000023018958    0.0000000023053823    0.0000000023143092    0.0000000022925191    0.0000000023071450
1213.0    0.0000000022965300    0.0000000022997238    0.0000000023086750    0.0000000022871027    0.0000000023015050
1215.0    0.0000000022909338    0.0000000022940615    0.0000000023032700    0.0000000022816800    0.0000000022958600
1217.0    0.0000000022853308    0.0000000022883938    0.0000000022978583    0.0000000022760067    0.0000000022902075
1219.0    0.0000000022797246    0.0000000022829408    0.0000000022922025    0.0000000022703282    0.0000000022847855
1221.0    0.0000000022741117    0.0000000022774831    0.0000000022865425    0.0000000022648927    0.0000000022793600
1223.0    0.0000000022687200    0.0000000022718069    0.0000000022811109    0.0000000022592067    0.0000000022736950
1225.0    0.0000000022631000    0.0000000022661269    0.0000000022756767    0.0000000022535173    0.0000000022680275
1227.0    0.0000000022574750    0.0000000022604454    0.0000000022700000    0.0000000022480727    0.0000000022623575
1229.0    0.0000000022518500    0.0000000022549833    0.0000000022643233    0.0000000022423800    0.0000000022566858
1231.0    0.0000000022462250    0.0000000022495185    0.0000000022588764    0.0000000022366845    0.0000000022512500
1233.0    0.0000000022408225    0.0000000022438354    0.0000000022534300    0.0000000022312355    0.0000000022458125
1235.0    0.0000000022351900    0.0000000022381531    0.0000000022477433    0.0000000022255375    0.0000000022401392
1237.0    0.0000000022295600    0.0000000022324708    0.0000000022420567    0.0000000022198400    0.0000000022344650
1239.0    0.0000000022239300    0.0000000022270067    0.0000000022366036    0.0000000022143891    0.0000000022287917
1241.0    0.0000000022182950    0.0000000022215446    0.0000000022311517    0.0000000022086883    0.0000000022233555
1243.0    0.0000000022126638    0.0000000022158654    0.0000000022254617    0.0000000022029900    0.0000000022179192
1245.0    0.0000000022070325    0.0000000022101869    0.0000000022197717    0.0000000021975373    0.0000000022122475
1247.0    0.0000000022016250    0.0000000022045100    0.0000000022143182    0.0000000021918375    0.0000000022065775
1249.0    0.0000000021959915    0.0000000021990517    0.0000000022088642    0.0000000021861373    0.0000000022009075
1251.0    0.0000000021903608    0.0000000021935946    0.0000000022031742    0.0000000021806855    0.0000000021954736
1253.0    0.0000000021847300    0.0000000021879208    0.0000000021974842    0.0000000021749858    0.0000000021900433
1255.0    0.0000000021790958    0.0000000021822492    0.0000000021920309    0.0000000021692855    0.0000000021843758
1257.0    0.0000000021736917    0.0000000021765769    0.0000000021865792    0.0000000021638327    0.0000000021787100
1259.0    0.0000000021680600    0.0000000021711250    0.0000000021808892    0.0000000021583800    0.0000000021730442
1261.0    0.0000000021624275    0.0000000021656738    0.0000000021752008    0.0000000021526792    0.0000000021673800
1263.0    0.0000000021567977    0.0000000021600038    0.0000000021697491    0.0000000021469791    0.0000000021619518
1265.0    0.0000000021511650    0.0000000021543362    0.0000000021642967    0.0000000021415245    0.0000000021565242
1267.0    0.0000000021455323    0.0000000021486677    0.0000000021586092    0.0000000021358225    0.0000000021508608
1269.0    0.0000000021399008    0.0000000021432175    0.0000000021529200    0.0000000021301200    0.0000000021451975
1271.0    0.0000000021344933    0.0000000021377662    0.0000000021474682    0.0000000021246627    0.0000000021395342
1273.0    0.0000000021288585    0.0000000021320977    0.0000000021420158    0.0000000021189575    0.0000000021341064
1275.0    0.0000000021232233    0.0000000021264277    0.0000000021363258    0.0000000021132500    0.0000000021286775
1277.0    0.0000000021175869    0.0000000021207577    0.0000000021306358    0.0000000021077900    0.0000000021230117
1279.0    0.0000000021119500    0.0000000021153033    0.0000000021251809    0.0000000021020783    0.0000000021173450
1281.0    0.0000000021065358    0.0000000021098492    0.0000000021197250    0.0000000020963664    0.0000000021116775
1283.0    0.0000000021008946    0.0000000021041731    0.0000000021140317    0.0000000020909009    0.0000000021062436
1285.0    0.0000000020952508    0.0000000020984969    0.0000000021083350    0.0000000020851833    0.0000000021008092
1287.0    0.0000000020896062    0.0000000020930367    0.0000000021028773    0.0000000020794636    0.0000000020951358
1289.0    0.0000000020839575    0.0000000020875746    0.0000000020974150    0.0000000020739891    0.0000000020894600
1291.0    0.0000000020785342    0.0000000020818900    0.0000000020917125    0.0000000020682625    0.0000000020837808
1293.0    0.0000000020728785    0.0000000020762031    0.0000000020860083    0.0000000020625345    0.0000000020781000
1295.0    0.0000000020672225    0.0000000020705123    0.0000000020805400    0.0000000020570518    0.0000000020726527
1297.0    0.0000000020615631    0.0000000020650375    0.0000000020750683    0.0000000020513150    0.0000000020672025
1299.0    0.0000000020559000    0.0000000020595592    0.0000000020693550    0.0000000020455755    0.0000000020615108
1301.0    0.0000000020502323    0.0000000020538577    0.0000000020636392    0.0000000020400800    0.0000000020558150
1303.0    0.0000000020445608    0.0000000020481531    0.0000000020581582    0.0000000020343300    0.0000000020501150
1305.0    0.0000000020391125    0.0000000020424415    0.0000000020526742    0.0000000020285800    0.0000000020446509
1307.0    0.0000000020334338    0.0000000020369500    0.0000000020469475    0.0000000020230736    0.0000000020391817
1309.0    0.0000000020277500    0.0000000020314500    0.0000000020412158    0.0000000020175636    0.0000000020334700
1311.0    0.0000000020220623    0.0000000020257246    0.0000000020357200    0.0000000020117967    0.0000000020277517
1313.0    0.0000000020163683    0.0000000020199954    0.0000000020302192    0.0000000020060264    0.0000000020220308
1315.0    0.0000000020109000    0.0000000020142608    0.0000000020244750    0.0000000020005009    0.0000000020165418
1317.0    0.0000000020051962    0.0000000020087417    0.0000000020187258    0.0000000019947217    0.0000000020110492
1319.0    0.0000000019994883    0.0000000020032177    0.0000000020132100    0.0000000019889364    0.0000000020053117
1321.0    0.0000000019937769    0.0000000019974662    0.0000000020076900    0.0000000019833973    0.0000000019995683
1323.0    0.0000000019880600    0.0000000019917108    0.0000000020019300    0.0000000019776017    0.0000000019938200
1325.0    0.0000000019823362    0.0000000019859485    0.0000000019961592    0.0000000019718009    0.0000000019880683
1327.0    0.0000000019766083    0.0000000019804017    0.0000000019906255    0.0000000019662473    0.0000000019825482
1329.0    0.0000000019711050    0.0000000019748500    0.0000000019850875    0.0000000019604367    0.0000000019770200
1331.0    0.0000000019653662    0.0000000019690700    0.0000000019793017    0.0000000019546200    0.0000000019712475
1333.0    0.0000000019596200    0.0000000019632831    0.0000000019735125    0.0000000019490518    0.0000000019654708
1335.0    0.0000000019538700    0.0000000019574915    0.0000000019679564    0.0000000019432250    0.0000000019596867
1337.0    0.0000000019481192    0.0000000019519158    0.0000000019623983    0.0000000019373936    0.0000000019541382
1339.0    0.0000000019425883    0.0000000019463362    0.0000000019565917    0.0000000019318109    0.0000000019485850
1341.0    0.0000000019368246    0.0000000019405254    0.0000000019510218    0.0000000019259700    0.0000000019427833
1343.0    0.0000000019310550    0.0000000019347085    0.0000000019454450    0.0000000019201255    0.0000000019369758
1345.0    0.0000000019252800    0.0000000019288877    0.0000000019396233    0.0000000019145282    0.0000000019311633
1347.0    0.0000000019195008    0.0000000019232825    0.0000000019337950    0.0000000019086750    0.0000000019253442
1349.0    0.0000000019139483    0.0000000019176746    0.0000000019282055    0.0000000019028191    0.0000000019197609
1351.0    0.0000000019081600    0.0000000019118354    0.0000000019226100    0.0000000018972100    0.0000000019141742
1353.0    0.0000000019023683    0.0000000019059900    0.0000000019167667    0.0000000018916000    0.0000000019083383
1355.0    0.0000000018965708    0.0000000019001400    0.0000000019109192    0.0000000018857308    0.0000000019024975
1357.0    0.0000000018907700    0.0000000018945125    0.0000000019053100    0.0000000018798591    0.0000000018966508
1359.0    0.0000000018849654    0.0000000018888769    0.0000000018996967    0.0000000018742391    0.0000000018910427
1361.0    0.0000000018791583    0.0000000018830138    0.0000000018938350    0.0000000018683617    0.0000000018854325
1363.0    0.0000000018735800    0.0000000018771438    0.0000000018879700    0.0000000018624836    0.0000000018795725
1365.0    0.0000000018677677    0.0000000018712715    0.0000000018823455    0.0000000018568564    0.0000000018737083
1367.0    0.0000000018619508    0.0000000018656208    0.0000000018767150    0.0000000018509750    0.0000000018678400
1369.0    0.0000000018561338    0.0000000018599662    0.0000000018708433    0.0000000018450927    0.0000000018622109
1371.0    0.0000000018503133    0.0000000018540838    0.0000000018649650    0.0000000018394645    0.0000000018565850
1373.0    0.0000000018447258    0.0000000018481977    0.0000000018593282    0.0000000018335800    0.0000000018507050
1375.0    0.0000000018389046    0.0000000018423092    0.0000000018536850    0.0000000018276973    0.0000000018448250
1377.0    0.0000000018330825    0.0000000018366467    0.0000000018478042    0.0000000018220718    0.0000000018389450
1379.0    0.0000000018272615    0.0000000018309800    0.0000000018419150    0.0000000018161908    0.0000000018330550
1381.0    0.0000000018214417    0.0000000018250869    0.0000000018362736    0.0000000018103136    0.0000000018274200
1383.0    0.0000000018158542    0.0000000018191969    0.0000000018306317    0.0000000018046927    0.0000000018217750
1385.0    0.0000000018100369    0.0000000018133031    0.0000000018247450    0.0000000017988225    0.0000000018158917
1387.0    0.0000000018042200    0.0000000018076367    0.0000000018188550    0.0000000017929500    0.0000000018100050
1389.0    0.0000000017984077    0.0000000018019723    0.0000000018132164    0.0000000017873455    0.0000000018041225
1391.0    0.0000000017926008    0.0000000017960831    0.0000000018075750    0.0000000017814875    0.0000000017984800
1393.0    0.0000000017867962    0.0000000017901962    0.0000000018016950    0.0000000017756355    0.0000000017928450
1395.0    0.0000000017809967    0.0000000017843138    0.0000000017958150    0.0000000017700464    0.0000000017869700
1397.0    0.0000000017754350    0.0000000017786600    0.0000000017901864    0.0000000017644627    0.0000000017810958
1399.0    0.0000000017696469    0.0000000017730108    0.0000000017845592    0.0000000017586342    0.0000000017752275
1401.0    0.0000000017638683    0.0000000017671431    0.0000000017786933    0.0000000017528145    0.0000000017696064
1403.0    0.0000000017580962    0.0000000017612800    0.0000000017728342    0.0000000017472573    0.0000000017639925
1405.0    0.0000000017523325    0.0000000017556467    0.0000000017672236    0.0000000017414592    0.0000000017581408
1407.0    0.0000000017468100    0.0000000017500277    0.0000000017616208    0.0000000017356718    0.0000000017522967
1409.0    0.0000000017410662    0.0000000017441877    0.0000000017557833    0.0000000017301500    0.0000000017464617
1411.0    0.0000000017353358    0.0000000017383592    0.0000000017499550    0.0000000017243900    0.0000000017406350
1413.0    0.0000000017296154    0.0000000017325415    0.0000000017443782    0.0000000017186427    0.0000000017350627
1415.0    0.0000000017239100    0.0000000017269583    0.0000000017388100    0.0000000017131609    0.0000000017295000
1417.0    0.0000000017182177    0.0000000017213877    0.0000000017330125    0.0000000017074475    0.0000000017237083
1419.0    0.0000000017125408    0.0000000017156077    0.0000000017272283    0.0000000017017491    0.0000000017179300
1421.0    0.0000000017071058    0.0000000017098423    0.0000000017217000    0.0000000016963173    0.0000000017121633
1423.0    0.0000000017014623    0.0000000017040931    0.0000000017161808    0.0000000016906583    0.0000000017066545
1425.0    0.0000000016958350    0.0000000016985800    0.0000000017104383    0.0000000016850200    0.0000000017011608
1427.0    0.0000000016902277    0.0000000016930854    0.0000000017047117    0.0000000016796427    0.0000000016954458
1429.0    0.0000000016846383    0.0000000016873900    0.0000000016992427    0.0000000016740467    0.0000000016897475
1431.0    0.0000000016792925    0.0000000016817146    0.0000000016937883    0.0000000016684709    0.0000000016840692
1433.0    0.0000000016737477    0.0000000016760600    0.0000000016881167    0.0000000016631636    0.0000000016786500
1435.0    0.0000000016682233    0.0000000016706433    0.0000000016824650    0.0000000016576367    0.0000000016732475
1437.0    0.0000000016627231    0.0000000016652508    0.0000000016770691    0.0000000016521364    0.0000000016676333
1439.0    0.0000000016572467    0.0000000016596638    0.0000000016716942    0.0000000016469009    0.0000000016620433
1441.0    0.0000000016520150    0.0000000016541046    0.0000000016661108    0.0000000016414533    0.0000000016564783
1443.0    0.0000000016465908    0.0000000016485731    0.0000000016605483    0.0000000016360400    0.0000000016509400
1445.0    0.0000000016411950    0.0000000016432783    0.0000000016552409    0.0000000016308818    0.0000000016456582
1447.0    0.0000000016358246    0.0000000016380100    0.0000000016499617    0.0000000016257536    0.0000000016404033
1449.0    0.0000000016304833    0.0000000016325623    0.0000000016444783    0.0000000016204267    0.0000000016349475
1451.0    0.0000000016251738    0.0000000016271446    0.0000000016390233    0.0000000016151300    0.0000000016295208
1453.0    0.0000000016198942    0.0000000016217608    0.0000000016338227    0.0000000016100918    0.0000000016241300
1455.0    0.0000000016148558    0.0000000016166150    0.0000000016286500    0.0000000016048608    0.0000000016189891
1457.0    0.0000000016096408    0.0000000016114977    0.0000000016232825    0.0000000015996609    0.0000000016138817
1459.0    0.0000000016044575    0.0000000016062100    0.0000000016179483    0.0000000015947218    0.0000000016085842
1461.0    0.0000000015993100    0.0000000016009600    0.0000000016128645    0.0000000015895925    0.0000000016033233
1463.0    0.0000000015941933    0.0000000015957454    0.0000000016078158    0.0000000015845018    0.0000000015980983
1465.0    0.0000000015893158    0.0000000015907667    0.0000000016025775    0.0000000015796636    0.0000000015931236
1467.0    0.0000000015842708    0.0000000015858223    0.0000000015973758    0.0000000015746417    0.0000000015881842
1469.0    0.0000000015792625    0.0000000015807215    0.0000000015924236    0.0000000015696582    0.0000000015830692
1471.0    0.0000000015742915    0.0000000015756562    0.0000000015875083    0.0000000015649282    0.0000000015779925
1473.0    0.0000000015693575    0.0000000015706323    0.0000000015824125    0.0000000015600208    0.0000000015729542
1475.0    0.0000000015644600    0.0000000015658383    0.0000000015773542    0.0000000015551527    0.0000000015679558
1477.0    0.0000000015596033    0.0000000015610838    0.0000000015725436    0.0000000015505327    0.0000000015632036
1479.0    0.0000000015549767    0.0000000015561800    0.0000000015677692    0.0000000015457400    0.0000000015584900
1481.0    0.0000000015501938    0.0000000015513185    0.0000000015628250    0.0000000015409864    0.0000000015536117
1483.0    0.0000000015454517    0.0000000015464985    0.0000000015579217    0.0000000015364782    0.0000000015487750
1485.0    0.0000000015407485    0.0000000015419025    0.0000000015532582    0.0000000015318058    0.0000000015439817
