9.0    0.0000000000000000    0.0000000000000000    0.0000000000000000    0.0000000000000000    0.0000000000000000
11.0    0.0000000000000000    0.0000000000000000    0.0000000000000000    0.0000000000000000    0.0000000000000000
13.0    0.0000000000000000    0.0000000000000000    0.0000000000000000    0.0000000000000000    0.0000000000000000
15.0    0.0000000000000000    0.0000000000000000    0.0000000000000000    0.0000000000000000    0.0000000000000000
17.0    0.0000000000000000    0.0000000000000000    0.0000000000000000    0.0000000000000000    0.0000000000000000
19.0    0.0000000000000000    0.0000000000000000    0.0000000000000000    0.0000000000000000    0.0000000000000000
21.0    0.0000000000000000    0.0000000000000000    0.0000000000000000    0.0000000000000000    0.0000000000000000
23.0    0.0000000000000000    0.0000000000000000    0.0000000000000000    0.0000000000000000    0.0000000000000000
25.0    0.0000000000000000    0.0000000000000000    0.0000000000000000    0.0000000000000000    0.0000000000000000
27.0    0.0000000000000000    0.0000000000000000    0.0000000000000000    0.0000000000000000    0.0000000000000000
29.0    0.0000000000000000    0.0000000000000000    0.0000000000000000    0.0000000000000000    0.0000000000000000
31.0    0.0000000000000000    0.0000000000000000    0.0000000000000000    0.0000000000000000    0.0000000000000000
33.0    0.0000000000000000    0.0000000000000000    0.0000000000000000    0.0000000000000000    0.0000000000000000
35.0    0.0000000000000000    0.0000000000000000    0.0000000000000000    0.0000000000000000    0.0000000000000000
37.0    0.0000000000000000    0.0000000000000000    0.0000000000000000    0.0000000000000000    0.0000000000000000
39.0    0.0000000000000000    0.0000000000000000    0.0000000000000001    0.0000000000000000    0.0000000000000001
41.0    0.0000000000000001    0.0000000000000000    0.0000000000000001    0.0000000000000001    0.0000000000000001
43.0    0.0000000000000001    0.0000000000000001    0.0000000000000002    0.0000000000000001    0.0000000000000002
45.0    0.0000000000000003    0.0000000000000002    0.0000000000000004    0.0000000000000002    0.0000000000000004
47.0    0.0000000000000005    0.0000000000000003    0.0000000000000007    0.0000000000000004    0.0000000000000008
49.0    0.0000000000000010    0.0000000000000006    0.0000000000000013    0.0000000000000008    0.0000000000000014
51.0    0.0000000000000018    0.0000000000000011    0.0000000000000023    0.0000000000000016    0.0000000000000025
53.0    0.0000000000000032    0.0000000000000021    0.0000000000000040    0.0000000000000028    0.0000000000000042
55.0    0.0000000000000055    0.0000000000000038    0.0000000000000066    0.0000000000000048    0.0000000000000068
57.0    0.0000000000000090    0.0000000000000067    0.0000000000000105    0.0000000000000083    0.0000000000000111
59.0    0.0000000000000146    0.0000000000000111    0.0000000000000166    0.0000000000000136    0.0000000000000175
61.0    0.0000000000000229    0.0000000000000178    0.0000000000000256    0.0000000000000214    0.0000000000000268
63.0    0.0000000000000349    0.0000000000000283    0.0000000000000377    0.0000000000000332    0.0000000000000399
65.0    0.0000000000000515    0.0000000000000434    0.0000000000000541    0.0000000000000498    0.0000000000000568
67.0    0.0000000000000739    0.0000000000000644    0.0000000000000767    0.0000000000000713    0.0000000000000789
69.0    0.0000000000001027    0.0000000000000912    0.0000000000001056    0.0000000000001007    0.0000000000001082
71.0    0.0000000000001372    0.0000000000001255    0.0000000000001395    0.0000000000001376    0.0000000000001441
73.0    0.0000000000001802    0.0000000000001692    0.0000000000001798    0.0000000000001803    0.0000000000001867
75.0    0.0000000000002298    0.0000000000002208    0.0000000000002278    0.0000000000002319    0.0000000000002330
77.0    0.0000000000002846    0.0000000000002789    0.0000000000002807    0.0000000000002891    0.0000000000002836
79.0    0.0000000000003425    0.0000000000003388    0.0000000000003342    0.0000000000003470    0.0000000000003391
81.0    0.0000000000003985    0.0000000000003995    0.0000000000003880    0.0000000000004077    0.0000000000003947
83.0    0.0000000000004540    0.0000000000004601    0.0000000000004420    0.0000000000004652    0.0000000000004477
85.0    0.0000000000005038    0.0000000000005141    0.0000000000004908    0.0000000000005139    0.0000000000004936
87.0    0.0000000000005449    0.0000000000005582    0.0000000000005306    0.0000000000005554    0.0000000000005323
89.0    0.0000000000005760    0.0000000000005890    0.0000000000005618    0.0000000000005855    0.0000000000005639
91.0    0.0000000000005959    0.0000000000006076    0.0000000000005847    0.0000000000006030    0.0000000000005857
93.0    0.0000000000006058    0.0000000000006148    0.0000000000005982    0.0000000000006104    0.0000000000005982
95.0    0.0000000000006075    0.0000000000006122    0.0000000000006036    0.0000000000006094    0.0000000000006032
97.0    0.0000000000006038    0.0000000000006032    0.0000000000006037    0.0000000000006031    0.0000000000006030
99.0    0.0000000000005980    0.0000000000005928    0.0000000000006010    0.0000000000005954    0.0000000000006005
101.0    0.0000000000005932    0.0000000000005843    0.0000000000005983    0.0000000000005893    0.0000000000005982
103.0    0.0000000000005923    0.0000000000005809    0.0000000000005980    0.0000000000005881    0.0000000000005985
105.0    0.0000000000005966    0.0000000000005852    0.0000000000006017    0.0000000000005932    0.0000000000006032
107.0    0.0000000000006073    0.0000000000005977    0.0000000000006106    0.0000000000006056    0.0000000000006125
109.0    0.0000000000006235    0.0000000000006168    0.0000000000006245    0.0000000000006242    0.0000000000006262
111.0    0.0000000000006441    0.0000000000006407    0.0000000000006416    0.0000000000006462    0.0000000000006442
113.0    0.0000000000006668    0.0000000000006679    0.0000000000006610    0.0000000000006709    0.0000000000006643
115.0    0.0000000000006883    0.0000000000006943    0.0000000000006816    0.0000000000006949    0.0000000000006846
117.0    0.0000000000007085    0.0000000000007163    0.0000000000007009    0.0000000000007148    0.0000000000007026
119.0    0.0000000000007248    0.0000000000007331    0.0000000000007167    0.0000000000007308    0.0000000000007178
121.0    0.0000000000007362    0.0000000000007441    0.0000000000007290    0.0000000000007412    0.0000000000007300
123.0    0.0000000000007430    0.0000000000007488    0.0000000000007378    0.0000000000007461    0.0000000000007382
125.0    0.0000000000007457    0.0000000000007482    0.0000000000007429    0.0000000000007470    0.0000000000007429
127.0    0.0000000000007458    0.0000000000007448    0.0000000000007453    0.0000000000007454    0.0000000000007452
129.0    0.0000000000007450    0.0000000000007405    0.0000000000007465    0.0000000000007433    0.0000000000007464
131.0    0.0000000000007448    0.0000000000007375    0.0000000000007477    0.0000000000007425    0.0000000000007477
133.0    0.0000000000007468    0.0000000000007379    0.0000000000007502    0.0000000000007445    0.0000000000007506
135.0    0.0000000000007520    0.0000000000007430    0.0000000000007547    0.0000000000007501    0.0000000000007558
137.0    0.0000000000007606    0.0000000000007525    0.0000000000007618    0.0000000000007600    0.0000000000007637
139.0    0.0000000000007718    0.0000000000007662    0.0000000000007718    0.0000000000007734    0.0000000000007737
141.0    0.0000000000007860    0.0000000000007837    0.0000000000007840    0.0000000000007886    0.0000000000007857
143.0    0.0000000000008013    0.0000000000008027    0.0000000000007970    0.0000000000008047    0.0000000000007992
145.0    0.0000000000008165    0.0000000000008213    0.0000000000008103    0.0000000000008211    0.0000000000008129
147.0    0.0000000000008303    0.0000000000008370    0.0000000000008233    0.0000000000008355    0.0000000000008255
149.0    0.0000000000008411    0.0000000000008493    0.0000000000008344    0.0000000000008462    0.0000000000008357
151.0    0.0000000000008491    0.0000000000008576    0.0000000000008427    0.0000000000008536    0.0000000000008435
153.0    0.0000000000008537    0.0000000000008612    0.0000000000008482    0.0000000000008571    0.0000000000008487
155.0    0.0000000000008549    0.0000000000008603    0.0000000000008512    0.0000000000008569    0.0000000000008511
157.0    0.0000000000008533    0.0000000000008563    0.0000000000008515    0.0000000000008540    0.0000000000008510
159.0    0.0000000000008500    0.0000000000008502    0.0000000000008500    0.0000000000008493    0.0000000000008492
161.0    0.0000000000008458    0.0000000000008434    0.0000000000008475    0.0000000000008443    0.0000000000008465
163.0    0.0000000000008420    0.0000000000008372    0.0000000000008446    0.0000000000008397    0.0000000000008438
165.0    0.0000000000008391    0.0000000000008330    0.0000000000008421    0.0000000000008367    0.0000000000008415
167.0    0.0000000000008378    0.0000000000008314    0.0000000000008408    0.0000000000008358    0.0000000000008405
169.0    0.0000000000008385    0.0000000000008326    0.0000000000008409    0.0000000000008372    0.0000000000008410
171.0    0.0000000000008412    0.0000000000008366    0.0000000000008426    0.0000000000008408    0.0000000000008430
173.0    0.0000000000008454    0.0000000000008427    0.0000000000008458    0.0000000000008459    0.0000000000008464
175.0    0.0000000000008509    0.0000000000008503    0.0000000000008501    0.0000000000008523    0.0000000000008510
177.0    0.0000000000008571    0.0000000000008580    0.0000000000008550    0.0000000000008592    0.0000000000008562
179.0    0.0000000000008632    0.0000000000008654    0.0000000000008605    0.0000000000008655    0.0000000000008617
181.0    0.0000000000008688    0.0000000000008719    0.0000000000008658    0.0000000000008712    0.0000000000008666
183.0    0.0000000000008735    0.0000000000008768    0.0000000000008704    0.0000000000008758    0.0000000000008710
185.0    0.0000000000008770    0.0000000000008799    0.0000000000008742    0.0000000000008788    0.0000000000008748
187.0    0.0000000000008795    0.0000000000008813    0.0000000000008774    0.0000000000008807    0.0000000000008778
189.0    0.0000000000008811    0.0000000000008815    0.0000000000008799    0.0000000000008818    0.0000000000008800
191.0    0.0000000000008822    0.0000000000008811    0.0000000000008817    0.0000000000008823    0.0000000000008818
193.0    0.0000000000008832    0.0000000000008805    0.0000000000008833    0.0000000000008829    0.0000000000008834
195.0    0.0000000000008844    0.0000000000008806    0.0000000000008851    0.0000000000008839    0.0000000000008851
197.0    0.0000000000008863    0.0000000000008817    0.0000000000008872    0.0000000000008858    0.0000000000008873
199.0    0.0000000000008891    0.0000000000008842    0.0000000000008899    0.0000000000008888    0.0000000000008903
201.0    0.0000000000008931    0.0000000000008884    0.0000000000008934    0.0000000000008931    0.0000000000008942
203.0    0.0000000000008982    0.0000000000008941    0.0000000000008980    0.0000000000008988    0.0000000000008989
205.0    0.0000000000009043    0.0000000000009012    0.0000000000009035    0.0000000000009052    0.0000000000009043
207.0    0.0000000000009109    0.0000000000009089    0.0000000000009096    0.0000000000009127    0.0000000000009108
209.0    0.0000000000009184    0.0000000000009171    0.0000000000009162    0.0000000000009207    0.0000000000009179
211.0    0.0000000000009262    0.0000000000009258    0.0000000000009236    0.0000000000009285    0.0000000000009253
213.0    0.0000000000009340    0.0000000000009342    0.0000000000009312    0.0000000000009366    0.0000000000009326
215.0    0.0000000000009417    0.0000000000009421    0.0000000000009385    0.0000000000009444    0.0000000000009399
217.0    0.0000000000009492    0.0000000000009492    0.0000000000009458    0.0000000000009515    0.0000000000009473
219.0    0.0000000000009563    0.0000000000009557    0.0000000000009532    0.0000000000009585    0.0000000000009547
221.0    0.0000000000009630    0.0000000000009619    0.0000000000009605    0.0000000000009653    0.0000000000009619
223.0    0.0000000000009698    0.0000000000009680    0.0000000000009674    0.0000000000009717    0.0000000000009690
225.0    0.0000000000009766    0.0000000000009741    0.0000000000009743    0.0000000000009784    0.0000000000009758
227.0    0.0000000000009837    0.0000000000009803    0.0000000000009816    0.0000000000009855    0.0000000000009829
229.0    0.0000000000009911    0.0000000000009870    0.0000000000009892    0.0000000000009927    0.0000000000009905
231.0    0.0000000000009988    0.0000000000009947    0.0000000000009969    0.0000000000010009    0.0000000000009986
233.0    0.0000000000010073    0.0000000000010033    0.0000000000010050    0.0000000000010097    0.0000000000010071
235.0    0.0000000000010164    0.0000000000010124    0.0000000000010140    0.0000000000010188    0.0000000000010159
237.0    0.0000000000010262    0.0000000000010221    0.0000000000010235    0.0000000000010285    0.0000000000010251
239.0    0.0000000000010365    0.0000000000010329    0.0000000000010332    0.0000000000010392    0.0000000000010353
241.0    0.0000000000010473    0.0000000000010440    0.0000000000010434    0.0000000000010504    0.0000000000010460
243.0    0.0000000000010586    0.0000000000010555    0.0000000000010545    0.0000000000010614    0.0000000000010572
245.0    0.0000000000010697    0.0000000000010666    0.0000000000010662    0.0000000000010733    0.0000000000010688
247.0    0.0000000000010817    0.0000000000010777    0.0000000000010777    0.0000000000010854    0.0000000000010804
249.0    0.0000000000010941    0.0000000000010894    0.0000000000010898    0.0000000000010974    0.0000000000010925
251.0    0.0000000000011071    0.0000000000011013    0.0000000000011030    0.0000000000011105    0.0000000000011056
253.0    0.0000000000011207    0.0000000000011136    0.0000000000011169    0.0000000000011242    0.0000000000011196
255.0    0.0000000000011347    0.0000000000011261    0.0000000000011311    0.0000000000011383    0.0000000000011345
257.0    0.0000000000011503    0.0000000000011395    0.0000000000011464    0.0000000000011543    0.0000000000011499
259.0    0.0000000000011674    0.0000000000011549    0.0000000000011637    0.0000000000011718    0.0000000000011666
261.0    0.0000000000011863    0.0000000000011721    0.0000000000011826    0.0000000000011903    0.0000000000011857
263.0    0.0000000000012072    0.0000000000011915    0.0000000000012026    0.0000000000012120    0.0000000000012069
265.0    0.0000000000012295    0.0000000000012125    0.0000000000012246    0.0000000000012361    0.0000000000012303
267.0    0.0000000000012553    0.0000000000012360    0.0000000000012499    0.0000000000012617    0.0000000000012551
269.0    0.0000000000012838    0.0000000000012635    0.0000000000012780    0.0000000000012915    0.0000000000012825
271.0    0.0000000000013153    0.0000000000012941    0.0000000000013075    0.0000000000013244    0.0000000000013138
273.0    0.0000000000013499    0.0000000000013280    0.0000000000013399    0.0000000000013589    0.0000000000013483
275.0    0.0000000000013877    0.0000000000013637    0.0000000000013767    0.0000000000013983    0.0000000000013859
277.0    0.0000000000014288    0.0000000000014026    0.0000000000014151    0.0000000000014410    0.0000000000014268
279.0    0.0000000000014714    0.0000000000014465    0.0000000000014566    0.0000000000014852    0.0000000000014691
281.0    0.0000000000015191    0.0000000000014937    0.0000000000015032    0.0000000000015325    0.0000000000015146
283.0    0.0000000000015702    0.0000000000015444    0.0000000000015532    0.0000000000015854    0.0000000000015653
285.0    0.0000000000016247    0.0000000000015964    0.0000000000016044    0.0000000000016418    0.0000000000016195
287.0    0.0000000000016825    0.0000000000016517    0.0000000000016588    0.0000000000016990    0.0000000000016772
289.0    0.0000000000017414    0.0000000000017125    0.0000000000017190    0.0000000000017623    0.0000000000017357
291.0    0.0000000000018061    0.0000000000017769    0.0000000000017827    0.0000000000018290    0.0000000000017975
293.0    0.0000000000018742    0.0000000000018447    0.0000000000018471    0.0000000000018963    0.0000000000018654
295.0    0.0000000000019458    0.0000000000019132    0.0000000000019148    0.0000000000019701    0.0000000000019369
297.0    0.0000000000020210    0.0000000000019850    0.0000000000019890    0.0000000000020475    0.0000000000020119
299.0    0.0000000000020966    0.0000000000020631    0.0000000000020669    0.0000000000021250    0.0000000000020872
301.0    0.0000000000021789    0.0000000000021447    0.0000000000021451    0.0000000000022098    0.0000000000021661
303.0    0.0000000000022650    0.0000000000022299    0.0000000000022269    0.0000000000022984    0.0000000000022520
305.0    0.0000000000023551    0.0000000000023152    0.0000000000023162    0.0000000000023868    0.0000000000023420
307.0    0.0000000000024491    0.0000000000024040    0.0000000000024097    0.0000000000024835    0.0000000000024361
309.0    0.0000000000025476    0.0000000000025001    0.0000000000025034    0.0000000000025846    0.0000000000025347
311.0    0.0000000000026506    0.0000000000026005    0.0000000000026014    0.0000000000026858    0.0000000000026335
313.0    0.0000000000027542    0.0000000000027054    0.0000000000027086    0.0000000000027967    0.0000000000027370
315.0    0.0000000000028674    0.0000000000028109    0.0000000000028213    0.0000000000029131    0.0000000000028503
317.0    0.0000000000029865    0.0000000000029215    0.0000000000029347    0.0000000000030303    0.0000000000029695
319.0    0.0000000000031120    0.0000000000030423    0.0000000000030541    0.0000000000031595    0.0000000000030951
321.0    0.0000000000032444    0.0000000000031698    0.0000000000031854    0.0000000000032959    0.0000000000032221
323.0    0.0000000000033788    0.0000000000033045    0.0000000000033243    0.0000000000034341    0.0000000000033563
325.0    0.0000000000035270    0.0000000000034416    0.0000000000034651    0.0000000000035873    0.0000000000035044
327.0    0.0000000000036843    0.0000000000035870    0.0000000000036143    0.0000000000037501    0.0000000000036617
329.0    0.0000000000038518    0.0000000000037476    0.0000000000037796    0.0000000000039157    0.0000000000038290
331.0    0.0000000000040298    0.0000000000039187    0.0000000000039556    0.0000000000040918    0.0000000000039994
333.0    0.0000000000042198    0.0000000000041012    0.0000000000041349    0.0000000000042881    0.0000000000041806
335.0    0.0000000000044223    0.0000000000042882    0.0000000000043260    0.0000000000044976    0.0000000000043821
337.0    0.0000000000046297    0.0000000000044876    0.0000000000045384    0.0000000000047116    0.0000000000045971
339.0    0.0000000000048602    0.0000000000047089    0.0000000000047653    0.0000000000049505    0.0000000000048269
341.0    0.0000000000051062    0.0000000000049455    0.0000000000049973    0.0000000000052058    0.0000000000050724
343.0    0.0000000000053695    0.0000000000051984    0.0000000000052449    0.0000000000054668    0.0000000000053234
345.0    0.0000000000056506    0.0000000000054581    0.0000000000055207    0.0000000000057585    0.0000000000055914
347.0    0.0000000000059388    0.0000000000057354    0.0000000000058157    0.0000000000060702    0.0000000000058898
349.0    0.0000000000062596    0.0000000000060434    0.0000000000061176    0.0000000000063890    0.0000000000062090
351.0    0.0000000000066022    0.0000000000063729    0.0000000000064399    0.0000000000067453    0.0000000000065503
353.0    0.0000000000069688    0.0000000000067113    0.0000000000067990    0.0000000000071262    0.0000000000068995
355.0    0.0000000000073603    0.0000000000070727    0.0000000000071831    0.0000000000075155    0.0000000000072723
357.0    0.0000000000077617    0.0000000000074741    0.0000000000075761    0.0000000000079505    0.0000000000076874
359.0    0.0000000000082081    0.0000000000079035    0.0000000000079954    0.0000000000084153    0.0000000000081311
361.0    0.0000000000086847    0.0000000000083627    0.0000000000084624    0.0000000000088901    0.0000000000086054
363.0    0.0000000000091940    0.0000000000088340    0.0000000000089615    0.0000000000094202    0.0000000000090901
365.0    0.0000000000097374    0.0000000000093369    0.0000000000094715    0.0000000000099861    0.0000000000096069
367.0    0.0000000000103179    0.0000000000098949    0.0000000000100152    0.0000000000105635    0.0000000000101816
369.0    0.0000000000109365    0.0000000000104909    0.0000000000106198    0.0000000000112074    0.0000000000107950
371.0    0.0000000000115693    0.0000000000111273    0.0000000000112650    0.0000000000118937    0.0000000000114493
373.0    0.0000000000122711    0.0000000000117791    0.0000000000119231    0.0000000000125931    0.0000000000121469
375.0    0.0000000000130179    0.0000000000124733    0.0000000000126233    0.0000000000133363    0.0000000000128579
377.0    0.0000000000138136    0.0000000000132416    0.0000000000134004    0.0000000000141632    0.0000000000136138
379.0    0.0000000000146592    0.0000000000140601    0.0000000000142276    0.0000000000150424    0.0000000000144518
381.0    0.0000000000155215    0.0000000000149314    0.0000000000150695    0.0000000000159361    0.0000000000153430
383.0    0.0000000000164750    0.0000000000158212    0.0000000000159631    0.0000000000169283    0.0000000000162901
385.0    0.0000000000174863    0.0000000000167657    0.0000000000169522    0.0000000000179810    0.0000000000172523
387.0    0.0000000000185599    0.0000000000178073    0.0000000000180023    0.0000000000190488    0.0000000000182719
389.0    0.0000000000196970    0.0000000000189128    0.0000000000190682    0.0000000000202315    0.0000000000193982
391.0    0.0000000000209025    0.0000000000200849    0.0000000000201965    0.0000000000214838    0.0000000000205917
393.0    0.0000000000221774    0.0000000000212772    0.0000000000214419    0.0000000000227511    0.0000000000218556
395.0    0.0000000000234712    0.0000000000225374    0.0000000000227607    0.0000000000241522    0.0000000000231354
397.0    0.0000000000248949    0.0000000000239216    0.0000000000240960    0.0000000000256327    0.0000000000244867
399.0    0.0000000000263983    0.0000000000253845    0.0000000000255061    0.0000000000271285    0.0000000000259749
401.0    0.0000000000279872    0.0000000000269292    0.0000000000270595    0.0000000000287796    0.0000000000275472
403.0    0.0000000000296637    0.0000000000284945    0.0000000000287013    0.0000000000305222    0.0000000000292078
405.0    0.0000000000313613    0.0000000000301433    0.0000000000303612    0.0000000000322813    0.0000000000309612
407.0    0.0000000000332266    0.0000000000319488    0.0000000000321124    0.0000000000342220    0.0000000000327325
409.0    0.0000000000351942    0.0000000000338519    0.0000000000340402    0.0000000000362703    0.0000000000345998
411.0    0.0000000000372733    0.0000000000358577    0.0000000000360775    0.0000000000383387    0.0000000000366544
413.0    0.0000000000394677    0.0000000000378878    0.0000000000381383    0.0000000000406227    0.0000000000388249
415.0    0.0000000000416926    0.0000000000400256    0.0000000000403146    0.0000000000430368    0.0000000000411191
417.0    0.0000000000441420    0.0000000000423679    0.0000000000427143    0.0000000000454793    0.0000000000434409
419.0    0.0000000000467329    0.0000000000448410    0.0000000000452561    0.0000000000481830    0.0000000000458950
421.0    0.0000000000494805    0.0000000000474548    0.0000000000478343    0.0000000000510488    0.0000000000486044
423.0    0.0000000000523932    0.0000000000501102    0.0000000000505661    0.0000000000539579    0.0000000000514787
425.0    0.0000000000554896    0.0000000000529198    0.0000000000535899    0.0000000000570436    0.0000000000545321
427.0    0.0000000000587803    0.0000000000560162    0.0000000000568064    0.0000000000604763    0.0000000000577798
429.0    0.0000000000621418    0.0000000000593077    0.0000000000600838    0.0000000000641336    0.0000000000610890
431.0    0.0000000000658727    0.0000000000628131    0.0000000000635726    0.0000000000678656    0.0000000000646121
433.0    0.0000000000698527    0.0000000000664030    0.0000000000674524    0.0000000000720335    0.0000000000685309
435.0    0.0000000000741109    0.0000000000702330    0.0000000000715992    0.0000000000764904    0.0000000000727208
437.0    0.0000000000786631    0.0000000000744897    0.0000000000758428    0.0000000000810534    0.0000000000772056
439.0    0.0000000000833386    0.0000000000790533    0.0000000000803781    0.0000000000861638    0.0000000000818012
441.0    0.0000000000885528    0.0000000000839525    0.0000000000854392    0.0000000000916410    0.0000000000867185
443.0    0.0000000000941371    0.0000000000890058    0.0000000000908643    0.0000000000972575    0.0000000000922116
445.0    0.0000000001001298    0.0000000000944305    0.0000000000964274    0.0000000001035530    0.0000000000981048
447.0    0.0000000001065481    0.0000000001004901    0.0000000001023801    0.0000000001103007    0.0000000001044272
449.0    0.0000000001131441    0.0000000001070111    0.0000000001090249    0.0000000001172151    0.0000000001109124
451.0    0.0000000001204955    0.0000000001140278    0.0000000001161429    0.0000000001249532    0.0000000001178503
453.0    0.0000000001283534    0.0000000001212690    0.0000000001234302    0.0000000001332274    0.0000000001255888
455.0    0.0000000001367582    0.0000000001290348    0.0000000001312073    0.0000000001416784    0.0000000001338673
457.0    0.0000000001457183    0.0000000001376858    0.0000000001398576    0.0000000001510984    0.0000000001427112
459.0    0.0000000001552715    0.0000000001469548    0.0000000001490805    0.0000000001611235    0.0000000001521428
461.0    0.0000000001654203    0.0000000001568676    0.0000000001584717    0.0000000001713084    0.0000000001617484
463.0    0.0000000001757498    0.0000000001670226    0.0000000001684312    0.0000000001825923    0.0000000001719359
465.0    0.0000000001871320    0.0000000001778176    0.0000000001794304    0.0000000001945220    0.0000000001831870
467.0    0.0000000001991443    0.0000000001897223    0.0000000001910636    0.0000000002065560    0.0000000001950851
469.0    0.0000000002118062    0.0000000002023310    0.0000000002028084    0.0000000002191943    0.0000000002076350
471.0    0.0000000002250997    0.0000000002151162    0.0000000002151514    0.0000000002330534    0.0000000002202694
473.0    0.0000000002384610    0.0000000002285594    0.0000000002286520    0.0000000002475492    0.0000000002335060
475.0    0.0000000002529918    0.0000000002432150    0.0000000002427831    0.0000000002620091    0.0000000002479369
477.0    0.0000000002681190    0.0000000002585466    0.0000000002569011    0.0000000002777259    0.0000000002629884
479.0    0.0000000002838358    0.0000000002745312    0.0000000002715778    0.0000000002940175    0.0000000002786396
481.0    0.0000000003000997    0.0000000002904859    0.0000000002874533    0.0000000003101204    0.0000000002941729
483.0    0.0000000003168925    0.0000000003069928    0.0000000003038778    0.0000000003274622    0.0000000003102120
485.0    0.0000000003341642    0.0000000003246951    0.0000000003200990    0.0000000003452715    0.0000000003274419
487.0    0.0000000003511668    0.0000000003429011    0.0000000003367678    0.0000000003627117    0.0000000003451394
489.0    0.0000000003692735    0.0000000003615601    0.0000000003545886    0.0000000003813199    0.0000000003632601
491.0    0.0000000003877293    0.0000000003798756    0.0000000003728048    0.0000000004002540    0.0000000003817565
493.0    0.0000000004064936    0.0000000003985120    0.0000000003905875    0.0000000004186269    0.0000000003997862
495.0    0.0000000004255066    0.0000000004181710    0.0000000004086492    0.0000000004380546    0.0000000004180718
497.0    0.0000000004439490    0.0000000004380533    0.0000000004277383    0.0000000004576475    0.0000000004373679
499.0    0.0000000004633047    0.0000000004580974    0.0000000004470248    0.0000000004764952    0.0000000004568326
501.0    0.0000000004827534    0.0000000004774653    0.0000000004656425    0.0000000004962562    0.0000000004764107
503.0    0.0000000005022442    0.0000000004968724    0.0000000004843461    0.0000000005160217    0.0000000004952289
505.0    0.0000000005217251    0.0000000005170399    0.0000000005039024    0.0000000005348832    0.0000000005140547
507.0    0.0000000005403710    0.0000000005371359    0.0000000005234488    0.0000000005545058    0.0000000005336577
509.0    0.0000000005596888    0.0000000005571069    0.0000000005421256    0.0000000005739862    0.0000000005531698
511.0    0.0000000005788585    0.0000000005761463    0.0000000005607043    0.0000000005924423    0.0000000005725433
513.0    0.0000000005978328    0.0000000005949795    0.0000000005799452    0.0000000006106894    0.0000000005909414
515.0    0.0000000006165792    0.0000000006143115    0.0000000005989947    0.0000000006295042    0.0000000006091330
517.0    0.0000000006350555    0.0000000006333448    0.0000000006170364    0.0000000006480245    0.0000000006278651
519.0    0.0000000006532373    0.0000000006520451    0.0000000006348314    0.0000000006654297    0.0000000006463062
521.0    0.0000000006703828    0.0000000006696872    0.0000000006531116    0.0000000006832756    0.0000000006644261
523.0    0.0000000006878965    0.0000000006869669    0.0000000006710670    0.0000000007007492    0.0000000006821981
525.0    0.0000000007050436    0.0000000007045406    0.0000000006879479    0.0000000007170887    0.0000000006988844
527.0    0.0000000007217960    0.0000000007216894    0.0000000007044828    0.0000000007337642    0.0000000007152078
529.0    0.0000000007381492    0.0000000007383994    0.0000000007213572    0.0000000007500201    0.0000000007318468
531.0    0.0000000007534545    0.0000000007540459    0.0000000007378267    0.0000000007651591    0.0000000007480675
533.0    0.0000000007689782    0.0000000007692648    0.0000000007532211    0.0000000007805509    0.0000000007638599
535.0    0.0000000007840771    0.0000000007846438    0.0000000007682182    0.0000000007955028    0.0000000007785886
537.0    0.0000000007987353    0.0000000007995598    0.0000000007834455    0.0000000008093820    0.0000000007929073
539.0    0.0000000008129631    0.0000000008140133    0.0000000007982351    0.0000000008234499    0.0000000008074182
541.0    0.0000000008267487    0.0000000008274797    0.0000000008119977    0.0000000008370774    0.0000000008214858
543.0    0.0000000008401058    0.0000000008405183    0.0000000008253499    0.0000000008496944    0.0000000008351117
545.0    0.0000000008525198    0.0000000008536387    0.0000000008388554    0.0000000008624518    0.0000000008477610
547.0    0.0000000008650303    0.0000000008663144    0.0000000008513910    0.0000000008747817    0.0000000008600048
549.0    0.0000000008771250    0.0000000008785528    0.0000000008635236    0.0000000008861727    0.0000000008723635
551.0    0.0000000008887989    0.0000000008899182    0.0000000008757672    0.0000000008976676    0.0000000008842984
553.0    0.0000000009000701    0.0000000009008897    0.0000000008875887    0.0000000009087557    0.0000000008958163
555.0    0.0000000009105107    0.0000000009118990    0.0000000008985306    0.0000000009189800    0.0000000009069249
557.0    0.0000000009209980    0.0000000009225056    0.0000000009090918    0.0000000009292780    0.0000000009171962
559.0    0.0000000009311048    0.0000000009327189    0.0000000009197217    0.0000000009391929    0.0000000009271003
561.0    0.0000000009408285    0.0000000009421792    0.0000000009299580    0.0000000009483177    0.0000000009370596
563.0    0.0000000009501872    0.0000000009512877    0.0000000009394078    0.0000000009571015    0.0000000009466406
565.0    0.0000000009588278    0.0000000009604023    0.0000000009485053    0.0000000009659247    0.0000000009558511
567.0    0.0000000009674781    0.0000000009691577    0.0000000009576374    0.0000000009743952    0.0000000009643394
569.0    0.0000000009757845    0.0000000009775616    0.0000000009664056    0.0000000009821668    0.0000000009724961
571.0    0.0000000009837452    0.0000000009853190    0.0000000009744767    0.0000000009899528    0.0000000009806683
573.0    0.0000000009913758    0.0000000009927597    0.0000000009822219    0.0000000009974057    0.0000000009884981
575.0    0.0000000009986742    0.0000000010001737    0.0000000009899702    0.0000000010042236    0.0000000009959921
577.0    0.0000000010056508    0.0000000010072638    0.0000000009973820    0.0000000010110292    0.0000000010028652
579.0    0.0000000010120517    0.0000000010140292    0.0000000010041773    0.0000000010175191    0.0000000010094367
581.0    0.0000000010184115    0.0000000010202408    0.0000000010106700    0.0000000010234327    0.0000000010159867
583.0    0.0000000010244658    0.0000000010261592    0.0000000010171325    0.0000000010293092    0.0000000010222200
585.0    0.0000000010302185    0.0000000010320146    0.0000000010232842    0.0000000010348845    0.0000000010281467
587.0    0.0000000010356767    0.0000000010375654    0.0000000010288909    0.0000000010399364    0.0000000010337667
589.0    0.0000000010406400    0.0000000010426233    0.0000000010342150    0.0000000010449275    0.0000000010388773
591.0    0.0000000010455292    0.0000000010474069    0.0000000010394800    0.0000000010496318    0.0000000010437133
593.0    0.0000000010501383    0.0000000010520946    0.0000000010444492    0.0000000010538673    0.0000000010484775
595.0    0.0000000010544646    0.0000000010564992    0.0000000010489482    0.0000000010580158    0.0000000010529575
597.0    0.0000000010585242    0.0000000010606177    0.0000000010531783    0.0000000010618955    0.0000000010571575
599.0    0.0000000010621700    0.0000000010643208    0.0000000010573225    0.0000000010653545    0.0000000010609282
601.0    0.0000000010657069    0.0000000010677700    0.0000000010611967    0.0000000010687108    0.0000000010644458
603.0    0.0000000010689942    0.0000000010710962    0.0000000010646609    0.0000000010718155    0.0000000010678617
605.0    0.0000000010720262    0.0000000010741615    0.0000000010678808    0.0000000010745500    0.0000000010710233
607.0    0.0000000010748208    0.0000000010769738    0.0000000010709942    0.0000000010770609    0.0000000010739300
609.0    0.0000000010773731    0.0000000010794433    0.0000000010738558    0.0000000010794500    0.0000000010764882
611.0    0.0000000010797000    0.0000000010816877    0.0000000010763736    0.0000000010816155    0.0000000010788258
613.0    0.0000000010817233    0.0000000010837946    0.0000000010786733    0.0000000010834782    0.0000000010810408
615.0    0.0000000010836154    0.0000000010856754    0.0000000010808508    0.0000000010852133    0.0000000010830308
617.0    0.0000000010853033    0.0000000010873385    0.0000000010828083    0.0000000010867455    0.0000000010848075
619.0    0.0000000010867885    0.0000000010887400    0.0000000010844836    0.0000000010880227    0.0000000010863758
621.0    0.0000000010880833    0.0000000010899538    0.0000000010859692    0.0000000010891725    0.0000000010876927
623.0    0.0000000010891517    0.0000000010910315    0.0000000010873283    0.0000000010901409    0.0000000010888308
625.0    0.0000000010900915    0.0000000010919238    0.0000000010884975    0.0000000010909055    0.0000000010898408
627.0    0.0000000010908642    0.0000000010926438    0.0000000010894482    0.0000000010915442    0.0000000010906775
629.0    0.0000000010914723    0.0000000010931817    0.0000000010902392    0.0000000010920255    0.0000000010913483
631.0    0.0000000010919350    0.0000000010935738    0.0000000010909008    0.0000000010923482    0.0000000010918418
633.0    0.0000000010922500    0.0000000010938385    0.0000000010914092    0.0000000010925467    0.0000000010921983
635.0    0.0000000010924308    0.0000000010939631    0.0000000010917582    0.0000000010926136    0.0000000010924325
637.0    0.0000000010924833    0.0000000010939600    0.0000000010919742    0.0000000010925591    0.0000000010925317
639.0    0.0000000010924177    0.0000000010938433    0.0000000010920725    0.0000000010923892    0.0000000010925075
641.0    0.0000000010922425    0.0000000010936208    0.0000000010920458    0.0000000010921109    0.0000000010923650
643.0    0.0000000010919569    0.0000000010932854    0.0000000010919091    0.0000000010917473    0.0000000010921236
645.0    0.0000000010915725    0.0000000010928500    0.0000000010916683    0.0000000010912708    0.0000000010917858
647.0    0.0000000010911158    0.0000000010923231    0.0000000010913150    0.0000000010907073    0.0000000010913408
649.0    0.0000000010905523    0.0000000010917350    0.0000000010908658    0.0000000010900855    0.0000000010908017
651.0    0.0000000010899058    0.0000000010910731    0.0000000010903482    0.0000000010893558    0.0000000010901808
653.0    0.0000000010891815    0.0000000010903138    0.0000000010897508    0.0000000010885555    0.0000000010895073
655.0    0.0000000010883858    0.0000000010894815    0.0000000010890475    0.0000000010877218    0.0000000010887667
657.0    0.0000000010875575    0.0000000010885831    0.0000000010882692    0.0000000010868273    0.0000000010879242
659.0    0.0000000010866285    0.0000000010876625    0.0000000010874564    0.0000000010858325    0.0000000010870150
661.0    0.0000000010856425    0.0000000010866862    0.0000000010865783    0.0000000010847755    0.0000000010860417
663.0    0.0000000010845946    0.0000000010856162    0.0000000010856025    0.0000000010837145    0.0000000010850555
665.0    0.0000000010834950    0.0000000010844938    0.0000000010845633    0.0000000010825492    0.0000000010840158
667.0    0.0000000010823400    0.0000000010833223    0.0000000010835182    0.0000000010813355    0.0000000010828792
669.0    0.0000000010811383    0.0000000010821517    0.0000000010824192    0.0000000010801273    0.0000000010816883
671.0    0.0000000010799383    0.0000000010809369    0.0000000010812233    0.0000000010788183    0.0000000010804542
673.0    0.0000000010786431    0.0000000010796300    0.0000000010799758    0.0000000010774673    0.0000000010791717
675.0    0.0000000010773033    0.0000000010782808    0.0000000010787373    0.0000000010761291    0.0000000010778982
677.0    0.0000000010759215    0.0000000010768877    0.0000000010774525    0.0000000010746908    0.0000000010765833
679.0    0.0000000010744983    0.0000000010755117    0.0000000010760700    0.0000000010732091    0.0000000010751700
681.0    0.0000000010730925    0.0000000010740985    0.0000000010746475    0.0000000010717545    0.0000000010737183
683.0    0.0000000010715892    0.0000000010725900    0.0000000010732400    0.0000000010701967    0.0000000010722250
685.0    0.0000000010700475    0.0000000010710415    0.0000000010717958    0.0000000010685982    0.0000000010707564
687.0    0.0000000010684662    0.0000000010694577    0.0000000010702525    0.0000000010670327    0.0000000010692500
689.0    0.0000000010668500    0.0000000010678975    0.0000000010686658    0.0000000010653592    0.0000000010676425
691.0    0.0000000010651938    0.0000000010663046    0.0000000010671118    0.0000000010636491    0.0000000010659967
693.0    0.0000000010635033    0.0000000010646108    0.0000000010655200    0.0000000010619764    0.0000000010643133
695.0    0.0000000010618467    0.0000000010628800    0.0000000010638242    0.0000000010601942    0.0000000010626664
697.0    0.0000000010600823    0.0000000010611131    0.0000000010620917    0.0000000010583764    0.0000000010609867
699.0    0.0000000010582850    0.0000000010593800    0.0000000010603964    0.0000000010566018    0.0000000010591950
701.0    0.0000000010564531    0.0000000010576154    0.0000000010586658    0.0000000010547964    0.0000000010573725
703.0    0.0000000010545850    0.0000000010557454    0.0000000010568267    0.0000000010528725    0.0000000010555125
705.0    0.0000000010527617    0.0000000010538392    0.0000000010549517    0.0000000010509155    0.0000000010536183
707.0    0.0000000010508277    0.0000000010519750    0.0000000010531200    0.0000000010490109    0.0000000010517700
709.0    0.0000000010488575    0.0000000010500785    0.0000000010512600    0.0000000010469850    0.0000000010498892
711.0    0.0000000010468569    0.0000000010480715    0.0000000010492817    0.0000000010449264    0.0000000010478933
713.0    0.0000000010448217    0.0000000010460323    0.0000000010472717    0.0000000010429227    0.0000000010458633
715.0    0.0000000010428367    0.0000000010439585    0.0000000010453109    0.0000000010407958    0.0000000010437992
717.0    0.0000000010407369    0.0000000010419333    0.0000000010433192    0.0000000010386373    0.0000000010417909
719.0    0.0000000010386025    0.0000000010398762    0.0000000010412075    0.0000000010365400    0.0000000010397508
721.0    0.0000000010364362    0.0000000010377054    0.0000000010390600    0.0000000010343142    0.0000000010375892
723.0    0.0000000010342367    0.0000000010354992    0.0000000010369755    0.0000000010320545    0.0000000010353958
725.0    0.0000000010320077    0.0000000010332654    0.0000000010348592    0.0000000010298655    0.0000000010331683
727.0    0.0000000010297425    0.0000000010310842    0.0000000010326175    0.0000000010275408    0.0000000010310045
729.0    0.0000000010275392    0.0000000010288723    0.0000000010303417    0.0000000010251845    0.0000000010288083
731.0    0.0000000010252138    0.0000000010265392    0.0000000010281309    0.0000000010228991    0.0000000010264883
733.0    0.0000000010228550    0.0000000010241762    0.0000000010258900    0.0000000010204808    0.0000000010241325
735.0    0.0000000010204662    0.0000000010217808    0.0000000010235183    0.0000000010180309    0.0000000010217483
737.0    0.0000000010180442    0.0000000010194467    0.0000000010211158    0.0000000010156545    0.0000000010193275
739.0    0.0000000010156892    0.0000000010170800    0.0000000010187836    0.0000000010131400    0.0000000010169809
741.0    0.0000000010132077    0.0000000010145931    0.0000000010164200    0.0000000010105918    0.0000000010146025
743.0    0.0000000010106917    0.0000000010120715    0.0000000010139233    0.0000000010081264    0.0000000010120917
745.0    0.0000000010081454    0.0000000010095185    0.0000000010113933    0.0000000010055158    0.0000000010095467
747.0    0.0000000010055683    0.0000000010070300    0.0000000010089400    0.0000000010028755    0.0000000010069708
749.0    0.0000000010030650    0.0000000010045177    0.0000000010064567    0.0000000010003169    0.0000000010044727
751.0    0.0000000010004269    0.0000000010018715    0.0000000010038308    0.0000000009977319    0.0000000010019450
753.0    0.0000000009977572    0.0000000009991915    0.0000000010011795    0.0000000009949980    0.0000000009992754
755.0    0.0000000009950568    0.0000000009964813    0.0000000009986064    0.0000000009922330    0.0000000009965759
757.0    0.0000000009923263    0.0000000009938452    0.0000000009960038    0.0000000009895589    0.0000000009938446
759.0    0.0000000009895648    0.0000000009911796    0.0000000009932578    0.0000000009867330    0.0000000009911979
761.0    0.0000000009867735    0.0000000009883768    0.0000000009904805    0.0000000009838765    0.0000000009885225
763.0    0.0000000009840653    0.0000000009855425    0.0000000009877900    0.0000000009811156    0.0000000009857003
765.0    0.0000000009812150    0.0000000009826772    0.0000000009850710    0.0000000009781993    0.0000000009828475
767.0    0.0000000009783355    0.0000000009798932    0.0000000009822039    0.0000000009752540    0.0000000009799644
769.0    0.0000000009754265    0.0000000009770806    0.0000000009793068    0.0000000009724088    0.0000000009770510
771.0    0.0000000009724888    0.0000000009741258    0.0000000009765022    0.0000000009694056    0.0000000009742314
773.0    0.0000000009696415    0.0000000009711410    0.0000000009736702    0.0000000009663742    0.0000000009713840
775.0    0.0000000009666482    0.0000000009681269    0.0000000009706868    0.0000000009634481    0.0000000009683847
777.0    0.0000000009636274    0.0000000009652015    0.0000000009676743    0.0000000009603616    0.0000000009653568
779.0    0.0000000009605794    0.0000000009622491    0.0000000009647611    0.0000000009572485    0.0000000009623007
781.0    0.0000000009575048    0.0000000009591516    0.0000000009618218    0.0000000009542458    0.0000000009593463
783.0    0.0000000009544042    0.0000000009560265    0.0000000009587282    0.0000000009510811    0.0000000009563668
785.0    0.0000000009512786    0.0000000009528745    0.0000000009556077    0.0000000009478915    0.0000000009532316
787.0    0.0000000009482540    0.0000000009498195    0.0000000009525931    0.0000000009448175    0.0000000009500708
789.0    0.0000000009450801    0.0000000009467406    0.0000000009495543    0.0000000009415801    0.0000000009468849
791.0    0.0000000009418828    0.0000000009435142    0.0000000009463594    0.0000000009383197    0.0000000009438088
793.0    0.0000000009386627    0.0000000009402642    0.0000000009431404    0.0000000009351806    0.0000000009407107
795.0    0.0000000009354209    0.0000000009369911    0.0000000009400334    0.0000000009320215    0.0000000009374554
797.0    0.0000000009322887    0.0000000009338230    0.0000000009369053    0.0000000009286983    0.0000000009341781
799.0    0.0000000009290058    0.0000000009306345    0.0000000009336196    0.0000000009253555    0.0000000009308793
801.0    0.0000000009257037    0.0000000009272988    0.0000000009303129    0.0000000009221402    0.0000000009275600
803.0    0.0000000009223826    0.0000000009239431    0.0000000009271253    0.0000000009187606    0.0000000009243603
805.0    0.0000000009190436    0.0000000009205687    0.0000000009239190    0.0000000009153642    0.0000000009211434
807.0    0.0000000009158221    0.0000000009173071    0.0000000009205554    0.0000000009120998    0.0000000009177687
809.0    0.0000000009124506    0.0000000009140295    0.0000000009171739    0.0000000009086718    0.0000000009143772
811.0    0.0000000009090637    0.0000000009106052    0.0000000009139174    0.0000000009052294    0.0000000009109693
813.0    0.0000000009056624    0.0000000009071656    0.0000000009106458    0.0000000009019236    0.0000000009076891
815.0    0.0000000009022473    0.0000000009037118    0.0000000009072172    0.0000000008984552    0.0000000009043953
817.0    0.0000000008988199    0.0000000009003782    0.0000000009037745    0.0000000008949747    0.0000000009009453
819.0    0.0000000008953806    0.0000000008970328    0.0000000009004626    0.0000000008916356    0.0000000008974822
821.0    0.0000000008920687    0.0000000008935425    0.0000000008971390    0.0000000008881347    0.0000000008940077
823.0    0.0000000008886086    0.0000000008900415    0.0000000008936598    0.0000000008846246    0.0000000008906677
825.0    0.0000000008851400    0.0000000008866658    0.0000000008903155    0.0000000008812595    0.0000000008873186
827.0    0.0000000008816629    0.0000000008832819    0.0000000008869619    0.0000000008777347    0.0000000008838149
829.0    0.0000000008781787    0.0000000008797550    0.0000000008834542    0.0000000008742034    0.0000000008803032
831.0    0.0000000008748279    0.0000000008762208    0.0000000008799384    0.0000000008708205    0.0000000008767842
833.0    0.0000000008713322    0.0000000008726808    0.0000000008765625    0.0000000008672798    0.0000000008732590
835.0    0.0000000008678319    0.0000000008692721    0.0000000008731811    0.0000000008637355    0.0000000008698756
837.0    0.0000000008643280    0.0000000008658592    0.0000000008696475    0.0000000008603427    0.0000000008664883
839.0    0.0000000008608215    0.0000000008623065    0.0000000008661095    0.0000000008567947    0.0000000008629503
841.0    0.0000000008573132    0.0000000008587516    0.0000000008627164    0.0000000008532457    0.0000000008594094
843.0    0.0000000008538040    0.0000000008551952    0.0000000008593207    0.0000000008498514    0.0000000008558673
845.0    0.0000000008504354    0.0000000008517750    0.0000000008557761    0.0000000008464582    0.0000000008524719
847.0    0.0000000008469274    0.0000000008483554    0.0000000008522310    0.0000000008429129    0.0000000008490768
849.0    0.0000000008434213    0.0000000008448005    0.0000000008488340    0.0000000008393708    0.0000000008455355
851.0    0.0000000008399182    0.0000000008412477    0.0000000008454384    0.0000000008359864    0.0000000008419962
853.0    0.0000000008364188    0.0000000008376985    0.0000000008418975    0.0000000008324533    0.0000000008384602
855.0    0.0000000008330639    0.0000000008342900    0.0000000008383599    0.0000000008289259    0.0000000008349283
857.0    0.0000000008295745    0.0000000008308862    0.0000000008349735    0.0000000008255584    0.0000000008315482
859.0    0.0000000008260917    0.0000000008273527    0.0000000008315918    0.0000000008220452    0.0000000008281739
861.0    0.0000000008226164    0.0000000008238263    0.0000000008280693    0.0000000008185408    0.0000000008246593
863.0    0.0000000008191494    0.0000000008203084    0.0000000008245537    0.0000000008151976    0.0000000008211528
865.0    0.0000000008158297    0.0000000008169342    0.0000000008211920    0.0000000008117127    0.0000000008176552
867.0    0.0000000008123814    0.0000000008135697    0.0000000008178383    0.0000000008082387    0.0000000008143125
869.0    0.0000000008089438    0.0000000008100813    0.0000000008143483    0.0000000008049274    0.0000000008109796
871.0    0.0000000008055178    0.0000000008066048    0.0000000008108688    0.0000000008014779    0.0000000008075127
873.0    0.0000000008021043    0.0000000008031414    0.0000000008075450    0.0000000007980419    0.0000000008040583
875.0    0.0000000007987042    0.0000000007998238    0.0000000008042325    0.0000000007947686    0.0000000008006170
877.0    0.0000000007953178    0.0000000007965198    0.0000000008007885    0.0000000007913614    0.0000000007973323
879.0    0.0000000007920803    0.0000000007930988    0.0000000007973580    0.0000000007879696    0.0000000007940611
881.0    0.0000000007887235    0.0000000007896938    0.0000000007940839    0.0000000007847406    0.0000000007906628
883.0    0.0000000007853816    0.0000000007863056    0.0000000007908241    0.0000000007813814    0.0000000007872803
885.0    0.0000000007820569    0.0000000007830638    0.0000000007874376    0.0000000007780390    0.0000000007839147
887.0    0.0000000007787485    0.0000000007798392    0.0000000007840677    0.0000000007748590    0.0000000007805663
889.0    0.0000000007755890    0.0000000007765037    0.0000000007808539    0.0000000007716955    0.0000000007773745
891.0    0.0000000007723156    0.0000000007731872    0.0000000007776564    0.0000000007684065    0.0000000007741994
893.0    0.0000000007690599    0.0000000007698903    0.0000000007743370    0.0000000007651365    0.0000000007709047
895.0    0.0000000007658232    0.0000000007667387    0.0000000007710362    0.0000000007620262    0.0000000007676289
897.0    0.0000000007626049    0.0000000007636065    0.0000000007678902    0.0000000007587941    0.0000000007643728
899.0    0.0000000007595336    0.0000000007603688    0.0000000007647621    0.0000000007555811    0.0000000007612709
901.0    0.0000000007563533    0.0000000007571515    0.0000000007615166    0.0000000007525265    0.0000000007581877
903.0    0.0000000007531918    0.0000000007539555    0.0000000007582907    0.0000000007493522    0.0000000007549899
905.0    0.0000000007500503    0.0000000007509018    0.0000000007552175    0.0000000007461978    0.0000000007518125
907.0    0.0000000007469279    0.0000000007478678    0.0000000007521626    0.0000000007431990    0.0000000007486553
909.0    0.0000000007438252    0.0000000007447331    0.0000000007489944    0.0000000007400835    0.0000000007456490
911.0    0.0000000007407417    0.0000000007416191    0.0000000007458460    0.0000000007369871    0.0000000007426612
913.0    0.0000000007377995    0.0000000007385258    0.0000000007428475    0.0000000007340437    0.0000000007395632
915.0    0.0000000007347540    0.0000000007355709    0.0000000007398670    0.0000000007309856    0.0000000007364852
917.0    0.0000000007317271    0.0000000007326348    0.0000000007367763    0.0000000007279463    0.0000000007334272
919.0    0.0000000007287191    0.0000000007296011    0.0000000007337050    0.0000000007250565    0.0000000007303887
921.0    0.0000000007257293    0.0000000007265867    0.0000000007307793    0.0000000007220535    0.0000000007274948
923.0    0.0000000007228762    0.0000000007235918    0.0000000007278718    0.0000000007190683    0.0000000007246187
925.0    0.0000000007199220    0.0000000007207298    0.0000000007248558    0.0000000007162295    0.0000000007216357
927.0    0.0000000007169848    0.0000000007178852    0.0000000007218583    0.0000000007132787    0.0000000007186709
929.0    0.0000000007140648    0.0000000007149442    0.0000000007190025    0.0000000007103445    0.0000000007157241
931.0    0.0000000007111613    0.0000000007120208    0.0000000007161632    0.0000000007075535    0.0000000007129160
933.0    0.0000000007082742    0.0000000007091145    0.0000000007132173    0.0000000007047769    0.0000000007101238
935.0    0.0000000007054029    0.0000000007063356    0.0000000007102882    0.0000000007018895    0.0000000007072263
937.0    0.0000000007026605    0.0000000007035715    0.0000000007074965    0.0000000006990167    0.0000000007043450
939.0    0.0000000006998187    0.0000000007007117    0.0000000007047196    0.0000000006962827    0.0000000007014788
941.0    0.0000000006969911    0.0000000006978671    0.0000000007018372    0.0000000006934382    0.0000000006987463
943.0    0.0000000006941775    0.0000000006951453    0.0000000006989696    0.0000000006906072    0.0000000006960271
945.0    0.0000000006913771    0.0000000006924365    0.0000000006962351    0.0000000006879115    0.0000000006932032
947.0    0.0000000006887010    0.0000000006896319    0.0000000006935136    0.0000000006851056    0.0000000006903930
949.0    0.0000000006859257    0.0000000006868404    0.0000000006906870    0.0000000006823117    0.0000000006875953
951.0    0.0000000006831620    0.0000000006840610    0.0000000006878735    0.0000000006796502    0.0000000006848102
953.0    0.0000000006804101    0.0000000006813993    0.0000000006851891    0.0000000006768789    0.0000000006821523
955.0    0.0000000006776690    0.0000000006787481    0.0000000006825155    0.0000000006741180    0.0000000006795048
957.0    0.0000000006750476    0.0000000006760014    0.0000000006797374    0.0000000006714866    0.0000000006767530
959.0    0.0000000006723270    0.0000000006732646    0.0000000006769703    0.0000000006687457    0.0000000006740117
961.0    0.0000000006696160    0.0000000006705377    0.0000000006743287    0.0000000006660139    0.0000000006712803
963.0    0.0000000006669145    0.0000000006679245    0.0000000006716963    0.0000000006634094    0.0000000006686717
965.0    0.0000000006642217    0.0000000006653194    0.0000000006689591    0.0000000006606950    0.0000000006660717
967.0    0.0000000006615373    0.0000000006626185    0.0000000006662314    0.0000000006579886    0.0000000006633668
969.0    0.0000000006588611    0.0000000006599254    0.0000000006636256    0.0000000006554075    0.0000000006606704
971.0    0.0000000006562993    0.0000000006572401    0.0000000006610279    0.0000000006527163    0.0000000006579821
973.0    0.0000000006536382    0.0000000006546649    0.0000000006583253    0.0000000006500323    0.0000000006554127
975.0    0.0000000006509842    0.0000000006520963    0.0000000006556306    0.0000000006474716    0.0000000006528503
977.0    0.0000000006483369    0.0000000006494315    0.0000000006530552    0.0000000006448011    0.0000000006501831
979.0    0.0000000006456960    0.0000000006467731    0.0000000006504867    0.0000000006421365    0.0000000006475227
981.0    0.0000000006431668    0.0000000006441207    0.0000000006478128    0.0000000006395941    0.0000000006448686
983.0    0.0000000006405382    0.0000000006415759    0.0000000006451457    0.0000000006370564    0.0000000006422202
985.0    0.0000000006379153    0.0000000006390362    0.0000000006425957    0.0000000006344091    0.0000000006396880
987.0    0.0000000006352976    0.0000000006364004    0.0000000006400515    0.0000000006317671    0.0000000006371609
989.0    0.0000000006326856    0.0000000006337696    0.0000000006374020    0.0000000006292451    0.0000000006345292
991.0    0.0000000006300786    0.0000000006311438    0.0000000006347582    0.0000000006266129    0.0000000006319026
993.0    0.0000000006274762    0.0000000006286236    0.0000000006322296    0.0000000006239857    0.0000000006292810
995.0    0.0000000006249827    0.0000000006261074    0.0000000006297059    0.0000000006214772    0.0000000006267732
997.0    0.0000000006223896    0.0000000006234951    0.0000000006270772    0.0000000006188589    0.0000000006242695
999.0    0.0000000006198008    0.0000000006208872    0.0000000006244536    0.0000000006162451    0.0000000006216612
1001.0    0.0000000006172165    0.0000000006182834    0.0000000006219433    0.0000000006137486    0.0000000006190575
1003.0    0.0000000006146363    0.0000000006157835    0.0000000006194373    0.0000000006111427    0.0000000006164580
1005.0    0.0000000006121631    0.0000000006132874    0.0000000006168265    0.0000000006085411    0.0000000006139704
1007.0    0.0000000006095905    0.0000000006106950    0.0000000006142199    0.0000000006060558    0.0000000006114865
1009.0    0.0000000006070218    0.0000000006081062    0.0000000006117259    0.0000000006034614    0.0000000006088983
1011.0    0.0000000006044570    0.0000000006055213    0.0000000006092353    0.0000000006008705    0.0000000006063139
1013.0    0.0000000006018953    0.0000000006030391    0.0000000006066403    0.0000000005983958    0.0000000006037329
1015.0    0.0000000005994396    0.0000000006005600    0.0000000006040492    0.0000000005958121    0.0000000006011558
1017.0    0.0000000005968849    0.0000000005979852    0.0000000006015693    0.0000000005932315    0.0000000005986892
1019.0    0.0000000005943333    0.0000000005954135    0.0000000005990927    0.0000000005907662    0.0000000005962255
1021.0    0.0000000005917855    0.0000000005928452    0.0000000005965117    0.0000000005881924    0.0000000005936582
1023.0    0.0000000005892406    0.0000000005903786    0.0000000005939344    0.0000000005856215    0.0000000005910941
1025.0    0.0000000005866988    0.0000000005879150    0.0000000005914675    0.0000000005831655    0.0000000005885328
1027.0    0.0000000005841605    0.0000000005853557    0.0000000005890034    0.0000000005807124    0.0000000005860815
1029.0    0.0000000005817259    0.0000000005827996    0.0000000005864356    0.0000000005781508    0.0000000005836332
1031.0    0.0000000005791932    0.0000000005802464    0.0000000005838707    0.0000000005755921    0.0000000005810811
1033.0    0.0000000005766634    0.0000000005777941    0.0000000005814157    0.0000000005731474    0.0000000005785319
1035.0    0.0000000005741370    0.0000000005753445    0.0000000005789638    0.0000000005705946    0.0000000005759860
1037.0    0.0000000005716127    0.0000000005727998    0.0000000005764078    0.0000000005680446    0.0000000005735484
1039.0    0.0000000005691923    0.0000000005702579    0.0000000005738548    0.0000000005656083    0.0000000005711137
1041.0    0.0000000005666740    0.0000000005677188    0.0000000005714111    0.0000000005630639    0.0000000005685759
1043.0    0.0000000005641584    0.0000000005652796    0.0000000005689700    0.0000000005605225    0.0000000005660408
1045.0    0.0000000005616455    0.0000000005628436    0.0000000005664254    0.0000000005580945    0.0000000005635087
1047.0    0.0000000005591357    0.0000000005603123    0.0000000005638839    0.0000000005555587    0.0000000005609791
1049.0    0.0000000005567285    0.0000000005577839    0.0000000005614509    0.0000000005530255    0.0000000005585575
1051.0    0.0000000005542240    0.0000000005553552    0.0000000005590205    0.0000000005506054    0.0000000005561384
1053.0    0.0000000005517220    0.0000000005529290    0.0000000005564875    0.0000000005480780    0.0000000005536170
1055.0    0.0000000005492228    0.0000000005504085    0.0000000005539566    0.0000000005455535    0.0000000005510978
1057.0    0.0000000005467264    0.0000000005478905    0.0000000005515339    0.0000000005431414    0.0000000005485817
1059.0    0.0000000005442328    0.0000000005453752    0.0000000005491140    0.0000000005406226    0.0000000005461727
1061.0    0.0000000005417419    0.0000000005429590    0.0000000005465915    0.0000000005381064    0.0000000005437663
1063.0    0.0000000005393535    0.0000000005405451    0.0000000005441768    0.0000000005357025    0.0000000005412578
1065.0    0.0000000005368679    0.0000000005380378    0.0000000005417647    0.0000000005331923    0.0000000005387521
1067.0    0.0000000005343855    0.0000000005355330    0.0000000005392504    0.0000000005306852    0.0000000005362491
1069.0    0.0000000005319057    0.0000000005330308    0.0000000005367391    0.0000000005282897    0.0000000005338529
1071.0    0.0000000005294290    0.0000000005306273    0.0000000005343350    0.0000000005258973    0.0000000005314591
1073.0    0.0000000005270541    0.0000000005282263    0.0000000005319337    0.0000000005233991    0.0000000005289643
1075.0    0.0000000005245833    0.0000000005257323    0.0000000005294306    0.0000000005209045    0.0000000005264722
1077.0    0.0000000005221155    0.0000000005232410    0.0000000005269307    0.0000000005185213    0.0000000005239828
1079.0    0.0000000005196510    0.0000000005207527    0.0000000005245380    0.0000000005160329    0.0000000005214966
1081.0    0.0000000005171894    0.0000000005183628    0.0000000005221479    0.0000000005135483    0.0000000005191165
1083.0    0.0000000005148296    0.0000000005159757    0.0000000005196571    0.0000000005111751    0.0000000005167393
1085.0    0.0000000005123750    0.0000000005134962    0.0000000005171694    0.0000000005086976    0.0000000005142621
1087.0    0.0000000005099237    0.0000000005110198    0.0000000005147885    0.0000000005062241    0.0000000005117880
1089.0    0.0000000005074761    0.0000000005085467    0.0000000005124112    0.0000000005038619    0.0000000005093171
1091.0    0.0000000005050322    0.0000000005061721    0.0000000005099337    0.0000000005013963    0.0000000005069523
1093.0    0.0000000005025922    0.0000000005038005    0.0000000005074600    0.0000000004989349    0.0000000005045910
1095.0    0.0000000005001565    0.0000000005013378    0.0000000005050925    0.0000000004965849    0.0000000005021307
1097.0    0.0000000004978219    0.0000000004988790    0.0000000005027291    0.0000000004941326    0.0000000004996737
1099.0    0.0000000004953943    0.0000000004964238    0.0000000005002666    0.0000000004916851    0.0000000004972211
1101.0    0.0000000004929714    0.0000000004940669    0.0000000004978085    0.0000000004893487    0.0000000004948743
1103.0    0.0000000004905532    0.0000000004917142    0.0000000004954569    0.0000000004869115    0.0000000004925316
1105.0    0.0000000004881398    0.0000000004892716    0.0000000004931093    0.0000000004844796    0.0000000004900914
1107.0    0.0000000004858280    0.0000000004868338    0.0000000004906647    0.0000000004821588    0.0000000004876560
1109.0    0.0000000004834251    0.0000000004844009    0.0000000004882248    0.0000000004797386    0.0000000004852254
1111.0    0.0000000004810277    0.0000000004820662    0.0000000004858915    0.0000000004773242    0.0000000004828000
1113.0    0.0000000004786362    0.0000000004797365    0.0000000004835631    0.0000000004750212    0.0000000004804804
1115.0    0.0000000004762507    0.0000000004773191    0.0000000004811391    0.0000000004726199    0.0000000004781662
1117.0    0.0000000004738714    0.0000000004749076    0.0000000004787209    0.0000000004702258    0.0000000004757572
1119.0    0.0000000004714991    0.0000000004725022    0.0000000004764093    0.0000000004679426    0.0000000004733541
1121.0    0.0000000004692281    0.0000000004701953    0.0000000004741036    0.0000000004656666    0.0000000004709576
1123.0    0.0000000004668697    0.0000000004678950    0.0000000004717041    0.0000000004632952    0.0000000004686672
1125.0    0.0000000004645188    0.0000000004655095    0.0000000004693118    0.0000000004609316    0.0000000004663832
1127.0    0.0000000004621758    0.0000000004631314    0.0000000004670259    0.0000000004586793    0.0000000004640074
1129.0    0.0000000004598409    0.0000000004607612    0.0000000004647472    0.0000000004563334    0.0000000004616392
1131.0    0.0000000004576076    0.0000000004584898    0.0000000004623769    0.0000000004539968    0.0000000004592792
1133.0    0.0000000004552902    0.0000000004562261    0.0000000004600152    0.0000000004517712    0.0000000004569275
1135.0    0.0000000004529818    0.0000000004538808    0.0000000004577599    0.0000000004494539    0.0000000004546823
1137.0    0.0000000004506831    0.0000000004515449    0.0000000004555129    0.0000000004471475    0.0000000004524454
1139.0    0.0000000004483942    0.0000000004492186    0.0000000004531776    0.0000000004449514    0.0000000004501207
1141.0    0.0000000004462067    0.0000000004469914    0.0000000004508518    0.0000000004426665    0.0000000004478059
1143.0    0.0000000004439388    0.0000000004447739    0.0000000004486325    0.0000000004403934    0.0000000004455018
1145.0    0.0000000004416819    0.0000000004424785    0.0000000004464230    0.0000000004382304    0.0000000004433038
1147.0    0.0000000004394366    0.0000000004401947    0.0000000004441282    0.0000000004359810    0.0000000004411161
1149.0    0.0000000004372033    0.0000000004379223    0.0000000004418445    0.0000000004337445    0.0000000004388450
1151.0    0.0000000004349822    0.0000000004357490    0.0000000004396668    0.0000000004316177    0.0000000004365856
1153.0    0.0000000004327737    0.0000000004335878    0.0000000004375005    0.0000000004294076    0.0000000004343387
1155.0    0.0000000004306660    0.0000000004313528    0.0000000004352523    0.0000000004272112    0.0000000004321979
1157.0    0.0000000004284836    0.0000000004291315    0.0000000004330167    0.0000000004251239    0.0000000004300692
1159.0    0.0000000004263149    0.0000000004269243    0.0000000004308870    0.0000000004229561    0.0000000004278617
1161.0    0.0000000004241607    0.0000000004248155    0.0000000004287697    0.0000000004208032    0.0000000004256682
1163.0    0.0000000004220207    0.0000000004227206    0.0000000004265743    0.0000000004187583    0.0000000004234894
1165.0    0.0000000004199802    0.0000000004205568    0.0000000004243933    0.0000000004167277    0.0000000004213258
1167.0    0.0000000004178700    0.0000000004184087    0.0000000004223170    0.0000000004146208    0.0000000004192664
1169.0    0.0000000004157750    0.0000000004163582    0.0000000004202547    0.0000000004125296    0.0000000004172221
1171.0    0.0000000004136961    0.0000000004143233    0.0000000004181180    0.0000000004105452    0.0000000004151042
1173.0    0.0000000004116332    0.0000000004122233    0.0000000004159971    0.0000000004084872    0.0000000004130032
1175.0    0.0000000004095868    0.0000000004101404    0.0000000004139796    0.0000000004064459    0.0000000004109189
1177.0    0.0000000004075570    0.0000000004080749    0.0000000004119778    0.0000000004045098    0.0000000004089372
1179.0    0.0000000004056245    0.0000000004061056    0.0000000004099048    0.0000000004025030    0.0000000004069722
1181.0    0.0000000004036283    0.0000000004041531    0.0000000004078490    0.0000000004005137    0.0000000004049387
1183.0    0.0000000004016492    0.0000000004021406    0.0000000004058952    0.0000000003986277    0.0000000004029234
1185.0    0.0000000003996879    0.0000000004001463    0.0000000004039577    0.0000000003966737    0.0000000004009262
1187.0    0.0000000003977441    0.0000000003981709    0.0000000004019532    0.0000000003947377    0.0000000003990296
1189.0    0.0000000003958950    0.0000000003962892    0.0000000003999668    0.0000000003929034    0.0000000003971504
1191.0    0.0000000003939866    0.0000000003944254    0.0000000003980800    0.0000000003910033    0.0000000003952075
1193.0    0.0000000003920960    0.0000000003925058    0.0000000003962103    0.0000000003891217    0.0000000003932837
1195.0    0.0000000003902239    0.0000000003906055    0.0000000003942772    0.0000000003873393    0.0000000003913788
1197.0    0.0000000003883697    0.0000000003887248    0.0000000003923627    0.0000000003854941    0.0000000003894932
1199.0    0.0000000003866069    0.0000000003869344    0.0000000003905455    0.0000000003836670    0.0000000003877040
1201.0    0.0000000003847889    0.0000000003851625    0.0000000003887456    0.0000000003819366    0.0000000003859327
1203.0    0.0000000003829887    0.0000000003833384    0.0000000003868857    0.0000000003801460    0.0000000003841032
1205.0    0.0000000003812068    0.0000000003815338    0.0000000003850444    0.0000000003783733    0.0000000003822928
1207.0    0.0000000003794431    0.0000000003797485    0.0000000003832975    0.0000000003766948    0.0000000003805014
1209.0    0.0000000003776975    0.0000000003780502    0.0000000003815679    0.0000000003749579    0.0000000003788025
1211.0    0.0000000003759695    0.0000000003763695    0.0000000003797810    0.0000000003732385    0.0000000003771213
1213.0    0.0000000003743276    0.0000000003746402    0.0000000003780128    0.0000000003716106    0.0000000003753854
1215.0    0.0000000003726344    0.0000000003729298    0.0000000003763355    0.0000000003699987    0.0000000003736679
1217.0    0.0000000003709586    0.0000000003712380    0.0000000003746752    0.0000000003683309    0.0000000003719692
1219.0    0.0000000003693004    0.0000000003696284    0.0000000003729606    0.0000000003666796    0.0000000003703580
1221.0    0.0000000003676587    0.0000000003680358    0.0000000003712636    0.0000000003651162    0.0000000003687638
1223.0    0.0000000003660987    0.0000000003663971    0.0000000003696539    0.0000000003634980    0.0000000003671175
1225.0    0.0000000003644902    0.0000000003647758    0.0000000003680607    0.0000000003618960    0.0000000003654888
1227.0    0.0000000003628975    0.0000000003631718    0.0000000003664153    0.0000000003603788    0.0000000003638773
1229.0    0.0000000003613210    0.0000000003616455    0.0000000003647864    0.0000000003588081    0.0000000003622827
1231.0    0.0000000003597603    0.0000000003601348    0.0000000003632413    0.0000000003572526    0.0000000003607703
1233.0    0.0000000003582764    0.0000000003585793    0.0000000003617115    0.0000000003557791    0.0000000003592726
1235.0    0.0000000003567456    0.0000000003570398    0.0000000003601310    0.0000000003542530    0.0000000003577257
1237.0    0.0000000003552293    0.0000000003555160    0.0000000003585662    0.0000000003527414    0.0000000003561942
1239.0    0.0000000003537277    0.0000000003540647    0.0000000003570813    0.0000000003513085    0.0000000003546778
1241.0    0.0000000003522399    0.0000000003526275    0.0000000003556104    0.0000000003498241    0.0000000003532385
1243.0    0.0000000003507661    0.0000000003511465    0.0000000003540898    0.0000000003483529    0.0000000003518127
1245.0    0.0000000003493052    0.0000000003496796    0.0000000003525842    0.0000000003469578    0.0000000003503384
1247.0    0.0000000003479154    0.0000000003482261    0.0000000003511542    0.0000000003455120    0.0000000003488778
1249.0    0.0000000003464800    0.0000000003468411    0.0000000003497373    0.0000000003440783    0.0000000003474305
1251.0    0.0000000003450566    0.0000000003454676    0.0000000003482714    0.0000000003427177    0.0000000003460554
1253.0    0.0000000003436453    0.0000000003440513    0.0000000003468188    0.0000000003413070    0.0000000003446918
1255.0    0.0000000003422455    0.0000000003426468    0.0000000003454385    0.0000000003399075    0.0000000003432809
1257.0    0.0000000003409122    0.0000000003412540    0.0000000003440694    0.0000000003385786    0.0000000003418814
1259.0    0.0000000003395338    0.0000000003399252    0.0000000003426526    0.0000000003372596    0.0000000003404933
1261.0    0.0000000003381659    0.0000000003386058    0.0000000003412476    0.0000000003358906    0.0000000003391160
1263.0    0.0000000003368085    0.0000000003372442    0.0000000003399109    0.0000000003345307    0.0000000003378057
1265.0    0.0000000003354603    0.0000000003358922    0.0000000003385847    0.0000000003332394    0.0000000003365047
1267.0    0.0000000003341219    0.0000000003345498    0.0000000003372106    0.0000000003318981    0.0000000003351569
1269.0    0.0000000003327922    0.0000000003332676    0.0000000003358470    0.0000000003305656    0.0000000003338181
1271.0    0.0000000003315241    0.0000000003319935    0.0000000003345489    0.0000000003292987    0.0000000003324887
1273.0    0.0000000003302115    0.0000000003306767    0.0000000003332598    0.0000000003279826    0.0000000003312225
1275.0    0.0000000003289071    0.0000000003293681    0.0000000003319230    0.0000000003266741    0.0000000003299639
1277.0    0.0000000003276102    0.0000000003280670    0.0000000003305952    0.0000000003254296    0.0000000003286585
1279.0    0.0000000003263210    0.0000000003268232    0.0000000003293305    0.0000000003241357    0.0000000003273606
1281.0    0.0000000003250901    0.0000000003255860    0.0000000003280733    0.0000000003228486    0.0000000003260703
1283.0    0.0000000003238149    0.0000000003243060    0.0000000003267688    0.0000000003216241    0.0000000003248401
1285.0    0.0000000003225462    0.0000000003230325    0.0000000003254719    0.0000000003203501    0.0000000003236164
1287.0    0.0000000003212841    0.0000000003218139    0.0000000003242357    0.0000000003190821    0.0000000003223454
1289.0    0.0000000003200281    0.0000000003206009    0.0000000003230060    0.0000000003178751    0.0000000003210810
1291.0    0.0000000003188278    0.0000000003193452    0.0000000003217293    0.0000000003166188    0.0000000003198225
1293.0    0.0000000003175835    0.0000000003180951    0.0000000003204588    0.0000000003153681    0.0000000003185697
1295.0    0.0000000003163447    0.0000000003168502    0.0000000003192472    0.0000000003141771    0.0000000003173744
1297.0    0.0000000003151108    0.0000000003156580    0.0000000003180406    0.0000000003129364    0.0000000003161837
1299.0    0.0000000003138822    0.0000000003144706    0.0000000003167876    0.0000000003117010    0.0000000003149467
1301.0    0.0000000003126588    0.0000000003132401    0.0000000003155398    0.0000000003105238    0.0000000003137142
1303.0    0.0000000003114399    0.0000000003120143    0.0000000003143488    0.0000000003092977    0.0000000003124863
1305.0    0.0000000003102745    0.0000000003107928    0.0000000003131627    0.0000000003080762    0.0000000003113142
1307.0    0.0000000003090643    0.0000000003096226    0.0000000003119297    0.0000000003069120    0.0000000003101459
1309.0    0.0000000003078587    0.0000000003084558    0.0000000003107015    0.0000000003057515    0.0000000003089311
1311.0    0.0000000003066572    0.0000000003072465    0.0000000003095287    0.0000000003045425    0.0000000003077205
1313.0    0.0000000003054599    0.0000000003060412    0.0000000003083601    0.0000000003033372    0.0000000003065137
1315.0    0.0000000003043142    0.0000000003048394    0.0000000003071448    0.0000000003021881    0.0000000003053606
1317.0    0.0000000003031243    0.0000000003036872    0.0000000003059336    0.0000000003009904    0.0000000003042114
1319.0    0.0000000003019384    0.0000000003025386    0.0000000003047765    0.0000000002997966    0.0000000003030155
1321.0    0.0000000003007560    0.0000000003013473    0.0000000003036233    0.0000000002986581    0.0000000003018232
1323.0    0.0000000002995772    0.0000000003001592    0.0000000003024235    0.0000000002974715    0.0000000003006345
1325.0    0.0000000002984017    0.0000000002989747    0.0000000003012275    0.0000000002962878    0.0000000002994488
1327.0    0.0000000002972297    0.0000000002978385    0.0000000003000846    0.0000000002951593    0.0000000002983158
1329.0    0.0000000002961078    0.0000000002967054    0.0000000002989450    0.0000000002939825    0.0000000002971858
1331.0    0.0000000002949423    0.0000000002955301    0.0000000002977593    0.0000000002928093    0.0000000002960097
1333.0    0.0000000002937801    0.0000000002943575    0.0000000002965769    0.0000000002916899    0.0000000002948369
1335.0    0.0000000002926211    0.0000000002931885    0.0000000002954472    0.0000000002905231    0.0000000002936671
1337.0    0.0000000002914651    0.0000000002920668    0.0000000002943203    0.0000000002893592    0.0000000002925486
1339.0    0.0000000002903583    0.0000000002909482    0.0000000002931473    0.0000000002882493    0.0000000002914332
1341.0    0.0000000002892085    0.0000000002897875    0.0000000002920264    0.0000000002870919    0.0000000002902721
1343.0    0.0000000002880618    0.0000000002886300    0.0000000002909086    0.0000000002859377    0.0000000002891139
1345.0    0.0000000002869182    0.0000000002874749    0.0000000002897449    0.0000000002848366    0.0000000002879588
1347.0    0.0000000002857775    0.0000000002863672    0.0000000002885843    0.0000000002836887    0.0000000002868064
1349.0    0.0000000002846853    0.0000000002852622    0.0000000002874753    0.0000000002825438    0.0000000002857049
1351.0    0.0000000002835508    0.0000000002841160    0.0000000002863691    0.0000000002814516    0.0000000002846061
1353.0    0.0000000002824192    0.0000000002829725    0.0000000002852175    0.0000000002803625    0.0000000002834623
1355.0    0.0000000002812905    0.0000000002818318    0.0000000002840692    0.0000000002792273    0.0000000002823215
1357.0    0.0000000002801652    0.0000000002807379    0.0000000002829714    0.0000000002780951    0.0000000002811834
1359.0    0.0000000002790428    0.0000000002796467    0.0000000002818767    0.0000000002770151    0.0000000002800955
1361.0    0.0000000002779237    0.0000000002785150    0.0000000002807373    0.0000000002758894    0.0000000002790105
1363.0    0.0000000002768521    0.0000000002773858    0.0000000002796011    0.0000000002747671    0.0000000002778810
1365.0    0.0000000002757392    0.0000000002762598    0.0000000002785151    0.0000000002736966    0.0000000002767548
1367.0    0.0000000002746294    0.0000000002751801    0.0000000002774320    0.0000000002725811    0.0000000002756316
1369.0    0.0000000002735228    0.0000000002741032    0.0000000002763049    0.0000000002714689    0.0000000002745579
1371.0    0.0000000002724196    0.0000000002729863    0.0000000002751812    0.0000000002704085    0.0000000002734875
1373.0    0.0000000002713637    0.0000000002718727    0.0000000002741073    0.0000000002693032    0.0000000002723731
1375.0    0.0000000002702673    0.0000000002707622    0.0000000002730365    0.0000000002682019    0.0000000002712622
1377.0    0.0000000002691742    0.0000000002696976    0.0000000002719224    0.0000000002671519    0.0000000002701546
1379.0    0.0000000002680850    0.0000000002686361    0.0000000002708118    0.0000000002660577    0.0000000002690503
1381.0    0.0000000002669988    0.0000000002675355    0.0000000002697505    0.0000000002649677    0.0000000002679951
1383.0    0.0000000002659598    0.0000000002664384    0.0000000002686926    0.0000000002639285    0.0000000002669433
1385.0    0.0000000002648813    0.0000000002653450    0.0000000002675922    0.0000000002628463    0.0000000002658492
1387.0    0.0000000002638065    0.0000000002642969    0.0000000002664956    0.0000000002617682    0.0000000002647586
1389.0    0.0000000002627356    0.0000000002632524    0.0000000002654481    0.0000000002607407    0.0000000002636718
1391.0    0.0000000002616688    0.0000000002621696    0.0000000002644041    0.0000000002596710    0.0000000002626335
1393.0    0.0000000002606059    0.0000000002610909    0.0000000002633185    0.0000000002586055    0.0000000002615993
1395.0    0.0000000002595473    0.0000000002600164    0.0000000002622370    0.0000000002575909    0.0000000002605237
1397.0    0.0000000002585350    0.0000000002589868    0.0000000002612042    0.0000000002565801    0.0000000002594521
1399.0    0.0000000002574848    0.0000000002579613    0.0000000002601755    0.0000000002555283    0.0000000002583848
1401.0    0.0000000002564392    0.0000000002568990    0.0000000002591058    0.0000000002544809    0.0000000002573659
1403.0    0.0000000002553982    0.0000000002558410    0.0000000002580410    0.0000000002534839    0.0000000002563512
1405.0    0.0000000002543617    0.0000000002548279    0.0000000002570245    0.0000000002524465    0.0000000002552964
1407.0    0.0000000002533713    0.0000000002538194    0.0000000002560123    0.0000000002514144    0.0000000002542466
1409.0    0.0000000002523442    0.0000000002527750    0.0000000002549606    0.0000000002504319    0.0000000002532011
1411.0    0.0000000002513222    0.0000000002517357    0.0000000002539136    0.0000000002494099    0.0000000002521607
1413.0    0.0000000002503055    0.0000000002507012    0.0000000002529148    0.0000000002483935    0.0000000002511683
1415.0    0.0000000002492937    0.0000000002497115    0.0000000002519208    0.0000000002474266    0.0000000002501805
1417.0    0.0000000002482875    0.0000000002487265    0.0000000002508885    0.0000000002464212    0.0000000002491549
1419.0    0.0000000002472867    0.0000000002477075    0.0000000002498613    0.0000000002454218    0.0000000002481345
1421.0    0.0000000002463313    0.0000000002466941    0.0000000002488821    0.0000000002444713    0.0000000002471197
1423.0    0.0000000002453413    0.0000000002456863    0.0000000002479079    0.0000000002434837    0.0000000002461524
1425.0    0.0000000002443574    0.0000000002447228    0.0000000002468970    0.0000000002425022    0.0000000002451905
1427.0    0.0000000002433795    0.0000000002437647    0.0000000002458915    0.0000000002415690    0.0000000002441926
1429.0    0.0000000002424076    0.0000000002427742    0.0000000002449333    0.0000000002406001    0.0000000002432003
1431.0    0.0000000002414803    0.0000000002417901    0.0000000002439811    0.0000000002396375    0.0000000002422142
1433.0    0.0000000002405205    0.0000000002408123    0.0000000002429932    0.0000000002387232    0.0000000002412755
1435.0    0.0000000002395671    0.0000000002398782    0.0000000002420114    0.0000000002377738    0.0000000002403423
1437.0    0.0000000002386204    0.0000000002389502    0.0000000002410766    0.0000000002368309    0.0000000002393751
1439.0    0.0000000002376800    0.0000000002379919    0.0000000002401477    0.0000000002359359    0.0000000002384146
1441.0    0.0000000002367838    0.0000000002370402    0.0000000002391851    0.0000000002350069    0.0000000002374609
1443.0    0.0000000002358571    0.0000000002360958    0.0000000002382289    0.0000000002340853    0.0000000002365139
1445.0    0.0000000002349370    0.0000000002351943    0.0000000002373192    0.0000000002332105    0.0000000002356132
1447.0    0.0000000002340241    0.0000000002342995    0.0000000002364157    0.0000000002323423    0.0000000002347193
1449.0    0.0000000002331184    0.0000000002333762    0.0000000002354798    0.0000000002314421    0.0000000002337932
1451.0    0.0000000002322197    0.0000000002324605    0.0000000002345510    0.0000000002305489    0.0000000002328749
1453.0    0.0000000002313285    0.0000000002315522    0.0000000002336679    0.0000000002297022    0.0000000002319640
1455.0    0.0000000002304798    0.0000000002306861    0.0000000002327913    0.0000000002288242    0.0000000002310982
1457.0    0.0000000002296034    0.0000000002298275    0.0000000002318843    0.0000000002279539    0.0000000002302395
1459.0    0.0000000002287341    0.0000000002289419    0.0000000002309847    0.0000000002271289    0.0000000002293512
1461.0    0.0000000002278727    0.0000000002280645    0.0000000002301295    0.0000000002262742    0.0000000002284708
1463.0    0.0000000002270190    0.0000000002271952    0.0000000002292817    0.0000000002254269    0.0000000002275984
1465.0    0.0000000002262066    0.0000000002263671    0.0000000002284046    0.0000000002246242    0.0000000002267700
1467.0    0.0000000002253681    0.0000000002255465    0.0000000002275353    0.0000000002237928    0.0000000002259491
1469.0    0.0000000002245374    0.0000000002247012    0.0000000002267096    0.0000000002229692    0.0000000002251004
1471.0    0.0000000002237145    0.0000000002238642    0.0000000002258916    0.0000000002221891    0.0000000002242603
1473.0    0.0000000002228998    0.0000000002230357    0.0000000002250456    0.0000000002213813    0.0000000002234283
1475.0    0.0000000002220928    0.0000000002222469    0.0000000002242078    0.0000000002205816    0.0000000002226048
1477.0    0.0000000002212937    0.0000000002214657    0.0000000002234125    0.0000000002198241    0.0000000002218233
1479.0    0.0000000002205341    0.0000000002206620    0.0000000002226246    0.0000000002190404    0.0000000002210497
1481.0    0.0000000002197507    0.0000000002198664    0.0000000002218107    0.0000000002182643    0.0000000002202506
1483.0    0.0000000002189753    0.0000000002190795    0.0000000002210049    0.0000000002175296    0.0000000002194600
1485.0    0.0000000002182082    0.0000000002183308    0.0000000002202403    0.0000000002167696    0.0000000002186780
