9.0    0.0000000000000000    0.0000000000000000    0.0000000000000000    0.0000000000000000    0.0000000000000000
11.0    0.0000000000000000    0.0000000000000000    0.0000000000000000    0.0000000000000000    0.0000000000000000
13.0    0.0000000000000000    0.0000000000000000    0.0000000000000000    0.0000000000000000    0.0000000000000000
15.0    0.0000000000000000    0.0000000000000000    0.0000000000000000    0.0000000000000000    0.0000000000000000
17.0    0.0000000000000000    0.0000000000000000    0.0000000000000000    0.0000000000000000    0.0000000000000000
19.0    0.0000000000000000    0.0000000000000000    0.0000000000000000    0.0000000000000000    0.0000000000000000
21.0    0.0000000000000000    0.0000000000000000    0.0000000000000000    0.0000000000000000    0.0000000000000000
23.0    0.0000000000000000    0.0000000000000000    0.0000000000000000    0.0000000000000000    0.0000000000000000
25.0    0.0000000000000000    0.0000000000000000    0.0000000000000000    0.0000000000000000    0.0000000000000000
27.0    0.0000000000000000    0.0000000000000000    0.0000000000000000    0.0000000000000000    0.0000000000000000
29.0    0.0000000000000000    0.0000000000000000    0.0000000000000000    0.0000000000000000    0.0000000000000000
31.0    0.0000000000000000    0.0000000000000000    0.0000000000000000    0.0000000000000000    0.0000000000000000
33.0    0.0000000000000000    0.0000000000000000    0.0000000000000000    0.0000000000000000    0.0000000000000000
35.0    0.0000000000000000    0.0000000000000000    0.0000000000000000    0.0000000000000000    0.0000000000000000
37.0    0.0000000000000000    0.0000000000000000    0.0000000000000000    0.0000000000000000    0.0000000000000000
39.0    0.0000000000000000    0.0000000000000000    0.0000000000000000    0.0000000000000000    0.0000000000000000
41.0    0.0000000000000000    0.0000000000000000    0.0000000000000000    0.0000000000000000    0.0000000000000000
43.0    0.0000000000000000    0.0000000000000000    0.0000000000000000    0.0000000000000000    0.0000000000000000
45.0    0.0000000000000000    0.0000000000000000    0.0000000000000000    0.0000000000000000    0.0000000000000000
47.0    0.0000000000000000    0.0000000000000000    0.0000000000000000    0.0000000000000000    0.0000000000000000
49.0    0.0000000000000000    0.0000000000000000    0.0000000000000000    0.0000000000000000    0.0000000000000000
51.0    0.0000000000000000    0.0000000000000000    0.0000000000000000    0.0000000000000000    0.0000000000000000
53.0    0.0000000000000000    0.0000000000000000    0.0000000000000000    0.0000000000000000    0.0000000000000000
55.0    0.0000000000000000    0.0000000000000000    0.0000000000000000    0.0000000000000000    0.0000000000000000
57.0    0.0000000000000000    0.0000000000000000    0.0000000000000000    0.0000000000000000    0.0000000000000000
59.0    0.0000000000000000    0.0000000000000000    0.0000000000000000    0.0000000000000000    0.0000000000000000
61.0    0.0000000000000000    0.0000000000000000    0.0000000000000000    0.0000000000000000    0.0000000000000000
63.0    0.0000000000000000    0.0000000000000000    0.0000000000000000    0.0000000000000000    0.0000000000000000
65.0    0.0000000000000000    0.0000000000000000    0.0000000000000000    0.0000000000000000    0.0000000000000000
67.0    0.0000000000000000    0.0000000000000000    0.0000000000000000    0.0000000000000000    0.0000000000000000
69.0    0.0000000000000000    0.0000000000000000    0.0000000000000000    0.0000000000000000    0.0000000000000000
71.0    0.0000000000000000    0.0000000000000000    0.0000000000000000    0.0000000000000000    0.0000000000000000
73.0    0.0000000000000000    0.0000000000000000    0.0000000000000000    0.0000000000000000    0.0000000000000000
75.0    0.0000000000000000    0.0000000000000000    0.0000000000000000    0.0000000000000000    0.0000000000000000
77.0    0.0000000000000000    0.0000000000000000    0.0000000000000000    0.0000000000000000    0.0000000000000000
79.0    0.0000000000000000    0.0000000000000000    0.0000000000000000    0.0000000000000000    0.0000000000000000
81.0    0.0000000000000000    0.0000000000000000    0.0000000000000000    0.0000000000000000    0.0000000000000000
83.0    0.0000000000000000    0.0000000000000000    0.0000000000000000    0.0000000000000000    0.0000000000000000
85.0    0.0000000000000000    0.0000000000000000    0.0000000000000000    0.0000000000000000    0.0000000000000000
87.0    0.0000000000000000    0.0000000000000000    0.0000000000000000    0.0000000000000000    0.0000000000000000
89.0    0.0000000000000000    0.0000000000000000    0.0000000000000000    0.0000000000000000    0.0000000000000000
91.0    0.0000000000000000    0.0000000000000000    0.0000000000000000    0.0000000000000000    0.0000000000000000
93.0    0.0000000000000000    0.0000000000000000    0.0000000000000000    0.0000000000000000    0.0000000000000000
95.0    0.0000000000000000    0.0000000000000000    0.0000000000000000    0.0000000000000000    0.0000000000000000
97.0    0.0000000000000000    0.0000000000000000    0.0000000000000000    0.0000000000000000    0.0000000000000000
99.0    0.0000000000000001    0.0000000000000000    0.0000000000000001    0.0000000000000001    0.0000000000000001
101.0    0.0000000000000001    0.0000000000000001    0.0000000000000001    0.0000000000000001    0.0000000000000001
103.0    0.0000000000000001    0.0000000000000001    0.0000000000000002    0.0000000000000001    0.0000000000000002
105.0    0.0000000000000002    0.0000000000000001    0.0000000000000002    0.0000000000000002    0.0000000000000003
107.0    0.0000000000000003    0.0000000000000002    0.0000000000000003    0.0000000000000003    0.0000000000000004
109.0    0.0000000000000004    0.0000000000000003    0.0000000000000005    0.0000000000000004    0.0000000000000005
111.0    0.0000000000000006    0.0000000000000005    0.0000000000000007    0.0000000000000006    0.0000000000000007
113.0    0.0000000000000009    0.0000000000000007    0.0000000000000010    0.0000000000000009    0.0000000000000010
115.0    0.0000000000000012    0.0000000000000010    0.0000000000000013    0.0000000000000012    0.0000000000000014
117.0    0.0000000000000017    0.0000000000000013    0.0000000000000018    0.0000000000000016    0.0000000000000019
119.0    0.0000000000000023    0.0000000000000018    0.0000000000000025    0.0000000000000023    0.0000000000000025
121.0    0.0000000000000031    0.0000000000000025    0.0000000000000033    0.0000000000000030    0.0000000000000034
123.0    0.0000000000000041    0.0000000000000034    0.0000000000000043    0.0000000000000040    0.0000000000000045
125.0    0.0000000000000054    0.0000000000000045    0.0000000000000057    0.0000000000000053    0.0000000000000058
127.0    0.0000000000000070    0.0000000000000058    0.0000000000000073    0.0000000000000069    0.0000000000000076
129.0    0.0000000000000090    0.0000000000000075    0.0000000000000093    0.0000000000000088    0.0000000000000097
131.0    0.0000000000000115    0.0000000000000097    0.0000000000000120    0.0000000000000114    0.0000000000000123
133.0    0.0000000000000147    0.0000000000000124    0.0000000000000154    0.0000000000000146    0.0000000000000158
135.0    0.0000000000000187    0.0000000000000158    0.0000000000000194    0.0000000000000184    0.0000000000000201
137.0    0.0000000000000237    0.0000000000000198    0.0000000000000245    0.0000000000000234    0.0000000000000255
139.0    0.0000000000000297    0.0000000000000249    0.0000000000000311    0.0000000000000297    0.0000000000000320
141.0    0.0000000000000376    0.0000000000000315    0.0000000000000393    0.0000000000000372    0.0000000000000401
143.0    0.0000000000000474    0.0000000000000398    0.0000000000000492    0.0000000000000466    0.0000000000000506
145.0    0.0000000000000597    0.0000000000000502    0.0000000000000615    0.0000000000000588    0.0000000000000638
147.0    0.0000000000000750    0.0000000000000627    0.0000000000000775    0.0000000000000742    0.0000000000000802
149.0    0.0000000000000933    0.0000000000000783    0.0000000000000974    0.0000000000000925    0.0000000000000998
151.0    0.0000000000001169    0.0000000000000985    0.0000000000001210    0.0000000000001163    0.0000000000001239
153.0    0.0000000000001461    0.0000000000001237    0.0000000000001501    0.0000000000001459    0.0000000000001548
155.0    0.0000000000001823    0.0000000000001550    0.0000000000001873    0.0000000000001808    0.0000000000001930
157.0    0.0000000000002267    0.0000000000001921    0.0000000000002331    0.0000000000002257    0.0000000000002399
159.0    0.0000000000002811    0.0000000000002376    0.0000000000002865    0.0000000000002807    0.0000000000002972
161.0    0.0000000000003473    0.0000000000002954    0.0000000000003513    0.0000000000003448    0.0000000000003637
163.0    0.0000000000004243    0.0000000000003661    0.0000000000004328    0.0000000000004263    0.0000000000004439
165.0    0.0000000000005208    0.0000000000004522    0.0000000000005312    0.0000000000005248    0.0000000000005442
167.0    0.0000000000006366    0.0000000000005522    0.0000000000006437    0.0000000000006380    0.0000000000006644
169.0    0.0000000000007753    0.0000000000006724    0.0000000000007773    0.0000000000007798    0.0000000000008077
171.0    0.0000000000009396    0.0000000000008220    0.0000000000009417    0.0000000000009483    0.0000000000009695
173.0    0.0000000000011252    0.0000000000010008    0.0000000000011353    0.0000000000011386    0.0000000000011588
175.0    0.0000000000013512    0.0000000000012130    0.0000000000013511    0.0000000000013720    0.0000000000013884
177.0    0.0000000000016130    0.0000000000014524    0.0000000000016001    0.0000000000016432    0.0000000000016541
179.0    0.0000000000019150    0.0000000000017308    0.0000000000018975    0.0000000000019422    0.0000000000019588
181.0    0.0000000000022587    0.0000000000020645    0.0000000000022359    0.0000000000022988    0.0000000000022893
183.0    0.0000000000026471    0.0000000000024463    0.0000000000026001    0.0000000000027014    0.0000000000026599
185.0    0.0000000000030800    0.0000000000028780    0.0000000000030052    0.0000000000031314    0.0000000000030892
187.0    0.0000000000035381    0.0000000000033404    0.0000000000034705    0.0000000000036045    0.0000000000035621
189.0    0.0000000000040582    0.0000000000038490    0.0000000000039785    0.0000000000041440    0.0000000000040772
191.0    0.0000000000046186    0.0000000000044233    0.0000000000045030    0.0000000000047252    0.0000000000046320
193.0    0.0000000000052164    0.0000000000050396    0.0000000000050620    0.0000000000053168    0.0000000000051972
195.0    0.0000000000058454    0.0000000000056919    0.0000000000056772    0.0000000000059668    0.0000000000057917
197.0    0.0000000000064738    0.0000000000063460    0.0000000000063198    0.0000000000066418    0.0000000000064374
199.0    0.0000000000071475    0.0000000000070192    0.0000000000069560    0.0000000000073045    0.0000000000071034
201.0    0.0000000000078339    0.0000000000077310    0.0000000000076070    0.0000000000080080    0.0000000000077836
203.0    0.0000000000085270    0.0000000000084468    0.0000000000082962    0.0000000000087156    0.0000000000084436
205.0    0.0000000000092212    0.0000000000091590    0.0000000000089904    0.0000000000093909    0.0000000000091069
207.0    0.0000000000098847    0.0000000000098354    0.0000000000096564    0.0000000000100909    0.0000000000097986
209.0    0.0000000000105698    0.0000000000104997    0.0000000000103202    0.0000000000107823    0.0000000000104872
211.0    0.0000000000112477    0.0000000000111767    0.0000000000110089    0.0000000000114347    0.0000000000111713
213.0    0.0000000000119188    0.0000000000118403    0.0000000000116934    0.0000000000121085    0.0000000000118228
215.0    0.0000000000125853    0.0000000000124938    0.0000000000123464    0.0000000000127771    0.0000000000124716
217.0    0.0000000000132505    0.0000000000131174    0.0000000000129989    0.0000000000134158    0.0000000000131487
219.0    0.0000000000139192    0.0000000000137423    0.0000000000136824    0.0000000000140879    0.0000000000138295
221.0    0.0000000000145693    0.0000000000144005    0.0000000000143732    0.0000000000147703    0.0000000000145186
223.0    0.0000000000152601    0.0000000000150744    0.0000000000150460    0.0000000000154385    0.0000000000152208
225.0    0.0000000000159695    0.0000000000157707    0.0000000000157340    0.0000000000161586    0.0000000000159099
227.0    0.0000000000167025    0.0000000000164664    0.0000000000164719    0.0000000000169046    0.0000000000166192
229.0    0.0000000000174619    0.0000000000171920    0.0000000000172338    0.0000000000176462    0.0000000000173836
231.0    0.0000000000182184    0.0000000000179798    0.0000000000179890    0.0000000000184526    0.0000000000181754
233.0    0.0000000000190365    0.0000000000188024    0.0000000000187709    0.0000000000192910    0.0000000000189962
235.0    0.0000000000198848    0.0000000000196250    0.0000000000196157    0.0000000000201231    0.0000000000198104
237.0    0.0000000000207636    0.0000000000204776    0.0000000000204903    0.0000000000209836    0.0000000000206522
239.0    0.0000000000216708    0.0000000000213931    0.0000000000213558    0.0000000000219120    0.0000000000215587
241.0    0.0000000000226059    0.0000000000223357    0.0000000000222478    0.0000000000228674    0.0000000000224932
243.0    0.0000000000235667    0.0000000000233029    0.0000000000232052    0.0000000000238057    0.0000000000234545
245.0    0.0000000000245124    0.0000000000242548    0.0000000000241887    0.0000000000248108    0.0000000000244415
247.0    0.0000000000255208    0.0000000000252277    0.0000000000251545    0.0000000000258391    0.0000000000254102
249.0    0.0000000000265520    0.0000000000262617    0.0000000000261428    0.0000000000268446    0.0000000000264012
251.0    0.0000000000276060    0.0000000000273190    0.0000000000271965    0.0000000000279183    0.0000000000274576
253.0    0.0000000000286818    0.0000000000284006    0.0000000000282726    0.0000000000290146    0.0000000000285363
255.0    0.0000000000297348    0.0000000000294643    0.0000000000293237    0.0000000000300843    0.0000000000296363
257.0    0.0000000000308520    0.0000000000305517    0.0000000000303937    0.0000000000312238    0.0000000000307092
259.0    0.0000000000319880    0.0000000000317067    0.0000000000315282    0.0000000000323829    0.0000000000317992
261.0    0.0000000000331409    0.0000000000328841    0.0000000000326793    0.0000000000335079    0.0000000000329522
263.0    0.0000000000343072    0.0000000000340805    0.0000000000337951    0.0000000000346974    0.0000000000341183
265.0    0.0000000000354361    0.0000000000352441    0.0000000000349206    0.0000000000358959    0.0000000000352937
267.0    0.0000000000366171    0.0000000000364151    0.0000000000361013    0.0000000000370461    0.0000000000364250
269.0    0.0000000000377984    0.0000000000376342    0.0000000000372840    0.0000000000382469    0.0000000000375568
271.0    0.0000000000389746    0.0000000000388472    0.0000000000384150    0.0000000000394403    0.0000000000387339
273.0    0.0000000000401408    0.0000000000400472    0.0000000000395393    0.0000000000405696    0.0000000000399022
275.0    0.0000000000412920    0.0000000000411831    0.0000000000407012    0.0000000000417327    0.0000000000410573
277.0    0.0000000000424246    0.0000000000422963    0.0000000000418003    0.0000000000428742    0.0000000000421954
279.0    0.0000000000434913    0.0000000000434270    0.0000000000428818    0.0000000000439429    0.0000000000432674
281.0    0.0000000000445787    0.0000000000445282    0.0000000000439895    0.0000000000449874    0.0000000000443185
283.0    0.0000000000456413    0.0000000000455995    0.0000000000450739    0.0000000000460529    0.0000000000453922
285.0    0.0000000000466782    0.0000000000466026    0.0000000000460905    0.0000000000470920    0.0000000000464415
287.0    0.0000000000476905    0.0000000000475807    0.0000000000470841    0.0000000000480617    0.0000000000474663
289.0    0.0000000000486395    0.0000000000485744    0.0000000000480972    0.0000000000490517    0.0000000000484261
291.0    0.0000000000496055    0.0000000000495468    0.0000000000490864    0.0000000000500193    0.0000000000493641
293.0    0.0000000000505500    0.0000000000505001    0.0000000000500126    0.0000000000509245    0.0000000000503209
295.0    0.0000000000514731    0.0000000000514003    0.0000000000509176    0.0000000000518506    0.0000000000512556
297.0    0.0000000000523757    0.0000000000522847    0.0000000000518402    0.0000000000527566    0.0000000000521684
299.0    0.0000000000532225    0.0000000000531873    0.0000000000527406    0.0000000000536035    0.0000000000530227
301.0    0.0000000000540831    0.0000000000540709    0.0000000000535823    0.0000000000544672    0.0000000000538559
303.0    0.0000000000549213    0.0000000000549327    0.0000000000544022    0.0000000000553076    0.0000000000547024
305.0    0.0000000000557348    0.0000000000557380    0.0000000000552341    0.0000000000560873    0.0000000000555242
307.0    0.0000000000565226    0.0000000000565171    0.0000000000560405    0.0000000000568753    0.0000000000563198
309.0    0.0000000000572826    0.0000000000572971    0.0000000000567885    0.0000000000576344    0.0000000000570881
311.0    0.0000000000580141    0.0000000000580434    0.0000000000575107    0.0000000000583315    0.0000000000577980
313.0    0.0000000000586885    0.0000000000587547    0.0000000000582368    0.0000000000590296    0.0000000000584809
315.0    0.0000000000593618    0.0000000000594054    0.0000000000589342    0.0000000000596970    0.0000000000591654
317.0    0.0000000000600066    0.0000000000600236    0.0000000000595763    0.0000000000603070    0.0000000000598215
319.0    0.0000000000606234    0.0000000000606347    0.0000000000601928    0.0000000000609169    0.0000000000604505
321.0    0.0000000000612151    0.0000000000612162    0.0000000000608110    0.0000000000615014    0.0000000000610296
323.0    0.0000000000617614    0.0000000000617721    0.0000000000614054    0.0000000000620393    0.0000000000615873
325.0    0.0000000000623108    0.0000000000622867    0.0000000000619551    0.0000000000625828    0.0000000000621494
327.0    0.0000000000628439    0.0000000000627855    0.0000000000624874    0.0000000000631112    0.0000000000626942
329.0    0.0000000000633634    0.0000000000632925    0.0000000000630277    0.0000000000636055    0.0000000000632248
331.0    0.0000000000638729    0.0000000000637911    0.0000000000635554    0.0000000000640920    0.0000000000637229
333.0    0.0000000000643752    0.0000000000642852    0.0000000000640519    0.0000000000645950    0.0000000000642131
335.0    0.0000000000648731    0.0000000000647584    0.0000000000645418    0.0000000000650951    0.0000000000647189
337.0    0.0000000000653486    0.0000000000652318    0.0000000000650484    0.0000000000655724    0.0000000000652212
339.0    0.0000000000658434    0.0000000000657255    0.0000000000655522    0.0000000000660719    0.0000000000657216
341.0    0.0000000000663386    0.0000000000662216    0.0000000000660341    0.0000000000665728    0.0000000000662217
343.0    0.0000000000668354    0.0000000000667201    0.0000000000665161    0.0000000000670540    0.0000000000667017
345.0    0.0000000000673343    0.0000000000672019    0.0000000000670203    0.0000000000675597    0.0000000000671833
347.0    0.0000000000678158    0.0000000000676860    0.0000000000675266    0.0000000000680683    0.0000000000676880
349.0    0.0000000000683202    0.0000000000681918    0.0000000000680142    0.0000000000685577    0.0000000000681955
351.0    0.0000000000688279    0.0000000000687002    0.0000000000685046    0.0000000000690728    0.0000000000687061
353.0    0.0000000000693391    0.0000000000691916    0.0000000000690198    0.0000000000695915    0.0000000000691988
355.0    0.0000000000698543    0.0000000000696860    0.0000000000695388    0.0000000000700915    0.0000000000696952
357.0    0.0000000000703529    0.0000000000702040    0.0000000000700402    0.0000000000706188    0.0000000000702174
359.0    0.0000000000708770    0.0000000000707267    0.0000000000705459    0.0000000000711511    0.0000000000707445
361.0    0.0000000000714063    0.0000000000712550    0.0000000000710786    0.0000000000716657    0.0000000000712768
363.0    0.0000000000719416    0.0000000000717690    0.0000000000716169    0.0000000000722097    0.0000000000717924
365.0    0.0000000000724830    0.0000000000722895    0.0000000000721382    0.0000000000727605    0.0000000000723137
367.0    0.0000000000730312    0.0000000000728384    0.0000000000726656    0.0000000000732941    0.0000000000728641
369.0    0.0000000000735863    0.0000000000733953    0.0000000000732223    0.0000000000738592    0.0000000000734214
371.0    0.0000000000741260    0.0000000000739604    0.0000000000737860    0.0000000000744318    0.0000000000739858
373.0    0.0000000000746954    0.0000000000745115    0.0000000000743329    0.0000000000749867    0.0000000000745574
375.0    0.0000000000752720    0.0000000000750699    0.0000000000748866    0.0000000000755486    0.0000000000751120
377.0    0.0000000000758560    0.0000000000756583    0.0000000000754713    0.0000000000761433    0.0000000000756733
379.0    0.0000000000764469    0.0000000000762539    0.0000000000760633    0.0000000000767451    0.0000000000762660
381.0    0.0000000000770208    0.0000000000768564    0.0000000000766372    0.0000000000773273    0.0000000000768656
383.0    0.0000000000776252    0.0000000000774419    0.0000000000772177    0.0000000000779426    0.0000000000774720
385.0    0.0000000000782360    0.0000000000780332    0.0000000000778300    0.0000000000785644    0.0000000000780593
387.0    0.0000000000788532    0.0000000000786540    0.0000000000784490    0.0000000000791651    0.0000000000786527
389.0    0.0000000000794767    0.0000000000792807    0.0000000000790484    0.0000000000797994    0.0000000000792780
391.0    0.0000000000801064    0.0000000000799131    0.0000000000796539    0.0000000000804399    0.0000000000799097
393.0    0.0000000000807423    0.0000000000805267    0.0000000000802921    0.0000000000810586    0.0000000000805476
395.0    0.0000000000813589    0.0000000000811456    0.0000000000809370    0.0000000000817119    0.0000000000811649
397.0    0.0000000000820078    0.0000000000817951    0.0000000000815615    0.0000000000823720    0.0000000000817883
399.0    0.0000000000826635    0.0000000000824504    0.0000000000821928    0.0000000000830103    0.0000000000824455
401.0    0.0000000000833269    0.0000000000831118    0.0000000000828591    0.0000000000836854    0.0000000000831100
403.0    0.0000000000839984    0.0000000000837535    0.0000000000835339    0.0000000000843691    0.0000000000837825
405.0    0.0000000000846517    0.0000000000844014    0.0000000000841892    0.0000000000850324    0.0000000000844638
407.0    0.0000000000853426    0.0000000000850819    0.0000000000848544    0.0000000000857367    0.0000000000851260
409.0    0.0000000000860452    0.0000000000857701    0.0000000000855603    0.0000000000864539    0.0000000000857988
411.0    0.0000000000867620    0.0000000000864671    0.0000000000862802    0.0000000000871542    0.0000000000865138
413.0    0.0000000000874951    0.0000000000871468    0.0000000000869854    0.0000000000879042    0.0000000000872446
415.0    0.0000000000882175    0.0000000000878383    0.0000000000877086    0.0000000000886753    0.0000000000879940
417.0    0.0000000000889930    0.0000000000885721    0.0000000000884855    0.0000000000894372    0.0000000000887331
419.0    0.0000000000897960    0.0000000000893246    0.0000000000892896    0.0000000000902642    0.0000000000894970
421.0    0.0000000000906327    0.0000000000901005    0.0000000000900902    0.0000000000911276    0.0000000000903251
423.0    0.0000000000915086    0.0000000000908734    0.0000000000909263    0.0000000000919947    0.0000000000911912
425.0    0.0000000000924320    0.0000000000916793    0.0000000000918423    0.0000000000929092    0.0000000000921025
427.0    0.0000000000934101    0.0000000000925595    0.0000000000928110    0.0000000000939252    0.0000000000930672
429.0    0.0000000000944101    0.0000000000934917    0.0000000000937965    0.0000000000950111    0.0000000000940499
431.0    0.0000000000955257    0.0000000000944864    0.0000000000948483    0.0000000000961273    0.0000000000951004
433.0    0.0000000000967264    0.0000000000955121    0.0000000000960253    0.0000000000973876    0.0000000000962782
435.0    0.0000000000980272    0.0000000000966192    0.0000000000972960    0.0000000000987543    0.0000000000975522
437.0    0.0000000000994387    0.0000000000978689    0.0000000000986127    0.0000000001001769    0.0000000000989360
439.0    0.0000000001009134    0.0000000000992349    0.0000000001000410    0.0000000001018000    0.0000000001003774
441.0    0.0000000001025891    0.0000000001007340    0.0000000001016616    0.0000000001035744    0.0000000001019484
443.0    0.0000000001044192    0.0000000001023163    0.0000000001034316    0.0000000001054317    0.0000000001037377
445.0    0.0000000001064244    0.0000000001040567    0.0000000001052809    0.0000000001075574    0.0000000001056971
447.0    0.0000000001086161    0.0000000001060490    0.0000000001072978    0.0000000001098840    0.0000000001078439
449.0    0.0000000001109141    0.0000000001082478    0.0000000001095930    0.0000000001123167    0.0000000001100906
451.0    0.0000000001135257    0.0000000001106727    0.0000000001120998    0.0000000001150933    0.0000000001125418
453.0    0.0000000001163699    0.0000000001132334    0.0000000001147135    0.0000000001181178    0.0000000001153281
455.0    0.0000000001194682    0.0000000001160404    0.0000000001175517    0.0000000001212616    0.0000000001183648
457.0    0.0000000001228262    0.0000000001192327    0.0000000001207613    0.0000000001248238    0.0000000001216654
459.0    0.0000000001264638    0.0000000001227201    0.0000000001242386    0.0000000001286723    0.0000000001252427
461.0    0.0000000001303831    0.0000000001265172    0.0000000001278300    0.0000000001326358    0.0000000001289392
463.0    0.0000000001344233    0.0000000001304692    0.0000000001316893    0.0000000001370818    0.0000000001329115
465.0    0.0000000001389273    0.0000000001347304    0.0000000001360023    0.0000000001418343    0.0000000001373508
467.0    0.0000000001437297    0.0000000001394894    0.0000000001406147    0.0000000001466750    0.0000000001420968
469.0    0.0000000001488388    0.0000000001445874    0.0000000001453158    0.0000000001518009    0.0000000001471512
471.0    0.0000000001542442    0.0000000001498063    0.0000000001502975    0.0000000001574627    0.0000000001522804
473.0    0.0000000001597132    0.0000000001553388    0.0000000001557856    0.0000000001634197    0.0000000001576915
475.0    0.0000000001656929    0.0000000001614108    0.0000000001615658    0.0000000001693909    0.0000000001636245
477.0    0.0000000001719445    0.0000000001677979    0.0000000001673688    0.0000000001759053    0.0000000001698417
479.0    0.0000000001784615    0.0000000001744855    0.0000000001734252    0.0000000001826751    0.0000000001763299
481.0    0.0000000001852194    0.0000000001811791    0.0000000001799947    0.0000000001893771    0.0000000001827846
483.0    0.0000000001922055    0.0000000001881161    0.0000000001868045    0.0000000001965983    0.0000000001894592
485.0    0.0000000001993915    0.0000000001955600    0.0000000001935360    0.0000000002040112    0.0000000001966323
487.0    0.0000000002064598    0.0000000002032116    0.0000000002004528    0.0000000002112598    0.0000000002039964
489.0    0.0000000002139745    0.0000000002110413    0.0000000002078409    0.0000000002189764    0.0000000002115255
491.0    0.0000000002216141    0.0000000002187073    0.0000000002153788    0.0000000002268028    0.0000000002191924
493.0    0.0000000002293540    0.0000000002264804    0.0000000002227179    0.0000000002343663    0.0000000002266420
495.0    0.0000000002371627    0.0000000002346436    0.0000000002301463    0.0000000002423249    0.0000000002341670
497.0    0.0000000002446986    0.0000000002428545    0.0000000002379637    0.0000000002503048    0.0000000002420698
499.0    0.0000000002525607    0.0000000002510795    0.0000000002458202    0.0000000002579312    0.0000000002499952
501.0    0.0000000002604081    0.0000000002589708    0.0000000002533604    0.0000000002658683    0.0000000002579142
503.0    0.0000000002682119    0.0000000002668158    0.0000000002608851    0.0000000002737425    0.0000000002654714
505.0    0.0000000002759478    0.0000000002748969    0.0000000002686953    0.0000000002811897    0.0000000002729714
507.0    0.0000000002832853    0.0000000002828703    0.0000000002764364    0.0000000002888625    0.0000000002807132
509.0    0.0000000002908135    0.0000000002907103    0.0000000002837679    0.0000000002964001    0.0000000002883445
511.0    0.0000000002982061    0.0000000002981012    0.0000000002909911    0.0000000003034620    0.0000000002958426
513.0    0.0000000003054392    0.0000000003053254    0.0000000002983950    0.0000000003103630    0.0000000003028853
515.0    0.0000000003125000    0.0000000003126472    0.0000000003056427    0.0000000003173888    0.0000000003097685
517.0    0.0000000003193688    0.0000000003197567    0.0000000003124265    0.0000000003242124    0.0000000003167687
519.0    0.0000000003260378    0.0000000003266405    0.0000000003190348    0.0000000003305348    0.0000000003235679
521.0    0.0000000003322385    0.0000000003330382    0.0000000003257346    0.0000000003369214    0.0000000003301544
523.0    0.0000000003384785    0.0000000003392069    0.0000000003322218    0.0000000003430777    0.0000000003365185
525.0    0.0000000003444936    0.0000000003453786    0.0000000003382325    0.0000000003487411    0.0000000003424032
527.0    0.0000000003502726    0.0000000003512962    0.0000000003440308    0.0000000003544232    0.0000000003480689
529.0    0.0000000003558187    0.0000000003569576    0.0000000003498544    0.0000000003598646    0.0000000003537488
531.0    0.0000000003609185    0.0000000003621611    0.0000000003554417    0.0000000003648393    0.0000000003591878
533.0    0.0000000003659968    0.0000000003671262    0.0000000003605742    0.0000000003698008    0.0000000003643858
535.0    0.0000000003708424    0.0000000003720440    0.0000000003654844    0.0000000003745253    0.0000000003691434
537.0    0.0000000003754521    0.0000000003767138    0.0000000003703778    0.0000000003788213    0.0000000003736795
539.0    0.0000000003798352    0.0000000003811404    0.0000000003750361    0.0000000003830842    0.0000000003781848
541.0    0.0000000003839909    0.0000000003851748    0.0000000003792845    0.0000000003871232    0.0000000003824597
543.0    0.0000000003879300    0.0000000003889928    0.0000000003833212    0.0000000003907785    0.0000000003865095
545.0    0.0000000003915092    0.0000000003927453    0.0000000003873171    0.0000000003943890    0.0000000003901864
547.0    0.0000000003950328    0.0000000003962817    0.0000000003909449    0.0000000003977953    0.0000000003936647
549.0    0.0000000003983588    0.0000000003996095    0.0000000003943763    0.0000000004008647    0.0000000003970932
551.0    0.0000000004014889    0.0000000004026216    0.0000000003977584    0.0000000004038842    0.0000000004003227
553.0    0.0000000004044351    0.0000000004054533    0.0000000004009436    0.0000000004067212    0.0000000004033598
555.0    0.0000000004070939    0.0000000004082189    0.0000000004038189    0.0000000004092676    0.0000000004062126
557.0    0.0000000004096942    0.0000000004108083    0.0000000004065241    0.0000000004117627    0.0000000004087815
559.0    0.0000000004121323    0.0000000004132295    0.0000000004091764    0.0000000004140977    0.0000000004111922
561.0    0.0000000004144115    0.0000000004154078    0.0000000004116606    0.0000000004161854    0.0000000004135502
563.0    0.0000000004165427    0.0000000004174432    0.0000000004138915    0.0000000004181377    0.0000000004157531
565.0    0.0000000004184532    0.0000000004194185    0.0000000004159791    0.0000000004200402    0.0000000004178083
567.0    0.0000000004203091    0.0000000004212559    0.0000000004180148    0.0000000004218106    0.0000000004196466
569.0    0.0000000004220372    0.0000000004229628    0.0000000004199108    0.0000000004233842    0.0000000004213602
571.0    0.0000000004236405    0.0000000004244874    0.0000000004216036    0.0000000004249098    0.0000000004230241
573.0    0.0000000004251279    0.0000000004259015    0.0000000004231783    0.0000000004263221    0.0000000004245668
575.0    0.0000000004265029    0.0000000004272632    0.0000000004247043    0.0000000004275703    0.0000000004259940
577.0    0.0000000004277735    0.0000000004285185    0.0000000004261157    0.0000000004287728    0.0000000004272600
579.0    0.0000000004288983    0.0000000004296731    0.0000000004273667    0.0000000004298785    0.0000000004284288
581.0    0.0000000004299758    0.0000000004306933    0.0000000004285211    0.0000000004308478    0.0000000004295522
583.0    0.0000000004309639    0.0000000004316285    0.0000000004296303    0.0000000004317742    0.0000000004305819
585.0    0.0000000004318651    0.0000000004325170    0.0000000004306458    0.0000000004326174    0.0000000004315223
587.0    0.0000000004326858    0.0000000004333234    0.0000000004315365    0.0000000004333486    0.0000000004323785
589.0    0.0000000004334002    0.0000000004340258    0.0000000004323486    0.0000000004340383    0.0000000004331236
591.0    0.0000000004340718    0.0000000004346585    0.0000000004331181    0.0000000004346573    0.0000000004337981
593.0    0.0000000004346746    0.0000000004352482    0.0000000004338116    0.0000000004351847    0.0000000004344313
595.0    0.0000000004352103    0.0000000004357706    0.0000000004344095    0.0000000004356724    0.0000000004349957
597.0    0.0000000004356840    0.0000000004362298    0.0000000004349433    0.0000000004360997    0.0000000004354950
599.0    0.0000000004360822    0.0000000004366147    0.0000000004354372    0.0000000004364536    0.0000000004359156
601.0    0.0000000004364414    0.0000000004369462    0.0000000004358697    0.0000000004367695    0.0000000004362817
603.0    0.0000000004367479    0.0000000004372378    0.0000000004362300    0.0000000004370340    0.0000000004366097
605.0    0.0000000004370032    0.0000000004374785    0.0000000004365385    0.0000000004372405    0.0000000004368852
607.0    0.0000000004372114    0.0000000004376702    0.0000000004368100    0.0000000004374047    0.0000000004371108
609.0    0.0000000004373741    0.0000000004378114    0.0000000004370320    0.0000000004375333    0.0000000004372835
611.0    0.0000000004374947    0.0000000004379125    0.0000000004372015    0.0000000004376209    0.0000000004374149
613.0    0.0000000004375728    0.0000000004379778    0.0000000004373302    0.0000000004376686    0.0000000004375113
615.0    0.0000000004376174    0.0000000004380048    0.0000000004374242    0.0000000004376826    0.0000000004375686
617.0    0.0000000004376271    0.0000000004379963    0.0000000004374793    0.0000000004376632    0.0000000004375892
619.0    0.0000000004376038    0.0000000004379567    0.0000000004374985    0.0000000004376150    0.0000000004375755
621.0    0.0000000004375503    0.0000000004378877    0.0000000004374857    0.0000000004375355    0.0000000004375327
623.0    0.0000000004374718    0.0000000004377881    0.0000000004374418    0.0000000004374294    0.0000000004374622
625.0    0.0000000004373645    0.0000000004376616    0.0000000004373684    0.0000000004373042    0.0000000004373616
627.0    0.0000000004372330    0.0000000004375108    0.0000000004372725    0.0000000004371507    0.0000000004372356
629.0    0.0000000004370788    0.0000000004373445    0.0000000004371530    0.0000000004369761    0.0000000004370861
631.0    0.0000000004369044    0.0000000004371592    0.0000000004370057    0.0000000004367910    0.0000000004369228
633.0    0.0000000004367112    0.0000000004369482    0.0000000004368369    0.0000000004365800    0.0000000004367412
635.0    0.0000000004365012    0.0000000004367203    0.0000000004366570    0.0000000004363537    0.0000000004365345
637.0    0.0000000004362850    0.0000000004364775    0.0000000004364604    0.0000000004361237    0.0000000004363114
639.0    0.0000000004360465    0.0000000004362316    0.0000000004362398    0.0000000004358707    0.0000000004360739
641.0    0.0000000004357958    0.0000000004359747    0.0000000004360045    0.0000000004356065    0.0000000004358234
643.0    0.0000000004355340    0.0000000004356975    0.0000000004357670    0.0000000004353445    0.0000000004355725
645.0    0.0000000004352628    0.0000000004354112    0.0000000004355187    0.0000000004350623    0.0000000004353124
647.0    0.0000000004349944    0.0000000004351174    0.0000000004352495    0.0000000004347721    0.0000000004350325
649.0    0.0000000004347078    0.0000000004348287    0.0000000004349712    0.0000000004344888    0.0000000004347448
651.0    0.0000000004344149    0.0000000004345349    0.0000000004346976    0.0000000004341869    0.0000000004344505
653.0    0.0000000004341167    0.0000000004342250    0.0000000004344171    0.0000000004338806    0.0000000004341633
655.0    0.0000000004338139    0.0000000004339117    0.0000000004341192    0.0000000004335839    0.0000000004338715
657.0    0.0000000004335196    0.0000000004335955    0.0000000004338159    0.0000000004332845    0.0000000004335633
659.0    0.0000000004332103    0.0000000004332893    0.0000000004335217    0.0000000004329688    0.0000000004332520
661.0    0.0000000004328985    0.0000000004329817    0.0000000004332240    0.0000000004326511    0.0000000004329382
663.0    0.0000000004325845    0.0000000004326608    0.0000000004329109    0.0000000004323457    0.0000000004326355
665.0    0.0000000004322692    0.0000000004323394    0.0000000004325953    0.0000000004320252    0.0000000004323315
667.0    0.0000000004319526    0.0000000004320174    0.0000000004322913    0.0000000004317040    0.0000000004320132
669.0    0.0000000004316352    0.0000000004317080    0.0000000004319859    0.0000000004313960    0.0000000004316938
671.0    0.0000000004313300    0.0000000004313986    0.0000000004316662    0.0000000004310733    0.0000000004313743
673.0    0.0000000004310112    0.0000000004310773    0.0000000004313455    0.0000000004307504    0.0000000004310542
675.0    0.0000000004306925    0.0000000004307563    0.0000000004310378    0.0000000004304413    0.0000000004307473
677.0    0.0000000004303734    0.0000000004304358    0.0000000004307293    0.0000000004301175    0.0000000004304402
679.0    0.0000000004300537    0.0000000004301279    0.0000000004304071    0.0000000004297935    0.0000000004301197
681.0    0.0000000004297468    0.0000000004298204    0.0000000004300844    0.0000000004294831    0.0000000004297988
683.0    0.0000000004294263    0.0000000004295007    0.0000000004297750    0.0000000004291580    0.0000000004294778
685.0    0.0000000004291053    0.0000000004291810    0.0000000004294645    0.0000000004288320    0.0000000004291698
687.0    0.0000000004287835    0.0000000004288612    0.0000000004291403    0.0000000004285193    0.0000000004288614
689.0    0.0000000004284607    0.0000000004285533    0.0000000004288151    0.0000000004281911    0.0000000004285388
691.0    0.0000000004281368    0.0000000004282447    0.0000000004285025    0.0000000004278613    0.0000000004282153
693.0    0.0000000004278109    0.0000000004279228    0.0000000004281887    0.0000000004275440    0.0000000004278902
695.0    0.0000000004274967    0.0000000004275995    0.0000000004278599    0.0000000004272102    0.0000000004275774
697.0    0.0000000004271672    0.0000000004272745    0.0000000004275291    0.0000000004268741    0.0000000004272628
699.0    0.0000000004268352    0.0000000004269598    0.0000000004272101    0.0000000004265496    0.0000000004269323
701.0    0.0000000004265004    0.0000000004266431    0.0000000004268889    0.0000000004262221    0.0000000004265992
703.0    0.0000000004261622    0.0000000004263106    0.0000000004265508    0.0000000004258763    0.0000000004262632
705.0    0.0000000004258343    0.0000000004259749    0.0000000004262097    0.0000000004255265    0.0000000004259238
707.0    0.0000000004254887    0.0000000004256483    0.0000000004258794    0.0000000004251874    0.0000000004255947
709.0    0.0000000004251389    0.0000000004253180    0.0000000004255453    0.0000000004248283    0.0000000004252620
711.0    0.0000000004247840    0.0000000004249698    0.0000000004251924    0.0000000004244638    0.0000000004249101
713.0    0.0000000004244244    0.0000000004246164    0.0000000004248350    0.0000000004241099    0.0000000004245530
715.0    0.0000000004240737    0.0000000004242573    0.0000000004244875    0.0000000004237340    0.0000000004241908
717.0    0.0000000004237025    0.0000000004239063    0.0000000004241350    0.0000000004233515    0.0000000004238379
719.0    0.0000000004233249    0.0000000004235494    0.0000000004237611    0.0000000004229795    0.0000000004234797
721.0    0.0000000004229407    0.0000000004231713    0.0000000004233809    0.0000000004225830    0.0000000004230989
723.0    0.0000000004225495    0.0000000004227858    0.0000000004230105    0.0000000004221795    0.0000000004227111
725.0    0.0000000004221507    0.0000000004223926    0.0000000004226333    0.0000000004217858    0.0000000004223159
727.0    0.0000000004217447    0.0000000004220071    0.0000000004222328    0.0000000004213665    0.0000000004219298
729.0    0.0000000004213467    0.0000000004216135    0.0000000004218245    0.0000000004209387    0.0000000004215366
731.0    0.0000000004209246    0.0000000004211958    0.0000000004214256    0.0000000004205213    0.0000000004211178
733.0    0.0000000004204939    0.0000000004207691    0.0000000004210190    0.0000000004200763    0.0000000004206906
735.0    0.0000000004200545    0.0000000004203328    0.0000000004205865    0.0000000004196225    0.0000000004202543
737.0    0.0000000004196062    0.0000000004199045    0.0000000004201452    0.0000000004191795    0.0000000004198087
739.0    0.0000000004191673    0.0000000004194671    0.0000000004197138    0.0000000004187071    0.0000000004193734
741.0    0.0000000004187009    0.0000000004190026    0.0000000004192742    0.0000000004182254    0.0000000004189291
743.0    0.0000000004182256    0.0000000004185281    0.0000000004188063    0.0000000004177558    0.0000000004184562
745.0    0.0000000004177406    0.0000000004180435    0.0000000004183289    0.0000000004172554    0.0000000004179736
747.0    0.0000000004172468    0.0000000004175681    0.0000000004178628    0.0000000004167455    0.0000000004174815
749.0    0.0000000004167636    0.0000000004170832    0.0000000004173878    0.0000000004162490    0.0000000004170005
751.0    0.0000000004162512    0.0000000004165691    0.0000000004168828    0.0000000004157438    0.0000000004165111
753.0    0.0000000004157296    0.0000000004160450    0.0000000004163686    0.0000000004152062    0.0000000004159905
755.0    0.0000000004151986    0.0000000004155112    0.0000000004158668    0.0000000004146598    0.0000000004154607
757.0    0.0000000004146591    0.0000000004149886    0.0000000004153564    0.0000000004141288    0.0000000004149213
759.0    0.0000000004141102    0.0000000004144571    0.0000000004148147    0.0000000004135647    0.0000000004143958
761.0    0.0000000004135530    0.0000000004138952    0.0000000004142642    0.0000000004129917    0.0000000004138619
763.0    0.0000000004130098    0.0000000004133240    0.0000000004137279    0.0000000004124363    0.0000000004132961
765.0    0.0000000004124361    0.0000000004127442    0.0000000004131838    0.0000000004118472    0.0000000004127214
767.0    0.0000000004118541    0.0000000004121785    0.0000000004126078    0.0000000004112504    0.0000000004121383
769.0    0.0000000004112645    0.0000000004116050    0.0000000004120234    0.0000000004106723    0.0000000004115475
771.0    0.0000000004106676    0.0000000004110008    0.0000000004114559    0.0000000004100606    0.0000000004109735
773.0    0.0000000004100875    0.0000000004103888    0.0000000004108812    0.0000000004094419    0.0000000004103929
775.0    0.0000000004094765    0.0000000004097697    0.0000000004102742    0.0000000004088441    0.0000000004097797
777.0    0.0000000004088590    0.0000000004091678    0.0000000004096603    0.0000000004082128    0.0000000004091597
779.0    0.0000000004082353    0.0000000004085597    0.0000000004090655    0.0000000004075752    0.0000000004085329
781.0    0.0000000004076056    0.0000000004079213    0.0000000004084644    0.0000000004069603    0.0000000004079266
783.0    0.0000000004069700    0.0000000004072770    0.0000000004078314    0.0000000004063117    0.0000000004073147
785.0    0.0000000004063295    0.0000000004066272    0.0000000004071924    0.0000000004056586    0.0000000004066707
787.0    0.0000000004057100    0.0000000004059975    0.0000000004065748    0.0000000004050291    0.0000000004060217
789.0    0.0000000004050599    0.0000000004053636    0.0000000004059524    0.0000000004043669    0.0000000004053677
791.0    0.0000000004044055    0.0000000004046999    0.0000000004052983    0.0000000004037007    0.0000000004047369
793.0    0.0000000004037473    0.0000000004040322    0.0000000004046394    0.0000000004030599    0.0000000004041019
795.0    0.0000000004030852    0.0000000004033608    0.0000000004040043    0.0000000004024159    0.0000000004034357
797.0    0.0000000004024466    0.0000000004027120    0.0000000004033654    0.0000000004017394    0.0000000004027659
799.0    0.0000000004017784    0.0000000004020605    0.0000000004026950    0.0000000004010604    0.0000000004020930
801.0    0.0000000004011072    0.0000000004013801    0.0000000004020217    0.0000000004004082    0.0000000004014169
803.0    0.0000000004004333    0.0000000004006975    0.0000000004013736    0.0000000003997242    0.0000000004007667
805.0    0.0000000003997574    0.0000000004000125    0.0000000004007227    0.0000000003990381    0.0000000004001143
807.0    0.0000000003991065    0.0000000003993522    0.0000000004000412    0.0000000003983799    0.0000000003994315
809.0    0.0000000003984267    0.0000000003986900    0.0000000003993575    0.0000000003976904    0.0000000003987466
811.0    0.0000000003977453    0.0000000003980005    0.0000000003987003    0.0000000003969995    0.0000000003980602
813.0    0.0000000003970626    0.0000000003973095    0.0000000003980417    0.0000000003963373    0.0000000003974009
815.0    0.0000000003963785    0.0000000003966175    0.0000000003973528    0.0000000003956440    0.0000000003967405
817.0    0.0000000003956934    0.0000000003959513    0.0000000003966624    0.0000000003949498    0.0000000003960504
819.0    0.0000000003950073    0.0000000003952845    0.0000000003959998    0.0000000003942850    0.0000000003953594
821.0    0.0000000003943481    0.0000000003945904    0.0000000003953362    0.0000000003935894    0.0000000003946677
823.0    0.0000000003936608    0.0000000003938960    0.0000000003946429    0.0000000003928931    0.0000000003940042
825.0    0.0000000003929725    0.0000000003932279    0.0000000003939778    0.0000000003922268    0.0000000003933402
827.0    0.0000000003922843    0.0000000003925597    0.0000000003933123    0.0000000003915297    0.0000000003926469
829.0    0.0000000003915954    0.0000000003918645    0.0000000003926170    0.0000000003908325    0.0000000003919533
831.0    0.0000000003909340    0.0000000003911692    0.0000000003919216    0.0000000003901654    0.0000000003912596
833.0    0.0000000003902448    0.0000000003904742    0.0000000003912550    0.0000000003894676    0.0000000003905657
835.0    0.0000000003895553    0.0000000003898057    0.0000000003905874    0.0000000003887696    0.0000000003899005
837.0    0.0000000003888658    0.0000000003891373    0.0000000003898910    0.0000000003881019    0.0000000003892352
839.0    0.0000000003881761    0.0000000003884422    0.0000000003891946    0.0000000003874038    0.0000000003885411
841.0    0.0000000003874862    0.0000000003877472    0.0000000003885270    0.0000000003867055    0.0000000003878468
843.0    0.0000000003867964    0.0000000003870523    0.0000000003878590    0.0000000003860375    0.0000000003871525
845.0    0.0000000003861339    0.0000000003863842    0.0000000003871622    0.0000000003853694    0.0000000003864871
847.0    0.0000000003854438    0.0000000003857160    0.0000000003864651    0.0000000003846708    0.0000000003858216
849.0    0.0000000003847535    0.0000000003850211    0.0000000003857969    0.0000000003839719    0.0000000003851272
851.0    0.0000000003840632    0.0000000003843262    0.0000000003851287    0.0000000003833033    0.0000000003844326
853.0    0.0000000003833725    0.0000000003836312    0.0000000003844313    0.0000000003826042    0.0000000003837378
855.0    0.0000000003827093    0.0000000003829629    0.0000000003837336    0.0000000003819045    0.0000000003830431
857.0    0.0000000003820182    0.0000000003822942    0.0000000003830648    0.0000000003812354    0.0000000003823770
859.0    0.0000000003813270    0.0000000003815988    0.0000000003823959    0.0000000003805351    0.0000000003817107
861.0    0.0000000003806352    0.0000000003809029    0.0000000003816975    0.0000000003798346    0.0000000003810150
863.0    0.0000000003799432    0.0000000003802067    0.0000000003809989    0.0000000003791640    0.0000000003803190
865.0    0.0000000003792784    0.0000000003795370    0.0000000003803290    0.0000000003784625    0.0000000003796230
867.0    0.0000000003785855    0.0000000003788666    0.0000000003796587    0.0000000003777608    0.0000000003789550
869.0    0.0000000003778920    0.0000000003781690    0.0000000003789588    0.0000000003770887    0.0000000003782867
871.0    0.0000000003771981    0.0000000003774710    0.0000000003782586    0.0000000003763857    0.0000000003775890
873.0    0.0000000003765035    0.0000000003767722    0.0000000003775870    0.0000000003756819    0.0000000003768906
875.0    0.0000000003758082    0.0000000003760997    0.0000000003769147    0.0000000003750082    0.0000000003761916
877.0    0.0000000003751124    0.0000000003754265    0.0000000003762127    0.0000000003743030    0.0000000003755210
879.0    0.0000000003744438    0.0000000003747254    0.0000000003755100    0.0000000003735971    0.0000000003748496
881.0    0.0000000003737463    0.0000000003740238    0.0000000003748360    0.0000000003729213    0.0000000003741484
883.0    0.0000000003730484    0.0000000003733208    0.0000000003741612    0.0000000003722138    0.0000000003734463
885.0    0.0000000003723495    0.0000000003726445    0.0000000003734564    0.0000000003715056    0.0000000003727435
887.0    0.0000000003716500    0.0000000003719671    0.0000000003727507    0.0000000003708275    0.0000000003720397
889.0    0.0000000003709774    0.0000000003712617    0.0000000003720737    0.0000000003701484    0.0000000003713645
891.0    0.0000000003702762    0.0000000003705554    0.0000000003713961    0.0000000003694378    0.0000000003706885
893.0    0.0000000003695740    0.0000000003698481    0.0000000003706880    0.0000000003687263    0.0000000003699821
895.0    0.0000000003688711    0.0000000003691670    0.0000000003699791    0.0000000003680450    0.0000000003692745
897.0    0.0000000003681672    0.0000000003684851    0.0000000003692989    0.0000000003673319    0.0000000003685665
899.0    0.0000000003674908    0.0000000003677750    0.0000000003686180    0.0000000003666178    0.0000000003678871
901.0    0.0000000003667855    0.0000000003670638    0.0000000003679066    0.0000000003659342    0.0000000003672066
903.0    0.0000000003660792    0.0000000003663517    0.0000000003671944    0.0000000003652187    0.0000000003664959
905.0    0.0000000003653724    0.0000000003656661    0.0000000003665111    0.0000000003645026    0.0000000003657842
907.0    0.0000000003646647    0.0000000003649798    0.0000000003658270    0.0000000003638169    0.0000000003650717
909.0    0.0000000003639562    0.0000000003642650    0.0000000003651125    0.0000000003630993    0.0000000003643882
911.0    0.0000000003632472    0.0000000003635498    0.0000000003643972    0.0000000003623813    0.0000000003637039
913.0    0.0000000003625659    0.0000000003628335    0.0000000003637110    0.0000000003616937    0.0000000003629892
915.0    0.0000000003618557    0.0000000003621442    0.0000000003630243    0.0000000003609747    0.0000000003622738
917.0    0.0000000003611450    0.0000000003614543    0.0000000003623071    0.0000000003602550    0.0000000003615577
919.0    0.0000000003604337    0.0000000003607364    0.0000000003615892    0.0000000003595663    0.0000000003608413
921.0    0.0000000003597222    0.0000000003600177    0.0000000003609008    0.0000000003588459    0.0000000003601541
923.0    0.0000000003590385    0.0000000003592987    0.0000000003602120    0.0000000003581254    0.0000000003594665
925.0    0.0000000003583260    0.0000000003586069    0.0000000003594930    0.0000000003574356    0.0000000003587487
927.0    0.0000000003576135    0.0000000003579149    0.0000000003587731    0.0000000003567147    0.0000000003580306
929.0    0.0000000003569010    0.0000000003571950    0.0000000003580840    0.0000000003559935    0.0000000003573123
931.0    0.0000000003561885    0.0000000003564749    0.0000000003573939    0.0000000003553037    0.0000000003566235
933.0    0.0000000003554751    0.0000000003557548    0.0000000003566730    0.0000000003546139    0.0000000003559347
935.0    0.0000000003547625    0.0000000003550623    0.0000000003559530    0.0000000003538930    0.0000000003552162
937.0    0.0000000003540785    0.0000000003543698    0.0000000003552630    0.0000000003531721    0.0000000003544976
939.0    0.0000000003533660    0.0000000003536498    0.0000000003545729    0.0000000003524829    0.0000000003537790
941.0    0.0000000003526535    0.0000000003529300    0.0000000003538520    0.0000000003517626    0.0000000003530905
943.0    0.0000000003519410    0.0000000003522383    0.0000000003531322    0.0000000003510426    0.0000000003524025
945.0    0.0000000003512295    0.0000000003515467    0.0000000003524430    0.0000000003503545    0.0000000003516848
947.0    0.0000000003505465    0.0000000003508279    0.0000000003517531    0.0000000003496355    0.0000000003509672
949.0    0.0000000003498356    0.0000000003501097    0.0000000003510342    0.0000000003489170    0.0000000003502503
951.0    0.0000000003491252    0.0000000003493920    0.0000000003503155    0.0000000003482304    0.0000000003495338
953.0    0.0000000003484154    0.0000000003487025    0.0000000003496273    0.0000000003475132    0.0000000003488478
955.0    0.0000000003477063    0.0000000003480136    0.0000000003489395    0.0000000003467966    0.0000000003481623
957.0    0.0000000003470262    0.0000000003472980    0.0000000003482224    0.0000000003461120    0.0000000003474477
959.0    0.0000000003463185    0.0000000003465830    0.0000000003475062    0.0000000003453973    0.0000000003467339
961.0    0.0000000003456115    0.0000000003458690    0.0000000003468202    0.0000000003446830    0.0000000003460209
963.0    0.0000000003449054    0.0000000003451833    0.0000000003461351    0.0000000003440010    0.0000000003453384
965.0    0.0000000003442002    0.0000000003444984    0.0000000003454210    0.0000000003432887    0.0000000003446568
967.0    0.0000000003434959    0.0000000003437870    0.0000000003447077    0.0000000003425775    0.0000000003439463
969.0    0.0000000003427926    0.0000000003430768    0.0000000003440250    0.0000000003418982    0.0000000003432368
971.0    0.0000000003421184    0.0000000003423678    0.0000000003433432    0.0000000003411889    0.0000000003425285
973.0    0.0000000003414170    0.0000000003416867    0.0000000003426328    0.0000000003404807    0.0000000003418505
975.0    0.0000000003407170    0.0000000003410068    0.0000000003419232    0.0000000003398045    0.0000000003411737
977.0    0.0000000003400175    0.0000000003403010    0.0000000003412440    0.0000000003390987    0.0000000003404684
979.0    0.0000000003393194    0.0000000003395962    0.0000000003405665    0.0000000003383939    0.0000000003397643
981.0    0.0000000003386503    0.0000000003388927    0.0000000003398603    0.0000000003377208    0.0000000003390615
983.0    0.0000000003379545    0.0000000003382172    0.0000000003391551    0.0000000003370490    0.0000000003383597
985.0    0.0000000003372599    0.0000000003375433    0.0000000003384803    0.0000000003363477    0.0000000003376884
987.0    0.0000000003365664    0.0000000003368432    0.0000000003378067    0.0000000003356476    0.0000000003370180
989.0    0.0000000003358740    0.0000000003361447    0.0000000003371051    0.0000000003349792    0.0000000003363198
991.0    0.0000000003351830    0.0000000003354473    0.0000000003364045    0.0000000003342815    0.0000000003356230
993.0    0.0000000003344931    0.0000000003347780    0.0000000003357345    0.0000000003335853    0.0000000003349272
995.0    0.0000000003338320    0.0000000003341098    0.0000000003350654    0.0000000003329202    0.0000000003342616
997.0    0.0000000003331445    0.0000000003334162    0.0000000003343683    0.0000000003322264    0.0000000003335973
999.0    0.0000000003324583    0.0000000003327239    0.0000000003336729    0.0000000003315338    0.0000000003329054
1001.0    0.0000000003317734    0.0000000003320329    0.0000000003330075    0.0000000003308724    0.0000000003322145
1003.0    0.0000000003310897    0.0000000003313695    0.0000000003323432    0.0000000003301822    0.0000000003315252
1005.0    0.0000000003304346    0.0000000003307076    0.0000000003316512    0.0000000003294935    0.0000000003308657
1007.0    0.0000000003297533    0.0000000003300205    0.0000000003309605    0.0000000003288356    0.0000000003302074
1009.0    0.0000000003290732    0.0000000003293345    0.0000000003302998    0.0000000003281492    0.0000000003295218
1011.0    0.0000000003283944    0.0000000003286498    0.0000000003296402    0.0000000003274640    0.0000000003288375
1013.0    0.0000000003277167    0.0000000003279927    0.0000000003289532    0.0000000003268099    0.0000000003281540
1015.0    0.0000000003270672    0.0000000003273367    0.0000000003282676    0.0000000003261270    0.0000000003274723
1017.0    0.0000000003263920    0.0000000003266557    0.0000000003276116    0.0000000003254455    0.0000000003268198
1019.0    0.0000000003257182    0.0000000003259761    0.0000000003269568    0.0000000003247946    0.0000000003261687
1021.0    0.0000000003250452    0.0000000003252975    0.0000000003262746    0.0000000003241155    0.0000000003254903
1023.0    0.0000000003243735    0.0000000003246462    0.0000000003255938    0.0000000003234375    0.0000000003248133
1025.0    0.0000000003237032    0.0000000003239960    0.0000000003249423    0.0000000003227902    0.0000000003241373
1027.0    0.0000000003230340    0.0000000003233213    0.0000000003242920    0.0000000003221439    0.0000000003234907
1029.0    0.0000000003223923    0.0000000003226475    0.0000000003236148    0.0000000003214694    0.0000000003228453
1031.0    0.0000000003217254    0.0000000003219748    0.0000000003229386    0.0000000003207960    0.0000000003221730
1033.0    0.0000000003210594    0.0000000003213292    0.0000000003222917    0.0000000003201530    0.0000000003215015
1035.0    0.0000000003203946    0.0000000003206848    0.0000000003216459    0.0000000003194818    0.0000000003208315
1037.0    0.0000000003197309    0.0000000003200155    0.0000000003209730    0.0000000003188117    0.0000000003201904
1039.0    0.0000000003190947    0.0000000003193474    0.0000000003203015    0.0000000003181718    0.0000000003195503
1041.0    0.0000000003184334    0.0000000003186804    0.0000000003196589    0.0000000003175040    0.0000000003188835
1043.0    0.0000000003177728    0.0000000003180401    0.0000000003190175    0.0000000003168371    0.0000000003182178
1045.0    0.0000000003171135    0.0000000003174008    0.0000000003183492    0.0000000003162004    0.0000000003175531
1047.0    0.0000000003164552    0.0000000003167370    0.0000000003176819    0.0000000003155356    0.0000000003168896
1049.0    0.0000000003158241    0.0000000003160742    0.0000000003170434    0.0000000003148720    0.0000000003162546
1051.0    0.0000000003151678    0.0000000003154380    0.0000000003164060    0.0000000003142380    0.0000000003156208
1053.0    0.0000000003145124    0.0000000003148027    0.0000000003157419    0.0000000003135765    0.0000000003149605
1055.0    0.0000000003138581    0.0000000003141430    0.0000000003150788    0.0000000003129158    0.0000000003143008
1057.0    0.0000000003132048    0.0000000003134842    0.0000000003144444    0.0000000003122846    0.0000000003136423
1059.0    0.0000000003125525    0.0000000003128265    0.0000000003138107    0.0000000003116260    0.0000000003130121
1061.0    0.0000000003119010    0.0000000003121950    0.0000000003131505    0.0000000003109684    0.0000000003123830
1063.0    0.0000000003112770    0.0000000003115643    0.0000000003125192    0.0000000003103400    0.0000000003117273
1065.0    0.0000000003106271    0.0000000003109094    0.0000000003118882    0.0000000003096845    0.0000000003110727
1067.0    0.0000000003099785    0.0000000003102555    0.0000000003112311    0.0000000003090293    0.0000000003104190
1069.0    0.0000000003093309    0.0000000003096024    0.0000000003105747    0.0000000003084037    0.0000000003097935
1071.0    0.0000000003086842    0.0000000003089754    0.0000000003099469    0.0000000003077791    0.0000000003091687
1073.0    0.0000000003080641    0.0000000003083492    0.0000000003093195    0.0000000003071270    0.0000000003085177
1075.0    0.0000000003074192    0.0000000003076990    0.0000000003086663    0.0000000003064756    0.0000000003078676
1077.0    0.0000000003067750    0.0000000003070493    0.0000000003080136    0.0000000003058537    0.0000000003072184
1079.0    0.0000000003061321    0.0000000003064007    0.0000000003073892    0.0000000003052042    0.0000000003065700
1081.0    0.0000000003054897    0.0000000003057779    0.0000000003067655    0.0000000003045555    0.0000000003059497
1083.0    0.0000000003048740    0.0000000003051559    0.0000000003061155    0.0000000003039361    0.0000000003053301
1085.0    0.0000000003042335    0.0000000003045099    0.0000000003054666    0.0000000003032893    0.0000000003046843
1087.0    0.0000000003035938    0.0000000003038646    0.0000000003048454    0.0000000003026435    0.0000000003040395
1089.0    0.0000000003029551    0.0000000003032203    0.0000000003042252    0.0000000003020265    0.0000000003033956
1091.0    0.0000000003023175    0.0000000003026016    0.0000000003035788    0.0000000003013822    0.0000000003027791
1093.0    0.0000000003016802    0.0000000003019836    0.0000000003029332    0.0000000003007393    0.0000000003021635
1095.0    0.0000000003010440    0.0000000003013418    0.0000000003023156    0.0000000003001249    0.0000000003015222
1097.0    0.0000000003004342    0.0000000003007009    0.0000000003016987    0.0000000002994835    0.0000000003008815
1099.0    0.0000000002997998    0.0000000003000608    0.0000000003010558    0.0000000002988431    0.0000000003002418
1101.0    0.0000000002991663    0.0000000002994460    0.0000000003004138    0.0000000002982315    0.0000000002996295
1103.0    0.0000000002985336    0.0000000002988322    0.0000000002997995    0.0000000002975930    0.0000000002990180
1105.0    0.0000000002979020    0.0000000002981950    0.0000000002991860    0.0000000002969552    0.0000000002983807
1107.0    0.0000000002972963    0.0000000002975580    0.0000000002985465    0.0000000002963462    0.0000000002977445
1109.0    0.0000000002966665    0.0000000002969221    0.0000000002979082    0.0000000002957105    0.0000000002971090
1111.0    0.0000000002960376    0.0000000002963114    0.0000000002972972    0.0000000002950757    0.0000000002964745
1113.0    0.0000000002954096    0.0000000002957018    0.0000000002966875    0.0000000002944695    0.0000000002958674
1115.0    0.0000000002947825    0.0000000002950687    0.0000000002960515    0.0000000002938368    0.0000000002952610
1117.0    0.0000000002941566    0.0000000002944364    0.0000000002954169    0.0000000002932053    0.0000000002946292
1119.0    0.0000000002935316    0.0000000002938052    0.0000000002948095    0.0000000002926020    0.0000000002939982
1121.0    0.0000000002929325    0.0000000002931992    0.0000000002942031    0.0000000002920000    0.0000000002933684
1123.0    0.0000000002923096    0.0000000002925939    0.0000000002935713    0.0000000002913715    0.0000000002927657
1125.0    0.0000000002916877    0.0000000002919655    0.0000000002929406    0.0000000002907443    0.0000000002921641
1127.0    0.0000000002910669    0.0000000002913382    0.0000000002923373    0.0000000002901454    0.0000000002915372
1129.0    0.0000000002904472    0.0000000002907122    0.0000000002917348    0.0000000002895204    0.0000000002909114
1131.0    0.0000000002898535    0.0000000002901110    0.0000000002911073    0.0000000002888966    0.0000000002902870
1133.0    0.0000000002892361    0.0000000002895110    0.0000000002904808    0.0000000002883013    0.0000000002896632
1135.0    0.0000000002886200    0.0000000002888881    0.0000000002898817    0.0000000002876800    0.0000000002890666
1137.0    0.0000000002880052    0.0000000002882664    0.0000000002892836    0.0000000002870604    0.0000000002884713
1139.0    0.0000000002873915    0.0000000002876460    0.0000000002886607    0.0000000002864687    0.0000000002878513
1141.0    0.0000000002868036    0.0000000002870505    0.0000000002880391    0.0000000002858516    0.0000000002872325
1143.0    0.0000000002861926    0.0000000002864562    0.0000000002874445    0.0000000002852358    0.0000000002866149
1145.0    0.0000000002855829    0.0000000002858396    0.0000000002868512    0.0000000002846484    0.0000000002860245
1147.0    0.0000000002849746    0.0000000002852244    0.0000000002862334    0.0000000002840356    0.0000000002854353
1149.0    0.0000000002843680    0.0000000002846106    0.0000000002856171    0.0000000002834244    0.0000000002848217
1151.0    0.0000000002837628    0.0000000002840216    0.0000000002850278    0.0000000002828412    0.0000000002842097
1153.0    0.0000000002831588    0.0000000002834342    0.0000000002844397    0.0000000002822333    0.0000000002835992
1155.0    0.0000000002825807    0.0000000002828248    0.0000000002838277    0.0000000002816270    0.0000000002830156
1157.0    0.0000000002819800    0.0000000002822171    0.0000000002832172    0.0000000002810485    0.0000000002824334
1159.0    0.0000000002813813    0.0000000002816109    0.0000000002826336    0.0000000002804456    0.0000000002818275
1161.0    0.0000000002807839    0.0000000002810297    0.0000000002820517    0.0000000002798445    0.0000000002812233
1163.0    0.0000000002801882    0.0000000002804501    0.0000000002814458    0.0000000002792710    0.0000000002806207
1165.0    0.0000000002796182    0.0000000002798489    0.0000000002808419    0.0000000002786995    0.0000000002800200
1167.0    0.0000000002790262    0.0000000002792500    0.0000000002802646    0.0000000002781038    0.0000000002794461
1169.0    0.0000000002784359    0.0000000002786753    0.0000000002796890    0.0000000002775099    0.0000000002788737
1171.0    0.0000000002778480    0.0000000002781026    0.0000000002790905    0.0000000002769438    0.0000000002782785
1173.0    0.0000000002772612    0.0000000002775091    0.0000000002784936    0.0000000002763539    0.0000000002776851
1175.0    0.0000000002766767    0.0000000002769174    0.0000000002779233    0.0000000002757660    0.0000000002770936
1177.0    0.0000000002760942    0.0000000002763278    0.0000000002773548    0.0000000002752057    0.0000000002765290
1179.0    0.0000000002755369    0.0000000002757628    0.0000000002767637    0.0000000002746221    0.0000000002759657
1181.0    0.0000000002749585    0.0000000002752000    0.0000000002761745    0.0000000002740404    0.0000000002753802
1183.0    0.0000000002743820    0.0000000002746165    0.0000000002756119    0.0000000002734862    0.0000000002747970
1185.0    0.0000000002738078    0.0000000002740352    0.0000000002750512    0.0000000002729089    0.0000000002742158
1187.0    0.0000000002732357    0.0000000002734563    0.0000000002744681    0.0000000002723338    0.0000000002736609
1189.0    0.0000000002726885    0.0000000002729016    0.0000000002738872    0.0000000002717858    0.0000000002731080
1191.0    0.0000000002721207    0.0000000002723493    0.0000000002733325    0.0000000002712151    0.0000000002725334
1193.0    0.0000000002715549    0.0000000002717771    0.0000000002727800    0.0000000002706466    0.0000000002719610
1195.0    0.0000000002709915    0.0000000002712070    0.0000000002722057    0.0000000002701053    0.0000000002713910
1197.0    0.0000000002704303    0.0000000002706394    0.0000000002716336    0.0000000002695413    0.0000000002708233
1199.0    0.0000000002698937    0.0000000002700959    0.0000000002710875    0.0000000002689796    0.0000000002702813
1201.0    0.0000000002693371    0.0000000002695548    0.0000000002705433    0.0000000002684446    0.0000000002697418
1203.0    0.0000000002687826    0.0000000002689940    0.0000000002699777    0.0000000002678876    0.0000000002691810
1205.0    0.0000000002682304    0.0000000002684359    0.0000000002694149    0.0000000002673329    0.0000000002686226
1207.0    0.0000000002676806    0.0000000002678802    0.0000000002688775    0.0000000002668045    0.0000000002680664
1209.0    0.0000000002671332    0.0000000002673481    0.0000000002683422    0.0000000002662544    0.0000000002675360
1211.0    0.0000000002665880    0.0000000002668184    0.0000000002677861    0.0000000002657067    0.0000000002670074
1213.0    0.0000000002660667    0.0000000002662697    0.0000000002672321    0.0000000002651850    0.0000000002664586
1215.0    0.0000000002655259    0.0000000002657235    0.0000000002667035    0.0000000002646654    0.0000000002659118
1217.0    0.0000000002649875    0.0000000002651798    0.0000000002661773    0.0000000002641245    0.0000000002653677
1219.0    0.0000000002644515    0.0000000002646593    0.0000000002656302    0.0000000002635857    0.0000000002648484
1221.0    0.0000000002639177    0.0000000002641411    0.0000000002650858    0.0000000002630725    0.0000000002643314
1223.0    0.0000000002634073    0.0000000002636043    0.0000000002645661    0.0000000002625384    0.0000000002637942
1225.0    0.0000000002628780    0.0000000002630700    0.0000000002640486    0.0000000002620065    0.0000000002632595
1227.0    0.0000000002623509    0.0000000002625380    0.0000000002635107    0.0000000002615000    0.0000000002627269
1229.0    0.0000000002618261    0.0000000002620287    0.0000000002629752    0.0000000002609722    0.0000000002621966
1231.0    0.0000000002613032    0.0000000002615216    0.0000000002624644    0.0000000002604469    0.0000000002616907
1233.0    0.0000000002608033    0.0000000002609964    0.0000000002619555    0.0000000002599465    0.0000000002611870
1235.0    0.0000000002602849    0.0000000002604735    0.0000000002614270    0.0000000002594253    0.0000000002606635
1237.0    0.0000000002597685    0.0000000002599530    0.0000000002609001    0.0000000002589061    0.0000000002601421
1239.0    0.0000000002592542    0.0000000002594542    0.0000000002603976    0.0000000002584117    0.0000000002596231
1241.0    0.0000000002587420    0.0000000002589577    0.0000000002598971    0.0000000002578968    0.0000000002591280
1243.0    0.0000000002582320    0.0000000002584433    0.0000000002593770    0.0000000002573838    0.0000000002586342
1245.0    0.0000000002577238    0.0000000002579311    0.0000000002588588    0.0000000002568951    0.0000000002581213
1247.0    0.0000000002572379    0.0000000002574208    0.0000000002583644    0.0000000002563861    0.0000000002576105
1249.0    0.0000000002567336    0.0000000002569325    0.0000000002578719    0.0000000002558790    0.0000000002571018
1251.0    0.0000000002562313    0.0000000002564455    0.0000000002573599    0.0000000002553956    0.0000000002566162
1253.0    0.0000000002557310    0.0000000002559412    0.0000000002568500    0.0000000002548922    0.0000000002561320
1255.0    0.0000000002552322    0.0000000002554386    0.0000000002563631    0.0000000002543907    0.0000000002556292
1257.0    0.0000000002547552    0.0000000002549381    0.0000000002558782    0.0000000002539126    0.0000000002551281
1259.0    0.0000000002542603    0.0000000002544586    0.0000000002553738    0.0000000002534361    0.0000000002546287
1261.0    0.0000000002537669    0.0000000002539807    0.0000000002548712    0.0000000002529397    0.0000000002541313
1263.0    0.0000000002532752    0.0000000002534852    0.0000000002543914    0.0000000002524450    0.0000000002536563
1265.0    0.0000000002527853    0.0000000002529917    0.0000000002539132    0.0000000002519732    0.0000000002531827
1267.0    0.0000000002522970    0.0000000002524999    0.0000000002534161    0.0000000002514817    0.0000000002526905
1269.0    0.0000000002518103    0.0000000002520285    0.0000000002529206    0.0000000002509917    0.0000000002521995
1271.0    0.0000000002513446    0.0000000002515585    0.0000000002524473    0.0000000002505245    0.0000000002517104
1273.0    0.0000000002508610    0.0000000002510713    0.0000000002519755    0.0000000002500376    0.0000000002512431
1275.0    0.0000000002503790    0.0000000002505857    0.0000000002514851    0.0000000002495522    0.0000000002507773
1277.0    0.0000000002498982    0.0000000002501015    0.0000000002509960    0.0000000002490890    0.0000000002502928
1279.0    0.0000000002494191    0.0000000002496374    0.0000000002505287    0.0000000002486064    0.0000000002498097
1281.0    0.0000000002489603    0.0000000002491744    0.0000000002500627    0.0000000002481252    0.0000000002493280
1283.0    0.0000000002484840    0.0000000002486945    0.0000000002495782    0.0000000002476663    0.0000000002488680
1285.0    0.0000000002480090    0.0000000002482159    0.0000000002490950    0.0000000002471877    0.0000000002484085
1287.0    0.0000000002475350    0.0000000002477569    0.0000000002486333    0.0000000002467104    0.0000000002479310
1289.0    0.0000000002470625    0.0000000002472991    0.0000000002481730    0.0000000002462550    0.0000000002474546
1291.0    0.0000000002466102    0.0000000002468242    0.0000000002476937    0.0000000002457803    0.0000000002469795
1293.0    0.0000000002461401    0.0000000002463506    0.0000000002472159    0.0000000002453066    0.0000000002465058
1295.0    0.0000000002456713    0.0000000002458783    0.0000000002467594    0.0000000002448550    0.0000000002460527
1297.0    0.0000000002452038    0.0000000002454251    0.0000000002463037    0.0000000002443837    0.0000000002456010
1299.0    0.0000000002447373    0.0000000002449733    0.0000000002458297    0.0000000002439136    0.0000000002451308
1301.0    0.0000000002442719    0.0000000002445040    0.0000000002453568    0.0000000002434652    0.0000000002446615
1303.0    0.0000000002438077    0.0000000002440362    0.0000000002449046    0.0000000002429974    0.0000000002441935
1305.0    0.0000000002433635    0.0000000002435695    0.0000000002444538    0.0000000002425307    0.0000000002437461
1307.0    0.0000000002429012    0.0000000002431218    0.0000000002439844    0.0000000002420853    0.0000000002432996
1309.0    0.0000000002424402    0.0000000002426748    0.0000000002435159    0.0000000002416407    0.0000000002428347
1311.0    0.0000000002419803    0.0000000002422112    0.0000000002430683    0.0000000002411772    0.0000000002423710
1313.0    0.0000000002415213    0.0000000002417485    0.0000000002426215    0.0000000002407146    0.0000000002419082
1315.0    0.0000000002410819    0.0000000002412868    0.0000000002421564    0.0000000002402732    0.0000000002414658
1317.0    0.0000000002406248    0.0000000002408439    0.0000000002416924    0.0000000002398130    0.0000000002410242
1319.0    0.0000000002401691    0.0000000002404019    0.0000000002412485    0.0000000002393531    0.0000000002405643
1321.0    0.0000000002397141    0.0000000002399432    0.0000000002408057    0.0000000002389145    0.0000000002401055
1323.0    0.0000000002392602    0.0000000002394852    0.0000000002403447    0.0000000002384568    0.0000000002396475
1325.0    0.0000000002388072    0.0000000002390283    0.0000000002398846    0.0000000002380002    0.0000000002391908
1327.0    0.0000000002383552    0.0000000002385897    0.0000000002394446    0.0000000002375643    0.0000000002387538
1329.0    0.0000000002379220    0.0000000002381520    0.0000000002390055    0.0000000002371095    0.0000000002383174
1331.0    0.0000000002374720    0.0000000002376980    0.0000000002385482    0.0000000002366557    0.0000000002378632
1333.0    0.0000000002370224    0.0000000002372447    0.0000000002380920    0.0000000002362225    0.0000000002374099
1335.0    0.0000000002365741    0.0000000002367922    0.0000000002376555    0.0000000002357706    0.0000000002369575
1337.0    0.0000000002361266    0.0000000002363581    0.0000000002372200    0.0000000002353195    0.0000000002365247
1339.0    0.0000000002356979    0.0000000002359248    0.0000000002367665    0.0000000002348890    0.0000000002360929
1341.0    0.0000000002352522    0.0000000002354749    0.0000000002363327    0.0000000002344395    0.0000000002356431
1343.0    0.0000000002348074    0.0000000002350258    0.0000000002358998    0.0000000002339915    0.0000000002351941
1345.0    0.0000000002343635    0.0000000002345779    0.0000000002354490    0.0000000002335635    0.0000000002347460
1347.0    0.0000000002339205    0.0000000002341479    0.0000000002349991    0.0000000002331173    0.0000000002342988
1349.0    0.0000000002334961    0.0000000002337188    0.0000000002345687    0.0000000002326717    0.0000000002338712
1351.0    0.0000000002330549    0.0000000002332732    0.0000000002341393    0.0000000002322465    0.0000000002334443
1353.0    0.0000000002326147    0.0000000002328286    0.0000000002336920    0.0000000002318222    0.0000000002329995
1355.0    0.0000000002321753    0.0000000002323849    0.0000000002332457    0.0000000002313795    0.0000000002325559
1357.0    0.0000000002317367    0.0000000002319590    0.0000000002328187    0.0000000002309377    0.0000000002321131
1359.0    0.0000000002312991    0.0000000002315340    0.0000000002323925    0.0000000002305161    0.0000000002316896
1361.0    0.0000000002308627    0.0000000002310931    0.0000000002319490    0.0000000002300762    0.0000000002312668
1363.0    0.0000000002304444    0.0000000002306528    0.0000000002315063    0.0000000002296374    0.0000000002308267
1365.0    0.0000000002300096    0.0000000002302135    0.0000000002310829    0.0000000002292185    0.0000000002303873
1367.0    0.0000000002295757    0.0000000002297919    0.0000000002306604    0.0000000002287817    0.0000000002299490
1369.0    0.0000000002291429    0.0000000002293712    0.0000000002302204    0.0000000002283457    0.0000000002295296
1371.0    0.0000000002287110    0.0000000002289346    0.0000000002297813    0.0000000002279298    0.0000000002291112
1373.0    0.0000000002282973    0.0000000002284989    0.0000000002293615    0.0000000002274959    0.0000000002286756
1375.0    0.0000000002278674    0.0000000002280643    0.0000000002289427    0.0000000002270632    0.0000000002282409
1377.0    0.0000000002274385    0.0000000002276473    0.0000000002285064    0.0000000002266503    0.0000000002278072
1379.0    0.0000000002270106    0.0000000002272312    0.0000000002280713    0.0000000002262195    0.0000000002273741
1381.0    0.0000000002265836    0.0000000002267992    0.0000000002276552    0.0000000002257901    0.0000000002269605
1383.0    0.0000000002261750    0.0000000002263685    0.0000000002272400    0.0000000002253802    0.0000000002265476
1385.0    0.0000000002257501    0.0000000002259390    0.0000000002268080    0.0000000002249529    0.0000000002261178
1387.0    0.0000000002253264    0.0000000002255265    0.0000000002263766    0.0000000002245270    0.0000000002256890
1389.0    0.0000000002249038    0.0000000002251153    0.0000000002259645    0.0000000002241203    0.0000000002252613
1391.0    0.0000000002244823    0.0000000002246887    0.0000000002255533    0.0000000002236964    0.0000000002248523
1393.0    0.0000000002240621    0.0000000002242631    0.0000000002251254    0.0000000002232737    0.0000000002244444
1395.0    0.0000000002236430    0.0000000002238386    0.0000000002246985    0.0000000002228709    0.0000000002240200
1397.0    0.0000000002232415    0.0000000002234317    0.0000000002242906    0.0000000002224689    0.0000000002235965
1399.0    0.0000000002228248    0.0000000002230258    0.0000000002238838    0.0000000002220502    0.0000000002231742
1401.0    0.0000000002224093    0.0000000002226050    0.0000000002234604    0.0000000002216326    0.0000000002227710
1403.0    0.0000000002219952    0.0000000002221852    0.0000000002230382    0.0000000002212345    0.0000000002223685
1405.0    0.0000000002215819    0.0000000002217828    0.0000000002226350    0.0000000002208200    0.0000000002219498
1407.0    0.0000000002211868    0.0000000002213815    0.0000000002222326    0.0000000002204063    0.0000000002215322
1409.0    0.0000000002207764    0.0000000002209655    0.0000000002218141    0.0000000002200120    0.0000000002211162
1411.0    0.0000000002203673    0.0000000002205509    0.0000000002213968    0.0000000002196016    0.0000000002207015
1413.0    0.0000000002199597    0.0000000002201376    0.0000000002209984    0.0000000002191923    0.0000000002203052
1415.0    0.0000000002195535    0.0000000002197416    0.0000000002206010    0.0000000002188025    0.0000000002199103
1417.0    0.0000000002191487    0.0000000002193468    0.0000000002201879    0.0000000002183963    0.0000000002194996
1419.0    0.0000000002187454    0.0000000002189378    0.0000000002197762    0.0000000002179915    0.0000000002190901
1421.0    0.0000000002183596    0.0000000002185302    0.0000000002193830    0.0000000002176060    0.0000000002186823
1423.0    0.0000000002179592    0.0000000002181241    0.0000000002189910    0.0000000002172047    0.0000000002182928
1425.0    0.0000000002175606    0.0000000002177351    0.0000000002185836    0.0000000002168051    0.0000000002179048
1427.0    0.0000000002171635    0.0000000002173475    0.0000000002181778    0.0000000002164243    0.0000000002175016
1429.0    0.0000000002167678    0.0000000002169462    0.0000000002177904    0.0000000002160278    0.0000000002170997
1431.0    0.0000000002163897    0.0000000002165464    0.0000000002174044    0.0000000002156331    0.0000000002166997
1433.0    0.0000000002159974    0.0000000002161484    0.0000000002170031    0.0000000002152573    0.0000000002163178
1435.0    0.0000000002156068    0.0000000002157672    0.0000000002166035    0.0000000002148661    0.0000000002159375
1437.0    0.0000000002152180    0.0000000002153878    0.0000000002162223    0.0000000002144767    0.0000000002155423
1439.0    0.0000000002148309    0.0000000002149948    0.0000000002158425    0.0000000002141061    0.0000000002151491
1441.0    0.0000000002144610    0.0000000002146040    0.0000000002154482    0.0000000002137203    0.0000000002147576
1443.0    0.0000000002140775    0.0000000002142144    0.0000000002150554    0.0000000002133365    0.0000000002143678
1445.0    0.0000000002136957    0.0000000002138419    0.0000000002146807    0.0000000002129713    0.0000000002139959
1447.0    0.0000000002133161    0.0000000002134712    0.0000000002143078    0.0000000002126080    0.0000000002136262
1449.0    0.0000000002129381    0.0000000002130875    0.0000000002139204    0.0000000002122296    0.0000000002132420
1451.0    0.0000000002125620    0.0000000002127058    0.0000000002135350    0.0000000002118535    0.0000000002128597
1453.0    0.0000000002121880    0.0000000002123263    0.0000000002131674    0.0000000002114955    0.0000000002124794
1455.0    0.0000000002118307    0.0000000002119630    0.0000000002128017    0.0000000002111235    0.0000000002121169
1457.0    0.0000000002114605    0.0000000002116018    0.0000000002124219    0.0000000002107534    0.0000000002117563
1459.0    0.0000000002110924    0.0000000002112282    0.0000000002120443    0.0000000002104013    0.0000000002113819
1461.0    0.0000000002107262    0.0000000002108568    0.0000000002116840    0.0000000002100353    0.0000000002110098
1463.0    0.0000000002103620    0.0000000002104872    0.0000000002113257    0.0000000002096714    0.0000000002106398
1465.0    0.0000000002100146    0.0000000002101340    0.0000000002109540    0.0000000002093252    0.0000000002102870
1467.0    0.0000000002096545    0.0000000002097830    0.0000000002105845    0.0000000002089654    0.0000000002099364
1469.0    0.0000000002092964    0.0000000002094198    0.0000000002102320    0.0000000002086080    0.0000000002095727
1471.0    0.0000000002089405    0.0000000002090590    0.0000000002098818    0.0000000002082676    0.0000000002092110
1473.0    0.0000000002085868    0.0000000002087003    0.0000000002095183    0.0000000002079144    0.0000000002088517
1475.0    0.0000000002082351    0.0000000002083577    0.0000000002091570    0.0000000002075630    0.0000000002084945
1477.0    0.0000000002078855    0.0000000002080169    0.0000000002088126    0.0000000002072291    0.0000000002081543
1479.0    0.0000000002075521    0.0000000002076650    0.0000000002084704    0.0000000002068821    0.0000000002078162
1481.0    0.0000000002072068    0.0000000002073150    0.0000000002081155    0.0000000002065372    0.0000000002074656
1483.0    0.0000000002068635    0.0000000002069675    0.0000000002077628    0.0000000002062094    0.0000000002071171
1485.0    0.0000000002065225    0.0000000002066355    0.0000000002074265    0.0000000002058686    0.0000000002067710
