9.0    0.0000000000000000    0.0000000000000000    0.0000000000000000    0.0000000000000000    0.0000000000000000
11.0    0.0000000000000000    0.0000000000000000    0.0000000000000000    0.0000000000000000    0.0000000000000000
13.0    0.0000000000000000    0.0000000000000000    0.0000000000000000    0.0000000000000000    0.0000000000000000
15.0    0.0000000000000000    0.0000000000000000    0.0000000000000000    0.0000000000000000    0.0000000000000000
17.0    0.0000000000000000    0.0000000000000000    0.0000000000000000    0.0000000000000000    0.0000000000000000
19.0    0.0000000000000000    0.0000000000000000    0.0000000000000000    0.0000000000000000    0.0000000000000000
21.0    0.0000000000000000    0.0000000000000000    0.0000000000000000    0.0000000000000000    0.0000000000000000
23.0    0.0000000000000000    0.0000000000000000    0.0000000000000000    0.0000000000000000    0.0000000000000000
25.0    0.0000000000000000    0.0000000000000000    0.0000000000000000    0.0000000000000000    0.0000000000000000
27.0    0.0000000000000000    0.0000000000000000    0.0000000000000000    0.0000000000000000    0.0000000000000000
29.0    0.0000000000000000    0.0000000000000000    0.0000000000000000    0.0000000000000000    0.0000000000000000
31.0    0.0000000000000000    0.0000000000000000    0.0000000000000000    0.0000000000000000    0.0000000000000000
33.0    0.0000000000000000    0.0000000000000000    0.0000000000000000    0.0000000000000000    0.0000000000000000
35.0    0.0000000000000000    0.0000000000000000    0.0000000000000000    0.0000000000000000    0.0000000000000000
37.0    0.0000000000000000    0.0000000000000000    0.0000000000000000    0.0000000000000000    0.0000000000000000
39.0    0.0000000000000000    0.0000000000000000    0.0000000000000000    0.0000000000000000    0.0000000000000000
41.0    0.0000000000000000    0.0000000000000000    0.0000000000000000    0.0000000000000000    0.0000000000000000
43.0    0.0000000000000000    0.0000000000000000    0.0000000000000000    0.0000000000000000    0.0000000000000000
45.0    0.0000000000000000    0.0000000000000000    0.0000000000000000    0.0000000000000000    0.0000000000000000
47.0    0.0000000000000000    0.0000000000000000    0.0000000000000000    0.0000000000000000    0.0000000000000000
49.0    0.0000000000000000    0.0000000000000000    0.0000000000000000    0.0000000000000000    0.0000000000000000
51.0    0.0000000000000000    0.0000000000000000    0.0000000000000000    0.0000000000000000    0.0000000000000000
53.0    0.0000000000000000    0.0000000000000000    0.0000000000000000    0.0000000000000000    0.0000000000000000
55.0    0.0000000000000000    0.0000000000000000    0.0000000000000000    0.0000000000000000    0.0000000000000000
57.0    0.0000000000000000    0.0000000000000000    0.0000000000000000    0.0000000000000000    0.0000000000000000
59.0    0.0000000000000000    0.0000000000000000    0.0000000000000000    0.0000000000000000    0.0000000000000000
61.0    0.0000000000000000    0.0000000000000000    0.0000000000000000    0.0000000000000000    0.0000000000000000
63.0    0.0000000000000000    0.0000000000000000    0.0000000000000000    0.0000000000000000    0.0000000000000000
65.0    0.0000000000000000    0.0000000000000000    0.0000000000000000    0.0000000000000000    0.0000000000000000
67.0    0.0000000000000000    0.0000000000000000    0.0000000000000000    0.0000000000000000    0.0000000000000000
69.0    0.0000000000000000    0.0000000000000000    0.0000000000000000    0.0000000000000000    0.0000000000000000
71.0    0.0000000000000000    0.0000000000000000    0.0000000000000000    0.0000000000000000    0.0000000000000000
73.0    0.0000000000000000    0.0000000000000000    0.0000000000000000    0.0000000000000000    0.0000000000000000
75.0    0.0000000000000000    0.0000000000000000    0.0000000000000000    0.0000000000000000    0.0000000000000000
77.0    0.0000000000000000    0.0000000000000000    0.0000000000000000    0.0000000000000000    0.0000000000000000
79.0    0.0000000000000000    0.0000000000000000    0.0000000000000000    0.0000000000000000    0.0000000000000000
81.0    0.0000000000000000    0.0000000000000000    0.0000000000000000    0.0000000000000000    0.0000000000000000
83.0    0.0000000000000000    0.0000000000000000    0.0000000000000000    0.0000000000000000    0.0000000000000000
85.0    0.0000000000000000    0.0000000000000000    0.0000000000000000    0.0000000000000000    0.0000000000000000
87.0    0.0000000000000000    0.0000000000000000    0.0000000000000000    0.0000000000000000    0.0000000000000000
89.0    0.0000000000000000    0.0000000000000000    0.0000000000000000    0.0000000000000000    0.0000000000000000
91.0    0.0000000000000000    0.0000000000000000    0.0000000000000000    0.0000000000000000    0.0000000000000000
93.0    0.0000000000000000    0.0000000000000000    0.0000000000000000    0.0000000000000000    0.0000000000000000
95.0    0.0000000000000000    0.0000000000000000    0.0000000000000000    0.0000000000000000    0.0000000000000000
97.0    0.0000000000000000    0.0000000000000000    0.0000000000000000    0.0000000000000000    0.0000000000000000
99.0    0.0000000000000000    0.0000000000000000    0.0000000000000000    0.0000000000000000    0.0000000000000000
101.0    0.0000000000000000    0.0000000000000000    0.0000000000000000    0.0000000000000000    0.0000000000000000
103.0    0.0000000000000000    0.0000000000000000    0.0000000000000000    0.0000000000000000    0.0000000000000000
105.0    0.0000000000000000    0.0000000000000000    0.0000000000000000    0.0000000000000000    0.0000000000000000
107.0    0.0000000000000000    0.0000000000000000    0.0000000000000000    0.0000000000000000    0.0000000000000000
109.0    0.0000000000000000    0.0000000000000000    0.0000000000000000    0.0000000000000000    0.0000000000000000
111.0    0.0000000000000000    0.0000000000000000    0.0000000000000000    0.0000000000000000    0.0000000000000000
113.0    0.0000000000000000    0.0000000000000000    0.0000000000000000    0.0000000000000000    0.0000000000000000
115.0    0.0000000000000000    0.0000000000000000    0.0000000000000000    0.0000000000000000    0.0000000000000000
117.0    0.0000000000000000    0.0000000000000000    0.0000000000000000    0.0000000000000000    0.0000000000000000
119.0    0.0000000000000000    0.0000000000000000    0.0000000000000000    0.0000000000000000    0.0000000000000000
121.0    0.0000000000000000    0.0000000000000000    0.0000000000000000    0.0000000000000000    0.0000000000000000
123.0    0.0000000000000000    0.0000000000000000    0.0000000000000000    0.0000000000000000    0.0000000000000000
125.0    0.0000000000000000    0.0000000000000000    0.0000000000000000    0.0000000000000000    0.0000000000000000
127.0    0.0000000000000000    0.0000000000000000    0.0000000000000000    0.0000000000000000    0.0000000000000000
129.0    0.0000000000000000    0.0000000000000000    0.0000000000000000    0.0000000000000000    0.0000000000000000
131.0    0.0000000000000000    0.0000000000000000    0.0000000000000000    0.0000000000000000    0.0000000000000000
133.0    0.0000000000000000    0.0000000000000000    0.0000000000000000    0.0000000000000000    0.0000000000000000
135.0    0.0000000000000000    0.0000000000000000    0.0000000000000000    0.0000000000000000    0.0000000000000000
137.0    0.0000000000000000    0.0000000000000000    0.0000000000000000    0.0000000000000000    0.0000000000000000
139.0    0.0000000000000000    0.0000000000000000    0.0000000000000000    0.0000000000000000    0.0000000000000000
141.0    0.0000000000000000    0.0000000000000000    0.0000000000000000    0.0000000000000000    0.0000000000000000
143.0    0.0000000000000000    0.0000000000000000    0.0000000000000000    0.0000000000000000    0.0000000000000000
145.0    0.0000000000000000    0.0000000000000000    0.0000000000000000    0.0000000000000000    0.0000000000000000
147.0    0.0000000000000000    0.0000000000000000    0.0000000000000000    0.0000000000000000    0.0000000000000000
149.0    0.0000000000000000    0.0000000000000000    0.0000000000000000    0.0000000000000000    0.0000000000000000
151.0    0.0000000000000000    0.0000000000000000    0.0000000000000000    0.0000000000000000    0.0000000000000000
153.0    0.0000000000000000    0.0000000000000000    0.0000000000000000    0.0000000000000000    0.0000000000000000
155.0    0.0000000000000000    0.0000000000000000    0.0000000000000000    0.0000000000000000    0.0000000000000000
157.0    0.0000000000000000    0.0000000000000000    0.0000000000000000    0.0000000000000000    0.0000000000000000
159.0    0.0000000000000000    0.0000000000000000    0.0000000000000000    0.0000000000000000    0.0000000000000000
161.0    0.0000000000000000    0.0000000000000000    0.0000000000000000    0.0000000000000000    0.0000000000000000
163.0    0.0000000000000000    0.0000000000000000    0.0000000000000000    0.0000000000000000    0.0000000000000000
165.0    0.0000000000000000    0.0000000000000000    0.0000000000000000    0.0000000000000000    0.0000000000000000
167.0    0.0000000000000000    0.0000000000000000    0.0000000000000000    0.0000000000000000    0.0000000000000000
169.0    0.0000000000000000    0.0000000000000000    0.0000000000000000    0.0000000000000000    0.0000000000000000
171.0    0.0000000000000000    0.0000000000000000    0.0000000000000000    0.0000000000000000    0.0000000000000000
173.0    0.0000000000000000    0.0000000000000000    0.0000000000000000    0.0000000000000000    0.0000000000000000
175.0    0.0000000000000000    0.0000000000000000    0.0000000000000000    0.0000000000000000    0.0000000000000000
177.0    0.0000000000000000    0.0000000000000000    0.0000000000000000    0.0000000000000000    0.0000000000000000
179.0    0.0000000000000000    0.0000000000000000    0.0000000000000000    0.0000000000000000    0.0000000000000000
181.0    0.0000000000000000    0.0000000000000000    0.0000000000000000    0.0000000000000000    0.0000000000000000
183.0    0.0000000000000001    0.0000000000000000    0.0000000000000001    0.0000000000000001    0.0000000000000001
185.0    0.0000000000000001    0.0000000000000001    0.0000000000000001    0.0000000000000001    0.0000000000000001
187.0    0.0000000000000001    0.0000000000000001    0.0000000000000001    0.0000000000000001    0.0000000000000001
189.0    0.0000000000000001    0.0000000000000001    0.0000000000000001    0.0000000000000001    0.0000000000000001
191.0    0.0000000000000001    0.0000000000000001    0.0000000000000001    0.0000000000000001    0.0000000000000001
193.0    0.0000000000000002    0.0000000000000001    0.0000000000000002    0.0000000000000002    0.0000000000000002
195.0    0.0000000000000002    0.0000000000000002    0.0000000000000002    0.0000000000000002    0.0000000000000002
197.0    0.0000000000000002    0.0000000000000002    0.0000000000000002    0.0000000000000003    0.0000000000000003
199.0    0.0000000000000003    0.0000000000000003    0.0000000000000003    0.0000000000000003    0.0000000000000003
201.0    0.0000000000000004    0.0000000000000003    0.0000000000000004    0.0000000000000004    0.0000000000000004
203.0    0.0000000000000004    0.0000000000000004    0.0000000000000004    0.0000000000000004    0.0000000000000004
205.0    0.0000000000000005    0.0000000000000005    0.0000000000000005    0.0000000000000005    0.0000000000000005
207.0    0.0000000000000006    0.0000000000000005    0.0000000000000006    0.0000000000000006    0.0000000000000006
209.0    0.0000000000000007    0.0000000000000006    0.0000000000000007    0.0000000000000007    0.0000000000000007
211.0    0.0000000000000008    0.0000000000000007    0.0000000000000008    0.0000000000000008    0.0000000000000008
213.0    0.0000000000000010    0.0000000000000009    0.0000000000000010    0.0000000000000010    0.0000000000000010
215.0    0.0000000000000011    0.0000000000000010    0.0000000000000011    0.0000000000000011    0.0000000000000011
217.0    0.0000000000000013    0.0000000000000012    0.0000000000000013    0.0000000000000013    0.0000000000000013
219.0    0.0000000000000015    0.0000000000000014    0.0000000000000015    0.0000000000000015    0.0000000000000015
221.0    0.0000000000000017    0.0000000000000016    0.0000000000000017    0.0000000000000017    0.0000000000000017
223.0    0.0000000000000019    0.0000000000000018    0.0000000000000019    0.0000000000000020    0.0000000000000020
225.0    0.0000000000000022    0.0000000000000020    0.0000000000000022    0.0000000000000022    0.0000000000000022
227.0    0.0000000000000025    0.0000000000000023    0.0000000000000024    0.0000000000000026    0.0000000000000025
229.0    0.0000000000000028    0.0000000000000026    0.0000000000000028    0.0000000000000029    0.0000000000000028
231.0    0.0000000000000032    0.0000000000000030    0.0000000000000031    0.0000000000000033    0.0000000000000032
233.0    0.0000000000000036    0.0000000000000034    0.0000000000000035    0.0000000000000037    0.0000000000000036
235.0    0.0000000000000040    0.0000000000000038    0.0000000000000039    0.0000000000000041    0.0000000000000040
237.0    0.0000000000000045    0.0000000000000042    0.0000000000000044    0.0000000000000046    0.0000000000000045
239.0    0.0000000000000050    0.0000000000000047    0.0000000000000049    0.0000000000000051    0.0000000000000050
241.0    0.0000000000000056    0.0000000000000053    0.0000000000000054    0.0000000000000057    0.0000000000000056
243.0    0.0000000000000062    0.0000000000000059    0.0000000000000060    0.0000000000000063    0.0000000000000062
245.0    0.0000000000000069    0.0000000000000065    0.0000000000000067    0.0000000000000070    0.0000000000000069
247.0    0.0000000000000076    0.0000000000000072    0.0000000000000074    0.0000000000000078    0.0000000000000075
249.0    0.0000000000000083    0.0000000000000079    0.0000000000000081    0.0000000000000085    0.0000000000000083
251.0    0.0000000000000092    0.0000000000000088    0.0000000000000089    0.0000000000000094    0.0000000000000091
253.0    0.0000000000000100    0.0000000000000096    0.0000000000000098    0.0000000000000103    0.0000000000000100
255.0    0.0000000000000109    0.0000000000000105    0.0000000000000107    0.0000000000000112    0.0000000000000109
257.0    0.0000000000000119    0.0000000000000114    0.0000000000000116    0.0000000000000122    0.0000000000000119
259.0    0.0000000000000130    0.0000000000000125    0.0000000000000126    0.0000000000000133    0.0000000000000129
261.0    0.0000000000000141    0.0000000000000136    0.0000000000000137    0.0000000000000144    0.0000000000000140
263.0    0.0000000000000153    0.0000000000000147    0.0000000000000149    0.0000000000000156    0.0000000000000152
265.0    0.0000000000000164    0.0000000000000159    0.0000000000000160    0.0000000000000169    0.0000000000000164
267.0    0.0000000000000178    0.0000000000000172    0.0000000000000173    0.0000000000000182    0.0000000000000177
269.0    0.0000000000000191    0.0000000000000186    0.0000000000000187    0.0000000000000196    0.0000000000000190
271.0    0.0000000000000206    0.0000000000000200    0.0000000000000201    0.0000000000000211    0.0000000000000204
273.0    0.0000000000000221    0.0000000000000215    0.0000000000000215    0.0000000000000225    0.0000000000000219
275.0    0.0000000000000237    0.0000000000000230    0.0000000000000230    0.0000000000000242    0.0000000000000235
277.0    0.0000000000000253    0.0000000000000246    0.0000000000000246    0.0000000000000258    0.0000000000000251
279.0    0.0000000000000269    0.0000000000000263    0.0000000000000262    0.0000000000000275    0.0000000000000267
281.0    0.0000000000000287    0.0000000000000281    0.0000000000000279    0.0000000000000292    0.0000000000000284
283.0    0.0000000000000305    0.0000000000000299    0.0000000000000297    0.0000000000000311    0.0000000000000302
285.0    0.0000000000000323    0.0000000000000317    0.0000000000000315    0.0000000000000330    0.0000000000000321
287.0    0.0000000000000343    0.0000000000000336    0.0000000000000334    0.0000000000000349    0.0000000000000340
289.0    0.0000000000000362    0.0000000000000355    0.0000000000000353    0.0000000000000369    0.0000000000000359
291.0    0.0000000000000382    0.0000000000000376    0.0000000000000374    0.0000000000000390    0.0000000000000379
293.0    0.0000000000000403    0.0000000000000396    0.0000000000000394    0.0000000000000410    0.0000000000000400
295.0    0.0000000000000424    0.0000000000000417    0.0000000000000414    0.0000000000000432    0.0000000000000421
297.0    0.0000000000000447    0.0000000000000438    0.0000000000000436    0.0000000000000455    0.0000000000000443
299.0    0.0000000000000469    0.0000000000000460    0.0000000000000459    0.0000000000000477    0.0000000000000465
301.0    0.0000000000000492    0.0000000000000484    0.0000000000000482    0.0000000000000501    0.0000000000000488
303.0    0.0000000000000516    0.0000000000000508    0.0000000000000505    0.0000000000000526    0.0000000000000512
305.0    0.0000000000000542    0.0000000000000532    0.0000000000000530    0.0000000000000551    0.0000000000000538
307.0    0.0000000000000568    0.0000000000000556    0.0000000000000556    0.0000000000000578    0.0000000000000564
309.0    0.0000000000000595    0.0000000000000583    0.0000000000000582    0.0000000000000605    0.0000000000000591
311.0    0.0000000000000623    0.0000000000000611    0.0000000000000609    0.0000000000000633    0.0000000000000618
313.0    0.0000000000000651    0.0000000000000640    0.0000000000000638    0.0000000000000663    0.0000000000000646
315.0    0.0000000000000682    0.0000000000000669    0.0000000000000668    0.0000000000000694    0.0000000000000677
317.0    0.0000000000000713    0.0000000000000699    0.0000000000000698    0.0000000000000725    0.0000000000000708
319.0    0.0000000000000746    0.0000000000000731    0.0000000000000730    0.0000000000000759    0.0000000000000741
321.0    0.0000000000000780    0.0000000000000765    0.0000000000000764    0.0000000000000794    0.0000000000000774
323.0    0.0000000000000814    0.0000000000000800    0.0000000000000799    0.0000000000000829    0.0000000000000808
325.0    0.0000000000000851    0.0000000000000835    0.0000000000000834    0.0000000000000867    0.0000000000000845
327.0    0.0000000000000890    0.0000000000000872    0.0000000000000871    0.0000000000000907    0.0000000000000884
329.0    0.0000000000000930    0.0000000000000911    0.0000000000000911    0.0000000000000946    0.0000000000000924
331.0    0.0000000000000972    0.0000000000000953    0.0000000000000952    0.0000000000000987    0.0000000000000964
333.0    0.0000000000001015    0.0000000000000995    0.0000000000000993    0.0000000000001032    0.0000000000001005
335.0    0.0000000000001060    0.0000000000001038    0.0000000000001036    0.0000000000001078    0.0000000000001050
337.0    0.0000000000001106    0.0000000000001083    0.0000000000001083    0.0000000000001125    0.0000000000001097
339.0    0.0000000000001155    0.0000000000001131    0.0000000000001132    0.0000000000001175    0.0000000000001147
341.0    0.0000000000001206    0.0000000000001182    0.0000000000001180    0.0000000000001228    0.0000000000001198
343.0    0.0000000000001259    0.0000000000001234    0.0000000000001231    0.0000000000001280    0.0000000000001249
345.0    0.0000000000001315    0.0000000000001287    0.0000000000001286    0.0000000000001337    0.0000000000001302
347.0    0.0000000000001370    0.0000000000001342    0.0000000000001343    0.0000000000001397    0.0000000000001359
349.0    0.0000000000001431    0.0000000000001401    0.0000000000001400    0.0000000000001456    0.0000000000001420
351.0    0.0000000000001493    0.0000000000001463    0.0000000000001459    0.0000000000001521    0.0000000000001482
353.0    0.0000000000001559    0.0000000000001525    0.0000000000001524    0.0000000000001588    0.0000000000001545
355.0    0.0000000000001627    0.0000000000001590    0.0000000000001592    0.0000000000001655    0.0000000000001610
357.0    0.0000000000001695    0.0000000000001660    0.0000000000001659    0.0000000000001729    0.0000000000001681
359.0    0.0000000000001769    0.0000000000001733    0.0000000000001729    0.0000000000001805    0.0000000000001754
361.0    0.0000000000001846    0.0000000000001809    0.0000000000001805    0.0000000000001880    0.0000000000001831
363.0    0.0000000000001926    0.0000000000001885    0.0000000000001884    0.0000000000001963    0.0000000000001908
365.0    0.0000000000002009    0.0000000000001964    0.0000000000001963    0.0000000000002049    0.0000000000001987
367.0    0.0000000000002096    0.0000000000002049    0.0000000000002045    0.0000000000002134    0.0000000000002074
369.0    0.0000000000002186    0.0000000000002138    0.0000000000002134    0.0000000000002227    0.0000000000002164
371.0    0.0000000000002276    0.0000000000002231    0.0000000000002227    0.0000000000002324    0.0000000000002257
373.0    0.0000000000002374    0.0000000000002323    0.0000000000002320    0.0000000000002421    0.0000000000002355
375.0    0.0000000000002476    0.0000000000002420    0.0000000000002416    0.0000000000002521    0.0000000000002452
377.0    0.0000000000002581    0.0000000000002524    0.0000000000002520    0.0000000000002630    0.0000000000002553
379.0    0.0000000000002691    0.0000000000002632    0.0000000000002629    0.0000000000002743    0.0000000000002663
381.0    0.0000000000002801    0.0000000000002745    0.0000000000002738    0.0000000000002856    0.0000000000002777
383.0    0.0000000000002920    0.0000000000002858    0.0000000000002850    0.0000000000002979    0.0000000000002896
385.0    0.0000000000003044    0.0000000000002975    0.0000000000002973    0.0000000000003107    0.0000000000003014
387.0    0.0000000000003173    0.0000000000003102    0.0000000000003100    0.0000000000003234    0.0000000000003137
389.0    0.0000000000003307    0.0000000000003234    0.0000000000003227    0.0000000000003372    0.0000000000003270
391.0    0.0000000000003447    0.0000000000003371    0.0000000000003359    0.0000000000003516    0.0000000000003409
393.0    0.0000000000003593    0.0000000000003508    0.0000000000003503    0.0000000000003660    0.0000000000003554
395.0    0.0000000000003738    0.0000000000003651    0.0000000000003652    0.0000000000003816    0.0000000000003698
397.0    0.0000000000003896    0.0000000000003805    0.0000000000003801    0.0000000000003979    0.0000000000003849
399.0    0.0000000000004060    0.0000000000003966    0.0000000000003957    0.0000000000004141    0.0000000000004012
401.0    0.0000000000004232    0.0000000000004133    0.0000000000004126    0.0000000000004319    0.0000000000004182
403.0    0.0000000000004411    0.0000000000004300    0.0000000000004303    0.0000000000004504    0.0000000000004360
405.0    0.0000000000004590    0.0000000000004475    0.0000000000004480    0.0000000000004689    0.0000000000004546
407.0    0.0000000000004786    0.0000000000004664    0.0000000000004665    0.0000000000004891    0.0000000000004733
409.0    0.0000000000004991    0.0000000000004862    0.0000000000004866    0.0000000000005104    0.0000000000004928
411.0    0.0000000000005205    0.0000000000005069    0.0000000000005078    0.0000000000005316    0.0000000000005140
413.0    0.0000000000005431    0.0000000000005278    0.0000000000005291    0.0000000000005550    0.0000000000005364
415.0    0.0000000000005658    0.0000000000005496    0.0000000000005514    0.0000000000005796    0.0000000000005599
417.0    0.0000000000005907    0.0000000000005734    0.0000000000005758    0.0000000000006043    0.0000000000005835
419.0    0.0000000000006169    0.0000000000005985    0.0000000000006016    0.0000000000006316    0.0000000000006084
421.0    0.0000000000006446    0.0000000000006249    0.0000000000006277    0.0000000000006604    0.0000000000006358
423.0    0.0000000000006738    0.0000000000006517    0.0000000000006552    0.0000000000006896    0.0000000000006647
425.0    0.0000000000007048    0.0000000000006800    0.0000000000006854    0.0000000000007203    0.0000000000006953
427.0    0.0000000000007375    0.0000000000007111    0.0000000000007175    0.0000000000007545    0.0000000000007277
429.0    0.0000000000007708    0.0000000000007442    0.0000000000007500    0.0000000000007906    0.0000000000007606
431.0    0.0000000000008077    0.0000000000007792    0.0000000000007845    0.0000000000008274    0.0000000000007955
433.0    0.0000000000008467    0.0000000000008150    0.0000000000008225    0.0000000000008682    0.0000000000008341
435.0    0.0000000000008882    0.0000000000008531    0.0000000000008630    0.0000000000009115    0.0000000000008751
437.0    0.0000000000009323    0.0000000000008952    0.0000000000009041    0.0000000000009555    0.0000000000009186
439.0    0.0000000000009772    0.0000000000009401    0.0000000000009477    0.0000000000010045    0.0000000000009630
441.0    0.0000000000010268    0.0000000000009879    0.0000000000009960    0.0000000000010564    0.0000000000010100
443.0    0.0000000000010795    0.0000000000010369    0.0000000000010472    0.0000000000011091    0.0000000000010620
445.0    0.0000000000011354    0.0000000000010889    0.0000000000010993    0.0000000000011675    0.0000000000011173
447.0    0.0000000000011945    0.0000000000011465    0.0000000000011543    0.0000000000012294    0.0000000000011758
449.0    0.0000000000012546    0.0000000000012077    0.0000000000012150    0.0000000000012919    0.0000000000012352
451.0    0.0000000000013206    0.0000000000012726    0.0000000000012792    0.0000000000013610    0.0000000000012979
453.0    0.0000000000013902    0.0000000000013387    0.0000000000013440    0.0000000000014337    0.0000000000013668
455.0    0.0000000000014635    0.0000000000014086    0.0000000000014123    0.0000000000015069    0.0000000000014394
457.0    0.0000000000015405    0.0000000000014852    0.0000000000014870    0.0000000000015871    0.0000000000015158
459.0    0.0000000000016212    0.0000000000015658    0.0000000000015655    0.0000000000016711    0.0000000000015959
461.0    0.0000000000017055    0.0000000000016505    0.0000000000016441    0.0000000000017549    0.0000000000016762
463.0    0.0000000000017898    0.0000000000017357    0.0000000000017261    0.0000000000018462    0.0000000000017599
465.0    0.0000000000018811    0.0000000000018245    0.0000000000018151    0.0000000000019410    0.0000000000018507
467.0    0.0000000000019757    0.0000000000019206    0.0000000000019077    0.0000000000020348    0.0000000000019450
469.0    0.0000000000020737    0.0000000000020203    0.0000000000019995    0.0000000000021316    0.0000000000020426
471.0    0.0000000000021747    0.0000000000021195    0.0000000000020943    0.0000000000022358    0.0000000000021391
473.0    0.0000000000022743    0.0000000000022216    0.0000000000021962    0.0000000000023428    0.0000000000022384
475.0    0.0000000000023807    0.0000000000023307    0.0000000000023009    0.0000000000024475    0.0000000000023447
477.0    0.0000000000024894    0.0000000000024424    0.0000000000024036    0.0000000000025593    0.0000000000024535
479.0    0.0000000000026004    0.0000000000025566    0.0000000000025086    0.0000000000026730    0.0000000000025645
481.0    0.0000000000027131    0.0000000000026682    0.0000000000026202    0.0000000000027835    0.0000000000026728
483.0    0.0000000000028275    0.0000000000027814    0.0000000000027336    0.0000000000029003    0.0000000000027826
485.0    0.0000000000029431    0.0000000000029005    0.0000000000028437    0.0000000000030183    0.0000000000028986
487.0    0.0000000000030551    0.0000000000030206    0.0000000000029551    0.0000000000031319    0.0000000000030157
489.0    0.0000000000031724    0.0000000000031414    0.0000000000030723    0.0000000000032513    0.0000000000031336
491.0    0.0000000000032902    0.0000000000032580    0.0000000000031902    0.0000000000033709    0.0000000000032521
493.0    0.0000000000034083    0.0000000000033746    0.0000000000033037    0.0000000000034854    0.0000000000033659
495.0    0.0000000000035263    0.0000000000034957    0.0000000000034174    0.0000000000036050    0.0000000000034798
497.0    0.0000000000036394    0.0000000000036164    0.0000000000035361    0.0000000000037241    0.0000000000035985
499.0    0.0000000000037568    0.0000000000037364    0.0000000000036545    0.0000000000038375    0.0000000000037168
501.0    0.0000000000038736    0.0000000000038510    0.0000000000037677    0.0000000000039554    0.0000000000038345
503.0    0.0000000000039897    0.0000000000039647    0.0000000000038804    0.0000000000040724    0.0000000000039467
505.0    0.0000000000041050    0.0000000000040819    0.0000000000039973    0.0000000000041834    0.0000000000040582
507.0    0.0000000000042147    0.0000000000041978    0.0000000000041133    0.0000000000042984    0.0000000000041735
509.0    0.0000000000043280    0.0000000000043125    0.0000000000042237    0.0000000000044123    0.0000000000042879
511.0    0.0000000000044402    0.0000000000044216    0.0000000000043332    0.0000000000045202    0.0000000000044012
513.0    0.0000000000045514    0.0000000000045295    0.0000000000044465    0.0000000000046271    0.0000000000045088
515.0    0.0000000000046615    0.0000000000046404    0.0000000000045587    0.0000000000047378    0.0000000000046153
517.0    0.0000000000047705    0.0000000000047500    0.0000000000046652    0.0000000000048473    0.0000000000047255
519.0    0.0000000000048784    0.0000000000048585    0.0000000000047708    0.0000000000049511    0.0000000000048345
521.0    0.0000000000049811    0.0000000000049618    0.0000000000048799    0.0000000000050586    0.0000000000049425
523.0    0.0000000000050871    0.0000000000050641    0.0000000000049880    0.0000000000051652    0.0000000000050496
525.0    0.0000000000051923    0.0000000000051696    0.0000000000050908    0.0000000000052663    0.0000000000051513
527.0    0.0000000000052965    0.0000000000052742    0.0000000000051927    0.0000000000053712    0.0000000000052522
529.0    0.0000000000054000    0.0000000000053780    0.0000000000052982    0.0000000000054753    0.0000000000053567
531.0    0.0000000000054987    0.0000000000054772    0.0000000000054028    0.0000000000055743    0.0000000000054605
533.0    0.0000000000056008    0.0000000000055758    0.0000000000055025    0.0000000000056771    0.0000000000055635
535.0    0.0000000000057023    0.0000000000056778    0.0000000000056015    0.0000000000057793    0.0000000000056617
537.0    0.0000000000058033    0.0000000000057793    0.0000000000057041    0.0000000000058766    0.0000000000057594
539.0    0.0000000000059037    0.0000000000058804    0.0000000000058062    0.0000000000059778    0.0000000000058608
541.0    0.0000000000060036    0.0000000000059773    0.0000000000059035    0.0000000000060785    0.0000000000059616
543.0    0.0000000000061030    0.0000000000060738    0.0000000000060003    0.0000000000061744    0.0000000000060620
545.0    0.0000000000061980    0.0000000000061738    0.0000000000061008    0.0000000000062741    0.0000000000061578
547.0    0.0000000000062965    0.0000000000062735    0.0000000000061966    0.0000000000063734    0.0000000000062531
549.0    0.0000000000063945    0.0000000000063728    0.0000000000062920    0.0000000000064679    0.0000000000063521
551.0    0.0000000000064921    0.0000000000064679    0.0000000000063910    0.0000000000065662    0.0000000000064507
553.0    0.0000000000065891    0.0000000000065626    0.0000000000064895    0.0000000000066640    0.0000000000065487
555.0    0.0000000000066817    0.0000000000066607    0.0000000000065834    0.0000000000067569    0.0000000000066462
557.0    0.0000000000067776    0.0000000000067582    0.0000000000066767    0.0000000000068534    0.0000000000067391
559.0    0.0000000000068728    0.0000000000068551    0.0000000000067735    0.0000000000069493    0.0000000000068314
561.0    0.0000000000069674    0.0000000000069477    0.0000000000068697    0.0000000000070403    0.0000000000069270
563.0    0.0000000000070612    0.0000000000070397    0.0000000000069611    0.0000000000071305    0.0000000000070220
565.0    0.0000000000071505    0.0000000000071345    0.0000000000070519    0.0000000000072240    0.0000000000071161
567.0    0.0000000000072427    0.0000000000072285    0.0000000000071458    0.0000000000073166    0.0000000000072055
569.0    0.0000000000073340    0.0000000000073216    0.0000000000072388    0.0000000000074043    0.0000000000072941
571.0    0.0000000000074243    0.0000000000074101    0.0000000000073271    0.0000000000074949    0.0000000000073856
573.0    0.0000000000075136    0.0000000000074976    0.0000000000074145    0.0000000000075845    0.0000000000074760
575.0    0.0000000000076018    0.0000000000075875    0.0000000000075046    0.0000000000076690    0.0000000000075654
577.0    0.0000000000076889    0.0000000000076762    0.0000000000075937    0.0000000000077563    0.0000000000076500
579.0    0.0000000000077715    0.0000000000077637    0.0000000000076780    0.0000000000078424    0.0000000000077335
581.0    0.0000000000078562    0.0000000000078466    0.0000000000077613    0.0000000000079235    0.0000000000078195
583.0    0.0000000000079398    0.0000000000079282    0.0000000000078469    0.0000000000080071    0.0000000000079042
585.0    0.0000000000080221    0.0000000000080117    0.0000000000079314    0.0000000000080894    0.0000000000079876
587.0    0.0000000000081032    0.0000000000080939    0.0000000000080112    0.0000000000081669    0.0000000000080698
589.0    0.0000000000081799    0.0000000000081716    0.0000000000080898    0.0000000000082467    0.0000000000081473
591.0    0.0000000000082585    0.0000000000082480    0.0000000000081705    0.0000000000083251    0.0000000000082236
593.0    0.0000000000083358    0.0000000000083262    0.0000000000082500    0.0000000000083990    0.0000000000083020
595.0    0.0000000000084119    0.0000000000084029    0.0000000000083251    0.0000000000084750    0.0000000000083791
597.0    0.0000000000084868    0.0000000000084783    0.0000000000083989    0.0000000000085498    0.0000000000084549
599.0    0.0000000000085576    0.0000000000085496    0.0000000000084748    0.0000000000086202    0.0000000000085264
601.0    0.0000000000086302    0.0000000000086198    0.0000000000085495    0.0000000000086927    0.0000000000085969
603.0    0.0000000000087017    0.0000000000086915    0.0000000000086199    0.0000000000087641    0.0000000000086692
605.0    0.0000000000087721    0.0000000000087621    0.0000000000086894    0.0000000000088315    0.0000000000087405
607.0    0.0000000000088415    0.0000000000088316    0.0000000000087608    0.0000000000088979    0.0000000000088107
609.0    0.0000000000089100    0.0000000000088975    0.0000000000088312    0.0000000000089664    0.0000000000088770
611.0    0.0000000000089775    0.0000000000089625    0.0000000000088977    0.0000000000090340    0.0000000000089425
613.0    0.0000000000090416    0.0000000000090292    0.0000000000089634    0.0000000000090980    0.0000000000090099
615.0    0.0000000000091076    0.0000000000090950    0.0000000000090310    0.0000000000091641    0.0000000000090765
617.0    0.0000000000091728    0.0000000000091602    0.0000000000090979    0.0000000000092295    0.0000000000091424
619.0    0.0000000000092374    0.0000000000092222    0.0000000000091613    0.0000000000092916    0.0000000000092076
621.0    0.0000000000093014    0.0000000000092836    0.0000000000092241    0.0000000000093558    0.0000000000092694
623.0    0.0000000000093623    0.0000000000093470    0.0000000000092890    0.0000000000094196    0.0000000000093308
625.0    0.0000000000094253    0.0000000000094099    0.0000000000093533    0.0000000000094802    0.0000000000093943
627.0    0.0000000000094879    0.0000000000094723    0.0000000000094145    0.0000000000095432    0.0000000000094574
629.0    0.0000000000095501    0.0000000000095321    0.0000000000094753    0.0000000000096058    0.0000000000095200
631.0    0.0000000000096119    0.0000000000095915    0.0000000000095383    0.0000000000096654    0.0000000000095797
633.0    0.0000000000096735    0.0000000000096531    0.0000000000096010    0.0000000000097276    0.0000000000096392
635.0    0.0000000000097349    0.0000000000097145    0.0000000000096608    0.0000000000097895    0.0000000000097010
637.0    0.0000000000097936    0.0000000000097757    0.0000000000097203    0.0000000000098485    0.0000000000097626
639.0    0.0000000000098547    0.0000000000098345    0.0000000000097823    0.0000000000099102    0.0000000000098240
641.0    0.0000000000099156    0.0000000000098932    0.0000000000098441    0.0000000000099717    0.0000000000098853
643.0    0.0000000000099764    0.0000000000099542    0.0000000000099031    0.0000000000100306    0.0000000000099440
645.0    0.0000000000100372    0.0000000000100151    0.0000000000099621    0.0000000000100920    0.0000000000100026
647.0    0.0000000000100955    0.0000000000100761    0.0000000000100236    0.0000000000101534    0.0000000000100637
649.0    0.0000000000101562    0.0000000000101347    0.0000000000100850    0.0000000000102122    0.0000000000101248
651.0    0.0000000000102170    0.0000000000101934    0.0000000000101439    0.0000000000102737    0.0000000000101859
653.0    0.0000000000102777    0.0000000000102544    0.0000000000102027    0.0000000000103352    0.0000000000102445
655.0    0.0000000000103385    0.0000000000103155    0.0000000000102641    0.0000000000103941    0.0000000000103032
657.0    0.0000000000103969    0.0000000000103767    0.0000000000103256    0.0000000000104530    0.0000000000103643
659.0    0.0000000000104578    0.0000000000104357    0.0000000000103845    0.0000000000105147    0.0000000000104257
661.0    0.0000000000105187    0.0000000000104947    0.0000000000104435    0.0000000000105764    0.0000000000104870
663.0    0.0000000000105798    0.0000000000105562    0.0000000000105051    0.0000000000106355    0.0000000000105459
665.0    0.0000000000106409    0.0000000000106178    0.0000000000105667    0.0000000000106974    0.0000000000106048
667.0    0.0000000000107020    0.0000000000106794    0.0000000000106259    0.0000000000107594    0.0000000000106664
669.0    0.0000000000107633    0.0000000000107388    0.0000000000106851    0.0000000000108187    0.0000000000107280
671.0    0.0000000000108221    0.0000000000107983    0.0000000000107469    0.0000000000108807    0.0000000000107897
673.0    0.0000000000108834    0.0000000000108602    0.0000000000108088    0.0000000000109428    0.0000000000108515
675.0    0.0000000000109448    0.0000000000109222    0.0000000000108682    0.0000000000110023    0.0000000000109108
677.0    0.0000000000110063    0.0000000000109843    0.0000000000109276    0.0000000000110645    0.0000000000109701
679.0    0.0000000000110678    0.0000000000110441    0.0000000000109897    0.0000000000111267    0.0000000000110321
681.0    0.0000000000111268    0.0000000000111039    0.0000000000110518    0.0000000000111862    0.0000000000110941
683.0    0.0000000000111883    0.0000000000111661    0.0000000000111113    0.0000000000112485    0.0000000000111561
685.0    0.0000000000112498    0.0000000000112284    0.0000000000111708    0.0000000000113107    0.0000000000112155
687.0    0.0000000000113113    0.0000000000112907    0.0000000000112330    0.0000000000113701    0.0000000000112750
689.0    0.0000000000113727    0.0000000000113505    0.0000000000112951    0.0000000000114322    0.0000000000113370
691.0    0.0000000000114341    0.0000000000114104    0.0000000000113545    0.0000000000114943    0.0000000000113989
693.0    0.0000000000114954    0.0000000000114726    0.0000000000114140    0.0000000000115535    0.0000000000114608
695.0    0.0000000000115542    0.0000000000115347    0.0000000000114759    0.0000000000116153    0.0000000000115201
697.0    0.0000000000116153    0.0000000000115967    0.0000000000115377    0.0000000000116770    0.0000000000115793
699.0    0.0000000000116763    0.0000000000116562    0.0000000000115969    0.0000000000117358    0.0000000000116408
701.0    0.0000000000117371    0.0000000000117156    0.0000000000116559    0.0000000000117944    0.0000000000117023
703.0    0.0000000000117977    0.0000000000117772    0.0000000000117174    0.0000000000118555    0.0000000000117636
705.0    0.0000000000118556    0.0000000000118387    0.0000000000117786    0.0000000000119164    0.0000000000118247
707.0    0.0000000000119158    0.0000000000118975    0.0000000000118372    0.0000000000119744    0.0000000000118830
709.0    0.0000000000119757    0.0000000000119561    0.0000000000118954    0.0000000000120347    0.0000000000119411
711.0    0.0000000000120353    0.0000000000120168    0.0000000000119560    0.0000000000120946    0.0000000000120015
713.0    0.0000000000120946    0.0000000000120772    0.0000000000120163    0.0000000000121517    0.0000000000120616
715.0    0.0000000000121512    0.0000000000121373    0.0000000000120737    0.0000000000122109    0.0000000000121213
717.0    0.0000000000122098    0.0000000000121946    0.0000000000121309    0.0000000000122698    0.0000000000121782
719.0    0.0000000000122680    0.0000000000122517    0.0000000000121902    0.0000000000123256    0.0000000000122347
721.0    0.0000000000123257    0.0000000000123105    0.0000000000122490    0.0000000000123836    0.0000000000122933
723.0    0.0000000000123830    0.0000000000123689    0.0000000000123050    0.0000000000124411    0.0000000000123514
725.0    0.0000000000124398    0.0000000000124269    0.0000000000123606    0.0000000000124956    0.0000000000124090
727.0    0.0000000000124962    0.0000000000124821    0.0000000000124182    0.0000000000125520    0.0000000000124638
729.0    0.0000000000125497    0.0000000000125368    0.0000000000124752    0.0000000000126079    0.0000000000125181
731.0    0.0000000000126050    0.0000000000125931    0.0000000000125294    0.0000000000126608    0.0000000000125742
733.0    0.0000000000126596    0.0000000000126488    0.0000000000125830    0.0000000000127155    0.0000000000126297
735.0    0.0000000000127137    0.0000000000127039    0.0000000000126385    0.0000000000127696    0.0000000000126846
737.0    0.0000000000127672    0.0000000000127562    0.0000000000126933    0.0000000000128207    0.0000000000127389
739.0    0.0000000000128180    0.0000000000128080    0.0000000000127453    0.0000000000128735    0.0000000000127904
741.0    0.0000000000128702    0.0000000000128611    0.0000000000127966    0.0000000000129256    0.0000000000128412
743.0    0.0000000000129218    0.0000000000129136    0.0000000000128496    0.0000000000129749    0.0000000000128936
745.0    0.0000000000129727    0.0000000000129653    0.0000000000129019    0.0000000000130257    0.0000000000129453
747.0    0.0000000000130229    0.0000000000130144    0.0000000000129514    0.0000000000130757    0.0000000000129963
749.0    0.0000000000130705    0.0000000000130628    0.0000000000130003    0.0000000000131230    0.0000000000130445
751.0    0.0000000000131193    0.0000000000131124    0.0000000000130506    0.0000000000131696    0.0000000000130921
753.0    0.0000000000131675    0.0000000000131612    0.0000000000131002    0.0000000000132176    0.0000000000131410
755.0    0.0000000000132150    0.0000000000132093    0.0000000000131471    0.0000000000132649    0.0000000000131893
757.0    0.0000000000132618    0.0000000000132549    0.0000000000131934    0.0000000000133095    0.0000000000132368
759.0    0.0000000000133079    0.0000000000132998    0.0000000000132409    0.0000000000133554    0.0000000000132816
761.0    0.0000000000133533    0.0000000000133457    0.0000000000132878    0.0000000000134007    0.0000000000133258
763.0    0.0000000000133962    0.0000000000133909    0.0000000000133320    0.0000000000134433    0.0000000000133712
765.0    0.0000000000134403    0.0000000000134354    0.0000000000133756    0.0000000000134871    0.0000000000134159
767.0    0.0000000000134837    0.0000000000134775    0.0000000000134204    0.0000000000135304    0.0000000000134599
769.0    0.0000000000135264    0.0000000000135190    0.0000000000134645    0.0000000000135711    0.0000000000135033
771.0    0.0000000000135685    0.0000000000135614    0.0000000000135062    0.0000000000136130    0.0000000000135442
773.0    0.0000000000136083    0.0000000000136032    0.0000000000135472    0.0000000000136543    0.0000000000135845
775.0    0.0000000000136491    0.0000000000136443    0.0000000000135894    0.0000000000136932    0.0000000000136259
777.0    0.0000000000136894    0.0000000000136833    0.0000000000136310    0.0000000000137333    0.0000000000136667
779.0    0.0000000000137291    0.0000000000137217    0.0000000000136702    0.0000000000137728    0.0000000000137069
781.0    0.0000000000137681    0.0000000000137610    0.0000000000137089    0.0000000000138101    0.0000000000137448
783.0    0.0000000000138067    0.0000000000137998    0.0000000000137487    0.0000000000138485    0.0000000000137822
785.0    0.0000000000138447    0.0000000000138380    0.0000000000137879    0.0000000000138864    0.0000000000138207
787.0    0.0000000000138807    0.0000000000138742    0.0000000000138249    0.0000000000139221    0.0000000000138587
789.0    0.0000000000139176    0.0000000000139100    0.0000000000138615    0.0000000000139590    0.0000000000138961
791.0    0.0000000000139541    0.0000000000139467    0.0000000000138991    0.0000000000139954    0.0000000000139315
793.0    0.0000000000139901    0.0000000000139829    0.0000000000139362    0.0000000000140298    0.0000000000139665
795.0    0.0000000000140257    0.0000000000140186    0.0000000000139713    0.0000000000140637    0.0000000000140025
797.0    0.0000000000140594    0.0000000000140525    0.0000000000140060    0.0000000000140988    0.0000000000140380
799.0    0.0000000000140941    0.0000000000140861    0.0000000000140417    0.0000000000141335    0.0000000000140731
801.0    0.0000000000141284    0.0000000000141206    0.0000000000140770    0.0000000000141662    0.0000000000141078
803.0    0.0000000000141622    0.0000000000141547    0.0000000000141104    0.0000000000142000    0.0000000000141407
805.0    0.0000000000141957    0.0000000000141884    0.0000000000141434    0.0000000000142335    0.0000000000141732
807.0    0.0000000000142275    0.0000000000142204    0.0000000000141774    0.0000000000142652    0.0000000000142067
809.0    0.0000000000142603    0.0000000000142522    0.0000000000142111    0.0000000000142979    0.0000000000142398
811.0    0.0000000000142926    0.0000000000142848    0.0000000000142430    0.0000000000143303    0.0000000000142726
813.0    0.0000000000143247    0.0000000000143171    0.0000000000142745    0.0000000000143609    0.0000000000143037
815.0    0.0000000000143564    0.0000000000143491    0.0000000000143071    0.0000000000143926    0.0000000000143345
817.0    0.0000000000143878    0.0000000000143795    0.0000000000143393    0.0000000000144240    0.0000000000143663
819.0    0.0000000000144188    0.0000000000144097    0.0000000000143699    0.0000000000144537    0.0000000000143978
821.0    0.0000000000144483    0.0000000000144407    0.0000000000144001    0.0000000000144844    0.0000000000144289
823.0    0.0000000000144788    0.0000000000144715    0.0000000000144314    0.0000000000145149    0.0000000000144584
825.0    0.0000000000145089    0.0000000000145007    0.0000000000144610    0.0000000000145437    0.0000000000144877
827.0    0.0000000000145387    0.0000000000145298    0.0000000000144903    0.0000000000145734    0.0000000000145179
829.0    0.0000000000145682    0.0000000000145596    0.0000000000145206    0.0000000000146030    0.0000000000145479
831.0    0.0000000000145962    0.0000000000145892    0.0000000000145506    0.0000000000146309    0.0000000000145775
833.0    0.0000000000146252    0.0000000000146185    0.0000000000145791    0.0000000000146597    0.0000000000146068
835.0    0.0000000000146538    0.0000000000146463    0.0000000000146072    0.0000000000146884    0.0000000000146346
837.0    0.0000000000146821    0.0000000000146740    0.0000000000146363    0.0000000000147154    0.0000000000146622
839.0    0.0000000000147101    0.0000000000147024    0.0000000000146651    0.0000000000147434    0.0000000000146906
841.0    0.0000000000147379    0.0000000000147305    0.0000000000146924    0.0000000000147711    0.0000000000147188
843.0    0.0000000000147653    0.0000000000147583    0.0000000000147195    0.0000000000147973    0.0000000000147466
845.0    0.0000000000147913    0.0000000000147848    0.0000000000147473    0.0000000000148232    0.0000000000147731
847.0    0.0000000000148182    0.0000000000148110    0.0000000000147749    0.0000000000148500    0.0000000000147992
849.0    0.0000000000148447    0.0000000000148380    0.0000000000148011    0.0000000000148765    0.0000000000148262
851.0    0.0000000000148709    0.0000000000148646    0.0000000000148270    0.0000000000149015    0.0000000000148529
853.0    0.0000000000148969    0.0000000000148910    0.0000000000148537    0.0000000000149274    0.0000000000148792
855.0    0.0000000000149214    0.0000000000149160    0.0000000000148801    0.0000000000149529    0.0000000000149053
857.0    0.0000000000149468    0.0000000000149408    0.0000000000149050    0.0000000000149770    0.0000000000149299
859.0    0.0000000000149718    0.0000000000149662    0.0000000000149297    0.0000000000150019    0.0000000000149543
861.0    0.0000000000149964    0.0000000000149913    0.0000000000149552    0.0000000000150265    0.0000000000149794
863.0    0.0000000000150208    0.0000000000150161    0.0000000000149803    0.0000000000150497    0.0000000000150042
865.0    0.0000000000150439    0.0000000000150396    0.0000000000150041    0.0000000000150736    0.0000000000150287
867.0    0.0000000000150676    0.0000000000150628    0.0000000000150276    0.0000000000150972    0.0000000000150519
869.0    0.0000000000150910    0.0000000000150866    0.0000000000150518    0.0000000000151195    0.0000000000150747
871.0    0.0000000000151141    0.0000000000151101    0.0000000000150756    0.0000000000151424    0.0000000000150982
873.0    0.0000000000151368    0.0000000000151332    0.0000000000150982    0.0000000000151650    0.0000000000151214
875.0    0.0000000000151592    0.0000000000151552    0.0000000000151204    0.0000000000151862    0.0000000000151442
877.0    0.0000000000151813    0.0000000000151767    0.0000000000151432    0.0000000000152081    0.0000000000151658
879.0    0.0000000000152022    0.0000000000151989    0.0000000000151658    0.0000000000152297    0.0000000000151870
881.0    0.0000000000152236    0.0000000000152207    0.0000000000151870    0.0000000000152500    0.0000000000152089
883.0    0.0000000000152446    0.0000000000152421    0.0000000000152080    0.0000000000152709    0.0000000000152303
885.0    0.0000000000152653    0.0000000000152624    0.0000000000152294    0.0000000000152914    0.0000000000152515
887.0    0.0000000000152857    0.0000000000152823    0.0000000000152506    0.0000000000153106    0.0000000000152723
889.0    0.0000000000153049    0.0000000000153027    0.0000000000152706    0.0000000000153296    0.0000000000152918
891.0    0.0000000000153246    0.0000000000153227    0.0000000000152902    0.0000000000153491    0.0000000000153111
893.0    0.0000000000153440    0.0000000000153424    0.0000000000153103    0.0000000000153682    0.0000000000153308
895.0    0.0000000000153630    0.0000000000153610    0.0000000000153301    0.0000000000153862    0.0000000000153502
897.0    0.0000000000153816    0.0000000000153792    0.0000000000153487    0.0000000000154046    0.0000000000153693
899.0    0.0000000000153992    0.0000000000153978    0.0000000000153670    0.0000000000154227    0.0000000000153872
901.0    0.0000000000154172    0.0000000000154161    0.0000000000153857    0.0000000000154397    0.0000000000154048
903.0    0.0000000000154348    0.0000000000154340    0.0000000000154041    0.0000000000154571    0.0000000000154228
905.0    0.0000000000154520    0.0000000000154509    0.0000000000154214    0.0000000000154741    0.0000000000154404
907.0    0.0000000000154690    0.0000000000154674    0.0000000000154384    0.0000000000154901    0.0000000000154577
909.0    0.0000000000154856    0.0000000000154843    0.0000000000154557    0.0000000000155064    0.0000000000154739
911.0    0.0000000000155018    0.0000000000155008    0.0000000000154727    0.0000000000155224    0.0000000000154899
913.0    0.0000000000155171    0.0000000000155169    0.0000000000154887    0.0000000000155374    0.0000000000155061
915.0    0.0000000000155327    0.0000000000155321    0.0000000000155043    0.0000000000155527    0.0000000000155220
917.0    0.0000000000155479    0.0000000000155470    0.0000000000155203    0.0000000000155677    0.0000000000155376
919.0    0.0000000000155628    0.0000000000155622    0.0000000000155359    0.0000000000155817    0.0000000000155529
921.0    0.0000000000155774    0.0000000000155770    0.0000000000155506    0.0000000000155961    0.0000000000155671
923.0    0.0000000000155911    0.0000000000155914    0.0000000000155650    0.0000000000156101    0.0000000000155811
925.0    0.0000000000156050    0.0000000000156050    0.0000000000155796    0.0000000000156231    0.0000000000155954
927.0    0.0000000000156186    0.0000000000156183    0.0000000000155939    0.0000000000156365    0.0000000000156093
929.0    0.0000000000156319    0.0000000000156318    0.0000000000156073    0.0000000000156495    0.0000000000156229
931.0    0.0000000000156449    0.0000000000156450    0.0000000000156204    0.0000000000156617    0.0000000000156356
933.0    0.0000000000156576    0.0000000000156578    0.0000000000156338    0.0000000000156736    0.0000000000156480
935.0    0.0000000000156699    0.0000000000156698    0.0000000000156468    0.0000000000156857    0.0000000000156607
937.0    0.0000000000156815    0.0000000000156816    0.0000000000156590    0.0000000000156975    0.0000000000156730
939.0    0.0000000000156933    0.0000000000156935    0.0000000000156709    0.0000000000157085    0.0000000000156851
941.0    0.0000000000157047    0.0000000000157051    0.0000000000156830    0.0000000000157197    0.0000000000156963
943.0    0.0000000000157159    0.0000000000157160    0.0000000000156948    0.0000000000157306    0.0000000000157073
945.0    0.0000000000157267    0.0000000000157266    0.0000000000157059    0.0000000000157408    0.0000000000157184
947.0    0.0000000000157369    0.0000000000157374    0.0000000000157166    0.0000000000157511    0.0000000000157293
949.0    0.0000000000157472    0.0000000000157478    0.0000000000157275    0.0000000000157611    0.0000000000157398
951.0    0.0000000000157572    0.0000000000157580    0.0000000000157381    0.0000000000157705    0.0000000000157501
953.0    0.0000000000157669    0.0000000000157675    0.0000000000157481    0.0000000000157800    0.0000000000157597
955.0    0.0000000000157764    0.0000000000157768    0.0000000000157577    0.0000000000157892    0.0000000000157690
957.0    0.0000000000157852    0.0000000000157861    0.0000000000157675    0.0000000000157977    0.0000000000157784
959.0    0.0000000000157941    0.0000000000157952    0.0000000000157770    0.0000000000158064    0.0000000000157876
961.0    0.0000000000158028    0.0000000000158040    0.0000000000157858    0.0000000000158148    0.0000000000157965
963.0    0.0000000000158112    0.0000000000158122    0.0000000000157944    0.0000000000158225    0.0000000000158048
965.0    0.0000000000158193    0.0000000000158201    0.0000000000158031    0.0000000000158304    0.0000000000158128
967.0    0.0000000000158272    0.0000000000158282    0.0000000000158115    0.0000000000158380    0.0000000000158209
969.0    0.0000000000158348    0.0000000000158359    0.0000000000158194    0.0000000000158450    0.0000000000158288
971.0    0.0000000000158418    0.0000000000158434    0.0000000000158269    0.0000000000158521    0.0000000000158364
973.0    0.0000000000158489    0.0000000000158504    0.0000000000158346    0.0000000000158589    0.0000000000158434
975.0    0.0000000000158558    0.0000000000158572    0.0000000000158420    0.0000000000158652    0.0000000000158502
977.0    0.0000000000158624    0.0000000000158639    0.0000000000158488    0.0000000000158716    0.0000000000158571
979.0    0.0000000000158687    0.0000000000158704    0.0000000000158554    0.0000000000158776    0.0000000000158637
981.0    0.0000000000158746    0.0000000000158767    0.0000000000158621    0.0000000000158832    0.0000000000158700
983.0    0.0000000000158805    0.0000000000158825    0.0000000000158684    0.0000000000158885    0.0000000000158762
985.0    0.0000000000158861    0.0000000000158881    0.0000000000158743    0.0000000000158939    0.0000000000158817
987.0    0.0000000000158915    0.0000000000158936    0.0000000000158800    0.0000000000158990    0.0000000000158871
989.0    0.0000000000158966    0.0000000000158989    0.0000000000158856    0.0000000000159036    0.0000000000158925
991.0    0.0000000000159015    0.0000000000159039    0.0000000000158910    0.0000000000159082    0.0000000000158976
993.0    0.0000000000159061    0.0000000000159086    0.0000000000158959    0.0000000000159125    0.0000000000159025
995.0    0.0000000000159103    0.0000000000159130    0.0000000000159006    0.0000000000159165    0.0000000000159070
997.0    0.0000000000159145    0.0000000000159173    0.0000000000159053    0.0000000000159203    0.0000000000159112
999.0    0.0000000000159184    0.0000000000159214    0.0000000000159097    0.0000000000159239    0.0000000000159154
1001.0    0.0000000000159221    0.0000000000159253    0.0000000000159137    0.0000000000159271    0.0000000000159193
1003.0    0.0000000000159255    0.0000000000159288    0.0000000000159175    0.0000000000159302    0.0000000000159230
1005.0    0.0000000000159285    0.0000000000159320    0.0000000000159211    0.0000000000159331    0.0000000000159263
1007.0    0.0000000000159315    0.0000000000159351    0.0000000000159246    0.0000000000159356    0.0000000000159294
1009.0    0.0000000000159342    0.0000000000159380    0.0000000000159277    0.0000000000159379    0.0000000000159323
1011.0    0.0000000000159366    0.0000000000159407    0.0000000000159305    0.0000000000159400    0.0000000000159350
1013.0    0.0000000000159388    0.0000000000159430    0.0000000000159332    0.0000000000159417    0.0000000000159375
1015.0    0.0000000000159407    0.0000000000159450    0.0000000000159356    0.0000000000159433    0.0000000000159397
1017.0    0.0000000000159424    0.0000000000159469    0.0000000000159377    0.0000000000159447    0.0000000000159416
1019.0    0.0000000000159438    0.0000000000159486    0.0000000000159396    0.0000000000159457    0.0000000000159432
1021.0    0.0000000000159450    0.0000000000159500    0.0000000000159413    0.0000000000159465    0.0000000000159447
1023.0    0.0000000000159459    0.0000000000159511    0.0000000000159427    0.0000000000159470    0.0000000000159459
1025.0    0.0000000000159466    0.0000000000159519    0.0000000000159439    0.0000000000159473    0.0000000000159469
1027.0    0.0000000000159470    0.0000000000159525    0.0000000000159447    0.0000000000159473    0.0000000000159475
1029.0    0.0000000000159472    0.0000000000159529    0.0000000000159454    0.0000000000159471    0.0000000000159479
1031.0    0.0000000000159471    0.0000000000159530    0.0000000000159458    0.0000000000159466    0.0000000000159481
1033.0    0.0000000000159467    0.0000000000159529    0.0000000000159460    0.0000000000159458    0.0000000000159480
1035.0    0.0000000000159461    0.0000000000159525    0.0000000000159459    0.0000000000159447    0.0000000000159477
1037.0    0.0000000000159452    0.0000000000159518    0.0000000000159455    0.0000000000159434    0.0000000000159471
1039.0    0.0000000000159440    0.0000000000159508    0.0000000000159448    0.0000000000159419    0.0000000000159463
1041.0    0.0000000000159426    0.0000000000159496    0.0000000000159440    0.0000000000159400    0.0000000000159451
1043.0    0.0000000000159409    0.0000000000159481    0.0000000000159428    0.0000000000159379    0.0000000000159437
1045.0    0.0000000000159389    0.0000000000159464    0.0000000000159414    0.0000000000159355    0.0000000000159420
1047.0    0.0000000000159366    0.0000000000159444    0.0000000000159396    0.0000000000159328    0.0000000000159400
1049.0    0.0000000000159342    0.0000000000159420    0.0000000000159377    0.0000000000159297    0.0000000000159378
1051.0    0.0000000000159313    0.0000000000159395    0.0000000000159355    0.0000000000159266    0.0000000000159354
1053.0    0.0000000000159282    0.0000000000159367    0.0000000000159329    0.0000000000159230    0.0000000000159326
1055.0    0.0000000000159248    0.0000000000159335    0.0000000000159300    0.0000000000159191    0.0000000000159294
1057.0    0.0000000000159211    0.0000000000159300    0.0000000000159270    0.0000000000159151    0.0000000000159261
1059.0    0.0000000000159172    0.0000000000159263    0.0000000000159238    0.0000000000159106    0.0000000000159225
1061.0    0.0000000000159129    0.0000000000159223    0.0000000000159200    0.0000000000159058    0.0000000000159187
1063.0    0.0000000000159085    0.0000000000159181    0.0000000000159162    0.0000000000159009    0.0000000000159144
1065.0    0.0000000000159037    0.0000000000159135    0.0000000000159121    0.0000000000158956    0.0000000000159099
1067.0    0.0000000000158985    0.0000000000159085    0.0000000000159075    0.0000000000158899    0.0000000000159050
1069.0    0.0000000000158931    0.0000000000159032    0.0000000000159026    0.0000000000158841    0.0000000000159000
1071.0    0.0000000000158873    0.0000000000158979    0.0000000000158976    0.0000000000158781    0.0000000000158948
1073.0    0.0000000000158815    0.0000000000158923    0.0000000000158923    0.0000000000158715    0.0000000000158890
1075.0    0.0000000000158751    0.0000000000158861    0.0000000000158865    0.0000000000158647    0.0000000000158829
1077.0    0.0000000000158685    0.0000000000158796    0.0000000000158804    0.0000000000158577    0.0000000000158765
1079.0    0.0000000000158615    0.0000000000158728    0.0000000000158743    0.0000000000158503    0.0000000000158698
1081.0    0.0000000000158543    0.0000000000158659    0.0000000000158679    0.0000000000158424    0.0000000000158631
1083.0    0.0000000000158470    0.0000000000158588    0.0000000000158609    0.0000000000158346    0.0000000000158561
1085.0    0.0000000000158392    0.0000000000158511    0.0000000000158535    0.0000000000158262    0.0000000000158485
1087.0    0.0000000000158310    0.0000000000158430    0.0000000000158462    0.0000000000158175    0.0000000000158405
1089.0    0.0000000000158225    0.0000000000158347    0.0000000000158386    0.0000000000158088    0.0000000000158323
1091.0    0.0000000000158137    0.0000000000158263    0.0000000000158304    0.0000000000157995    0.0000000000158241
1093.0    0.0000000000158047    0.0000000000158177    0.0000000000158219    0.0000000000157898    0.0000000000158156
1095.0    0.0000000000157953    0.0000000000158084    0.0000000000158134    0.0000000000157803    0.0000000000158064
1097.0    0.0000000000157860    0.0000000000157987    0.0000000000158046    0.0000000000157700    0.0000000000157969
1099.0    0.0000000000157760    0.0000000000157888    0.0000000000157951    0.0000000000157595    0.0000000000157871
1101.0    0.0000000000157657    0.0000000000157789    0.0000000000157854    0.0000000000157491    0.0000000000157774
1103.0    0.0000000000157552    0.0000000000157688    0.0000000000157757    0.0000000000157380    0.0000000000157674
1105.0    0.0000000000157443    0.0000000000157579    0.0000000000157658    0.0000000000157265    0.0000000000157567
1107.0    0.0000000000157336    0.0000000000157468    0.0000000000157551    0.0000000000157153    0.0000000000157457
1109.0    0.0000000000157221    0.0000000000157353    0.0000000000157441    0.0000000000157033    0.0000000000157344
1111.0    0.0000000000157104    0.0000000000157240    0.0000000000157334    0.0000000000156910    0.0000000000157227
1113.0    0.0000000000156984    0.0000000000157124    0.0000000000157223    0.0000000000156790    0.0000000000157113
1115.0    0.0000000000156861    0.0000000000157000    0.0000000000157105    0.0000000000156662    0.0000000000156996
1117.0    0.0000000000156736    0.0000000000156874    0.0000000000156983    0.0000000000156531    0.0000000000156871
1119.0    0.0000000000156607    0.0000000000156744    0.0000000000156865    0.0000000000156403    0.0000000000156743
1121.0    0.0000000000156482    0.0000000000156617    0.0000000000156743    0.0000000000156273    0.0000000000156612
1123.0    0.0000000000156348    0.0000000000156487    0.0000000000156614    0.0000000000156135    0.0000000000156485
1125.0    0.0000000000156213    0.0000000000156350    0.0000000000156482    0.0000000000155994    0.0000000000156355
1127.0    0.0000000000156074    0.0000000000156210    0.0000000000156353    0.0000000000155857    0.0000000000156216
1129.0    0.0000000000155934    0.0000000000156067    0.0000000000156221    0.0000000000155711    0.0000000000156075
1131.0    0.0000000000155796    0.0000000000155927    0.0000000000156081    0.0000000000155564    0.0000000000155932
1133.0    0.0000000000155651    0.0000000000155785    0.0000000000155939    0.0000000000155421    0.0000000000155786
1135.0    0.0000000000155504    0.0000000000155635    0.0000000000155801    0.0000000000155269    0.0000000000155643
1137.0    0.0000000000155354    0.0000000000155483    0.0000000000155660    0.0000000000155115    0.0000000000155499
1139.0    0.0000000000155203    0.0000000000155329    0.0000000000155511    0.0000000000154966    0.0000000000155346
1141.0    0.0000000000155056    0.0000000000155178    0.0000000000155360    0.0000000000154809    0.0000000000155191
1143.0    0.0000000000154901    0.0000000000155026    0.0000000000155214    0.0000000000154650    0.0000000000155035
1145.0    0.0000000000154744    0.0000000000154866    0.0000000000155066    0.0000000000154497    0.0000000000154883
1147.0    0.0000000000154586    0.0000000000154704    0.0000000000154908    0.0000000000154334    0.0000000000154729
1149.0    0.0000000000154426    0.0000000000154540    0.0000000000154750    0.0000000000154171    0.0000000000154567
1151.0    0.0000000000154265    0.0000000000154381    0.0000000000154596    0.0000000000154014    0.0000000000154403
1153.0    0.0000000000154102    0.0000000000154221    0.0000000000154441    0.0000000000153848    0.0000000000154238
1155.0    0.0000000000153944    0.0000000000154052    0.0000000000154278    0.0000000000153681    0.0000000000154079
1157.0    0.0000000000153779    0.0000000000153883    0.0000000000154114    0.0000000000153520    0.0000000000153918
1159.0    0.0000000000153613    0.0000000000153713    0.0000000000153955    0.0000000000153351    0.0000000000153749
1161.0    0.0000000000153446    0.0000000000153548    0.0000000000153795    0.0000000000153182    0.0000000000153579
1163.0    0.0000000000153279    0.0000000000153382    0.0000000000153627    0.0000000000153019    0.0000000000153408
1165.0    0.0000000000153117    0.0000000000153209    0.0000000000153458    0.0000000000152856    0.0000000000153237
1167.0    0.0000000000152948    0.0000000000153035    0.0000000000153295    0.0000000000152685    0.0000000000153071
1169.0    0.0000000000152778    0.0000000000152868    0.0000000000153132    0.0000000000152513    0.0000000000152905
1171.0    0.0000000000152608    0.0000000000152700    0.0000000000152961    0.0000000000152349    0.0000000000152732
1173.0    0.0000000000152438    0.0000000000152525    0.0000000000152789    0.0000000000152177    0.0000000000152558
1175.0    0.0000000000152267    0.0000000000152350    0.0000000000152624    0.0000000000152004    0.0000000000152385
1177.0    0.0000000000152096    0.0000000000152175    0.0000000000152459    0.0000000000151840    0.0000000000152218
1179.0    0.0000000000151933    0.0000000000152006    0.0000000000152286    0.0000000000151667    0.0000000000152051
1181.0    0.0000000000151762    0.0000000000151838    0.0000000000152113    0.0000000000151496    0.0000000000151876
1183.0    0.0000000000151591    0.0000000000151663    0.0000000000151948    0.0000000000151332    0.0000000000151702
1185.0    0.0000000000151421    0.0000000000151489    0.0000000000151782    0.0000000000151160    0.0000000000151529
1187.0    0.0000000000151251    0.0000000000151314    0.0000000000151610    0.0000000000150989    0.0000000000151363
1189.0    0.0000000000151088    0.0000000000151147    0.0000000000151437    0.0000000000150826    0.0000000000151197
1191.0    0.0000000000150919    0.0000000000150981    0.0000000000151272    0.0000000000150656    0.0000000000151025
1193.0    0.0000000000150750    0.0000000000150809    0.0000000000151108    0.0000000000150487    0.0000000000150853
1195.0    0.0000000000150582    0.0000000000150637    0.0000000000150936    0.0000000000150325    0.0000000000150682
1197.0    0.0000000000150415    0.0000000000150466    0.0000000000150766    0.0000000000150157    0.0000000000150511
1199.0    0.0000000000150254    0.0000000000150303    0.0000000000150602    0.0000000000149989    0.0000000000150348
1201.0    0.0000000000150088    0.0000000000150140    0.0000000000150440    0.0000000000149830    0.0000000000150186
1203.0    0.0000000000149923    0.0000000000149972    0.0000000000150271    0.0000000000149664    0.0000000000150018
1205.0    0.0000000000149758    0.0000000000149804    0.0000000000150103    0.0000000000149498    0.0000000000149851
1207.0    0.0000000000149594    0.0000000000149638    0.0000000000149942    0.0000000000149341    0.0000000000149685
1209.0    0.0000000000149431    0.0000000000149479    0.0000000000149783    0.0000000000149177    0.0000000000149527
1211.0    0.0000000000149268    0.0000000000149321    0.0000000000149617    0.0000000000149014    0.0000000000149369
1213.0    0.0000000000149113    0.0000000000149158    0.0000000000149452    0.0000000000148859    0.0000000000149206
1215.0    0.0000000000148953    0.0000000000148996    0.0000000000149294    0.0000000000148705    0.0000000000149044
1217.0    0.0000000000148793    0.0000000000148835    0.0000000000149138    0.0000000000148545    0.0000000000148882
1219.0    0.0000000000148634    0.0000000000148681    0.0000000000148975    0.0000000000148385    0.0000000000148729
1221.0    0.0000000000148476    0.0000000000148528    0.0000000000148814    0.0000000000148233    0.0000000000148576
1223.0    0.0000000000148325    0.0000000000148370    0.0000000000148660    0.0000000000148075    0.0000000000148418
1225.0    0.0000000000148168    0.0000000000148213    0.0000000000148507    0.0000000000147917    0.0000000000148260
1227.0    0.0000000000148013    0.0000000000148057    0.0000000000148348    0.0000000000147767    0.0000000000148104
1229.0    0.0000000000147858    0.0000000000147908    0.0000000000148190    0.0000000000147611    0.0000000000147948
1231.0    0.0000000000147703    0.0000000000147759    0.0000000000148039    0.0000000000147456    0.0000000000147800
1233.0    0.0000000000147556    0.0000000000147606    0.0000000000147889    0.0000000000147308    0.0000000000147653
1235.0    0.0000000000147403    0.0000000000147453    0.0000000000147733    0.0000000000147153    0.0000000000147500
1237.0    0.0000000000147250    0.0000000000147301    0.0000000000147578    0.0000000000146999    0.0000000000147347
1239.0    0.0000000000147098    0.0000000000147156    0.0000000000147430    0.0000000000146852    0.0000000000147195
1241.0    0.0000000000146947    0.0000000000147011    0.0000000000147282    0.0000000000146699    0.0000000000147050
1243.0    0.0000000000146796    0.0000000000146861    0.0000000000147129    0.0000000000146547    0.0000000000146906
1245.0    0.0000000000146645    0.0000000000146711    0.0000000000146976    0.0000000000146401    0.0000000000146756
1247.0    0.0000000000146501    0.0000000000146562    0.0000000000146830    0.0000000000146248    0.0000000000146606
1249.0    0.0000000000146351    0.0000000000146418    0.0000000000146685    0.0000000000146096    0.0000000000146457
1251.0    0.0000000000146201    0.0000000000146275    0.0000000000146533    0.0000000000145951    0.0000000000146314
1253.0    0.0000000000146051    0.0000000000146127    0.0000000000146382    0.0000000000145799    0.0000000000146172
1255.0    0.0000000000145902    0.0000000000145979    0.0000000000146237    0.0000000000145647    0.0000000000146023
1257.0    0.0000000000145758    0.0000000000145830    0.0000000000146092    0.0000000000145501    0.0000000000145874
1259.0    0.0000000000145608    0.0000000000145688    0.0000000000145941    0.0000000000145355    0.0000000000145726
1261.0    0.0000000000145459    0.0000000000145545    0.0000000000145791    0.0000000000145203    0.0000000000145577
1263.0    0.0000000000145309    0.0000000000145397    0.0000000000145646    0.0000000000145050    0.0000000000145435
1265.0    0.0000000000145158    0.0000000000145248    0.0000000000145501    0.0000000000144904    0.0000000000145292
1267.0    0.0000000000145008    0.0000000000145099    0.0000000000145350    0.0000000000144750    0.0000000000145143
1269.0    0.0000000000144857    0.0000000000144955    0.0000000000145199    0.0000000000144596    0.0000000000144993
1271.0    0.0000000000144712    0.0000000000144811    0.0000000000145054    0.0000000000144448    0.0000000000144844
1273.0    0.0000000000144560    0.0000000000144661    0.0000000000144908    0.0000000000144294    0.0000000000144699
1275.0    0.0000000000144408    0.0000000000144510    0.0000000000144756    0.0000000000144138    0.0000000000144555
1277.0    0.0000000000144255    0.0000000000144359    0.0000000000144603    0.0000000000143988    0.0000000000144403
1279.0    0.0000000000144102    0.0000000000144212    0.0000000000144457    0.0000000000143831    0.0000000000144252
1281.0    0.0000000000143954    0.0000000000144066    0.0000000000144309    0.0000000000143673    0.0000000000144099
1283.0    0.0000000000143799    0.0000000000143912    0.0000000000144155    0.0000000000143521    0.0000000000143952
1285.0    0.0000000000143643    0.0000000000143758    0.0000000000144000    0.0000000000143362    0.0000000000143804
1287.0    0.0000000000143487    0.0000000000143608    0.0000000000143850    0.0000000000143201    0.0000000000143649
1289.0    0.0000000000143329    0.0000000000143458    0.0000000000143700    0.0000000000143047    0.0000000000143493
1291.0    0.0000000000143177    0.0000000000143301    0.0000000000143543    0.0000000000142885    0.0000000000143336
1293.0    0.0000000000143018    0.0000000000143142    0.0000000000143384    0.0000000000142721    0.0000000000143178
1295.0    0.0000000000142858    0.0000000000142983    0.0000000000143232    0.0000000000142564    0.0000000000143026
1297.0    0.0000000000142697    0.0000000000142829    0.0000000000143078    0.0000000000142398    0.0000000000142872
1299.0    0.0000000000142534    0.0000000000142673    0.0000000000142917    0.0000000000142232    0.0000000000142711
1301.0    0.0000000000142371    0.0000000000142511    0.0000000000142755    0.0000000000142071    0.0000000000142549
1303.0    0.0000000000142206    0.0000000000142347    0.0000000000142598    0.0000000000141902    0.0000000000142385
1305.0    0.0000000000142047    0.0000000000142181    0.0000000000142440    0.0000000000141731    0.0000000000142228
1307.0    0.0000000000141880    0.0000000000142021    0.0000000000142275    0.0000000000141567    0.0000000000142069
1309.0    0.0000000000141712    0.0000000000141860    0.0000000000142108    0.0000000000141402    0.0000000000141901
1311.0    0.0000000000141542    0.0000000000141691    0.0000000000141947    0.0000000000141228    0.0000000000141733
1313.0    0.0000000000141371    0.0000000000141520    0.0000000000141785    0.0000000000141052    0.0000000000141563
1315.0    0.0000000000141206    0.0000000000141349    0.0000000000141614    0.0000000000140883    0.0000000000141399
1317.0    0.0000000000141033    0.0000000000141182    0.0000000000141442    0.0000000000140705    0.0000000000141234
1319.0    0.0000000000140858    0.0000000000141014    0.0000000000141277    0.0000000000140526    0.0000000000141060
1321.0    0.0000000000140682    0.0000000000140838    0.0000000000141109    0.0000000000140353    0.0000000000140885
1323.0    0.0000000000140505    0.0000000000140661    0.0000000000140934    0.0000000000140171    0.0000000000140708
1325.0    0.0000000000140326    0.0000000000140482    0.0000000000140756    0.0000000000139987    0.0000000000140530
1327.0    0.0000000000140145    0.0000000000140309    0.0000000000140585    0.0000000000139810    0.0000000000140358
1329.0    0.0000000000139971    0.0000000000140134    0.0000000000140413    0.0000000000139624    0.0000000000140185
1331.0    0.0000000000139788    0.0000000000139951    0.0000000000140232    0.0000000000139436    0.0000000000140002
1333.0    0.0000000000139604    0.0000000000139766    0.0000000000140049    0.0000000000139255    0.0000000000139819
1335.0    0.0000000000139418    0.0000000000139580    0.0000000000139873    0.0000000000139064    0.0000000000139633
1337.0    0.0000000000139231    0.0000000000139399    0.0000000000139695    0.0000000000138872    0.0000000000139454
1339.0    0.0000000000139050    0.0000000000139218    0.0000000000139508    0.0000000000138687    0.0000000000139274
1341.0    0.0000000000138860    0.0000000000139027    0.0000000000139327    0.0000000000138492    0.0000000000139084
1343.0    0.0000000000138669    0.0000000000138835    0.0000000000139146    0.0000000000138296    0.0000000000138893
1345.0    0.0000000000138476    0.0000000000138642    0.0000000000138954    0.0000000000138107    0.0000000000138700
1347.0    0.0000000000138282    0.0000000000138454    0.0000000000138762    0.0000000000137908    0.0000000000138506
1349.0    0.0000000000138094    0.0000000000138265    0.0000000000138576    0.0000000000137708    0.0000000000138319
1351.0    0.0000000000137898    0.0000000000138067    0.0000000000138389    0.0000000000137515    0.0000000000138130
1353.0    0.0000000000137700    0.0000000000137868    0.0000000000138192    0.0000000000137321    0.0000000000137932
1355.0    0.0000000000137500    0.0000000000137667    0.0000000000137994    0.0000000000137117    0.0000000000137732
1357.0    0.0000000000137299    0.0000000000137473    0.0000000000137802    0.0000000000136912    0.0000000000137530
1359.0    0.0000000000137097    0.0000000000137277    0.0000000000137610    0.0000000000136714    0.0000000000137336
1361.0    0.0000000000136894    0.0000000000137072    0.0000000000137407    0.0000000000136506    0.0000000000137140
1363.0    0.0000000000136697    0.0000000000136865    0.0000000000137204    0.0000000000136297    0.0000000000136935
1365.0    0.0000000000136491    0.0000000000136658    0.0000000000137007    0.0000000000136096    0.0000000000136728
1367.0    0.0000000000136284    0.0000000000136457    0.0000000000136810    0.0000000000135884    0.0000000000136520
1369.0    0.0000000000136076    0.0000000000136254    0.0000000000136602    0.0000000000135672    0.0000000000136319
1371.0    0.0000000000135866    0.0000000000136042    0.0000000000136393    0.0000000000135467    0.0000000000136117
1373.0    0.0000000000135664    0.0000000000135829    0.0000000000136192    0.0000000000135252    0.0000000000135905
1375.0    0.0000000000135452    0.0000000000135615    0.0000000000135989    0.0000000000135037    0.0000000000135691
1377.0    0.0000000000135240    0.0000000000135408    0.0000000000135777    0.0000000000134830    0.0000000000135477
1379.0    0.0000000000135026    0.0000000000135200    0.0000000000135563    0.0000000000134612    0.0000000000135261
1381.0    0.0000000000134811    0.0000000000134982    0.0000000000135357    0.0000000000134394    0.0000000000135053
1383.0    0.0000000000134604    0.0000000000134763    0.0000000000135151    0.0000000000134184    0.0000000000134844
1385.0    0.0000000000134387    0.0000000000134544    0.0000000000134934    0.0000000000133964    0.0000000000134626
1387.0    0.0000000000134170    0.0000000000134331    0.0000000000134716    0.0000000000133743    0.0000000000134406
1389.0    0.0000000000133952    0.0000000000134118    0.0000000000134506    0.0000000000133531    0.0000000000134185
1391.0    0.0000000000133733    0.0000000000133895    0.0000000000134296    0.0000000000133309    0.0000000000133972
1393.0    0.0000000000133513    0.0000000000133672    0.0000000000134075    0.0000000000133086    0.0000000000133759
1395.0    0.0000000000133293    0.0000000000133448    0.0000000000133854    0.0000000000132873    0.0000000000133535
1397.0    0.0000000000133081    0.0000000000133231    0.0000000000133641    0.0000000000132659    0.0000000000133311
1399.0    0.0000000000132859    0.0000000000133014    0.0000000000133428    0.0000000000132435    0.0000000000133086
1401.0    0.0000000000132637    0.0000000000132788    0.0000000000133204    0.0000000000132211    0.0000000000132869
1403.0    0.0000000000132415    0.0000000000132561    0.0000000000132980    0.0000000000131996    0.0000000000132653
1405.0    0.0000000000132193    0.0000000000132343    0.0000000000132765    0.0000000000131771    0.0000000000132426
1407.0    0.0000000000131979    0.0000000000132123    0.0000000000132549    0.0000000000131547    0.0000000000132198
1409.0    0.0000000000131756    0.0000000000131895    0.0000000000132324    0.0000000000131331    0.0000000000131971
1411.0    0.0000000000131532    0.0000000000131667    0.0000000000132098    0.0000000000131107    0.0000000000131744
1413.0    0.0000000000131309    0.0000000000131438    0.0000000000131882    0.0000000000130882    0.0000000000131525
1415.0    0.0000000000131086    0.0000000000131219    0.0000000000131665    0.0000000000130667    0.0000000000131306
1417.0    0.0000000000130863    0.0000000000130999    0.0000000000131438    0.0000000000130443    0.0000000000131077
1419.0    0.0000000000130640    0.0000000000130770    0.0000000000131212    0.0000000000130219    0.0000000000130850
1421.0    0.0000000000130426    0.0000000000130541    0.0000000000130995    0.0000000000130005    0.0000000000130621
1423.0    0.0000000000130204    0.0000000000130313    0.0000000000130778    0.0000000000129782    0.0000000000130403
1425.0    0.0000000000129982    0.0000000000130094    0.0000000000130552    0.0000000000129560    0.0000000000130185
1427.0    0.0000000000129760    0.0000000000129875    0.0000000000130326    0.0000000000129348    0.0000000000129957
1429.0    0.0000000000129539    0.0000000000129648    0.0000000000130110    0.0000000000129126    0.0000000000129730
1431.0    0.0000000000129327    0.0000000000129421    0.0000000000129895    0.0000000000128906    0.0000000000129503
1433.0    0.0000000000129108    0.0000000000129195    0.0000000000129670    0.0000000000128696    0.0000000000129287
1435.0    0.0000000000128889    0.0000000000128979    0.0000000000129446    0.0000000000128478    0.0000000000129071
1437.0    0.0000000000128671    0.0000000000128763    0.0000000000129232    0.0000000000128260    0.0000000000128847
1439.0    0.0000000000128454    0.0000000000128539    0.0000000000129019    0.0000000000128054    0.0000000000128623
1441.0    0.0000000000128247    0.0000000000128317    0.0000000000128797    0.0000000000127839    0.0000000000128401
1443.0    0.0000000000128032    0.0000000000128096    0.0000000000128576    0.0000000000127625    0.0000000000128179
1445.0    0.0000000000127818    0.0000000000127884    0.0000000000128365    0.0000000000127422    0.0000000000127968
1447.0    0.0000000000127605    0.0000000000127673    0.0000000000128156    0.0000000000127220    0.0000000000127758
1449.0    0.0000000000127394    0.0000000000127456    0.0000000000127938    0.0000000000127010    0.0000000000127540
1451.0    0.0000000000127185    0.0000000000127240    0.0000000000127722    0.0000000000126802    0.0000000000127324
1453.0    0.0000000000126976    0.0000000000127025    0.0000000000127515    0.0000000000126604    0.0000000000127109
1455.0    0.0000000000126778    0.0000000000126821    0.0000000000127311    0.0000000000126399    0.0000000000126905
1457.0    0.0000000000126573    0.0000000000126618    0.0000000000127098    0.0000000000126196    0.0000000000126702
1459.0    0.0000000000126370    0.0000000000126408    0.0000000000126888    0.0000000000126004    0.0000000000126492
1461.0    0.0000000000126168    0.0000000000126200    0.0000000000126687    0.0000000000125805    0.0000000000126284
1463.0    0.0000000000125968    0.0000000000125995    0.0000000000126488    0.0000000000125607    0.0000000000126078
1465.0    0.0000000000125778    0.0000000000125799    0.0000000000126283    0.0000000000125420    0.0000000000125882
1467.0    0.0000000000125582    0.0000000000125605    0.0000000000126079    0.0000000000125226    0.0000000000125688
1469.0    0.0000000000125388    0.0000000000125405    0.0000000000125885    0.0000000000125035    0.0000000000125487
1471.0    0.0000000000125196    0.0000000000125208    0.0000000000125693    0.0000000000124854    0.0000000000125289
1473.0    0.0000000000125006    0.0000000000125013    0.0000000000125495    0.0000000000124666    0.0000000000125093
1475.0    0.0000000000124818    0.0000000000124828    0.0000000000125299    0.0000000000124481    0.0000000000124900
1477.0    0.0000000000124632    0.0000000000124644    0.0000000000125113    0.0000000000124306    0.0000000000124716
1479.0    0.0000000000124456    0.0000000000124456    0.0000000000124929    0.0000000000124125    0.0000000000124535
1481.0    0.0000000000124275    0.0000000000124270    0.0000000000124740    0.0000000000123947    0.0000000000124349
1483.0    0.0000000000124096    0.0000000000124087    0.0000000000124552    0.0000000000123778    0.0000000000124164
1485.0    0.0000000000123919    0.0000000000123913    0.0000000000124374    0.0000000000123604    0.0000000000123983
