9.0    0.0000000000000000    0.0000000000000000    0.0000000000000000    0.0000000000000000    0.0000000000000000
11.0    0.0000000000000000    0.0000000000000000    0.0000000000000000    0.0000000000000000    0.0000000000000000
13.0    0.0000000000000000    0.0000000000000000    0.0000000000000000    0.0000000000000000    0.0000000000000000
15.0    0.0000000000000000    0.0000000000000000    0.0000000000000000    0.0000000000000000    0.0000000000000000
17.0    0.0000000000000000    0.0000000000000000    0.0000000000000000    0.0000000000000000    0.0000000000000000
19.0    0.0000000000000000    0.0000000000000000    0.0000000000000000    0.0000000000000000    0.0000000000000000
21.0    0.0000000000000000    0.0000000000000000    0.0000000000000000    0.0000000000000000    0.0000000000000000
23.0    0.0000000000000000    0.0000000000000000    0.0000000000000000    0.0000000000000000    0.0000000000000000
25.0    0.0000000000000000    0.0000000000000000    0.0000000000000000    0.0000000000000000    0.0000000000000000
27.0    0.0000000000000000    0.0000000000000000    0.0000000000000000    0.0000000000000000    0.0000000000000000
29.0    0.0000000000000000    0.0000000000000000    0.0000000000000000    0.0000000000000000    0.0000000000000000
31.0    0.0000000000000000    0.0000000000000000    0.0000000000000000    0.0000000000000000    0.0000000000000000
33.0    0.0000000000000000    0.0000000000000000    0.0000000000000000    0.0000000000000000    0.0000000000000000
35.0    0.0000000000000000    0.0000000000000000    0.0000000000000000    0.0000000000000000    0.0000000000000000
37.0    0.0000000000000000    0.0000000000000000    0.0000000000000001    0.0000000000000000    0.0000000000000001
39.0    0.0000000000000001    0.0000000000000001    0.0000000000000001    0.0000000000000001    0.0000000000000001
41.0    0.0000000000000001    0.0000000000000001    0.0000000000000001    0.0000000000000001    0.0000000000000002
43.0    0.0000000000000002    0.0000000000000002    0.0000000000000002    0.0000000000000002    0.0000000000000002
45.0    0.0000000000000003    0.0000000000000003    0.0000000000000003    0.0000000000000003    0.0000000000000004
47.0    0.0000000000000005    0.0000000000000004    0.0000000000000005    0.0000000000000005    0.0000000000000005
49.0    0.0000000000000007    0.0000000000000006    0.0000000000000007    0.0000000000000007    0.0000000000000007
51.0    0.0000000000000009    0.0000000000000009    0.0000000000000009    0.0000000000000009    0.0000000000000010
53.0    0.0000000000000012    0.0000000000000012    0.0000000000000012    0.0000000000000012    0.0000000000000012
55.0    0.0000000000000015    0.0000000000000015    0.0000000000000015    0.0000000000000015    0.0000000000000015
57.0    0.0000000000000019    0.0000000000000019    0.0000000000000018    0.0000000000000019    0.0000000000000019
59.0    0.0000000000000022    0.0000000000000022    0.0000000000000022    0.0000000000000023    0.0000000000000022
61.0    0.0000000000000026    0.0000000000000025    0.0000000000000025    0.0000000000000026    0.0000000000000026
63.0    0.0000000000000029    0.0000000000000029    0.0000000000000029    0.0000000000000029    0.0000000000000029
65.0    0.0000000000000032    0.0000000000000032    0.0000000000000032    0.0000000000000032    0.0000000000000033
67.0    0.0000000000000036    0.0000000000000035    0.0000000000000036    0.0000000000000036    0.0000000000000036
69.0    0.0000000000000040    0.0000000000000038    0.0000000000000040    0.0000000000000039    0.0000000000000040
71.0    0.0000000000000044    0.0000000000000042    0.0000000000000044    0.0000000000000044    0.0000000000000045
73.0    0.0000000000000049    0.0000000000000047    0.0000000000000050    0.0000000000000049    0.0000000000000051
75.0    0.0000000000000056    0.0000000000000054    0.0000000000000056    0.0000000000000056    0.0000000000000057
77.0    0.0000000000000064    0.0000000000000062    0.0000000000000063    0.0000000000000064    0.0000000000000064
79.0    0.0000000000000072    0.0000000000000071    0.0000000000000071    0.0000000000000073    0.0000000000000072
81.0    0.0000000000000081    0.0000000000000081    0.0000000000000080    0.0000000000000082    0.0000000000000081
83.0    0.0000000000000090    0.0000000000000091    0.0000000000000088    0.0000000000000092    0.0000000000000089
85.0    0.0000000000000098    0.0000000000000100    0.0000000000000096    0.0000000000000100    0.0000000000000097
87.0    0.0000000000000106    0.0000000000000108    0.0000000000000103    0.0000000000000107    0.0000000000000104
89.0    0.0000000000000111    0.0000000000000113    0.0000000000000109    0.0000000000000113    0.0000000000000109
91.0    0.0000000000000115    0.0000000000000117    0.0000000000000113    0.0000000000000116    0.0000000000000113
93.0    0.0000000000000117    0.0000000000000119    0.0000000000000116    0.0000000000000118    0.0000000000000116
95.0    0.0000000000000118    0.0000000000000119    0.0000000000000118    0.0000000000000118    0.0000000000000118
97.0    0.0000000000000118    0.0000000000000118    0.0000000000000118    0.0000000000000118    0.0000000000000118
99.0    0.0000000000000118    0.0000000000000117    0.0000000000000119    0.0000000000000118    0.0000000000000119
101.0    0.0000000000000118    0.0000000000000116    0.0000000000000119    0.0000000000000118    0.0000000000000120
103.0    0.0000000000000120    0.0000000000000117    0.0000000000000121    0.0000000000000119    0.0000000000000121
105.0    0.0000000000000122    0.0000000000000120    0.0000000000000123    0.0000000000000121    0.0000000000000123
107.0    0.0000000000000126    0.0000000000000124    0.0000000000000126    0.0000000000000126    0.0000000000000127
109.0    0.0000000000000131    0.0000000000000129    0.0000000000000131    0.0000000000000131    0.0000000000000131
111.0    0.0000000000000136    0.0000000000000135    0.0000000000000136    0.0000000000000137    0.0000000000000136
113.0    0.0000000000000142    0.0000000000000142    0.0000000000000141    0.0000000000000143    0.0000000000000142
115.0    0.0000000000000148    0.0000000000000149    0.0000000000000147    0.0000000000000150    0.0000000000000148
117.0    0.0000000000000154    0.0000000000000155    0.0000000000000153    0.0000000000000156    0.0000000000000153
119.0    0.0000000000000159    0.0000000000000160    0.0000000000000158    0.0000000000000161    0.0000000000000158
121.0    0.0000000000000164    0.0000000000000165    0.0000000000000162    0.0000000000000165    0.0000000000000163
123.0    0.0000000000000168    0.0000000000000168    0.0000000000000167    0.0000000000000168    0.0000000000000167
125.0    0.0000000000000171    0.0000000000000170    0.0000000000000170    0.0000000000000171    0.0000000000000171
127.0    0.0000000000000174    0.0000000000000173    0.0000000000000174    0.0000000000000174    0.0000000000000174
129.0    0.0000000000000177    0.0000000000000175    0.0000000000000177    0.0000000000000177    0.0000000000000178
131.0    0.0000000000000181    0.0000000000000178    0.0000000000000181    0.0000000000000181    0.0000000000000181
133.0    0.0000000000000185    0.0000000000000182    0.0000000000000185    0.0000000000000185    0.0000000000000186
135.0    0.0000000000000190    0.0000000000000188    0.0000000000000190    0.0000000000000190    0.0000000000000191
137.0    0.0000000000000196    0.0000000000000194    0.0000000000000196    0.0000000000000197    0.0000000000000197
139.0    0.0000000000000203    0.0000000000000201    0.0000000000000202    0.0000000000000204    0.0000000000000203
141.0    0.0000000000000210    0.0000000000000210    0.0000000000000209    0.0000000000000212    0.0000000000000210
143.0    0.0000000000000218    0.0000000000000218    0.0000000000000216    0.0000000000000220    0.0000000000000217
145.0    0.0000000000000226    0.0000000000000227    0.0000000000000223    0.0000000000000227    0.0000000000000224
147.0    0.0000000000000233    0.0000000000000234    0.0000000000000230    0.0000000000000235    0.0000000000000231
149.0    0.0000000000000239    0.0000000000000240    0.0000000000000237    0.0000000000000241    0.0000000000000238
151.0    0.0000000000000245    0.0000000000000246    0.0000000000000243    0.0000000000000246    0.0000000000000243
153.0    0.0000000000000250    0.0000000000000251    0.0000000000000248    0.0000000000000251    0.0000000000000248
155.0    0.0000000000000254    0.0000000000000254    0.0000000000000252    0.0000000000000255    0.0000000000000253
157.0    0.0000000000000258    0.0000000000000257    0.0000000000000257    0.0000000000000259    0.0000000000000257
159.0    0.0000000000000262    0.0000000000000260    0.0000000000000261    0.0000000000000262    0.0000000000000262
161.0    0.0000000000000265    0.0000000000000263    0.0000000000000265    0.0000000000000265    0.0000000000000265
163.0    0.0000000000000269    0.0000000000000267    0.0000000000000269    0.0000000000000270    0.0000000000000270
165.0    0.0000000000000274    0.0000000000000271    0.0000000000000274    0.0000000000000274    0.0000000000000275
167.0    0.0000000000000279    0.0000000000000276    0.0000000000000279    0.0000000000000280    0.0000000000000280
169.0    0.0000000000000285    0.0000000000000283    0.0000000000000285    0.0000000000000286    0.0000000000000286
171.0    0.0000000000000292    0.0000000000000290    0.0000000000000291    0.0000000000000293    0.0000000000000292
173.0    0.0000000000000299    0.0000000000000298    0.0000000000000298    0.0000000000000301    0.0000000000000299
175.0    0.0000000000000307    0.0000000000000306    0.0000000000000305    0.0000000000000309    0.0000000000000306
177.0    0.0000000000000315    0.0000000000000314    0.0000000000000312    0.0000000000000317    0.0000000000000314
179.0    0.0000000000000323    0.0000000000000322    0.0000000000000320    0.0000000000000325    0.0000000000000322
181.0    0.0000000000000330    0.0000000000000330    0.0000000000000328    0.0000000000000332    0.0000000000000329
183.0    0.0000000000000338    0.0000000000000337    0.0000000000000335    0.0000000000000340    0.0000000000000337
185.0    0.0000000000000345    0.0000000000000344    0.0000000000000343    0.0000000000000347    0.0000000000000344
187.0    0.0000000000000353    0.0000000000000351    0.0000000000000351    0.0000000000000354    0.0000000000000352
189.0    0.0000000000000360    0.0000000000000358    0.0000000000000358    0.0000000000000361    0.0000000000000360
191.0    0.0000000000000368    0.0000000000000365    0.0000000000000366    0.0000000000000369    0.0000000000000368
193.0    0.0000000000000376    0.0000000000000372    0.0000000000000374    0.0000000000000377    0.0000000000000376
195.0    0.0000000000000384    0.0000000000000380    0.0000000000000383    0.0000000000000386    0.0000000000000384
197.0    0.0000000000000393    0.0000000000000389    0.0000000000000392    0.0000000000000395    0.0000000000000394
199.0    0.0000000000000404    0.0000000000000398    0.0000000000000402    0.0000000000000405    0.0000000000000404
201.0    0.0000000000000415    0.0000000000000409    0.0000000000000413    0.0000000000000417    0.0000000000000415
203.0    0.0000000000000427    0.0000000000000421    0.0000000000000425    0.0000000000000429    0.0000000000000427
205.0    0.0000000000000440    0.0000000000000435    0.0000000000000438    0.0000000000000442    0.0000000000000440
207.0    0.0000000000000454    0.0000000000000448    0.0000000000000452    0.0000000000000457    0.0000000000000455
209.0    0.0000000000000470    0.0000000000000462    0.0000000000000467    0.0000000000000473    0.0000000000000471
211.0    0.0000000000000487    0.0000000000000478    0.0000000000000485    0.0000000000000490    0.0000000000000488
213.0    0.0000000000000506    0.0000000000000496    0.0000000000000504    0.0000000000000509    0.0000000000000506
215.0    0.0000000000000526    0.0000000000000514    0.0000000000000524    0.0000000000000530    0.0000000000000527
217.0    0.0000000000000550    0.0000000000000534    0.0000000000000547    0.0000000000000552    0.0000000000000551
219.0    0.0000000000000576    0.0000000000000556    0.0000000000000573    0.0000000000000579    0.0000000000000577
221.0    0.0000000000000604    0.0000000000000581    0.0000000000000603    0.0000000000000609    0.0000000000000608
223.0    0.0000000000000638    0.0000000000000611    0.0000000000000636    0.0000000000000642    0.0000000000000643
225.0    0.0000000000000677    0.0000000000000645    0.0000000000000674    0.0000000000000682    0.0000000000000682
227.0    0.0000000000000722    0.0000000000000683    0.0000000000000720    0.0000000000000729    0.0000000000000726
229.0    0.0000000000000775    0.0000000000000728    0.0000000000000773    0.0000000000000781    0.0000000000000780
231.0    0.0000000000000834    0.0000000000000783    0.0000000000000831    0.0000000000000844    0.0000000000000842
233.0    0.0000000000000904    0.0000000000000846    0.0000000000000899    0.0000000000000917    0.0000000000000914
235.0    0.0000000000000986    0.0000000000000917    0.0000000000000980    0.0000000000000998    0.0000000000000994
237.0    0.0000000000001080    0.0000000000001000    0.0000000000001074    0.0000000000001092    0.0000000000001085
239.0    0.0000000000001188    0.0000000000001098    0.0000000000001176    0.0000000000001203    0.0000000000001194
241.0    0.0000000000001312    0.0000000000001212    0.0000000000001294    0.0000000000001331    0.0000000000001319
243.0    0.0000000000001453    0.0000000000001342    0.0000000000001433    0.0000000000001471    0.0000000000001461
245.0    0.0000000000001607    0.0000000000001484    0.0000000000001591    0.0000000000001637    0.0000000000001623
247.0    0.0000000000001788    0.0000000000001646    0.0000000000001762    0.0000000000001824    0.0000000000001798
249.0    0.0000000000001991    0.0000000000001836    0.0000000000001955    0.0000000000002027    0.0000000000001995
251.0    0.0000000000002221    0.0000000000002051    0.0000000000002181    0.0000000000002265    0.0000000000002225
253.0    0.0000000000002478    0.0000000000002292    0.0000000000002434    0.0000000000002531    0.0000000000002483
255.0    0.0000000000002753    0.0000000000002552    0.0000000000002705    0.0000000000002816    0.0000000000002771
257.0    0.0000000000003072    0.0000000000002842    0.0000000000003006    0.0000000000003147    0.0000000000003078
259.0    0.0000000000003426    0.0000000000003178    0.0000000000003355    0.0000000000003515    0.0000000000003419
261.0    0.0000000000003819    0.0000000000003552    0.0000000000003741    0.0000000000003905    0.0000000000003811
263.0    0.0000000000004252    0.0000000000003966    0.0000000000004149    0.0000000000004354    0.0000000000004244
265.0    0.0000000000004708    0.0000000000004405    0.0000000000004597    0.0000000000004849    0.0000000000004721
267.0    0.0000000000005230    0.0000000000004888    0.0000000000005109    0.0000000000005367    0.0000000000005221
269.0    0.0000000000005800    0.0000000000005439    0.0000000000005670    0.0000000000005960    0.0000000000005767
271.0    0.0000000000006422    0.0000000000006042    0.0000000000006255    0.0000000000006606    0.0000000000006386
273.0    0.0000000000007097    0.0000000000006701    0.0000000000006890    0.0000000000007277    0.0000000000007060
275.0    0.0000000000007829    0.0000000000007390    0.0000000000007606    0.0000000000008036    0.0000000000007789
277.0    0.0000000000008618    0.0000000000008135    0.0000000000008347    0.0000000000008855    0.0000000000008577
279.0    0.0000000000009432    0.0000000000008971    0.0000000000009142    0.0000000000009697    0.0000000000009387
281.0    0.0000000000010340    0.0000000000009871    0.0000000000010031    0.0000000000010596    0.0000000000010253
283.0    0.0000000000011308    0.0000000000010835    0.0000000000010980    0.0000000000011598    0.0000000000011217
285.0    0.0000000000012339    0.0000000000011824    0.0000000000011948    0.0000000000012663    0.0000000000012242
287.0    0.0000000000013429    0.0000000000012872    0.0000000000012974    0.0000000000013742    0.0000000000013329
289.0    0.0000000000014534    0.0000000000014025    0.0000000000014104    0.0000000000014930    0.0000000000014428
291.0    0.0000000000015744    0.0000000000015239    0.0000000000015295    0.0000000000016179    0.0000000000015582
293.0    0.0000000000017012    0.0000000000016514    0.0000000000016493    0.0000000000017430    0.0000000000016845
295.0    0.0000000000018339    0.0000000000017794    0.0000000000017746    0.0000000000018796    0.0000000000018167
297.0    0.0000000000019721    0.0000000000019127    0.0000000000019111    0.0000000000020218    0.0000000000019545
299.0    0.0000000000021100    0.0000000000020565    0.0000000000020533    0.0000000000021630    0.0000000000020920
301.0    0.0000000000022591    0.0000000000022055    0.0000000000021950    0.0000000000023162    0.0000000000022346
303.0    0.0000000000024136    0.0000000000023597    0.0000000000023420    0.0000000000024748    0.0000000000023890
305.0    0.0000000000025737    0.0000000000025127    0.0000000000025010    0.0000000000026318    0.0000000000025490
307.0    0.0000000000027394    0.0000000000026706    0.0000000000026659    0.0000000000028015    0.0000000000027148
309.0    0.0000000000029110    0.0000000000028399    0.0000000000028295    0.0000000000029772    0.0000000000028866
311.0    0.0000000000030885    0.0000000000030149    0.0000000000029990    0.0000000000031511    0.0000000000030570
313.0    0.0000000000032651    0.0000000000031959    0.0000000000031822    0.0000000000033396    0.0000000000032336
315.0    0.0000000000034559    0.0000000000033760    0.0000000000033724    0.0000000000035351    0.0000000000034247
317.0    0.0000000000036539    0.0000000000035626    0.0000000000035616    0.0000000000037294    0.0000000000036232
319.0    0.0000000000038600    0.0000000000037642    0.0000000000037581    0.0000000000039407    0.0000000000038297
321.0    0.0000000000040746    0.0000000000039742    0.0000000000039715    0.0000000000041610    0.0000000000040356
323.0    0.0000000000042893    0.0000000000041931    0.0000000000041940    0.0000000000043808    0.0000000000042502
325.0    0.0000000000045227    0.0000000000044129    0.0000000000044163    0.0000000000046210    0.0000000000044837
327.0    0.0000000000047666    0.0000000000046425    0.0000000000046484    0.0000000000048721    0.0000000000047278
329.0    0.0000000000050220    0.0000000000048923    0.0000000000049015    0.0000000000051236    0.0000000000049832
331.0    0.0000000000052893    0.0000000000051540    0.0000000000051665    0.0000000000053868    0.0000000000052393
333.0    0.0000000000055696    0.0000000000054286    0.0000000000054323    0.0000000000056751    0.0000000000055073
335.0    0.0000000000058633    0.0000000000057053    0.0000000000057107    0.0000000000059776    0.0000000000058002
337.0    0.0000000000061589    0.0000000000059953    0.0000000000060150    0.0000000000062810    0.0000000000061074
339.0    0.0000000000064818    0.0000000000063115    0.0000000000063343    0.0000000000066139    0.0000000000064298
341.0    0.0000000000068204    0.0000000000066435    0.0000000000066550    0.0000000000069632    0.0000000000067682
343.0    0.0000000000071760    0.0000000000069922    0.0000000000069913    0.0000000000073139    0.0000000000071081
345.0    0.0000000000075490    0.0000000000073437    0.0000000000073593    0.0000000000076986    0.0000000000074645
347.0    0.0000000000079245    0.0000000000077125    0.0000000000077457    0.0000000000081024    0.0000000000078544
349.0    0.0000000000083349    0.0000000000081147    0.0000000000081339    0.0000000000085077    0.0000000000082637
351.0    0.0000000000087652    0.0000000000085371    0.0000000000085409    0.0000000000089523    0.0000000000086934
353.0    0.0000000000092170    0.0000000000089631    0.0000000000089861    0.0000000000094188    0.0000000000091250
355.0    0.0000000000096907    0.0000000000094098    0.0000000000094535    0.0000000000098868    0.0000000000095773
357.0    0.0000000000101674    0.0000000000098970    0.0000000000099228    0.0000000000103999    0.0000000000100719
359.0    0.0000000000106877    0.0000000000104082    0.0000000000104145    0.0000000000109379    0.0000000000105906
361.0    0.0000000000112329    0.0000000000109448    0.0000000000109519    0.0000000000114772    0.0000000000111345
363.0    0.0000000000118044    0.0000000000114852    0.0000000000115153    0.0000000000120678    0.0000000000116801
365.0    0.0000000000124027    0.0000000000120512    0.0000000000120804    0.0000000000126863    0.0000000000122511
367.0    0.0000000000130294    0.0000000000126674    0.0000000000126716    0.0000000000133055    0.0000000000128742
369.0    0.0000000000136848    0.0000000000133128    0.0000000000133166    0.0000000000139827    0.0000000000135266
371.0    0.0000000000143424    0.0000000000139886    0.0000000000139917    0.0000000000146907    0.0000000000142090
373.0    0.0000000000150580    0.0000000000146677    0.0000000000146674    0.0000000000153983    0.0000000000149226
375.0    0.0000000000158051    0.0000000000153770    0.0000000000153729    0.0000000000161362    0.0000000000156363
377.0    0.0000000000165854    0.0000000000161470    0.0000000000161409    0.0000000000169413    0.0000000000163807
379.0    0.0000000000173990    0.0000000000169513    0.0000000000169427    0.0000000000177809    0.0000000000171904
381.0    0.0000000000182128    0.0000000000177906    0.0000000000177434    0.0000000000186178    0.0000000000180348
383.0    0.0000000000190954    0.0000000000186314    0.0000000000185771    0.0000000000195291    0.0000000000189148
385.0    0.0000000000200138    0.0000000000195067    0.0000000000194825    0.0000000000204773    0.0000000000197922
387.0    0.0000000000209698    0.0000000000204536    0.0000000000204251    0.0000000000214205    0.0000000000207041
389.0    0.0000000000219631    0.0000000000214388    0.0000000000213639    0.0000000000224452    0.0000000000216927
391.0    0.0000000000229955    0.0000000000224629    0.0000000000223390    0.0000000000235094    0.0000000000227201
393.0    0.0000000000240669    0.0000000000234847    0.0000000000233952    0.0000000000245658    0.0000000000237870
395.0    0.0000000000251336    0.0000000000245440    0.0000000000244920    0.0000000000257113    0.0000000000248471
397.0    0.0000000000262854    0.0000000000256854    0.0000000000255819    0.0000000000268988    0.0000000000259457
399.0    0.0000000000274789    0.0000000000268680    0.0000000000267117    0.0000000000280761    0.0000000000271331
401.0    0.0000000000287165    0.0000000000280924    0.0000000000279335    0.0000000000293513    0.0000000000283640
403.0    0.0000000000299983    0.0000000000293096    0.0000000000292006    0.0000000000306724    0.0000000000296396
405.0    0.0000000000312730    0.0000000000305676    0.0000000000304590    0.0000000000319818    0.0000000000309617
407.0    0.0000000000326490    0.0000000000319193    0.0000000000317632    0.0000000000334008    0.0000000000322739
409.0    0.0000000000340754    0.0000000000333172    0.0000000000331744    0.0000000000348727    0.0000000000336334
411.0    0.0000000000355568    0.0000000000347633    0.0000000000346404    0.0000000000363344    0.0000000000351043
413.0    0.0000000000370956    0.0000000000362012    0.0000000000360997    0.0000000000379230    0.0000000000366326
415.0    0.0000000000386321    0.0000000000376896    0.0000000000376172    0.0000000000395768    0.0000000000382225
417.0    0.0000000000402996    0.0000000000392939    0.0000000000392666    0.0000000000412268    0.0000000000398086
419.0    0.0000000000420402    0.0000000000409612    0.0000000000409896    0.0000000000430300    0.0000000000414626
421.0    0.0000000000438636    0.0000000000426977    0.0000000000427161    0.0000000000449193    0.0000000000432664
423.0    0.0000000000457762    0.0000000000444390    0.0000000000445252    0.0000000000468179    0.0000000000451587
425.0    0.0000000000477902    0.0000000000462603    0.0000000000465084    0.0000000000488151    0.0000000000471491
427.0    0.0000000000499143    0.0000000000482475    0.0000000000486002    0.0000000000510212    0.0000000000492489
429.0    0.0000000000520709    0.0000000000503421    0.0000000000507171    0.0000000000533589    0.0000000000513746
431.0    0.0000000000544537    0.0000000000525581    0.0000000000529586    0.0000000000557353    0.0000000000536265
433.0    0.0000000000569879    0.0000000000548169    0.0000000000554417    0.0000000000583830    0.0000000000561229
435.0    0.0000000000596947    0.0000000000572200    0.0000000000580892    0.0000000000612121    0.0000000000587867
437.0    0.0000000000625880    0.0000000000598878    0.0000000000607956    0.0000000000641099    0.0000000000616363
439.0    0.0000000000655625    0.0000000000627494    0.0000000000636884    0.0000000000673607    0.0000000000645584
441.0    0.0000000000688868    0.0000000000658277    0.0000000000669208    0.0000000000708544    0.0000000000676909
443.0    0.0000000000724578    0.0000000000690129    0.0000000000703935    0.0000000000744498    0.0000000000711999
445.0    0.0000000000763049    0.0000000000724472    0.0000000000739655    0.0000000000784971    0.0000000000749784
447.0    0.0000000000804432    0.0000000000763031    0.0000000000778020    0.0000000000828560    0.0000000000790498
449.0    0.0000000000847168    0.0000000000804776    0.0000000000821026    0.0000000000873456    0.0000000000832459
451.0    0.0000000000895041    0.0000000000849981    0.0000000000867313    0.0000000000923971    0.0000000000877575
453.0    0.0000000000946484    0.0000000000896938    0.0000000000914930    0.0000000000978282    0.0000000000928162
455.0    0.0000000001001806    0.0000000000947630    0.0000000000966002    0.0000000001034058    0.0000000000982575
457.0    0.0000000001061095    0.0000000001004474    0.0000000001023091    0.0000000001096561    0.0000000001041019
459.0    0.0000000001124641    0.0000000001065782    0.0000000001084265    0.0000000001163420    0.0000000001103679
461.0    0.0000000001192478    0.0000000001131758    0.0000000001146852    0.0000000001231675    0.0000000001167809
463.0    0.0000000001261841    0.0000000001199741    0.0000000001213529    0.0000000001307643    0.0000000001236146
465.0    0.0000000001338602    0.0000000001272397    0.0000000001287480    0.0000000001388296    0.0000000001311944
467.0    0.0000000001419929    0.0000000001352924    0.0000000001366012    0.0000000001469958    0.0000000001392437
469.0    0.0000000001505973    0.0000000001438607    0.0000000001445590    0.0000000001556012    0.0000000001477659
471.0    0.0000000001596590    0.0000000001525838    0.0000000001529488    0.0000000001650660    0.0000000001563732
473.0    0.0000000001687920    0.0000000001617882    0.0000000001621522    0.0000000001749908    0.0000000001654168
475.0    0.0000000001787474    0.0000000001718529    0.0000000001718103    0.0000000001849116    0.0000000001753002
477.0    0.0000000001891308    0.0000000001824088    0.0000000001814796    0.0000000001957135    0.0000000001856300
479.0    0.0000000001999353    0.0000000001934372    0.0000000001915483    0.0000000002069238    0.0000000001963893
481.0    0.0000000002111272    0.0000000002044612    0.0000000002024532    0.0000000002180133    0.0000000002070797
483.0    0.0000000002226905    0.0000000002158784    0.0000000002137456    0.0000000002299600    0.0000000002181263
485.0    0.0000000002345853    0.0000000002281286    0.0000000002249035    0.0000000002422277    0.0000000002299964
487.0    0.0000000002462917    0.0000000002407279    0.0000000002363696    0.0000000002542345    0.0000000002421873
489.0    0.0000000002587493    0.0000000002536352    0.0000000002486236    0.0000000002670332    0.0000000002546628
491.0    0.0000000002714333    0.0000000002662928    0.0000000002611394    0.0000000002800376    0.0000000002673840
493.0    0.0000000002843085    0.0000000002791546    0.0000000002733425    0.0000000002926332    0.0000000002797669
495.0    0.0000000002973283    0.0000000002926967    0.0000000002857177    0.0000000003059210    0.0000000002923024
497.0    0.0000000003099271    0.0000000003063601    0.0000000002987701    0.0000000003192852    0.0000000003055012
499.0    0.0000000003231118    0.0000000003200948    0.0000000003119238    0.0000000003320995    0.0000000003187781
501.0    0.0000000003363158    0.0000000003333225    0.0000000003245849    0.0000000003454857    0.0000000003320888
503.0    0.0000000003494972    0.0000000003465268    0.0000000003372622    0.0000000003588188    0.0000000003448374
505.0    0.0000000003626161    0.0000000003601898    0.0000000003504673    0.0000000003714835    0.0000000003575388
507.0    0.0000000003751133    0.0000000003737376    0.0000000003636083    0.0000000003845915    0.0000000003707049
509.0    0.0000000003879938    0.0000000003871273    0.0000000003761064    0.0000000003975312    0.0000000003837428
511.0    0.0000000004007023    0.0000000003998183    0.0000000003884742    0.0000000004097153    0.0000000003966151
513.0    0.0000000004132014    0.0000000004122918    0.0000000004012103    0.0000000004216831    0.0000000004087654
515.0    0.0000000004254672    0.0000000004250066    0.0000000004137402    0.0000000004339343    0.0000000004207015
517.0    0.0000000004374657    0.0000000004374284    0.0000000004255283    0.0000000004459000    0.0000000004329057
519.0    0.0000000004491808    0.0000000004495314    0.0000000004370716    0.0000000004570513    0.0000000004448264
521.0    0.0000000004601349    0.0000000004608504    0.0000000004488378    0.0000000004683831    0.0000000004564412
523.0    0.0000000004712239    0.0000000004718336    0.0000000004602968    0.0000000004793723    0.0000000004677313
525.0    0.0000000004819770    0.0000000004828927    0.0000000004709751    0.0000000004895440    0.0000000004782324
527.0    0.0000000004923725    0.0000000004935671    0.0000000004813353    0.0000000004998127    0.0000000004884033
529.0    0.0000000005024109    0.0000000005038482    0.0000000004918029    0.0000000005097093    0.0000000004986616
531.0    0.0000000005116986    0.0000000005133603    0.0000000005019077    0.0000000005188144    0.0000000005085477
533.0    0.0000000005210052    0.0000000005224963    0.0000000005112462    0.0000000005279532    0.0000000005180557
535.0    0.0000000005299417    0.0000000005316054    0.0000000005202360    0.0000000005367124    0.0000000005268129
537.0    0.0000000005384984    0.0000000005403134    0.0000000005292496    0.0000000005447279    0.0000000005352149
539.0    0.0000000005466867    0.0000000005486241    0.0000000005378855    0.0000000005527330    0.0000000005436126
541.0    0.0000000005545007    0.0000000005562479    0.0000000005458111    0.0000000005603675    0.0000000005516329
543.0    0.0000000005619549    0.0000000005635105    0.0000000005533891    0.0000000005673215    0.0000000005592808
545.0    0.0000000005687716    0.0000000005706955    0.0000000005609380    0.0000000005742349    0.0000000005662681
547.0    0.0000000005755260    0.0000000005775118    0.0000000005678343    0.0000000005807996    0.0000000005729204
549.0    0.0000000005819422    0.0000000005839695    0.0000000005743990    0.0000000005867541    0.0000000005795201
551.0    0.0000000005880200    0.0000000005898529    0.0000000005809108    0.0000000005926494    0.0000000005857768
553.0    0.0000000005937783    0.0000000005954207    0.0000000005870835    0.0000000005982253    0.0000000005917005
555.0    0.0000000005990085    0.0000000006008940    0.0000000005926915    0.0000000006032628    0.0000000005973011
557.0    0.0000000006041569    0.0000000006060535    0.0000000005980015    0.0000000006082313    0.0000000006023774
559.0    0.0000000006090162    0.0000000006109115    0.0000000006032412    0.0000000006129123    0.0000000006071723
561.0    0.0000000006135889    0.0000000006153110    0.0000000006081813    0.0000000006171250    0.0000000006118926
563.0    0.0000000006178935    0.0000000006194498    0.0000000006126469    0.0000000006210910    0.0000000006163328
565.0    0.0000000006217785    0.0000000006234946    0.0000000006168533    0.0000000006249819    0.0000000006205034
567.0    0.0000000006255777    0.0000000006272837    0.0000000006209822    0.0000000006286282    0.0000000006242594
569.0    0.0000000006291394    0.0000000006308285    0.0000000006248541    0.0000000006318911    0.0000000006277838
571.0    0.0000000006324672    0.0000000006340178    0.0000000006283348    0.0000000006350777    0.0000000006312303
573.0    0.0000000006355772    0.0000000006369979    0.0000000006315948    0.0000000006380490    0.0000000006344483
575.0    0.0000000006384726    0.0000000006398885    0.0000000006347758    0.0000000006406944    0.0000000006374480
577.0    0.0000000006411684    0.0000000006425742    0.0000000006377395    0.0000000006432623    0.0000000006401275
579.0    0.0000000006435726    0.0000000006450647    0.0000000006403854    0.0000000006456416    0.0000000006426205
581.0    0.0000000006458937    0.0000000006472836    0.0000000006428453    0.0000000006477448    0.0000000006450349
583.0    0.0000000006480394    0.0000000006493345    0.0000000006452262    0.0000000006497708    0.0000000006472659
585.0    0.0000000006500125    0.0000000006513002    0.0000000006474243    0.0000000006516311    0.0000000006493212
587.0    0.0000000006518252    0.0000000006531016    0.0000000006493675    0.0000000006532593    0.0000000006512078
589.0    0.0000000006534173    0.0000000006546863    0.0000000006511542    0.0000000006548093    0.0000000006528661
591.0    0.0000000006549284    0.0000000006561292    0.0000000006528622    0.0000000006562142    0.0000000006543803
593.0    0.0000000006562983    0.0000000006574892    0.0000000006544163    0.0000000006574248    0.0000000006558164
595.0    0.0000000006575291    0.0000000006587102    0.0000000006557680    0.0000000006585573    0.0000000006571107
597.0    0.0000000006586302    0.0000000006597984    0.0000000006569882    0.0000000006595619    0.0000000006582693
599.0    0.0000000006595679    0.0000000006607252    0.0000000006581296    0.0000000006604058    0.0000000006592587
601.0    0.0000000006604256    0.0000000006615378    0.0000000006591414    0.0000000006611708    0.0000000006601316
603.0    0.0000000006611693    0.0000000006622686    0.0000000006599952    0.0000000006618238    0.0000000006609262
605.0    0.0000000006618008    0.0000000006628872    0.0000000006607378    0.0000000006623452    0.0000000006616063
607.0    0.0000000006623273    0.0000000006633981    0.0000000006614018    0.0000000006627709    0.0000000006621770
609.0    0.0000000006627510    0.0000000006637927    0.0000000006619564    0.0000000006631171    0.0000000006626256
611.0    0.0000000006630786    0.0000000006640952    0.0000000006623904    0.0000000006633687    0.0000000006629805
613.0    0.0000000006633050    0.0000000006643173    0.0000000006627306    0.0000000006635227    0.0000000006632572
615.0    0.0000000006634528    0.0000000006644491    0.0000000006629922    0.0000000006635973    0.0000000006634415
617.0    0.0000000006635161    0.0000000006644942    0.0000000006631619    0.0000000006635890    0.0000000006635376
619.0    0.0000000006634971    0.0000000006644601    0.0000000006632425    0.0000000006635053    0.0000000006635494
621.0    0.0000000006634007    0.0000000006643518    0.0000000006632445    0.0000000006633419    0.0000000006634852
623.0    0.0000000006632374    0.0000000006641657    0.0000000006631681    0.0000000006631060    0.0000000006633493
625.0    0.0000000006629969    0.0000000006639070    0.0000000006630147    0.0000000006628142    0.0000000006631356
627.0    0.0000000006626890    0.0000000006635800    0.0000000006627990    0.0000000006624430    0.0000000006628513
629.0    0.0000000006623150    0.0000000006632038    0.0000000006625177    0.0000000006620085    0.0000000006624997
631.0    0.0000000006618794    0.0000000006627688    0.0000000006621582    0.0000000006615351    0.0000000006621028
633.0    0.0000000006613835    0.0000000006622582    0.0000000006617345    0.0000000006609824    0.0000000006616485
635.0    0.0000000006608313    0.0000000006616905    0.0000000006612711    0.0000000006603745    0.0000000006611173
637.0    0.0000000006602497    0.0000000006610682    0.0000000006607524    0.0000000006597426    0.0000000006605301
639.0    0.0000000006595924    0.0000000006604214    0.0000000006601568    0.0000000006590312    0.0000000006598888
641.0    0.0000000006588857    0.0000000006597280    0.0000000006595069    0.0000000006582715    0.0000000006591963
643.0    0.0000000006581307    0.0000000006589604    0.0000000006588358    0.0000000006575003    0.0000000006584868
645.0    0.0000000006573302    0.0000000006581473    0.0000000006581187    0.0000000006566495    0.0000000006577335
647.0    0.0000000006565201    0.0000000006572908    0.0000000006573240    0.0000000006557556    0.0000000006569030
649.0    0.0000000006556342    0.0000000006564277    0.0000000006564838    0.0000000006548613    0.0000000006560293
651.0    0.0000000006547083    0.0000000006555269    0.0000000006556376    0.0000000006538863    0.0000000006551133
653.0    0.0000000006537423    0.0000000006545521    0.0000000006547519    0.0000000006528733    0.0000000006541983
655.0    0.0000000006527387    0.0000000006535395    0.0000000006537883    0.0000000006518684    0.0000000006532467
657.0    0.0000000006517407    0.0000000006524906    0.0000000006527851    0.0000000006508301    0.0000000006522169
659.0    0.0000000006506655    0.0000000006514487    0.0000000006517882    0.0000000006497096    0.0000000006511506
661.0    0.0000000006495563    0.0000000006503746    0.0000000006507570    0.0000000006485550    0.0000000006500491
663.0    0.0000000006484128    0.0000000006492246    0.0000000006496460    0.0000000006474188    0.0000000006489609
665.0    0.0000000006472371    0.0000000006480420    0.0000000006485002    0.0000000006461988    0.0000000006478417
667.0    0.0000000006460288    0.0000000006468274    0.0000000006473705    0.0000000006449471    0.0000000006466417
669.0    0.0000000006447897    0.0000000006456297    0.0000000006462102    0.0000000006437206    0.0000000006454099
671.0    0.0000000006435713    0.0000000006444035    0.0000000006449681    0.0000000006424078    0.0000000006441467
673.0    0.0000000006422726    0.0000000006430983    0.0000000006436942    0.0000000006410657    0.0000000006428526
675.0    0.0000000006409449    0.0000000006417638    0.0000000006424450    0.0000000006397541    0.0000000006415845
677.0    0.0000000006395879    0.0000000006403998    0.0000000006411676    0.0000000006383545    0.0000000006402889
679.0    0.0000000006382035    0.0000000006390612    0.0000000006398058    0.0000000006369270    0.0000000006389089
681.0    0.0000000006368482    0.0000000006376961    0.0000000006384153    0.0000000006355358    0.0000000006375009
683.0    0.0000000006354099    0.0000000006362496    0.0000000006370560    0.0000000006340545    0.0000000006360646
685.0    0.0000000006339455    0.0000000006347755    0.0000000006356713    0.0000000006325470    0.0000000006346632
687.0    0.0000000006324545    0.0000000006332745    0.0000000006341997    0.0000000006310808    0.0000000006332366
689.0    0.0000000006309389    0.0000000006318067    0.0000000006327013    0.0000000006295227    0.0000000006317224
691.0    0.0000000006293980    0.0000000006303148    0.0000000006312413    0.0000000006279400    0.0000000006301829
693.0    0.0000000006278332    0.0000000006287387    0.0000000006297576    0.0000000006264039    0.0000000006286181
695.0    0.0000000006263087    0.0000000006271378    0.0000000006281851    0.0000000006247745    0.0000000006270959
697.0    0.0000000006246980    0.0000000006255127    0.0000000006265883    0.0000000006231225    0.0000000006255514
699.0    0.0000000006230652    0.0000000006239283    0.0000000006250361    0.0000000006215215    0.0000000006239171
701.0    0.0000000006214105    0.0000000006223225    0.0000000006234627    0.0000000006199009    0.0000000006222604
703.0    0.0000000006197348    0.0000000006206312    0.0000000006217987    0.0000000006181859    0.0000000006205817
705.0    0.0000000006181073    0.0000000006189183    0.0000000006201134    0.0000000006164513    0.0000000006188821
707.0    0.0000000006163922    0.0000000006172522    0.0000000006184786    0.0000000006147739    0.0000000006172342
709.0    0.0000000006146590    0.0000000006155673    0.0000000006168252    0.0000000006130018    0.0000000006155679
711.0    0.0000000006129071    0.0000000006137965    0.0000000006150810    0.0000000006112123    0.0000000006138108
713.0    0.0000000006111380    0.0000000006120078    0.0000000006133179    0.0000000006094844    0.0000000006120356
715.0    0.0000000006094240    0.0000000006102016    0.0000000006116115    0.0000000006076625    0.0000000006102431
717.0    0.0000000006076230    0.0000000006084493    0.0000000006098894    0.0000000006058249    0.0000000006085098
719.0    0.0000000006058072    0.0000000006066825    0.0000000006080762    0.0000000006040538    0.0000000006067620
721.0    0.0000000006039768    0.0000000006048305    0.0000000006062474    0.0000000006021884    0.0000000006049235
723.0    0.0000000006021333    0.0000000006029646    0.0000000006044811    0.0000000006003102    0.0000000006030711
725.0    0.0000000006002767    0.0000000006010857    0.0000000006027018    0.0000000005985021    0.0000000006012055
727.0    0.0000000005984087    0.0000000005992677    0.0000000006008319    0.0000000005966005    0.0000000005994057
729.0    0.0000000005966046    0.0000000005974389    0.0000000005989498    0.0000000005946883    0.0000000005975952
731.0    0.0000000005947149    0.0000000005955268    0.0000000005971352    0.0000000005928500    0.0000000005956954
733.0    0.0000000005928156    0.0000000005936047    0.0000000005953102    0.0000000005909187    0.0000000005937853
735.0    0.0000000005909069    0.0000000005916736    0.0000000005933958    0.0000000005889789    0.0000000005918658
737.0    0.0000000005889903    0.0000000005898093    0.0000000005914724    0.0000000005871161    0.0000000005899374
739.0    0.0000000005871429    0.0000000005879378    0.0000000005896205    0.0000000005851612    0.0000000005880821
741.0    0.0000000005852113    0.0000000005859845    0.0000000005877608    0.0000000005831997    0.0000000005862197
743.0    0.0000000005832731    0.0000000005840249    0.0000000005858131    0.0000000005813175    0.0000000005842698
745.0    0.0000000005813287    0.0000000005820598    0.0000000005838581    0.0000000005793442    0.0000000005823135
747.0    0.0000000005793788    0.0000000005801653    0.0000000005819786    0.0000000005773655    0.0000000005803516
749.0    0.0000000005775019    0.0000000005782666    0.0000000005800935    0.0000000005754682    0.0000000005784664
751.0    0.0000000005755420    0.0000000005762875    0.0000000005781211    0.0000000005735668    0.0000000005765767
753.0    0.0000000005735781    0.0000000005743045    0.0000000005761435    0.0000000005715748    0.0000000005746005
755.0    0.0000000005716097    0.0000000005723185    0.0000000005742438    0.0000000005695788    0.0000000005726203
757.0    0.0000000005696377    0.0000000005704053    0.0000000005723402    0.0000000005676660    0.0000000005706363
759.0    0.0000000005676620    0.0000000005684895    0.0000000005703499    0.0000000005656632    0.0000000005687316
761.0    0.0000000005656829    0.0000000005664945    0.0000000005683557    0.0000000005636570    0.0000000005668240
763.0    0.0000000005637800    0.0000000005644967    0.0000000005664413    0.0000000005617348    0.0000000005648303
765.0    0.0000000005617948    0.0000000005624964    0.0000000005645236    0.0000000005597225    0.0000000005628335
767.0    0.0000000005598066    0.0000000005605707    0.0000000005625194    0.0000000005577072    0.0000000005608341
769.0    0.0000000005578155    0.0000000005586429    0.0000000005605122    0.0000000005557765    0.0000000005588315
771.0    0.0000000005558214    0.0000000005566355    0.0000000005585856    0.0000000005537553    0.0000000005569103
773.0    0.0000000005539043    0.0000000005546256    0.0000000005566562    0.0000000005517309    0.0000000005549862
775.0    0.0000000005519045    0.0000000005526133    0.0000000005546399    0.0000000005497916    0.0000000005529757
777.0    0.0000000005499017    0.0000000005506758    0.0000000005526207    0.0000000005477612    0.0000000005509622
779.0    0.0000000005478958    0.0000000005487356    0.0000000005506826    0.0000000005457277    0.0000000005489457
781.0    0.0000000005458867    0.0000000005467152    0.0000000005487419    0.0000000005437792    0.0000000005470105
783.0    0.0000000005438745    0.0000000005446915    0.0000000005467133    0.0000000005417388    0.0000000005450723
785.0    0.0000000005418587    0.0000000005426648    0.0000000005446814    0.0000000005396948    0.0000000005430465
787.0    0.0000000005399203    0.0000000005407126    0.0000000005427312    0.0000000005377363    0.0000000005410174
789.0    0.0000000005378975    0.0000000005387570    0.0000000005407777    0.0000000005356848    0.0000000005389844
791.0    0.0000000005358709    0.0000000005367196    0.0000000005387354    0.0000000005336293    0.0000000005370327
793.0    0.0000000005338404    0.0000000005346779    0.0000000005366894    0.0000000005316593    0.0000000005350773
795.0    0.0000000005318059    0.0000000005326322    0.0000000005347250    0.0000000005296855    0.0000000005330329
797.0    0.0000000005298487    0.0000000005306608    0.0000000005327566    0.0000000005276176    0.0000000005309842
799.0    0.0000000005278058    0.0000000005286852    0.0000000005306987    0.0000000005255451    0.0000000005289308
801.0    0.0000000005257586    0.0000000005266258    0.0000000005286364    0.0000000005235585    0.0000000005268730
803.0    0.0000000005237066    0.0000000005245616    0.0000000005266559    0.0000000005214771    0.0000000005248967
805.0    0.0000000005216502    0.0000000005224922    0.0000000005246710    0.0000000005193911    0.0000000005229158
807.0    0.0000000005196717    0.0000000005204976    0.0000000005225955    0.0000000005173914    0.0000000005208439
809.0    0.0000000005176063    0.0000000005184982    0.0000000005205152    0.0000000005152961    0.0000000005187671
811.0    0.0000000005155362    0.0000000005164134    0.0000000005185170    0.0000000005131962    0.0000000005166850
813.0    0.0000000005134613    0.0000000005143230    0.0000000005165147    0.0000000005111832    0.0000000005146855
815.0    0.0000000005113819    0.0000000005122278    0.0000000005144205    0.0000000005090740    0.0000000005126808
817.0    0.0000000005092978    0.0000000005102078    0.0000000005123214    0.0000000005069608    0.0000000005105843
819.0    0.0000000005072094    0.0000000005081830    0.0000000005103058    0.0000000005049351    0.0000000005084829
821.0    0.0000000005052005    0.0000000005060720    0.0000000005082857    0.0000000005028134    0.0000000005063767
823.0    0.0000000005031038    0.0000000005039560    0.0000000005061735    0.0000000005006880    0.0000000005043538
825.0    0.0000000005010032    0.0000000005019170    0.0000000005041455    0.0000000004986512    0.0000000005023268
827.0    0.0000000004988988    0.0000000004998735    0.0000000005021132    0.0000000004965188    0.0000000005002074
829.0    0.0000000004967911    0.0000000004977440    0.0000000004999892    0.0000000004943832    0.0000000004980841
831.0    0.0000000004947645    0.0000000004956102    0.0000000004978613    0.0000000004923380    0.0000000004959568
833.0    0.0000000004926512    0.0000000004934728    0.0000000004958190    0.0000000004901973    0.0000000004938261
835.0    0.0000000004905349    0.0000000004914144    0.0000000004937739    0.0000000004880549    0.0000000004917815
837.0    0.0000000004884169    0.0000000004893530    0.0000000004916372    0.0000000004860043    0.0000000004897342
839.0    0.0000000004862973    0.0000000004872067    0.0000000004894983    0.0000000004838594    0.0000000004875957
841.0    0.0000000004841765    0.0000000004850583    0.0000000004874467    0.0000000004817140    0.0000000004854553
843.0    0.0000000004820551    0.0000000004829085    0.0000000004853938    0.0000000004796620    0.0000000004833135
845.0    0.0000000004800183    0.0000000004808402    0.0000000004832507    0.0000000004776105    0.0000000004812605
847.0    0.0000000004778972    0.0000000004787718    0.0000000004811072    0.0000000004754670    0.0000000004792069
849.0    0.0000000004757771    0.0000000004766204    0.0000000004790532    0.0000000004733253    0.0000000004770645
851.0    0.0000000004736585    0.0000000004744701    0.0000000004769997    0.0000000004712790    0.0000000004749231
853.0    0.0000000004715422    0.0000000004723212    0.0000000004748583    0.0000000004691424    0.0000000004727832
855.0    0.0000000004695131    0.0000000004702568    0.0000000004727187    0.0000000004670096    0.0000000004706458
857.0    0.0000000004674029    0.0000000004681956    0.0000000004706704    0.0000000004649736    0.0000000004685997
859.0    0.0000000004652970    0.0000000004660553    0.0000000004686253    0.0000000004628504    0.0000000004665573
861.0    0.0000000004631955    0.0000000004639193    0.0000000004664950    0.0000000004607325    0.0000000004644305
863.0    0.0000000004610999    0.0000000004617885    0.0000000004643691    0.0000000004587131    0.0000000004623082
865.0    0.0000000004590938    0.0000000004597451    0.0000000004623368    0.0000000004566087    0.0000000004601922
867.0    0.0000000004570109    0.0000000004577080    0.0000000004603098    0.0000000004545121    0.0000000004581700
869.0    0.0000000004549353    0.0000000004555968    0.0000000004582010    0.0000000004525146    0.0000000004561547
871.0    0.0000000004528682    0.0000000004534938    0.0000000004560994    0.0000000004504353    0.0000000004540593
873.0    0.0000000004508095    0.0000000004513997    0.0000000004540932    0.0000000004483658    0.0000000004519728
875.0    0.0000000004487606    0.0000000004493952    0.0000000004520945    0.0000000004463962    0.0000000004498955
877.0    0.0000000004467216    0.0000000004474005    0.0000000004500181    0.0000000004443475    0.0000000004479143
879.0    0.0000000004447744    0.0000000004453369    0.0000000004479517    0.0000000004423106    0.0000000004459428
881.0    0.0000000004427574    0.0000000004432852    0.0000000004459812    0.0000000004403737    0.0000000004438967
883.0    0.0000000004407517    0.0000000004412457    0.0000000004440212    0.0000000004383615    0.0000000004418628
885.0    0.0000000004387586    0.0000000004392972    0.0000000004419870    0.0000000004363618    0.0000000004398413
887.0    0.0000000004367785    0.0000000004373614    0.0000000004399655    0.0000000004344625    0.0000000004378330
889.0    0.0000000004348901    0.0000000004353621    0.0000000004380399    0.0000000004325758    0.0000000004359208
891.0    0.0000000004329368    0.0000000004333775    0.0000000004361268    0.0000000004306179    0.0000000004340220
893.0    0.0000000004309972    0.0000000004314083    0.0000000004341441    0.0000000004286743    0.0000000004320550
895.0    0.0000000004290724    0.0000000004295292    0.0000000004321756    0.0000000004268295    0.0000000004301028
897.0    0.0000000004271625    0.0000000004276652    0.0000000004303026    0.0000000004249163    0.0000000004281662
899.0    0.0000000004253430    0.0000000004257427    0.0000000004284437    0.0000000004230184    0.0000000004263246
901.0    0.0000000004234630    0.0000000004238366    0.0000000004265186    0.0000000004212179    0.0000000004244980
903.0    0.0000000004215983    0.0000000004219474    0.0000000004246093    0.0000000004193514    0.0000000004226080
905.0    0.0000000004197498    0.0000000004201467    0.0000000004227938    0.0000000004175006    0.0000000004207340
907.0    0.0000000004179163    0.0000000004183620    0.0000000004209935    0.0000000004157455    0.0000000004188767
909.0    0.0000000004160991    0.0000000004165228    0.0000000004191303    0.0000000004139264    0.0000000004171121
911.0    0.0000000004142976    0.0000000004147007    0.0000000004172833    0.0000000004121231    0.0000000004153630
913.0    0.0000000004125831    0.0000000004128957    0.0000000004155284    0.0000000004104132    0.0000000004135543
915.0    0.0000000004108126    0.0000000004111760    0.0000000004137885    0.0000000004086412    0.0000000004117617
917.0    0.0000000004090576    0.0000000004094722    0.0000000004119886    0.0000000004068847    0.0000000004099857
919.0    0.0000000004073182    0.0000000004077165    0.0000000004102047    0.0000000004052191    0.0000000004082261
921.0    0.0000000004055937    0.0000000004059775    0.0000000004085098    0.0000000004034929    0.0000000004065548
923.0    0.0000000004039528    0.0000000004042546    0.0000000004068299    0.0000000004017814    0.0000000004048980
925.0    0.0000000004022577    0.0000000004026131    0.0000000004050918    0.0000000004001579    0.0000000004031846
927.0    0.0000000004005772    0.0000000004009857    0.0000000004033690    0.0000000003984747    0.0000000004014864
929.0    0.0000000003989108    0.0000000003993085    0.0000000004017318    0.0000000003968056    0.0000000003998033
931.0    0.0000000003972581    0.0000000003976460    0.0000000004001087    0.0000000003952217    0.0000000003982038
933.0    0.0000000003956191    0.0000000003959977    0.0000000003984287    0.0000000003936499    0.0000000003966176
935.0    0.0000000003939928    0.0000000003944260    0.0000000003967628    0.0000000003920192    0.0000000003949757
937.0    0.0000000003924437    0.0000000003928667    0.0000000003951787    0.0000000003904005    0.0000000003933472
939.0    0.0000000003908420    0.0000000003912578    0.0000000003936073    0.0000000003888635    0.0000000003917317
941.0    0.0000000003892518    0.0000000003896612    0.0000000003919799    0.0000000003872678    0.0000000003901951
943.0    0.0000000003876733    0.0000000003881373    0.0000000003903646    0.0000000003856828    0.0000000003886695
945.0    0.0000000003861051    0.0000000003866241    0.0000000003888279    0.0000000003841766    0.0000000003870886
947.0    0.0000000003846098    0.0000000003850607    0.0000000003873018    0.0000000003826119    0.0000000003855189
949.0    0.0000000003830618    0.0000000003835079    0.0000000003857200    0.0000000003810564    0.0000000003839594
951.0    0.0000000003815232    0.0000000003819647    0.0000000003841487    0.0000000003795772    0.0000000003824098
953.0    0.0000000003799934    0.0000000003804895    0.0000000003826520    0.0000000003780388    0.0000000003809337
955.0    0.0000000003784722    0.0000000003790225    0.0000000003811646    0.0000000003765086    0.0000000003794658
957.0    0.0000000003770192    0.0000000003775049    0.0000000003796208    0.0000000003750522    0.0000000003779422
959.0    0.0000000003755135    0.0000000003759949    0.0000000003780858    0.0000000003735362    0.0000000003764266
961.0    0.0000000003740144    0.0000000003744923    0.0000000003766221    0.0000000003720271    0.0000000003749183
963.0    0.0000000003725222    0.0000000003730533    0.0000000003751654    0.0000000003705894    0.0000000003734795
965.0    0.0000000003710361    0.0000000003716204    0.0000000003736526    0.0000000003690921    0.0000000003720465
967.0    0.0000000003695558    0.0000000003701358    0.0000000003721463    0.0000000003676001    0.0000000003705573
969.0    0.0000000003680808    0.0000000003686563    0.0000000003707086    0.0000000003661775    0.0000000003690734
971.0    0.0000000003666697    0.0000000003671818    0.0000000003692765    0.0000000003646951    0.0000000003675947
973.0    0.0000000003652042    0.0000000003657682    0.0000000003677873    0.0000000003632167    0.0000000003661824
975.0    0.0000000003637426    0.0000000003643584    0.0000000003663027    0.0000000003618062    0.0000000003647737
977.0    0.0000000003622853    0.0000000003628958    0.0000000003648846    0.0000000003603351    0.0000000003633080
979.0    0.0000000003608313    0.0000000003614365    0.0000000003634704    0.0000000003588673    0.0000000003618457
981.0    0.0000000003594383    0.0000000003599802    0.0000000003619986    0.0000000003574657    0.0000000003603867
983.0    0.0000000003579905    0.0000000003585825    0.0000000003605302    0.0000000003560667    0.0000000003589308
985.0    0.0000000003565451    0.0000000003571871    0.0000000003591260    0.0000000003546066    0.0000000003575380
987.0    0.0000000003551021    0.0000000003557378    0.0000000003577244    0.0000000003531482    0.0000000003561473
989.0    0.0000000003536612    0.0000000003542903    0.0000000003562646    0.0000000003517550    0.0000000003546983
991.0    0.0000000003522220    0.0000000003528445    0.0000000003548070    0.0000000003503002    0.0000000003532510
993.0    0.0000000003507845    0.0000000003514556    0.0000000003534120    0.0000000003488466    0.0000000003518054
995.0    0.0000000003494058    0.0000000003500680    0.0000000003520188    0.0000000003474576    0.0000000003504214
997.0    0.0000000003479707    0.0000000003486253    0.0000000003505665    0.0000000003460062    0.0000000003490383
999.0    0.0000000003465367    0.0000000003471837    0.0000000003491159    0.0000000003445557    0.0000000003475962
1001.0    0.0000000003451035    0.0000000003457427    0.0000000003477266    0.0000000003431690    0.0000000003461549
1003.0    0.0000000003436710    0.0000000003443575    0.0000000003463382    0.0000000003417200    0.0000000003447140
1005.0    0.0000000003422963    0.0000000003429727    0.0000000003448904    0.0000000003402710    0.0000000003433340
1007.0    0.0000000003408648    0.0000000003415326    0.0000000003434432    0.0000000003388850    0.0000000003419540
1009.0    0.0000000003394335    0.0000000003400926    0.0000000003420566    0.0000000003374361    0.0000000003405143
1011.0    0.0000000003380022    0.0000000003386525    0.0000000003406705    0.0000000003359880    0.0000000003390750
1013.0    0.0000000003365712    0.0000000003372678    0.0000000003392245    0.0000000003346020    0.0000000003376353
1015.0    0.0000000003351975    0.0000000003358829    0.0000000003377785    0.0000000003331534    0.0000000003361960
1017.0    0.0000000003337662    0.0000000003344422    0.0000000003363927    0.0000000003317050    0.0000000003348160
1019.0    0.0000000003323345    0.0000000003330013    0.0000000003350070    0.0000000003303180    0.0000000003334360
1021.0    0.0000000003309028    0.0000000003315598    0.0000000003335610    0.0000000003288689    0.0000000003319957
1023.0    0.0000000003294707    0.0000000003301735    0.0000000003321147    0.0000000003274188    0.0000000003305548
1025.0    0.0000000003280382    0.0000000003287868    0.0000000003307283    0.0000000003260315    0.0000000003291137
1027.0    0.0000000003266053    0.0000000003273439    0.0000000003293417    0.0000000003246437    0.0000000003277321
1029.0    0.0000000003252292    0.0000000003259000    0.0000000003278942    0.0000000003231924    0.0000000003263500
1031.0    0.0000000003237954    0.0000000003244558    0.0000000003264463    0.0000000003217405    0.0000000003249073
1033.0    0.0000000003223607    0.0000000003230667    0.0000000003250585    0.0000000003203510    0.0000000003234638
1035.0    0.0000000003209258    0.0000000003216768    0.0000000003236700    0.0000000003188980    0.0000000003220198
1037.0    0.0000000003194901    0.0000000003202305    0.0000000003222206    0.0000000003174442    0.0000000003206354
1039.0    0.0000000003181113    0.0000000003187837    0.0000000003207706    0.0000000003160533    0.0000000003192503
1041.0    0.0000000003166740    0.0000000003173359    0.0000000003193805    0.0000000003145982    0.0000000003178042
1043.0    0.0000000003152365    0.0000000003159432    0.0000000003179895    0.0000000003131425    0.0000000003163575
1045.0    0.0000000003137987    0.0000000003145498    0.0000000003165375    0.0000000003117496    0.0000000003149100
1047.0    0.0000000003123599    0.0000000003130998    0.0000000003150853    0.0000000003102928    0.0000000003134619
1049.0    0.0000000003109779    0.0000000003116492    0.0000000003136926    0.0000000003088352    0.0000000003120733
1051.0    0.0000000003095378    0.0000000003102535    0.0000000003122993    0.0000000003074405    0.0000000003106842
1053.0    0.0000000003080971    0.0000000003088573    0.0000000003108449    0.0000000003059819    0.0000000003092338
1055.0    0.0000000003066557    0.0000000003074044    0.0000000003093897    0.0000000003045226    0.0000000003077825
1057.0    0.0000000003052138    0.0000000003059508    0.0000000003079946    0.0000000003031260    0.0000000003063310
1059.0    0.0000000003037713    0.0000000003044965    0.0000000003065988    0.0000000003016655    0.0000000003049390
1061.0    0.0000000003023281    0.0000000003030973    0.0000000003051418    0.0000000003002050    0.0000000003035465
1063.0    0.0000000003009424    0.0000000003016980    0.0000000003037447    0.0000000002988075    0.0000000003020927
1065.0    0.0000000002994982    0.0000000003002413    0.0000000003023474    0.0000000002973459    0.0000000003006384
1067.0    0.0000000002980537    0.0000000002987845    0.0000000003008887    0.0000000002958838    0.0000000002991834
1069.0    0.0000000002966088    0.0000000002973268    0.0000000002994293    0.0000000002944853    0.0000000002977886
1071.0    0.0000000002951634    0.0000000002959249    0.0000000002980306    0.0000000002930863    0.0000000002963932
1073.0    0.0000000002937757    0.0000000002945224    0.0000000002966312    0.0000000002916236    0.0000000002949367
1075.0    0.0000000002923298    0.0000000002930634    0.0000000002951707    0.0000000002901608    0.0000000002934797
1077.0    0.0000000002908838    0.0000000002916039    0.0000000002937097    0.0000000002887616    0.0000000002920223
1079.0    0.0000000002894376    0.0000000002901442    0.0000000002923095    0.0000000002872988    0.0000000002905645
1081.0    0.0000000002879915    0.0000000002887402    0.0000000002909091    0.0000000002858363    0.0000000002891673
1083.0    0.0000000002866032    0.0000000002873360    0.0000000002894477    0.0000000002844375    0.0000000002877700
1085.0    0.0000000002851571    0.0000000002858756    0.0000000002879861    0.0000000002829755    0.0000000002863118
1087.0    0.0000000002837112    0.0000000002844150    0.0000000002865854    0.0000000002815140    0.0000000002848535
1089.0    0.0000000002822658    0.0000000002829545    0.0000000002851848    0.0000000002801161    0.0000000002833952
1091.0    0.0000000002808208    0.0000000002815502    0.0000000002837235    0.0000000002786560    0.0000000002819977
1093.0    0.0000000002793763    0.0000000002801462    0.0000000002822625    0.0000000002771965    0.0000000002806005
1095.0    0.0000000002779325    0.0000000002786863    0.0000000002808627    0.0000000002758013    0.0000000002791431
1097.0    0.0000000002765472    0.0000000002772268    0.0000000002794636    0.0000000002743438    0.0000000002776859
1099.0    0.0000000002751050    0.0000000002757680    0.0000000002780040    0.0000000002728876    0.0000000002762293
1101.0    0.0000000002736641    0.0000000002743659    0.0000000002765455    0.0000000002714960    0.0000000002748343
1103.0    0.0000000002722243    0.0000000002729647    0.0000000002751484    0.0000000002700429    0.0000000002734399
1105.0    0.0000000002707856    0.0000000002715081    0.0000000002737522    0.0000000002685914    0.0000000002719859
1107.0    0.0000000002694066    0.0000000002700532    0.0000000002722966    0.0000000002672050    0.0000000002705335
1109.0    0.0000000002679715    0.0000000002685994    0.0000000002708423    0.0000000002657576    0.0000000002690818
1111.0    0.0000000002665383    0.0000000002672029    0.0000000002694500    0.0000000002643127    0.0000000002676319
1113.0    0.0000000002651072    0.0000000002658082    0.0000000002680597    0.0000000002629331    0.0000000002662441
1115.0    0.0000000002636787    0.0000000002643594    0.0000000002666105    0.0000000002614935    0.0000000002648582
1117.0    0.0000000002622530    0.0000000002629128    0.0000000002651635    0.0000000002600569    0.0000000002634139
1119.0    0.0000000002608293    0.0000000002614690    0.0000000002637791    0.0000000002586859    0.0000000002619721
1121.0    0.0000000002594660    0.0000000002600824    0.0000000002623971    0.0000000002573182    0.0000000002605329
1123.0    0.0000000002580488    0.0000000002586990    0.0000000002609574    0.0000000002558920    0.0000000002591564
1125.0    0.0000000002566355    0.0000000002572633    0.0000000002595208    0.0000000002544700    0.0000000002577827
1127.0    0.0000000002552256    0.0000000002558310    0.0000000002581474    0.0000000002531138    0.0000000002563525
1129.0    0.0000000002538198    0.0000000002544022    0.0000000002567771    0.0000000002517006    0.0000000002549259
1131.0    0.0000000002524743    0.0000000002530321    0.0000000002553509    0.0000000002502920    0.0000000002535034
1133.0    0.0000000002510774    0.0000000002516662    0.0000000002539287    0.0000000002489497    0.0000000002520850
1135.0    0.0000000002496852    0.0000000002502498    0.0000000002525700    0.0000000002475520    0.0000000002507298
1137.0    0.0000000002482982    0.0000000002488383    0.0000000002512154    0.0000000002461597    0.0000000002493793
1139.0    0.0000000002469167    0.0000000002474321    0.0000000002498069    0.0000000002448339    0.0000000002479749
1141.0    0.0000000002455957    0.0000000002460852    0.0000000002484034    0.0000000002434540    0.0000000002465758
1143.0    0.0000000002442257    0.0000000002447435    0.0000000002470635    0.0000000002420805    0.0000000002451825
1145.0    0.0000000002428620    0.0000000002433545    0.0000000002457290    0.0000000002407736    0.0000000002438530
1147.0    0.0000000002415050    0.0000000002419716    0.0000000002443426    0.0000000002394144    0.0000000002425292
1149.0    0.0000000002401549    0.0000000002405960    0.0000000002429625    0.0000000002380626    0.0000000002411548
1151.0    0.0000000002388122    0.0000000002392798    0.0000000002416463    0.0000000002367772    0.0000000002397871
1153.0    0.0000000002374767    0.0000000002379705    0.0000000002403364    0.0000000002354415    0.0000000002384268
1155.0    0.0000000002362022    0.0000000002366167    0.0000000002389767    0.0000000002341141    0.0000000002371305
1157.0    0.0000000002348828    0.0000000002352712    0.0000000002376250    0.0000000002328523    0.0000000002358418
1159.0    0.0000000002335714    0.0000000002339342    0.0000000002363369    0.0000000002315425    0.0000000002345049
1161.0    0.0000000002322693    0.0000000002326567    0.0000000002350565    0.0000000002302419    0.0000000002331771
1163.0    0.0000000002309757    0.0000000002313883    0.0000000002337288    0.0000000002290069    0.0000000002318579
1165.0    0.0000000002297427    0.0000000002300780    0.0000000002324098    0.0000000002277811    0.0000000002305483
1167.0    0.0000000002284678    0.0000000002287778    0.0000000002311545    0.0000000002265093    0.0000000002293024
1169.0    0.0000000002272027    0.0000000002275369    0.0000000002299082    0.0000000002252476    0.0000000002280658
1171.0    0.0000000002259475    0.0000000002263062    0.0000000002286169    0.0000000002240510    0.0000000002267851
1173.0    0.0000000002247029    0.0000000002250365    0.0000000002273355    0.0000000002228108    0.0000000002255150
1175.0    0.0000000002234688    0.0000000002237777    0.0000000002261175    0.0000000002215812    0.0000000002242558
1177.0    0.0000000002222452    0.0000000002225302    0.0000000002249089    0.0000000002204157    0.0000000002230594
1179.0    0.0000000002210810    0.0000000002213417    0.0000000002236587    0.0000000002192087    0.0000000002218736
1181.0    0.0000000002198793    0.0000000002201641    0.0000000002224190    0.0000000002180128    0.0000000002206472
1183.0    0.0000000002186890    0.0000000002189512    0.0000000002212416    0.0000000002168802    0.0000000002194327
1185.0    0.0000000002175101    0.0000000002177504    0.0000000002200748    0.0000000002157078    0.0000000002182302
1187.0    0.0000000002163427    0.0000000002165618    0.0000000002188687    0.0000000002145472    0.0000000002170889
1189.0    0.0000000002152332    0.0000000002154307    0.0000000002176743    0.0000000002134482    0.0000000002159596
1191.0    0.0000000002140892    0.0000000002143115    0.0000000002165410    0.0000000002123113    0.0000000002147927
1193.0    0.0000000002129568    0.0000000002131604    0.0000000002154188    0.0000000002111867    0.0000000002136386
1195.0    0.0000000002118367    0.0000000002120215    0.0000000002142594    0.0000000002101225    0.0000000002124971
1197.0    0.0000000002107287    0.0000000002108959    0.0000000002131127    0.0000000002090220    0.0000000002113685
1199.0    0.0000000002096764    0.0000000002098258    0.0000000002120250    0.0000000002079335    0.0000000002102986
1201.0    0.0000000002085925    0.0000000002087679    0.0000000002109489    0.0000000002069042    0.0000000002092410
1203.0    0.0000000002075203    0.0000000002076805    0.0000000002098382    0.0000000002058400    0.0000000002081496
1205.0    0.0000000002064607    0.0000000002066061    0.0000000002087400    0.0000000002047879    0.0000000002070714
1207.0    0.0000000002054128    0.0000000002055446    0.0000000002076994    0.0000000002037932    0.0000000002060058
1209.0    0.0000000002043773    0.0000000002045364    0.0000000002066703    0.0000000002027649    0.0000000002049967
1211.0    0.0000000002033537    0.0000000002035400    0.0000000002056086    0.0000000002017486    0.0000000002039997
1213.0    0.0000000002023823    0.0000000002025165    0.0000000002045593    0.0000000002007877    0.0000000002029713
1215.0    0.0000000002013821    0.0000000002015056    0.0000000002035654    0.0000000001998375    0.0000000002019557
1217.0    0.0000000002003934    0.0000000002005072    0.0000000002025829    0.0000000001988559    0.0000000002009527
1219.0    0.0000000001994164    0.0000000001995590    0.0000000002015695    0.0000000001978854    0.0000000002000027
1221.0    0.0000000001984510    0.0000000001986222    0.0000000002005682    0.0000000001969677    0.0000000001990643
1223.0    0.0000000001975346    0.0000000001976598    0.0000000001996197    0.0000000001960193    0.0000000001980967
1225.0    0.0000000001965912    0.0000000001967092    0.0000000001986822    0.0000000001950820    0.0000000001971410
1227.0    0.0000000001956585    0.0000000001957706    0.0000000001977154    0.0000000001941954    0.0000000001961969
1229.0    0.0000000001947365    0.0000000001948784    0.0000000001967600    0.0000000001932786    0.0000000001952642
1231.0    0.0000000001938252    0.0000000001939968    0.0000000001958549    0.0000000001923723    0.0000000001943810
1233.0    0.0000000001929599    0.0000000001930909    0.0000000001949600    0.0000000001915147    0.0000000001935078
1235.0    0.0000000001920685    0.0000000001921955    0.0000000001940369    0.0000000001906281    0.0000000001926070
1237.0    0.0000000001911872    0.0000000001913105    0.0000000001931245    0.0000000001897505    0.0000000001917168
1239.0    0.0000000001903152    0.0000000001904693    0.0000000001922596    0.0000000001889203    0.0000000001908368
1241.0    0.0000000001894526    0.0000000001896371    0.0000000001914044    0.0000000001880612    0.0000000001900025
1243.0    0.0000000001885992    0.0000000001887811    0.0000000001905218    0.0000000001872106    0.0000000001891776
1245.0    0.0000000001877543    0.0000000001879342    0.0000000001896484    0.0000000001864053    0.0000000001883257
1247.0    0.0000000001869516    0.0000000001870964    0.0000000001888203    0.0000000001855714    0.0000000001874827
1249.0    0.0000000001861235    0.0000000001862989    0.0000000001880008    0.0000000001847453    0.0000000001866488
1251.0    0.0000000001853033    0.0000000001855094    0.0000000001871544    0.0000000001839625    0.0000000001858571
1253.0    0.0000000001844912    0.0000000001846960    0.0000000001863162    0.0000000001831516    0.0000000001850734
1255.0    0.0000000001836862    0.0000000001838903    0.0000000001855209    0.0000000001823475    0.0000000001842631
1257.0    0.0000000001829204    0.0000000001830922    0.0000000001847330    0.0000000001815851    0.0000000001834603
1259.0    0.0000000001821296    0.0000000001823315    0.0000000001839185    0.0000000001808289    0.0000000001826650
1261.0    0.0000000001813453    0.0000000001815772    0.0000000001831116    0.0000000001800443    0.0000000001818764
1263.0    0.0000000001805676    0.0000000001807990    0.0000000001823445    0.0000000001792662    0.0000000001811272
1265.0    0.0000000001797962    0.0000000001800272    0.0000000001815844    0.0000000001785272    0.0000000001803838
1267.0    0.0000000001790304    0.0000000001792613    0.0000000001807976    0.0000000001777604    0.0000000001796142
1269.0    0.0000000001782703    0.0000000001785302    0.0000000001800171    0.0000000001769990    0.0000000001788502
1271.0    0.0000000001775458    0.0000000001778043    0.0000000001792746    0.0000000001762753    0.0000000001780918
1273.0    0.0000000001767963    0.0000000001770544    0.0000000001785377    0.0000000001755237    0.0000000001773704
1275.0    0.0000000001760517    0.0000000001763093    0.0000000001777743    0.0000000001747766    0.0000000001766533
1277.0    0.0000000001753120    0.0000000001755690    0.0000000001770165    0.0000000001740665    0.0000000001759098
1279.0    0.0000000001745762    0.0000000001748612    0.0000000001762945    0.0000000001733280    0.0000000001751709
1281.0    0.0000000001738743    0.0000000001741575    0.0000000001755774    0.0000000001725938    0.0000000001744365
1283.0    0.0000000001731470    0.0000000001734293    0.0000000001748336    0.0000000001718951    0.0000000001737364
1285.0    0.0000000001724237    0.0000000001727050    0.0000000001740941    0.0000000001711682    0.0000000001730398
1287.0    0.0000000001717040    0.0000000001720118    0.0000000001733894    0.0000000001704447    0.0000000001723168
1289.0    0.0000000001709878    0.0000000001713221    0.0000000001726883    0.0000000001697559    0.0000000001715973
1291.0    0.0000000001703036    0.0000000001706075    0.0000000001719607    0.0000000001690388    0.0000000001708811
1293.0    0.0000000001695936    0.0000000001698959    0.0000000001712365    0.0000000001683250    0.0000000001701678
1295.0    0.0000000001688867    0.0000000001691873    0.0000000001705457    0.0000000001676445    0.0000000001694871
1297.0    0.0000000001681828    0.0000000001685086    0.0000000001698579    0.0000000001669360    0.0000000001688091
1299.0    0.0000000001674813    0.0000000001678320    0.0000000001691432    0.0000000001662298    0.0000000001681041
1301.0    0.0000000001667828    0.0000000001671308    0.0000000001684314    0.0000000001655568    0.0000000001674017
1303.0    0.0000000001660863    0.0000000001664318    0.0000000001677520    0.0000000001648555    0.0000000001667015
1305.0    0.0000000001654201    0.0000000001657348    0.0000000001670748    0.0000000001641562    0.0000000001660326
1307.0    0.0000000001647282    0.0000000001650668    0.0000000001663708    0.0000000001634894    0.0000000001653658
1309.0    0.0000000001640381    0.0000000001644004    0.0000000001656690    0.0000000001628244    0.0000000001646718
1311.0    0.0000000001633502    0.0000000001637092    0.0000000001649987    0.0000000001621310    0.0000000001639798
1313.0    0.0000000001626642    0.0000000001630194    0.0000000001643301    0.0000000001614394    0.0000000001632896
1315.0    0.0000000001620073    0.0000000001623315    0.0000000001636346    0.0000000001607795    0.0000000001626296
1317.0    0.0000000001613248    0.0000000001616715    0.0000000001629411    0.0000000001600914    0.0000000001619713
1319.0    0.0000000001606438    0.0000000001610128    0.0000000001622780    0.0000000001594048    0.0000000001612857
1321.0    0.0000000001599644    0.0000000001603291    0.0000000001616167    0.0000000001587495    0.0000000001606015
1323.0    0.0000000001592864    0.0000000001596468    0.0000000001609281    0.0000000001580659    0.0000000001599189
1325.0    0.0000000001586100    0.0000000001589657    0.0000000001602413    0.0000000001573838    0.0000000001592376
1327.0    0.0000000001579350    0.0000000001583120    0.0000000001595842    0.0000000001567325    0.0000000001585858
1329.0    0.0000000001572881    0.0000000001576594    0.0000000001589287    0.0000000001560529    0.0000000001579352
1331.0    0.0000000001566156    0.0000000001569818    0.0000000001582461    0.0000000001553750    0.0000000001572576
1333.0    0.0000000001559445    0.0000000001563051    0.0000000001575648    0.0000000001547275    0.0000000001565810
1335.0    0.0000000001552745    0.0000000001556302    0.0000000001569131    0.0000000001540518    0.0000000001559056
1337.0    0.0000000001546058    0.0000000001549817    0.0000000001562626    0.0000000001533775    0.0000000001552594
1339.0    0.0000000001539648    0.0000000001543343    0.0000000001555851    0.0000000001527335    0.0000000001546141
1341.0    0.0000000001532985    0.0000000001536620    0.0000000001549370    0.0000000001520616    0.0000000001539420
1343.0    0.0000000001526332    0.0000000001529906    0.0000000001542899    0.0000000001513909    0.0000000001532706
1345.0    0.0000000001519692    0.0000000001523204    0.0000000001536158    0.0000000001507505    0.0000000001526005
1347.0    0.0000000001513065    0.0000000001516769    0.0000000001529430    0.0000000001500822    0.0000000001519313
1349.0    0.0000000001506709    0.0000000001510344    0.0000000001522992    0.0000000001494151    0.0000000001512911
1351.0    0.0000000001500103    0.0000000001503672    0.0000000001516565    0.0000000001487784    0.0000000001506517
1353.0    0.0000000001493508    0.0000000001497008    0.0000000001509871    0.0000000001481426    0.0000000001499856
1355.0    0.0000000001486926    0.0000000001490357    0.0000000001503187    0.0000000001474793    0.0000000001493205
1357.0    0.0000000001480355    0.0000000001483970    0.0000000001496794    0.0000000001468173    0.0000000001486565
1359.0    0.0000000001473797    0.0000000001477592    0.0000000001490410    0.0000000001461855    0.0000000001480212
1361.0    0.0000000001467252    0.0000000001470974    0.0000000001483761    0.0000000001455261    0.0000000001473868
1363.0    0.0000000001460979    0.0000000001464364    0.0000000001477123    0.0000000001448683    0.0000000001467259
1365.0    0.0000000001454458    0.0000000001457766    0.0000000001470775    0.0000000001442400    0.0000000001460665
1367.0    0.0000000001447950    0.0000000001451434    0.0000000001464436    0.0000000001435851    0.0000000001454078
1369.0    0.0000000001441458    0.0000000001445112    0.0000000001457835    0.0000000001429317    0.0000000001447779
1371.0    0.0000000001434978    0.0000000001438551    0.0000000001451249    0.0000000001423081    0.0000000001441492
1373.0    0.0000000001428772    0.0000000001432000    0.0000000001444948    0.0000000001416576    0.0000000001434944
1375.0    0.0000000001422321    0.0000000001425465    0.0000000001438661    0.0000000001410090    0.0000000001428408
1377.0    0.0000000001415887    0.0000000001419194    0.0000000001432115    0.0000000001403901    0.0000000001421886
1379.0    0.0000000001409468    0.0000000001412940    0.0000000001425580    0.0000000001397450    0.0000000001415379
1381.0    0.0000000001403066    0.0000000001406443    0.0000000001419335    0.0000000001391015    0.0000000001409160
1383.0    0.0000000001396935    0.0000000001399965    0.0000000001413104    0.0000000001384881    0.0000000001402950
1385.0    0.0000000001390567    0.0000000001393504    0.0000000001406620    0.0000000001378485    0.0000000001396487
1387.0    0.0000000001384218    0.0000000001387306    0.0000000001400148    0.0000000001372110    0.0000000001390042
1389.0    0.0000000001377888    0.0000000001381126    0.0000000001393965    0.0000000001366033    0.0000000001383612
1391.0    0.0000000001371578    0.0000000001374716    0.0000000001387797    0.0000000001359698    0.0000000001377469
1393.0    0.0000000001365287    0.0000000001368325    0.0000000001381382    0.0000000001353390    0.0000000001371343
1395.0    0.0000000001359020    0.0000000001361953    0.0000000001374983    0.0000000001347378    0.0000000001364967
1397.0    0.0000000001353022    0.0000000001355847    0.0000000001368872    0.0000000001341387    0.0000000001358614
1399.0    0.0000000001346795    0.0000000001349760    0.0000000001362779    0.0000000001335149    0.0000000001352282
1401.0    0.0000000001340595    0.0000000001343451    0.0000000001356444    0.0000000001328936    0.0000000001346233
1403.0    0.0000000001334418    0.0000000001337165    0.0000000001350130    0.0000000001323021    0.0000000001340205
1405.0    0.0000000001328267    0.0000000001331143    0.0000000001344102    0.0000000001316863    0.0000000001333940
1407.0    0.0000000001322386    0.0000000001325145    0.0000000001338095    0.0000000001310734    0.0000000001327697
1409.0    0.0000000001316285    0.0000000001318934    0.0000000001331852    0.0000000001304900    0.0000000001321482
1411.0    0.0000000001310214    0.0000000001312748    0.0000000001325635    0.0000000001298828    0.0000000001315291
1413.0    0.0000000001304171    0.0000000001306590    0.0000000001319703    0.0000000001292790    0.0000000001309384
1415.0    0.0000000001298160    0.0000000001300696    0.0000000001313796    0.0000000001287043    0.0000000001303505
1417.0    0.0000000001292176    0.0000000001294831    0.0000000001307658    0.0000000001281069    0.0000000001297397
1419.0    0.0000000001286226    0.0000000001288761    0.0000000001301553    0.0000000001275129    0.0000000001291320
1421.0    0.0000000001280543    0.0000000001282724    0.0000000001295729    0.0000000001269481    0.0000000001285275
1423.0    0.0000000001274660    0.0000000001276720    0.0000000001289935    0.0000000001263611    0.0000000001279511
1425.0    0.0000000001268807    0.0000000001270977    0.0000000001283920    0.0000000001257779    0.0000000001273782
1427.0    0.0000000001262992    0.0000000001265268    0.0000000001277941    0.0000000001252236    0.0000000001267833
1429.0    0.0000000001257212    0.0000000001259365    0.0000000001272241    0.0000000001246482    0.0000000001261922
1431.0    0.0000000001251699    0.0000000001253502    0.0000000001266577    0.0000000001240763    0.0000000001256049
1433.0    0.0000000001245995    0.0000000001247678    0.0000000001260699    0.0000000001235334    0.0000000001250455
1435.0    0.0000000001240330    0.0000000001242114    0.0000000001254859    0.0000000001229699    0.0000000001244897
1437.0    0.0000000001234705    0.0000000001236588    0.0000000001249298    0.0000000001224104    0.0000000001239138
1439.0    0.0000000001229120    0.0000000001230882    0.0000000001243775    0.0000000001218794    0.0000000001233418
1441.0    0.0000000001223798    0.0000000001225218    0.0000000001238052    0.0000000001213288    0.0000000001227741
1443.0    0.0000000001218297    0.0000000001219600    0.0000000001232370    0.0000000001207825    0.0000000001222109
1445.0    0.0000000001212840    0.0000000001214237    0.0000000001226964    0.0000000001202644    0.0000000001216751
1447.0    0.0000000001207427    0.0000000001208919    0.0000000001221597    0.0000000001197507    0.0000000001211440
1449.0    0.0000000001202059    0.0000000001203434    0.0000000001216043    0.0000000001192182    0.0000000001205936
1451.0    0.0000000001196738    0.0000000001197998    0.0000000001210530    0.0000000001186904    0.0000000001200482
1453.0    0.0000000001191462    0.0000000001192609    0.0000000001205292    0.0000000001181901    0.0000000001195078
1455.0    0.0000000001186444    0.0000000001187477    0.0000000001200096    0.0000000001176720    0.0000000001189944
1457.0    0.0000000001181263    0.0000000001182388    0.0000000001194723    0.0000000001171589    0.0000000001184853
1459.0    0.0000000001176131    0.0000000001177145    0.0000000001189397    0.0000000001166730    0.0000000001179594
1461.0    0.0000000001171049    0.0000000001171958    0.0000000001184339    0.0000000001161697    0.0000000001174387
1463.0    0.0000000001166017    0.0000000001166822    0.0000000001179328    0.0000000001156714    0.0000000001169230
1465.0    0.0000000001161233    0.0000000001161932    0.0000000001174147    0.0000000001152000    0.0000000001164338
1467.0    0.0000000001156300    0.0000000001157094    0.0000000001169017    0.0000000001147122    0.0000000001159494
1469.0    0.0000000001151418    0.0000000001152114    0.0000000001164152    0.0000000001142295    0.0000000001154496
1471.0    0.0000000001146589    0.0000000001147192    0.0000000001159332    0.0000000001137729    0.0000000001149548
1473.0    0.0000000001141810    0.0000000001142323    0.0000000001154355    0.0000000001133007    0.0000000001144657
1475.0    0.0000000001137085    0.0000000001137693    0.0000000001149432    0.0000000001128336    0.0000000001139822
1477.0    0.0000000001132412    0.0000000001133118    0.0000000001144762    0.0000000001123921    0.0000000001135241
1479.0    0.0000000001127976    0.0000000001128412    0.0000000001140143    0.0000000001119356    0.0000000001130711
1481.0    0.0000000001123407    0.0000000001123765    0.0000000001135377    0.0000000001114842    0.0000000001126038
1483.0    0.0000000001118891    0.0000000001119173    0.0000000001130666    0.0000000001110578    0.0000000001121423
1485.0    0.0000000001114425    0.0000000001114812    0.0000000001126200    0.0000000001106172    0.0000000001116864
