9.0    0.0000000000000000    0.0000000000000000    0.0000000000000000    0.0000000000000000    0.0000000000000000
11.0    0.0000000000000000    0.0000000000000000    0.0000000000000000    0.0000000000000000    0.0000000000000000
13.0    0.0000000000000000    0.0000000000000000    0.0000000000000001    0.0000000000000000    0.0000000000000001
15.0    0.0000000000000001    0.0000000000000001    0.0000000000000002    0.0000000000000001    0.0000000000000002
17.0    0.0000000000000003    0.0000000000000002    0.0000000000000004    0.0000000000000002    0.0000000000000004
19.0    0.0000000000000006    0.0000000000000004    0.0000000000000008    0.0000000000000005    0.0000000000000009
21.0    0.0000000000000014    0.0000000000000009    0.0000000000000018    0.0000000000000012    0.0000000000000018
23.0    0.0000000000000027    0.0000000000000019    0.0000000000000034    0.0000000000000023    0.0000000000000035
25.0    0.0000000000000052    0.0000000000000038    0.0000000000000064    0.0000000000000046    0.0000000000000068
27.0    0.0000000000000097    0.0000000000000072    0.0000000000000120    0.0000000000000086    0.0000000000000127
29.0    0.0000000000000178    0.0000000000000130    0.0000000000000220    0.0000000000000156    0.0000000000000232
31.0    0.0000000000000320    0.0000000000000230    0.0000000000000385    0.0000000000000283    0.0000000000000416
33.0    0.0000000000000568    0.0000000000000412    0.0000000000000665    0.0000000000000507    0.0000000000000711
35.0    0.0000000000000990    0.0000000000000734    0.0000000000001151    0.0000000000000876    0.0000000000001199
37.0    0.0000000000001660    0.0000000000001294    0.0000000000001948    0.0000000000001530    0.0000000000002019
39.0    0.0000000000002788    0.0000000000002193    0.0000000000003143    0.0000000000002609    0.0000000000003313
41.0    0.0000000000004540    0.0000000000003647    0.0000000000004953    0.0000000000004244    0.0000000000005279
43.0    0.0000000000007181    0.0000000000005994    0.0000000000007701    0.0000000000006847    0.0000000000007997
45.0    0.0000000000010940    0.0000000000009498    0.0000000000011567    0.0000000000010619    0.0000000000011759
47.0    0.0000000000015841    0.0000000000014456    0.0000000000016504    0.0000000000015591    0.0000000000016964
49.0    0.0000000000022438    0.0000000000020786    0.0000000000022786    0.0000000000022045    0.0000000000023593
51.0    0.0000000000030535    0.0000000000028738    0.0000000000030741    0.0000000000030405    0.0000000000031630
53.0    0.0000000000039994    0.0000000000038537    0.0000000000039972    0.0000000000040194    0.0000000000040483
55.0    0.0000000000050411    0.0000000000049494    0.0000000000049700    0.0000000000050536    0.0000000000050176
57.0    0.0000000000060841    0.0000000000060966    0.0000000000059885    0.0000000000061776    0.0000000000060730
59.0    0.0000000000071569    0.0000000000071781    0.0000000000070500    0.0000000000072788    0.0000000000071248
61.0    0.0000000000081662    0.0000000000081739    0.0000000000080662    0.0000000000082550    0.0000000000081307
63.0    0.0000000000090798    0.0000000000090782    0.0000000000089736    0.0000000000091616    0.0000000000090674
65.0    0.0000000000099034    0.0000000000098462    0.0000000000098157    0.0000000000099594    0.0000000000099047
67.0    0.0000000000106759    0.0000000000105269    0.0000000000106575    0.0000000000106637    0.0000000000107131
69.0    0.0000000000114705    0.0000000000111859    0.0000000000115198    0.0000000000114241    0.0000000000115834
71.0    0.0000000000123379    0.0000000000119600    0.0000000000124333    0.0000000000123110    0.0000000000125525
73.0    0.0000000000134346    0.0000000000129980    0.0000000000134994    0.0000000000133727    0.0000000000136881
75.0    0.0000000000147800    0.0000000000143586    0.0000000000148182    0.0000000000147705    0.0000000000149719
77.0    0.0000000000163914    0.0000000000160666    0.0000000000163587    0.0000000000164654    0.0000000000164558
79.0    0.0000000000182158    0.0000000000179884    0.0000000000180073    0.0000000000183186    0.0000000000181726
81.0    0.0000000000200767    0.0000000000200759    0.0000000000197490    0.0000000000203789    0.0000000000199752
83.0    0.0000000000219860    0.0000000000222459    0.0000000000215445    0.0000000000223991    0.0000000000217388
85.0    0.0000000000237067    0.0000000000242094    0.0000000000231753    0.0000000000241189    0.0000000000232628
87.0    0.0000000000250732    0.0000000000257646    0.0000000000244546    0.0000000000255199    0.0000000000244953
89.0    0.0000000000259717    0.0000000000267309    0.0000000000253438    0.0000000000263936    0.0000000000253721
91.0    0.0000000000263180    0.0000000000270853    0.0000000000257956    0.0000000000266592    0.0000000000257639
93.0    0.0000000000261212    0.0000000000268119    0.0000000000257412    0.0000000000263744    0.0000000000256597
95.0    0.0000000000254655    0.0000000000259556    0.0000000000252535    0.0000000000255582    0.0000000000251049
97.0    0.0000000000244064    0.0000000000246618    0.0000000000244117    0.0000000000243536    0.0000000000242372
99.0    0.0000000000231123    0.0000000000231804    0.0000000000232815    0.0000000000229861    0.0000000000231465
101.0    0.0000000000217352    0.0000000000216436    0.0000000000220280    0.0000000000215060    0.0000000000219047
103.0    0.0000000000204188    0.0000000000201580    0.0000000000208334    0.0000000000201272    0.0000000000206822
105.0    0.0000000000193172    0.0000000000189187    0.0000000000197461    0.0000000000190138    0.0000000000195830
107.0    0.0000000000184064    0.0000000000180001    0.0000000000187953    0.0000000000181291    0.0000000000187076
109.0    0.0000000000177530    0.0000000000174292    0.0000000000180676    0.0000000000175343    0.0000000000180372
111.0    0.0000000000173429    0.0000000000171329    0.0000000000175749    0.0000000000172098    0.0000000000175443
113.0    0.0000000000171174    0.0000000000170340    0.0000000000172549    0.0000000000170579    0.0000000000172275
115.0    0.0000000000170120    0.0000000000170525    0.0000000000170478    0.0000000000170106    0.0000000000170307
117.0    0.0000000000169441    0.0000000000170891    0.0000000000169088    0.0000000000169861    0.0000000000168970
119.0    0.0000000000168541    0.0000000000170680    0.0000000000167836    0.0000000000169118    0.0000000000167653
121.0    0.0000000000166931    0.0000000000169320    0.0000000000166224    0.0000000000167426    0.0000000000165870
123.0    0.0000000000164384    0.0000000000166555    0.0000000000163881    0.0000000000164711    0.0000000000163404
125.0    0.0000000000160862    0.0000000000162453    0.0000000000160760    0.0000000000160785    0.0000000000160181
127.0    0.0000000000156569    0.0000000000157551    0.0000000000157114    0.0000000000156037    0.0000000000156301
129.0    0.0000000000152004    0.0000000000152135    0.0000000000153011    0.0000000000151084    0.0000000000152177
131.0    0.0000000000147159    0.0000000000146485    0.0000000000148537    0.0000000000145922    0.0000000000147920
133.0    0.0000000000142581    0.0000000000141307    0.0000000000144171    0.0000000000141178    0.0000000000143628
135.0    0.0000000000138576    0.0000000000136983    0.0000000000140341    0.0000000000137329    0.0000000000139745
137.0    0.0000000000135310    0.0000000000133821    0.0000000000137043    0.0000000000134193    0.0000000000136448
139.0    0.0000000000132935    0.0000000000131685    0.0000000000134248    0.0000000000131963    0.0000000000133902
141.0    0.0000000000131185    0.0000000000130396    0.0000000000132103    0.0000000000130582    0.0000000000131942
143.0    0.0000000000129996    0.0000000000129803    0.0000000000130558    0.0000000000129729    0.0000000000130396
145.0    0.0000000000129148    0.0000000000129564    0.0000000000129364    0.0000000000129130    0.0000000000129190
147.0    0.0000000000128382    0.0000000000129338    0.0000000000128288    0.0000000000128536    0.0000000000128117
149.0    0.0000000000127507    0.0000000000128826    0.0000000000127182    0.0000000000127732    0.0000000000127029
151.0    0.0000000000126267    0.0000000000127771    0.0000000000125933    0.0000000000126455    0.0000000000125729
153.0    0.0000000000124587    0.0000000000126057    0.0000000000124379    0.0000000000124640    0.0000000000124042
155.0    0.0000000000122420    0.0000000000123668    0.0000000000122380    0.0000000000122379    0.0000000000121969
157.0    0.0000000000119815    0.0000000000120820    0.0000000000119993    0.0000000000119540    0.0000000000119521
159.0    0.0000000000116862    0.0000000000117571    0.0000000000117399    0.0000000000116355    0.0000000000116765
161.0    0.0000000000113705    0.0000000000113975    0.0000000000114586    0.0000000000113136    0.0000000000113931
163.0    0.0000000000110617    0.0000000000110370    0.0000000000111539    0.0000000000109763    0.0000000000111015
165.0    0.0000000000107482    0.0000000000106948    0.0000000000108496    0.0000000000106536    0.0000000000108000
167.0    0.0000000000104537    0.0000000000103964    0.0000000000105684    0.0000000000103697    0.0000000000105113
169.0    0.0000000000101860    0.0000000000101362    0.0000000000103047    0.0000000000101054    0.0000000000102426
171.0    0.0000000000099472    0.0000000000099065    0.0000000000100519    0.0000000000098746    0.0000000000100068
173.0    0.0000000000097441    0.0000000000097144    0.0000000000098228    0.0000000000096825    0.0000000000097926
175.0    0.0000000000095546    0.0000000000095503    0.0000000000096228    0.0000000000095042    0.0000000000095885
177.0    0.0000000000093797    0.0000000000094076    0.0000000000094377    0.0000000000093388    0.0000000000093987
179.0    0.0000000000092111    0.0000000000092678    0.0000000000092536    0.0000000000091835    0.0000000000092165
181.0    0.0000000000090402    0.0000000000091141    0.0000000000090719    0.0000000000090148    0.0000000000090425
183.0    0.0000000000088599    0.0000000000089428    0.0000000000088941    0.0000000000088326    0.0000000000088636
185.0    0.0000000000086660    0.0000000000087483    0.0000000000087081    0.0000000000086414    0.0000000000086676
187.0    0.0000000000084648    0.0000000000085381    0.0000000000085027    0.0000000000084328    0.0000000000084596
189.0    0.0000000000082401    0.0000000000083069    0.0000000000082850    0.0000000000081976    0.0000000000082393
191.0    0.0000000000080032    0.0000000000080495    0.0000000000080661    0.0000000000079495    0.0000000000080087
193.0    0.0000000000077583    0.0000000000077822    0.0000000000078397    0.0000000000077053    0.0000000000077811
195.0    0.0000000000075110    0.0000000000075132    0.0000000000075995    0.0000000000074493    0.0000000000075509
197.0    0.0000000000072767    0.0000000000072605    0.0000000000073600    0.0000000000071988    0.0000000000073125
199.0    0.0000000000070408    0.0000000000070199    0.0000000000071352    0.0000000000069698    0.0000000000070803
201.0    0.0000000000068172    0.0000000000067872    0.0000000000069190    0.0000000000067453    0.0000000000068582
203.0    0.0000000000066087    0.0000000000065751    0.0000000000067051    0.0000000000065382    0.0000000000066572
205.0    0.0000000000064164    0.0000000000063843    0.0000000000065051    0.0000000000063573    0.0000000000064694
207.0    0.0000000000062469    0.0000000000062194    0.0000000000063271    0.0000000000061851    0.0000000000062876
209.0    0.0000000000060849    0.0000000000060705    0.0000000000061623    0.0000000000060279    0.0000000000061197
211.0    0.0000000000059354    0.0000000000059287    0.0000000000060029    0.0000000000058891    0.0000000000059641
213.0    0.0000000000057960    0.0000000000057963    0.0000000000058545    0.0000000000057532    0.0000000000058247
215.0    0.0000000000056641    0.0000000000056697    0.0000000000057207    0.0000000000056237    0.0000000000056931
217.0    0.0000000000055374    0.0000000000055507    0.0000000000055933    0.0000000000055036    0.0000000000055619
219.0    0.0000000000054141    0.0000000000054325    0.0000000000054654    0.0000000000053803    0.0000000000054353
221.0    0.0000000000052979    0.0000000000053095    0.0000000000053413    0.0000000000052584    0.0000000000053122
223.0    0.0000000000051786    0.0000000000051865    0.0000000000052251    0.0000000000051429    0.0000000000051919
225.0    0.0000000000050610    0.0000000000050642    0.0000000000051112    0.0000000000050237    0.0000000000050787
227.0    0.0000000000049456    0.0000000000049484    0.0000000000049947    0.0000000000049067    0.0000000000049680
229.0    0.0000000000048330    0.0000000000048357    0.0000000000048810    0.0000000000047979    0.0000000000048551
231.0    0.0000000000047282    0.0000000000047230    0.0000000000047749    0.0000000000046881    0.0000000000047456
233.0    0.0000000000046230    0.0000000000046159    0.0000000000046721    0.0000000000045828    0.0000000000046398
235.0    0.0000000000045221    0.0000000000045185    0.0000000000045686    0.0000000000044869    0.0000000000045421
237.0    0.0000000000044258    0.0000000000044266    0.0000000000044690    0.0000000000043953    0.0000000000044481
239.0    0.0000000000043335    0.0000000000043364    0.0000000000043773    0.0000000000043040    0.0000000000043538
241.0    0.0000000000042450    0.0000000000042505    0.0000000000042890    0.0000000000042164    0.0000000000042630
243.0    0.0000000000041595    0.0000000000041678    0.0000000000041998    0.0000000000041352    0.0000000000041752
245.0    0.0000000000040794    0.0000000000040900    0.0000000000041132    0.0000000000040523    0.0000000000040897
247.0    0.0000000000039974    0.0000000000040129    0.0000000000040321    0.0000000000039703    0.0000000000040093
249.0    0.0000000000039161    0.0000000000039324    0.0000000000039521    0.0000000000038922    0.0000000000039299
251.0    0.0000000000038349    0.0000000000038510    0.0000000000038695    0.0000000000038103    0.0000000000038476
253.0    0.0000000000037537    0.0000000000037684    0.0000000000037873    0.0000000000037279    0.0000000000037656
255.0    0.0000000000036756    0.0000000000036879    0.0000000000037088    0.0000000000036488    0.0000000000036839
257.0    0.0000000000035942    0.0000000000036066    0.0000000000036305    0.0000000000035659    0.0000000000036057
259.0    0.0000000000035130    0.0000000000035220    0.0000000000035492    0.0000000000034833    0.0000000000035279
261.0    0.0000000000034325    0.0000000000034381    0.0000000000034684    0.0000000000034051    0.0000000000034475
263.0    0.0000000000033531    0.0000000000033555    0.0000000000033920    0.0000000000033247    0.0000000000033681
265.0    0.0000000000032785    0.0000000000032781    0.0000000000033168    0.0000000000032462    0.0000000000032903
267.0    0.0000000000032027    0.0000000000032032    0.0000000000032400    0.0000000000031734    0.0000000000032174
269.0    0.0000000000031292    0.0000000000031283    0.0000000000031652    0.0000000000030999    0.0000000000031465
271.0    0.0000000000030583    0.0000000000030567    0.0000000000030956    0.0000000000030291    0.0000000000030748
273.0    0.0000000000029900    0.0000000000029882    0.0000000000030283    0.0000000000029640    0.0000000000030055
275.0    0.0000000000029243    0.0000000000029251    0.0000000000029604    0.0000000000028986    0.0000000000029387
277.0    0.0000000000028610    0.0000000000028646    0.0000000000028976    0.0000000000028357    0.0000000000028743
279.0    0.0000000000028023    0.0000000000028038    0.0000000000028370    0.0000000000027776    0.0000000000028146
281.0    0.0000000000027432    0.0000000000027450    0.0000000000027758    0.0000000000027213    0.0000000000027569
283.0    0.0000000000026858    0.0000000000026877    0.0000000000027166    0.0000000000026641    0.0000000000026985
285.0    0.0000000000026301    0.0000000000026339    0.0000000000026616    0.0000000000026084    0.0000000000026418
287.0    0.0000000000025758    0.0000000000025811    0.0000000000026081    0.0000000000025564    0.0000000000025867
289.0    0.0000000000025250    0.0000000000025272    0.0000000000025538    0.0000000000025034    0.0000000000025353
291.0    0.0000000000024734    0.0000000000024745    0.0000000000025010    0.0000000000024515    0.0000000000024852
293.0    0.0000000000024231    0.0000000000024230    0.0000000000024517    0.0000000000024033    0.0000000000024343
295.0    0.0000000000023741    0.0000000000023747    0.0000000000024037    0.0000000000023542    0.0000000000023848
297.0    0.0000000000023266    0.0000000000023278    0.0000000000023551    0.0000000000023066    0.0000000000023368
299.0    0.0000000000022824    0.0000000000022808    0.0000000000023079    0.0000000000022625    0.0000000000022923
301.0    0.0000000000022379    0.0000000000022355    0.0000000000022642    0.0000000000022182    0.0000000000022491
303.0    0.0000000000021951    0.0000000000021921    0.0000000000022219    0.0000000000021755    0.0000000000022056
305.0    0.0000000000021538    0.0000000000021521    0.0000000000021793    0.0000000000021362    0.0000000000021638
307.0    0.0000000000021142    0.0000000000021139    0.0000000000021383    0.0000000000020968    0.0000000000021235
309.0    0.0000000000020761    0.0000000000020758    0.0000000000021004    0.0000000000020590    0.0000000000020847
311.0    0.0000000000020394    0.0000000000020393    0.0000000000020639    0.0000000000020242    0.0000000000020489
313.0    0.0000000000020055    0.0000000000020042    0.0000000000020272    0.0000000000019892    0.0000000000020144
315.0    0.0000000000019714    0.0000000000019716    0.0000000000019918    0.0000000000019554    0.0000000000019797
317.0    0.0000000000019384    0.0000000000019400    0.0000000000019591    0.0000000000019240    0.0000000000019460
319.0    0.0000000000019065    0.0000000000019081    0.0000000000019274    0.0000000000018922    0.0000000000019135
321.0    0.0000000000018754    0.0000000000018771    0.0000000000018952    0.0000000000018613    0.0000000000018832
323.0    0.0000000000018464    0.0000000000018467    0.0000000000018640    0.0000000000018324    0.0000000000018537
325.0    0.0000000000018168    0.0000000000018182    0.0000000000018349    0.0000000000018029    0.0000000000018237
327.0    0.0000000000017880    0.0000000000017903    0.0000000000018064    0.0000000000017740    0.0000000000017944
329.0    0.0000000000017598    0.0000000000017618    0.0000000000017774    0.0000000000017470    0.0000000000017658
331.0    0.0000000000017321    0.0000000000017339    0.0000000000017491    0.0000000000017205    0.0000000000017390
333.0    0.0000000000017050    0.0000000000017067    0.0000000000017225    0.0000000000016934    0.0000000000017127
335.0    0.0000000000016785    0.0000000000016810    0.0000000000016964    0.0000000000016667    0.0000000000016858
337.0    0.0000000000016535    0.0000000000016558    0.0000000000016697    0.0000000000016418    0.0000000000016594
339.0    0.0000000000016279    0.0000000000016302    0.0000000000016435    0.0000000000016161    0.0000000000016335
341.0    0.0000000000016028    0.0000000000016050    0.0000000000016188    0.0000000000015909    0.0000000000016080
343.0    0.0000000000015780    0.0000000000015803    0.0000000000015945    0.0000000000015672    0.0000000000015840
345.0    0.0000000000015537    0.0000000000015568    0.0000000000015696    0.0000000000015427    0.0000000000015604
347.0    0.0000000000015306    0.0000000000015337    0.0000000000015450    0.0000000000015186    0.0000000000015360
349.0    0.0000000000015069    0.0000000000015099    0.0000000000015218    0.0000000000014958    0.0000000000015120
351.0    0.0000000000014834    0.0000000000014864    0.0000000000014989    0.0000000000014722    0.0000000000014883
353.0    0.0000000000014602    0.0000000000014639    0.0000000000014752    0.0000000000014488    0.0000000000014658
355.0    0.0000000000014371    0.0000000000014416    0.0000000000014517    0.0000000000014267    0.0000000000014435
357.0    0.0000000000014152    0.0000000000014186    0.0000000000014295    0.0000000000014037    0.0000000000014204
359.0    0.0000000000013926    0.0000000000013957    0.0000000000014074    0.0000000000013809    0.0000000000013976
361.0    0.0000000000013701    0.0000000000013730    0.0000000000013846    0.0000000000013592    0.0000000000013749
363.0    0.0000000000013478    0.0000000000013513    0.0000000000013620    0.0000000000013367    0.0000000000013533
365.0    0.0000000000013257    0.0000000000013298    0.0000000000013404    0.0000000000013144    0.0000000000013319
367.0    0.0000000000013038    0.0000000000013076    0.0000000000013191    0.0000000000012933    0.0000000000013098
369.0    0.0000000000012820    0.0000000000012856    0.0000000000012970    0.0000000000012713    0.0000000000012879
371.0    0.0000000000012613    0.0000000000012638    0.0000000000012751    0.0000000000012496    0.0000000000012661
373.0    0.0000000000012400    0.0000000000012430    0.0000000000012543    0.0000000000012290    0.0000000000012446
375.0    0.0000000000012188    0.0000000000012225    0.0000000000012337    0.0000000000012086    0.0000000000012241
377.0    0.0000000000011978    0.0000000000012013    0.0000000000012123    0.0000000000011875    0.0000000000012038
379.0    0.0000000000011770    0.0000000000011803    0.0000000000011912    0.0000000000011666    0.0000000000011828
381.0    0.0000000000011572    0.0000000000011596    0.0000000000011711    0.0000000000011467    0.0000000000011620
383.0    0.0000000000011368    0.0000000000011398    0.0000000000011512    0.0000000000011262    0.0000000000011414
385.0    0.0000000000011166    0.0000000000011201    0.0000000000011307    0.0000000000011058    0.0000000000011218
387.0    0.0000000000010966    0.0000000000010999    0.0000000000011103    0.0000000000010865    0.0000000000011024
389.0    0.0000000000010767    0.0000000000010798    0.0000000000010910    0.0000000000010665    0.0000000000010824
391.0    0.0000000000010571    0.0000000000010599    0.0000000000010718    0.0000000000010467    0.0000000000010625
393.0    0.0000000000010376    0.0000000000010409    0.0000000000010520    0.0000000000010280    0.0000000000010428
395.0    0.0000000000010191    0.0000000000010221    0.0000000000010324    0.0000000000010085    0.0000000000010242
397.0    0.0000000000010000    0.0000000000010027    0.0000000000010138    0.0000000000009893    0.0000000000010057
399.0    0.0000000000009811    0.0000000000009835    0.0000000000009954    0.0000000000009712    0.0000000000009866
401.0    0.0000000000009624    0.0000000000009645    0.0000000000009764    0.0000000000009524    0.0000000000009678
403.0    0.0000000000009440    0.0000000000009464    0.0000000000009577    0.0000000000009339    0.0000000000009492
405.0    0.0000000000009266    0.0000000000009286    0.0000000000009400    0.0000000000009165    0.0000000000009308
407.0    0.0000000000009087    0.0000000000009103    0.0000000000009225    0.0000000000008985    0.0000000000009135
409.0    0.0000000000008911    0.0000000000008923    0.0000000000009046    0.0000000000008809    0.0000000000008964
411.0    0.0000000000008739    0.0000000000008746    0.0000000000008870    0.0000000000008643    0.0000000000008789
413.0    0.0000000000008570    0.0000000000008579    0.0000000000008704    0.0000000000008474    0.0000000000008618
415.0    0.0000000000008411    0.0000000000008415    0.0000000000008542    0.0000000000008309    0.0000000000008450
417.0    0.0000000000008250    0.0000000000008248    0.0000000000008377    0.0000000000008155    0.0000000000008294
419.0    0.0000000000008093    0.0000000000008085    0.0000000000008217    0.0000000000007999    0.0000000000008141
421.0    0.0000000000007941    0.0000000000007927    0.0000000000008067    0.0000000000007848    0.0000000000007986
423.0    0.0000000000007795    0.0000000000007779    0.0000000000007922    0.0000000000007709    0.0000000000007837
425.0    0.0000000000007654    0.0000000000007636    0.0000000000007777    0.0000000000007575    0.0000000000007693
427.0    0.0000000000007519    0.0000000000007493    0.0000000000007638    0.0000000000007442    0.0000000000007556
429.0    0.0000000000007397    0.0000000000007357    0.0000000000007511    0.0000000000007317    0.0000000000007430
431.0    0.0000000000007277    0.0000000000007228    0.0000000000007390    0.0000000000007205    0.0000000000007312
433.0    0.0000000000007165    0.0000000000007111    0.0000000000007272    0.0000000000007096    0.0000000000007197
435.0    0.0000000000007062    0.0000000000007001    0.0000000000007163    0.0000000000006996    0.0000000000007090
437.0    0.0000000000006968    0.0000000000006897    0.0000000000007067    0.0000000000006911    0.0000000000006992
439.0    0.0000000000006888    0.0000000000006803    0.0000000000006980    0.0000000000006832    0.0000000000006909
441.0    0.0000000000006815    0.0000000000006720    0.0000000000006900    0.0000000000006765    0.0000000000006835
443.0    0.0000000000006754    0.0000000000006651    0.0000000000006832    0.0000000000006713    0.0000000000006770
445.0    0.0000000000006706    0.0000000000006594    0.0000000000006777    0.0000000000006671    0.0000000000006717
447.0    0.0000000000006671    0.0000000000006547    0.0000000000006735    0.0000000000006644    0.0000000000006678
449.0    0.0000000000006651    0.0000000000006516    0.0000000000006704    0.0000000000006631    0.0000000000006653
451.0    0.0000000000006644    0.0000000000006499    0.0000000000006687    0.0000000000006633    0.0000000000006642
453.0    0.0000000000006652    0.0000000000006498    0.0000000000006685    0.0000000000006651    0.0000000000006645
455.0    0.0000000000006676    0.0000000000006513    0.0000000000006697    0.0000000000006683    0.0000000000006664
457.0    0.0000000000006716    0.0000000000006545    0.0000000000006725    0.0000000000006734    0.0000000000006700
459.0    0.0000000000006773    0.0000000000006595    0.0000000000006770    0.0000000000006802    0.0000000000006752
461.0    0.0000000000006846    0.0000000000006664    0.0000000000006828    0.0000000000006883    0.0000000000006818
463.0    0.0000000000006932    0.0000000000006747    0.0000000000006901    0.0000000000006985    0.0000000000006899
465.0    0.0000000000007039    0.0000000000006848    0.0000000000006995    0.0000000000007104    0.0000000000007001
467.0    0.0000000000007162    0.0000000000006971    0.0000000000007105    0.0000000000007233    0.0000000000007120
469.0    0.0000000000007301    0.0000000000007112    0.0000000000007226    0.0000000000007378    0.0000000000007256
471.0    0.0000000000007456    0.0000000000007265    0.0000000000007362    0.0000000000007545    0.0000000000007401
473.0    0.0000000000007620    0.0000000000007434    0.0000000000007519    0.0000000000007728    0.0000000000007561
475.0    0.0000000000007804    0.0000000000007626    0.0000000000007691    0.0000000000007915    0.0000000000007742
477.0    0.0000000000008002    0.0000000000007834    0.0000000000007869    0.0000000000008125    0.0000000000007938
479.0    0.0000000000008212    0.0000000000008056    0.0000000000008059    0.0000000000008346    0.0000000000008146
481.0    0.0000000000008433    0.0000000000008282    0.0000000000008270    0.0000000000008567    0.0000000000008357
483.0    0.0000000000008664    0.0000000000008519    0.0000000000008491    0.0000000000008808    0.0000000000008577
485.0    0.0000000000008903    0.0000000000008775    0.0000000000008712    0.0000000000009056    0.0000000000008816
487.0    0.0000000000009139    0.0000000000009038    0.0000000000008940    0.0000000000009298    0.0000000000009062
489.0    0.0000000000009390    0.0000000000009308    0.0000000000009185    0.0000000000009556    0.0000000000009313
491.0    0.0000000000009644    0.0000000000009572    0.0000000000009434    0.0000000000009816    0.0000000000009569
493.0    0.0000000000009899    0.0000000000009837    0.0000000000009676    0.0000000000010065    0.0000000000009816
495.0    0.0000000000010155    0.0000000000010113    0.0000000000009919    0.0000000000010324    0.0000000000010063
497.0    0.0000000000010398    0.0000000000010388    0.0000000000010172    0.0000000000010579    0.0000000000010320
499.0    0.0000000000010648    0.0000000000010658    0.0000000000010423    0.0000000000010820    0.0000000000010574
501.0    0.0000000000010893    0.0000000000010913    0.0000000000010661    0.0000000000011064    0.0000000000010823
503.0    0.0000000000011131    0.0000000000011160    0.0000000000010894    0.0000000000011301    0.0000000000011056
505.0    0.0000000000011362    0.0000000000011409    0.0000000000011130    0.0000000000011519    0.0000000000011281
507.0    0.0000000000011574    0.0000000000011647    0.0000000000011358    0.0000000000011736    0.0000000000011508
509.0    0.0000000000011784    0.0000000000011872    0.0000000000011568    0.0000000000011941    0.0000000000011723
511.0    0.0000000000011983    0.0000000000012077    0.0000000000011767    0.0000000000012125    0.0000000000011928
513.0    0.0000000000012168    0.0000000000012268    0.0000000000011965    0.0000000000012297    0.0000000000012112
515.0    0.0000000000012341    0.0000000000012452    0.0000000000012149    0.0000000000012462    0.0000000000012283
517.0    0.0000000000012499    0.0000000000012620    0.0000000000012314    0.0000000000012613    0.0000000000012449
519.0    0.0000000000012643    0.0000000000012772    0.0000000000012465    0.0000000000012743    0.0000000000012599
521.0    0.0000000000012768    0.0000000000012903    0.0000000000012609    0.0000000000012863    0.0000000000012735
523.0    0.0000000000012882    0.0000000000013018    0.0000000000012738    0.0000000000012969    0.0000000000012855
525.0    0.0000000000012982    0.0000000000013121    0.0000000000012848    0.0000000000013055    0.0000000000012956
527.0    0.0000000000013066    0.0000000000013208    0.0000000000012944    0.0000000000013129    0.0000000000013043
529.0    0.0000000000013136    0.0000000000013278    0.0000000000013029    0.0000000000013189    0.0000000000013119
531.0    0.0000000000013190    0.0000000000013331    0.0000000000013100    0.0000000000013233    0.0000000000013180
533.0    0.0000000000013231    0.0000000000013370    0.0000000000013154    0.0000000000013264    0.0000000000013227
535.0    0.0000000000013259    0.0000000000013395    0.0000000000013195    0.0000000000013282    0.0000000000013258
537.0    0.0000000000013274    0.0000000000013407    0.0000000000013224    0.0000000000013287    0.0000000000013277
539.0    0.0000000000013276    0.0000000000013405    0.0000000000013240    0.0000000000013280    0.0000000000013283
541.0    0.0000000000013266    0.0000000000013392    0.0000000000013243    0.0000000000013261    0.0000000000013278
543.0    0.0000000000013246    0.0000000000013367    0.0000000000013235    0.0000000000013233    0.0000000000013261
545.0    0.0000000000013216    0.0000000000013330    0.0000000000013216    0.0000000000013193    0.0000000000013234
547.0    0.0000000000013175    0.0000000000013283    0.0000000000013188    0.0000000000013144    0.0000000000013197
549.0    0.0000000000013125    0.0000000000013227    0.0000000000013150    0.0000000000013089    0.0000000000013150
551.0    0.0000000000013066    0.0000000000013165    0.0000000000013101    0.0000000000013024    0.0000000000013094
553.0    0.0000000000013000    0.0000000000013095    0.0000000000013044    0.0000000000012951    0.0000000000013030
555.0    0.0000000000012930    0.0000000000013016    0.0000000000012982    0.0000000000012875    0.0000000000012958
557.0    0.0000000000012851    0.0000000000012930    0.0000000000012914    0.0000000000012790    0.0000000000012884
559.0    0.0000000000012766    0.0000000000012839    0.0000000000012836    0.0000000000012700    0.0000000000012803
561.0    0.0000000000012676    0.0000000000012747    0.0000000000012752    0.0000000000012609    0.0000000000012714
563.0    0.0000000000012582    0.0000000000012650    0.0000000000012667    0.0000000000012515    0.0000000000012621
565.0    0.0000000000012488    0.0000000000012546    0.0000000000012577    0.0000000000012413    0.0000000000012523
567.0    0.0000000000012387    0.0000000000012440    0.0000000000012480    0.0000000000012308    0.0000000000012426
569.0    0.0000000000012283    0.0000000000012330    0.0000000000012379    0.0000000000012206    0.0000000000012327
571.0    0.0000000000012178    0.0000000000012223    0.0000000000012280    0.0000000000012097    0.0000000000012221
573.0    0.0000000000012070    0.0000000000012115    0.0000000000012179    0.0000000000011986    0.0000000000012112
575.0    0.0000000000011961    0.0000000000012001    0.0000000000012071    0.0000000000011880    0.0000000000012003
577.0    0.0000000000011851    0.0000000000011887    0.0000000000011962    0.0000000000011767    0.0000000000011897
579.0    0.0000000000011744    0.0000000000011772    0.0000000000011856    0.0000000000011655    0.0000000000011790
581.0    0.0000000000011633    0.0000000000011661    0.0000000000011750    0.0000000000011547    0.0000000000011678
583.0    0.0000000000011522    0.0000000000011551    0.0000000000011639    0.0000000000011435    0.0000000000011565
585.0    0.0000000000011411    0.0000000000011437    0.0000000000011527    0.0000000000011323    0.0000000000011453
587.0    0.0000000000011300    0.0000000000011323    0.0000000000011420    0.0000000000011216    0.0000000000011342
589.0    0.0000000000011195    0.0000000000011215    0.0000000000011313    0.0000000000011105    0.0000000000011235
591.0    0.0000000000011085    0.0000000000011107    0.0000000000011202    0.0000000000010995    0.0000000000011129
593.0    0.0000000000010977    0.0000000000010996    0.0000000000011092    0.0000000000010891    0.0000000000011019
595.0    0.0000000000010869    0.0000000000010887    0.0000000000010988    0.0000000000010783    0.0000000000010911
597.0    0.0000000000010763    0.0000000000010778    0.0000000000010884    0.0000000000010676    0.0000000000010803
599.0    0.0000000000010662    0.0000000000010675    0.0000000000010776    0.0000000000010575    0.0000000000010701
601.0    0.0000000000010558    0.0000000000010574    0.0000000000010670    0.0000000000010470    0.0000000000010600
603.0    0.0000000000010455    0.0000000000010469    0.0000000000010569    0.0000000000010367    0.0000000000010496
605.0    0.0000000000010353    0.0000000000010367    0.0000000000010469    0.0000000000010270    0.0000000000010393
607.0    0.0000000000010253    0.0000000000010265    0.0000000000010366    0.0000000000010174    0.0000000000010291
609.0    0.0000000000010154    0.0000000000010169    0.0000000000010265    0.0000000000010074    0.0000000000010195
611.0    0.0000000000010056    0.0000000000010074    0.0000000000010169    0.0000000000009976    0.0000000000010100
613.0    0.0000000000009963    0.0000000000009976    0.0000000000010074    0.0000000000009884    0.0000000000010002
615.0    0.0000000000009867    0.0000000000009880    0.0000000000009976    0.0000000000009788    0.0000000000009905
617.0    0.0000000000009773    0.0000000000009785    0.0000000000009879    0.0000000000009694    0.0000000000009810
619.0    0.0000000000009680    0.0000000000009695    0.0000000000009788    0.0000000000009605    0.0000000000009716
621.0    0.0000000000009588    0.0000000000009606    0.0000000000009697    0.0000000000009513    0.0000000000009627
623.0    0.0000000000009501    0.0000000000009514    0.0000000000009604    0.0000000000009422    0.0000000000009538
625.0    0.0000000000009411    0.0000000000009424    0.0000000000009512    0.0000000000009336    0.0000000000009448
627.0    0.0000000000009322    0.0000000000009335    0.0000000000009425    0.0000000000009247    0.0000000000009358
629.0    0.0000000000009234    0.0000000000009250    0.0000000000009339    0.0000000000009159    0.0000000000009269
631.0    0.0000000000009148    0.0000000000009166    0.0000000000009250    0.0000000000009075    0.0000000000009185
633.0    0.0000000000009062    0.0000000000009080    0.0000000000009162    0.0000000000008989    0.0000000000009102
635.0    0.0000000000008977    0.0000000000008994    0.0000000000009078    0.0000000000008904    0.0000000000009016
637.0    0.0000000000008896    0.0000000000008909    0.0000000000008996    0.0000000000008823    0.0000000000008930
639.0    0.0000000000008812    0.0000000000008829    0.0000000000008910    0.0000000000008739    0.0000000000008846
641.0    0.0000000000008730    0.0000000000008749    0.0000000000008826    0.0000000000008656    0.0000000000008763
643.0    0.0000000000008648    0.0000000000008666    0.0000000000008745    0.0000000000008577    0.0000000000008683
645.0    0.0000000000008566    0.0000000000008584    0.0000000000008666    0.0000000000008496    0.0000000000008604
647.0    0.0000000000008489    0.0000000000008503    0.0000000000008583    0.0000000000008415    0.0000000000008523
649.0    0.0000000000008409    0.0000000000008426    0.0000000000008502    0.0000000000008338    0.0000000000008442
651.0    0.0000000000008330    0.0000000000008349    0.0000000000008424    0.0000000000008258    0.0000000000008362
653.0    0.0000000000008251    0.0000000000008269    0.0000000000008347    0.0000000000008179    0.0000000000008286
655.0    0.0000000000008173    0.0000000000008191    0.0000000000008267    0.0000000000008104    0.0000000000008210
657.0    0.0000000000008098    0.0000000000008112    0.0000000000008188    0.0000000000008029    0.0000000000008132
659.0    0.0000000000008021    0.0000000000008038    0.0000000000008113    0.0000000000007952    0.0000000000008054
661.0    0.0000000000007944    0.0000000000007963    0.0000000000008038    0.0000000000007875    0.0000000000007976
663.0    0.0000000000007868    0.0000000000007887    0.0000000000007960    0.0000000000007801    0.0000000000007903
665.0    0.0000000000007793    0.0000000000007810    0.0000000000007883    0.0000000000007725    0.0000000000007829
667.0    0.0000000000007717    0.0000000000007734    0.0000000000007810    0.0000000000007650    0.0000000000007753
669.0    0.0000000000007643    0.0000000000007662    0.0000000000007737    0.0000000000007578    0.0000000000007678
671.0    0.0000000000007572    0.0000000000007590    0.0000000000007662    0.0000000000007503    0.0000000000007603
673.0    0.0000000000007498    0.0000000000007515    0.0000000000007587    0.0000000000007429    0.0000000000007529
675.0    0.0000000000007425    0.0000000000007441    0.0000000000007515    0.0000000000007359    0.0000000000007458
677.0    0.0000000000007352    0.0000000000007368    0.0000000000007444    0.0000000000007286    0.0000000000007387
679.0    0.0000000000007280    0.0000000000007298    0.0000000000007371    0.0000000000007213    0.0000000000007314
681.0    0.0000000000007211    0.0000000000007228    0.0000000000007298    0.0000000000007145    0.0000000000007242
683.0    0.0000000000007140    0.0000000000007156    0.0000000000007228    0.0000000000007073    0.0000000000007170
685.0    0.0000000000007069    0.0000000000007084    0.0000000000007159    0.0000000000007002    0.0000000000007101
687.0    0.0000000000006999    0.0000000000007013    0.0000000000007087    0.0000000000006934    0.0000000000007033
689.0    0.0000000000006929    0.0000000000006945    0.0000000000007016    0.0000000000006864    0.0000000000006963
691.0    0.0000000000006860    0.0000000000006878    0.0000000000006949    0.0000000000006795    0.0000000000006893
693.0    0.0000000000006792    0.0000000000006808    0.0000000000006882    0.0000000000006729    0.0000000000006823
695.0    0.0000000000006726    0.0000000000006739    0.0000000000006812    0.0000000000006661    0.0000000000006757
697.0    0.0000000000006659    0.0000000000006671    0.0000000000006743    0.0000000000006593    0.0000000000006692
699.0    0.0000000000006592    0.0000000000006605    0.0000000000006678    0.0000000000006529    0.0000000000006624
701.0    0.0000000000006525    0.0000000000006540    0.0000000000006613    0.0000000000006465    0.0000000000006556
703.0    0.0000000000006459    0.0000000000006474    0.0000000000006545    0.0000000000006399    0.0000000000006490
705.0    0.0000000000006397    0.0000000000006407    0.0000000000006479    0.0000000000006334    0.0000000000006424
707.0    0.0000000000006332    0.0000000000006344    0.0000000000006415    0.0000000000006272    0.0000000000006361
709.0    0.0000000000006268    0.0000000000006282    0.0000000000006353    0.0000000000006208    0.0000000000006299
711.0    0.0000000000006205    0.0000000000006217    0.0000000000006288    0.0000000000006144    0.0000000000006234
713.0    0.0000000000006142    0.0000000000006154    0.0000000000006224    0.0000000000006084    0.0000000000006171
715.0    0.0000000000006083    0.0000000000006091    0.0000000000006163    0.0000000000006022    0.0000000000006108
717.0    0.0000000000006021    0.0000000000006031    0.0000000000006103    0.0000000000005961    0.0000000000006048
719.0    0.0000000000005961    0.0000000000005972    0.0000000000006040    0.0000000000005903    0.0000000000005989
721.0    0.0000000000005901    0.0000000000005911    0.0000000000005979    0.0000000000005843    0.0000000000005928
723.0    0.0000000000005841    0.0000000000005850    0.0000000000005921    0.0000000000005784    0.0000000000005868
725.0    0.0000000000005783    0.0000000000005791    0.0000000000005863    0.0000000000005728    0.0000000000005809
727.0    0.0000000000005725    0.0000000000005735    0.0000000000005804    0.0000000000005670    0.0000000000005753
729.0    0.0000000000005670    0.0000000000005679    0.0000000000005745    0.0000000000005613    0.0000000000005697
731.0    0.0000000000005614    0.0000000000005622    0.0000000000005690    0.0000000000005559    0.0000000000005640
733.0    0.0000000000005559    0.0000000000005565    0.0000000000005635    0.0000000000005504    0.0000000000005584
735.0    0.0000000000005504    0.0000000000005510    0.0000000000005578    0.0000000000005449    0.0000000000005528
737.0    0.0000000000005450    0.0000000000005457    0.0000000000005523    0.0000000000005398    0.0000000000005473
739.0    0.0000000000005398    0.0000000000005405    0.0000000000005470    0.0000000000005344    0.0000000000005421
741.0    0.0000000000005346    0.0000000000005352    0.0000000000005418    0.0000000000005292    0.0000000000005370
743.0    0.0000000000005294    0.0000000000005299    0.0000000000005365    0.0000000000005243    0.0000000000005317
745.0    0.0000000000005243    0.0000000000005248    0.0000000000005312    0.0000000000005192    0.0000000000005266
747.0    0.0000000000005193    0.0000000000005199    0.0000000000005262    0.0000000000005142    0.0000000000005215
749.0    0.0000000000005145    0.0000000000005150    0.0000000000005214    0.0000000000005094    0.0000000000005166
751.0    0.0000000000005096    0.0000000000005101    0.0000000000005163    0.0000000000005048    0.0000000000005119
753.0    0.0000000000005048    0.0000000000005052    0.0000000000005113    0.0000000000005000    0.0000000000005070
755.0    0.0000000000005001    0.0000000000005004    0.0000000000005067    0.0000000000004953    0.0000000000005022
757.0    0.0000000000004954    0.0000000000004959    0.0000000000005020    0.0000000000004908    0.0000000000004975
759.0    0.0000000000004908    0.0000000000004915    0.0000000000004973    0.0000000000004862    0.0000000000004930
761.0    0.0000000000004863    0.0000000000004869    0.0000000000004926    0.0000000000004817    0.0000000000004886
763.0    0.0000000000004820    0.0000000000004824    0.0000000000004882    0.0000000000004775    0.0000000000004841
765.0    0.0000000000004776    0.0000000000004780    0.0000000000004839    0.0000000000004731    0.0000000000004796
767.0    0.0000000000004733    0.0000000000004738    0.0000000000004794    0.0000000000004688    0.0000000000004752
769.0    0.0000000000004690    0.0000000000004696    0.0000000000004750    0.0000000000004647    0.0000000000004709
771.0    0.0000000000004648    0.0000000000004654    0.0000000000004708    0.0000000000004605    0.0000000000004668
773.0    0.0000000000004608    0.0000000000004612    0.0000000000004667    0.0000000000004564    0.0000000000004628
775.0    0.0000000000004567    0.0000000000004571    0.0000000000004625    0.0000000000004525    0.0000000000004586
777.0    0.0000000000004527    0.0000000000004532    0.0000000000004583    0.0000000000004484    0.0000000000004545
779.0    0.0000000000004487    0.0000000000004493    0.0000000000004544    0.0000000000004445    0.0000000000004505
781.0    0.0000000000004448    0.0000000000004454    0.0000000000004505    0.0000000000004407    0.0000000000004467
783.0    0.0000000000004409    0.0000000000004415    0.0000000000004465    0.0000000000004368    0.0000000000004429
785.0    0.0000000000004371    0.0000000000004376    0.0000000000004426    0.0000000000004330    0.0000000000004391
787.0    0.0000000000004334    0.0000000000004340    0.0000000000004388    0.0000000000004294    0.0000000000004352
789.0    0.0000000000004297    0.0000000000004304    0.0000000000004352    0.0000000000004257    0.0000000000004314
791.0    0.0000000000004260    0.0000000000004267    0.0000000000004314    0.0000000000004220    0.0000000000004279
793.0    0.0000000000004223    0.0000000000004230    0.0000000000004276    0.0000000000004185    0.0000000000004243
795.0    0.0000000000004187    0.0000000000004194    0.0000000000004241    0.0000000000004150    0.0000000000004207
797.0    0.0000000000004153    0.0000000000004159    0.0000000000004205    0.0000000000004115    0.0000000000004171
799.0    0.0000000000004118    0.0000000000004125    0.0000000000004169    0.0000000000004079    0.0000000000004135
801.0    0.0000000000004083    0.0000000000004090    0.0000000000004133    0.0000000000004046    0.0000000000004100
803.0    0.0000000000004048    0.0000000000004055    0.0000000000004099    0.0000000000004011    0.0000000000004066
805.0    0.0000000000004014    0.0000000000004021    0.0000000000004065    0.0000000000003977    0.0000000000004033
807.0    0.0000000000003981    0.0000000000003988    0.0000000000004031    0.0000000000003944    0.0000000000003999
809.0    0.0000000000003948    0.0000000000003955    0.0000000000003996    0.0000000000003911    0.0000000000003964
811.0    0.0000000000003914    0.0000000000003922    0.0000000000003963    0.0000000000003877    0.0000000000003931
813.0    0.0000000000003881    0.0000000000003888    0.0000000000003931    0.0000000000003845    0.0000000000003899
815.0    0.0000000000003848    0.0000000000003855    0.0000000000003897    0.0000000000003813    0.0000000000003867
817.0    0.0000000000003816    0.0000000000003824    0.0000000000003864    0.0000000000003780    0.0000000000003834
819.0    0.0000000000003784    0.0000000000003793    0.0000000000003832    0.0000000000003749    0.0000000000003802
821.0    0.0000000000003753    0.0000000000003760    0.0000000000003801    0.0000000000003717    0.0000000000003769
823.0    0.0000000000003721    0.0000000000003728    0.0000000000003769    0.0000000000003685    0.0000000000003738
825.0    0.0000000000003690    0.0000000000003698    0.0000000000003738    0.0000000000003655    0.0000000000003708
827.0    0.0000000000003659    0.0000000000003668    0.0000000000003707    0.0000000000003624    0.0000000000003676
829.0    0.0000000000003628    0.0000000000003636    0.0000000000003675    0.0000000000003593    0.0000000000003645
831.0    0.0000000000003598    0.0000000000003605    0.0000000000003644    0.0000000000003563    0.0000000000003614
833.0    0.0000000000003568    0.0000000000003574    0.0000000000003614    0.0000000000003533    0.0000000000003583
835.0    0.0000000000003537    0.0000000000003545    0.0000000000003584    0.0000000000003502    0.0000000000003554
837.0    0.0000000000003507    0.0000000000003516    0.0000000000003554    0.0000000000003473    0.0000000000003524
839.0    0.0000000000003477    0.0000000000003485    0.0000000000003523    0.0000000000003444    0.0000000000003494
841.0    0.0000000000003448    0.0000000000003455    0.0000000000003494    0.0000000000003414    0.0000000000003464
843.0    0.0000000000003418    0.0000000000003426    0.0000000000003465    0.0000000000003386    0.0000000000003434
845.0    0.0000000000003391    0.0000000000003397    0.0000000000003436    0.0000000000003358    0.0000000000003406
847.0    0.0000000000003362    0.0000000000003369    0.0000000000003406    0.0000000000003329    0.0000000000003378
849.0    0.0000000000003333    0.0000000000003340    0.0000000000003378    0.0000000000003300    0.0000000000003349
851.0    0.0000000000003305    0.0000000000003311    0.0000000000003350    0.0000000000003273    0.0000000000003320
853.0    0.0000000000003276    0.0000000000003283    0.0000000000003321    0.0000000000003245    0.0000000000003292
855.0    0.0000000000003250    0.0000000000003255    0.0000000000003293    0.0000000000003217    0.0000000000003263
857.0    0.0000000000003222    0.0000000000003228    0.0000000000003265    0.0000000000003191    0.0000000000003236
859.0    0.0000000000003195    0.0000000000003201    0.0000000000003238    0.0000000000003163    0.0000000000003210
861.0    0.0000000000003167    0.0000000000003173    0.0000000000003211    0.0000000000003136    0.0000000000003182
863.0    0.0000000000003141    0.0000000000003146    0.0000000000003183    0.0000000000003110    0.0000000000003155
865.0    0.0000000000003115    0.0000000000003120    0.0000000000003157    0.0000000000003084    0.0000000000003128
867.0    0.0000000000003089    0.0000000000003094    0.0000000000003131    0.0000000000003058    0.0000000000003102
869.0    0.0000000000003063    0.0000000000003067    0.0000000000003104    0.0000000000003033    0.0000000000003077
871.0    0.0000000000003037    0.0000000000003041    0.0000000000003078    0.0000000000003007    0.0000000000003051
873.0    0.0000000000003011    0.0000000000003015    0.0000000000003053    0.0000000000002981    0.0000000000003025
875.0    0.0000000000002986    0.0000000000002991    0.0000000000003028    0.0000000000002957    0.0000000000002999
877.0    0.0000000000002961    0.0000000000002966    0.0000000000003002    0.0000000000002933    0.0000000000002975
879.0    0.0000000000002938    0.0000000000002941    0.0000000000002977    0.0000000000002908    0.0000000000002951
881.0    0.0000000000002913    0.0000000000002916    0.0000000000002953    0.0000000000002885    0.0000000000002926
883.0    0.0000000000002889    0.0000000000002892    0.0000000000002929    0.0000000000002861    0.0000000000002901
885.0    0.0000000000002865    0.0000000000002869    0.0000000000002904    0.0000000000002837    0.0000000000002877
887.0    0.0000000000002842    0.0000000000002846    0.0000000000002880    0.0000000000002815    0.0000000000002853
889.0    0.0000000000002820    0.0000000000002822    0.0000000000002857    0.0000000000002793    0.0000000000002831
891.0    0.0000000000002797    0.0000000000002799    0.0000000000002835    0.0000000000002770    0.0000000000002809
893.0    0.0000000000002774    0.0000000000002776    0.0000000000002811    0.0000000000002748    0.0000000000002786
895.0    0.0000000000002752    0.0000000000002755    0.0000000000002788    0.0000000000002727    0.0000000000002763
897.0    0.0000000000002730    0.0000000000002733    0.0000000000002767    0.0000000000002705    0.0000000000002741
899.0    0.0000000000002709    0.0000000000002711    0.0000000000002745    0.0000000000002683    0.0000000000002720
901.0    0.0000000000002688    0.0000000000002690    0.0000000000002723    0.0000000000002663    0.0000000000002699
903.0    0.0000000000002667    0.0000000000002668    0.0000000000002701    0.0000000000002642    0.0000000000002677
905.0    0.0000000000002646    0.0000000000002648    0.0000000000002681    0.0000000000002621    0.0000000000002656
907.0    0.0000000000002626    0.0000000000002628    0.0000000000002661    0.0000000000002602    0.0000000000002636
909.0    0.0000000000002606    0.0000000000002608    0.0000000000002640    0.0000000000002582    0.0000000000002616
911.0    0.0000000000002586    0.0000000000002588    0.0000000000002619    0.0000000000002562    0.0000000000002597
913.0    0.0000000000002567    0.0000000000002568    0.0000000000002600    0.0000000000002544    0.0000000000002577
915.0    0.0000000000002548    0.0000000000002550    0.0000000000002581    0.0000000000002525    0.0000000000002557
917.0    0.0000000000002529    0.0000000000002531    0.0000000000002561    0.0000000000002506    0.0000000000002538
919.0    0.0000000000002510    0.0000000000002512    0.0000000000002542    0.0000000000002488    0.0000000000002519
921.0    0.0000000000002492    0.0000000000002494    0.0000000000002523    0.0000000000002470    0.0000000000002501
923.0    0.0000000000002475    0.0000000000002475    0.0000000000002505    0.0000000000002452    0.0000000000002484
925.0    0.0000000000002457    0.0000000000002458    0.0000000000002487    0.0000000000002435    0.0000000000002466
927.0    0.0000000000002439    0.0000000000002441    0.0000000000002469    0.0000000000002417    0.0000000000002448
929.0    0.0000000000002422    0.0000000000002424    0.0000000000002451    0.0000000000002400    0.0000000000002430
931.0    0.0000000000002404    0.0000000000002406    0.0000000000002434    0.0000000000002384    0.0000000000002413
933.0    0.0000000000002388    0.0000000000002389    0.0000000000002417    0.0000000000002368    0.0000000000002397
935.0    0.0000000000002371    0.0000000000002373    0.0000000000002400    0.0000000000002351    0.0000000000002380
937.0    0.0000000000002355    0.0000000000002357    0.0000000000002383    0.0000000000002335    0.0000000000002363
939.0    0.0000000000002339    0.0000000000002341    0.0000000000002367    0.0000000000002319    0.0000000000002347
941.0    0.0000000000002323    0.0000000000002325    0.0000000000002351    0.0000000000002303    0.0000000000002332
943.0    0.0000000000002307    0.0000000000002310    0.0000000000002334    0.0000000000002287    0.0000000000002316
945.0    0.0000000000002291    0.0000000000002295    0.0000000000002319    0.0000000000002272    0.0000000000002300
947.0    0.0000000000002277    0.0000000000002279    0.0000000000002303    0.0000000000002257    0.0000000000002285
949.0    0.0000000000002261    0.0000000000002264    0.0000000000002288    0.0000000000002242    0.0000000000002269
951.0    0.0000000000002246    0.0000000000002249    0.0000000000002272    0.0000000000002228    0.0000000000002254
953.0    0.0000000000002231    0.0000000000002234    0.0000000000002257    0.0000000000002213    0.0000000000002240
955.0    0.0000000000002217    0.0000000000002220    0.0000000000002243    0.0000000000002198    0.0000000000002226
957.0    0.0000000000002203    0.0000000000002206    0.0000000000002228    0.0000000000002184    0.0000000000002211
959.0    0.0000000000002188    0.0000000000002191    0.0000000000002213    0.0000000000002170    0.0000000000002196
961.0    0.0000000000002174    0.0000000000002177    0.0000000000002199    0.0000000000002155    0.0000000000002182
963.0    0.0000000000002160    0.0000000000002163    0.0000000000002185    0.0000000000002142    0.0000000000002168
965.0    0.0000000000002146    0.0000000000002150    0.0000000000002171    0.0000000000002128    0.0000000000002155
967.0    0.0000000000002132    0.0000000000002136    0.0000000000002156    0.0000000000002114    0.0000000000002141
969.0    0.0000000000002118    0.0000000000002122    0.0000000000002143    0.0000000000002101    0.0000000000002127
971.0    0.0000000000002105    0.0000000000002108    0.0000000000002129    0.0000000000002087    0.0000000000002113
973.0    0.0000000000002092    0.0000000000002095    0.0000000000002116    0.0000000000002073    0.0000000000002100
975.0    0.0000000000002078    0.0000000000002082    0.0000000000002102    0.0000000000002061    0.0000000000002087
977.0    0.0000000000002065    0.0000000000002069    0.0000000000002089    0.0000000000002047    0.0000000000002073
979.0    0.0000000000002052    0.0000000000002056    0.0000000000002076    0.0000000000002034    0.0000000000002060
981.0    0.0000000000002039    0.0000000000002042    0.0000000000002062    0.0000000000002021    0.0000000000002047
983.0    0.0000000000002026    0.0000000000002030    0.0000000000002049    0.0000000000002009    0.0000000000002034
985.0    0.0000000000002013    0.0000000000002017    0.0000000000002036    0.0000000000001996    0.0000000000002021
987.0    0.0000000000002000    0.0000000000002004    0.0000000000002024    0.0000000000001983    0.0000000000002009
989.0    0.0000000000001987    0.0000000000001991    0.0000000000002011    0.0000000000001971    0.0000000000001996
991.0    0.0000000000001975    0.0000000000001979    0.0000000000001998    0.0000000000001958    0.0000000000001983
993.0    0.0000000000001962    0.0000000000001966    0.0000000000001985    0.0000000000001945    0.0000000000001970
995.0    0.0000000000001950    0.0000000000001954    0.0000000000001973    0.0000000000001933    0.0000000000001958
997.0    0.0000000000001937    0.0000000000001942    0.0000000000001960    0.0000000000001921    0.0000000000001946
999.0    0.0000000000001925    0.0000000000001929    0.0000000000001947    0.0000000000001908    0.0000000000001933
1001.0    0.0000000000001913    0.0000000000001917    0.0000000000001935    0.0000000000001896    0.0000000000001921
1003.0    0.0000000000001900    0.0000000000001905    0.0000000000001923    0.0000000000001884    0.0000000000001909
1005.0    0.0000000000001889    0.0000000000001893    0.0000000000001911    0.0000000000001871    0.0000000000001897
1007.0    0.0000000000001876    0.0000000000001881    0.0000000000001898    0.0000000000001860    0.0000000000001885
1009.0    0.0000000000001864    0.0000000000001868    0.0000000000001887    0.0000000000001848    0.0000000000001873
1011.0    0.0000000000001852    0.0000000000001856    0.0000000000001875    0.0000000000001835    0.0000000000001861
1013.0    0.0000000000001840    0.0000000000001845    0.0000000000001862    0.0000000000001824    0.0000000000001848
1015.0    0.0000000000001829    0.0000000000001833    0.0000000000001850    0.0000000000001812    0.0000000000001836
1017.0    0.0000000000001817    0.0000000000001821    0.0000000000001839    0.0000000000001800    0.0000000000001825
1019.0    0.0000000000001805    0.0000000000001809    0.0000000000001827    0.0000000000001788    0.0000000000001813
1021.0    0.0000000000001793    0.0000000000001797    0.0000000000001815    0.0000000000001776    0.0000000000001801
1023.0    0.0000000000001781    0.0000000000001786    0.0000000000001803    0.0000000000001765    0.0000000000001789
1025.0    0.0000000000001770    0.0000000000001774    0.0000000000001792    0.0000000000001753    0.0000000000001778
1027.0    0.0000000000001758    0.0000000000001763    0.0000000000001780    0.0000000000001742    0.0000000000001766
1029.0    0.0000000000001747    0.0000000000001751    0.0000000000001768    0.0000000000001730    0.0000000000001755
1031.0    0.0000000000001735    0.0000000000001739    0.0000000000001757    0.0000000000001719    0.0000000000001743
1033.0    0.0000000000001724    0.0000000000001728    0.0000000000001745    0.0000000000001708    0.0000000000001732
1035.0    0.0000000000001712    0.0000000000001717    0.0000000000001734    0.0000000000001696    0.0000000000001720
1037.0    0.0000000000001701    0.0000000000001705    0.0000000000001722    0.0000000000001685    0.0000000000001709
1039.0    0.0000000000001690    0.0000000000001694    0.0000000000001711    0.0000000000001674    0.0000000000001698
1041.0    0.0000000000001678    0.0000000000001682    0.0000000000001700    0.0000000000001662    0.0000000000001687
1043.0    0.0000000000001667    0.0000000000001671    0.0000000000001689    0.0000000000001651    0.0000000000001675
1045.0    0.0000000000001656    0.0000000000001660    0.0000000000001677    0.0000000000001640    0.0000000000001664
1047.0    0.0000000000001644    0.0000000000001649    0.0000000000001666    0.0000000000001629    0.0000000000001652
1049.0    0.0000000000001634    0.0000000000001638    0.0000000000001655    0.0000000000001617    0.0000000000001642
1051.0    0.0000000000001623    0.0000000000001627    0.0000000000001644    0.0000000000001607    0.0000000000001631
1053.0    0.0000000000001611    0.0000000000001616    0.0000000000001633    0.0000000000001595    0.0000000000001619
1055.0    0.0000000000001600    0.0000000000001605    0.0000000000001621    0.0000000000001584    0.0000000000001608
1057.0    0.0000000000001589    0.0000000000001594    0.0000000000001611    0.0000000000001574    0.0000000000001597
1059.0    0.0000000000001578    0.0000000000001583    0.0000000000001600    0.0000000000001563    0.0000000000001587
1061.0    0.0000000000001567    0.0000000000001572    0.0000000000001589    0.0000000000001552    0.0000000000001576
1063.0    0.0000000000001557    0.0000000000001561    0.0000000000001578    0.0000000000001541    0.0000000000001565
1065.0    0.0000000000001546    0.0000000000001550    0.0000000000001567    0.0000000000001530    0.0000000000001554
1067.0    0.0000000000001535    0.0000000000001539    0.0000000000001556    0.0000000000001519    0.0000000000001543
1069.0    0.0000000000001524    0.0000000000001529    0.0000000000001545    0.0000000000001509    0.0000000000001532
1071.0    0.0000000000001514    0.0000000000001518    0.0000000000001535    0.0000000000001498    0.0000000000001522
1073.0    0.0000000000001503    0.0000000000001508    0.0000000000001525    0.0000000000001488    0.0000000000001511
1075.0    0.0000000000001493    0.0000000000001497    0.0000000000001514    0.0000000000001477    0.0000000000001500
1077.0    0.0000000000001482    0.0000000000001486    0.0000000000001503    0.0000000000001467    0.0000000000001490
1079.0    0.0000000000001471    0.0000000000001475    0.0000000000001493    0.0000000000001456    0.0000000000001479
1081.0    0.0000000000001461    0.0000000000001465    0.0000000000001482    0.0000000000001445    0.0000000000001469
1083.0    0.0000000000001451    0.0000000000001455    0.0000000000001472    0.0000000000001435    0.0000000000001459
1085.0    0.0000000000001440    0.0000000000001444    0.0000000000001461    0.0000000000001425    0.0000000000001448
1087.0    0.0000000000001430    0.0000000000001434    0.0000000000001451    0.0000000000001414    0.0000000000001437
1089.0    0.0000000000001420    0.0000000000001423    0.0000000000001441    0.0000000000001404    0.0000000000001427
1091.0    0.0000000000001409    0.0000000000001413    0.0000000000001430    0.0000000000001394    0.0000000000001417
1093.0    0.0000000000001399    0.0000000000001403    0.0000000000001420    0.0000000000001384    0.0000000000001407
1095.0    0.0000000000001389    0.0000000000001393    0.0000000000001410    0.0000000000001374    0.0000000000001397
1097.0    0.0000000000001379    0.0000000000001383    0.0000000000001400    0.0000000000001364    0.0000000000001386
1099.0    0.0000000000001369    0.0000000000001372    0.0000000000001389    0.0000000000001353    0.0000000000001376
1101.0    0.0000000000001359    0.0000000000001362    0.0000000000001379    0.0000000000001344    0.0000000000001366
1103.0    0.0000000000001349    0.0000000000001353    0.0000000000001369    0.0000000000001334    0.0000000000001356
1105.0    0.0000000000001339    0.0000000000001343    0.0000000000001359    0.0000000000001324    0.0000000000001346
1107.0    0.0000000000001329    0.0000000000001332    0.0000000000001349    0.0000000000001314    0.0000000000001336
1109.0    0.0000000000001319    0.0000000000001322    0.0000000000001339    0.0000000000001304    0.0000000000001326
1111.0    0.0000000000001309    0.0000000000001313    0.0000000000001329    0.0000000000001294    0.0000000000001316
1113.0    0.0000000000001299    0.0000000000001303    0.0000000000001320    0.0000000000001285    0.0000000000001307
1115.0    0.0000000000001290    0.0000000000001293    0.0000000000001310    0.0000000000001275    0.0000000000001297
1117.0    0.0000000000001280    0.0000000000001283    0.0000000000001300    0.0000000000001265    0.0000000000001287
1119.0    0.0000000000001270    0.0000000000001274    0.0000000000001290    0.0000000000001256    0.0000000000001277
1121.0    0.0000000000001261    0.0000000000001264    0.0000000000001281    0.0000000000001247    0.0000000000001268
1123.0    0.0000000000001251    0.0000000000001255    0.0000000000001271    0.0000000000001237    0.0000000000001258
1125.0    0.0000000000001242    0.0000000000001245    0.0000000000001261    0.0000000000001228    0.0000000000001249
1127.0    0.0000000000001233    0.0000000000001236    0.0000000000001252    0.0000000000001219    0.0000000000001239
1129.0    0.0000000000001223    0.0000000000001226    0.0000000000001243    0.0000000000001209    0.0000000000001230
1131.0    0.0000000000001214    0.0000000000001217    0.0000000000001233    0.0000000000001200    0.0000000000001220
1133.0    0.0000000000001205    0.0000000000001208    0.0000000000001224    0.0000000000001191    0.0000000000001211
1135.0    0.0000000000001196    0.0000000000001199    0.0000000000001215    0.0000000000001182    0.0000000000001202
1137.0    0.0000000000001187    0.0000000000001189    0.0000000000001206    0.0000000000001173    0.0000000000001193
1139.0    0.0000000000001178    0.0000000000001180    0.0000000000001196    0.0000000000001164    0.0000000000001184
1141.0    0.0000000000001169    0.0000000000001171    0.0000000000001187    0.0000000000001155    0.0000000000001175
1143.0    0.0000000000001160    0.0000000000001162    0.0000000000001178    0.0000000000001146    0.0000000000001166
1145.0    0.0000000000001151    0.0000000000001153    0.0000000000001170    0.0000000000001138    0.0000000000001157
1147.0    0.0000000000001142    0.0000000000001144    0.0000000000001161    0.0000000000001129    0.0000000000001148
1149.0    0.0000000000001133    0.0000000000001136    0.0000000000001152    0.0000000000001120    0.0000000000001139
1151.0    0.0000000000001125    0.0000000000001127    0.0000000000001143    0.0000000000001112    0.0000000000001131
1153.0    0.0000000000001116    0.0000000000001119    0.0000000000001135    0.0000000000001103    0.0000000000001122
1155.0    0.0000000000001108    0.0000000000001110    0.0000000000001126    0.0000000000001095    0.0000000000001114
1157.0    0.0000000000001100    0.0000000000001101    0.0000000000001117    0.0000000000001087    0.0000000000001105
1159.0    0.0000000000001091    0.0000000000001093    0.0000000000001109    0.0000000000001078    0.0000000000001097
1161.0    0.0000000000001083    0.0000000000001085    0.0000000000001101    0.0000000000001070    0.0000000000001088
1163.0    0.0000000000001075    0.0000000000001077    0.0000000000001092    0.0000000000001062    0.0000000000001080
1165.0    0.0000000000001067    0.0000000000001068    0.0000000000001084    0.0000000000001055    0.0000000000001072
1167.0    0.0000000000001059    0.0000000000001060    0.0000000000001076    0.0000000000001047    0.0000000000001064
1169.0    0.0000000000001051    0.0000000000001052    0.0000000000001068    0.0000000000001039    0.0000000000001056
1171.0    0.0000000000001043    0.0000000000001045    0.0000000000001060    0.0000000000001031    0.0000000000001048
1173.0    0.0000000000001035    0.0000000000001037    0.0000000000001052    0.0000000000001024    0.0000000000001040
1175.0    0.0000000000001028    0.0000000000001029    0.0000000000001044    0.0000000000001016    0.0000000000001032
1177.0    0.0000000000001020    0.0000000000001021    0.0000000000001037    0.0000000000001009    0.0000000000001025
1179.0    0.0000000000001013    0.0000000000001014    0.0000000000001029    0.0000000000001001    0.0000000000001017
1181.0    0.0000000000001005    0.0000000000001006    0.0000000000001021    0.0000000000000994    0.0000000000001010
1183.0    0.0000000000000998    0.0000000000000999    0.0000000000001014    0.0000000000000987    0.0000000000001002
1185.0    0.0000000000000991    0.0000000000000992    0.0000000000001006    0.0000000000000980    0.0000000000000995
1187.0    0.0000000000000983    0.0000000000000984    0.0000000000000999    0.0000000000000972    0.0000000000000988
1189.0    0.0000000000000977    0.0000000000000977    0.0000000000000992    0.0000000000000966    0.0000000000000981
1191.0    0.0000000000000970    0.0000000000000970    0.0000000000000985    0.0000000000000959    0.0000000000000974
1193.0    0.0000000000000963    0.0000000000000963    0.0000000000000978    0.0000000000000952    0.0000000000000967
1195.0    0.0000000000000956    0.0000000000000956    0.0000000000000971    0.0000000000000946    0.0000000000000960
1197.0    0.0000000000000949    0.0000000000000950    0.0000000000000964    0.0000000000000939    0.0000000000000953
1199.0    0.0000000000000943    0.0000000000000943    0.0000000000000957    0.0000000000000932    0.0000000000000946
1201.0    0.0000000000000936    0.0000000000000937    0.0000000000000950    0.0000000000000926    0.0000000000000940
1203.0    0.0000000000000930    0.0000000000000930    0.0000000000000944    0.0000000000000920    0.0000000000000933
1205.0    0.0000000000000923    0.0000000000000924    0.0000000000000937    0.0000000000000913    0.0000000000000927
1207.0    0.0000000000000917    0.0000000000000917    0.0000000000000931    0.0000000000000907    0.0000000000000920
1209.0    0.0000000000000911    0.0000000000000911    0.0000000000000925    0.0000000000000901    0.0000000000000914
1211.0    0.0000000000000905    0.0000000000000905    0.0000000000000918    0.0000000000000895    0.0000000000000908
1213.0    0.0000000000000899    0.0000000000000899    0.0000000000000912    0.0000000000000889    0.0000000000000902
1215.0    0.0000000000000893    0.0000000000000893    0.0000000000000906    0.0000000000000884    0.0000000000000896
1217.0    0.0000000000000887    0.0000000000000887    0.0000000000000900    0.0000000000000878    0.0000000000000890
1219.0    0.0000000000000881    0.0000000000000882    0.0000000000000894    0.0000000000000872    0.0000000000000884
1221.0    0.0000000000000875    0.0000000000000876    0.0000000000000888    0.0000000000000867    0.0000000000000879
1223.0    0.0000000000000870    0.0000000000000870    0.0000000000000882    0.0000000000000861    0.0000000000000873
1225.0    0.0000000000000864    0.0000000000000865    0.0000000000000877    0.0000000000000856    0.0000000000000867
1227.0    0.0000000000000859    0.0000000000000859    0.0000000000000871    0.0000000000000850    0.0000000000000862
1229.0    0.0000000000000854    0.0000000000000854    0.0000000000000865    0.0000000000000845    0.0000000000000856
1231.0    0.0000000000000848    0.0000000000000849    0.0000000000000860    0.0000000000000840    0.0000000000000851
1233.0    0.0000000000000843    0.0000000000000844    0.0000000000000855    0.0000000000000835    0.0000000000000846
1235.0    0.0000000000000838    0.0000000000000838    0.0000000000000849    0.0000000000000830    0.0000000000000841
1237.0    0.0000000000000833    0.0000000000000833    0.0000000000000844    0.0000000000000825    0.0000000000000836
1239.0    0.0000000000000828    0.0000000000000828    0.0000000000000839    0.0000000000000820    0.0000000000000831
1241.0    0.0000000000000823    0.0000000000000823    0.0000000000000834    0.0000000000000815    0.0000000000000826
1243.0    0.0000000000000818    0.0000000000000819    0.0000000000000829    0.0000000000000810    0.0000000000000821
1245.0    0.0000000000000813    0.0000000000000814    0.0000000000000824    0.0000000000000805    0.0000000000000816
1247.0    0.0000000000000808    0.0000000000000809    0.0000000000000819    0.0000000000000800    0.0000000000000811
1249.0    0.0000000000000804    0.0000000000000804    0.0000000000000814    0.0000000000000796    0.0000000000000806
1251.0    0.0000000000000799    0.0000000000000800    0.0000000000000809    0.0000000000000791    0.0000000000000802
1253.0    0.0000000000000794    0.0000000000000795    0.0000000000000805    0.0000000000000787    0.0000000000000797
1255.0    0.0000000000000790    0.0000000000000790    0.0000000000000800    0.0000000000000782    0.0000000000000793
1257.0    0.0000000000000785    0.0000000000000786    0.0000000000000796    0.0000000000000778    0.0000000000000788
1259.0    0.0000000000000781    0.0000000000000782    0.0000000000000791    0.0000000000000773    0.0000000000000784
1261.0    0.0000000000000776    0.0000000000000777    0.0000000000000786    0.0000000000000769    0.0000000000000779
1263.0    0.0000000000000772    0.0000000000000773    0.0000000000000782    0.0000000000000765    0.0000000000000775
1265.0    0.0000000000000768    0.0000000000000769    0.0000000000000778    0.0000000000000761    0.0000000000000771
1267.0    0.0000000000000763    0.0000000000000764    0.0000000000000773    0.0000000000000756    0.0000000000000766
1269.0    0.0000000000000759    0.0000000000000760    0.0000000000000769    0.0000000000000752    0.0000000000000762
1271.0    0.0000000000000755    0.0000000000000756    0.0000000000000765    0.0000000000000748    0.0000000000000758
1273.0    0.0000000000000751    0.0000000000000752    0.0000000000000760    0.0000000000000744    0.0000000000000754
1275.0    0.0000000000000747    0.0000000000000748    0.0000000000000756    0.0000000000000740    0.0000000000000750
1277.0    0.0000000000000742    0.0000000000000744    0.0000000000000752    0.0000000000000736    0.0000000000000746
1279.0    0.0000000000000738    0.0000000000000740    0.0000000000000748    0.0000000000000732    0.0000000000000741
1281.0    0.0000000000000734    0.0000000000000736    0.0000000000000744    0.0000000000000727    0.0000000000000737
1283.0    0.0000000000000730    0.0000000000000732    0.0000000000000740    0.0000000000000724    0.0000000000000733
1285.0    0.0000000000000726    0.0000000000000728    0.0000000000000736    0.0000000000000720    0.0000000000000730
1287.0    0.0000000000000723    0.0000000000000724    0.0000000000000732    0.0000000000000716    0.0000000000000726
1289.0    0.0000000000000719    0.0000000000000720    0.0000000000000728    0.0000000000000712    0.0000000000000722
1291.0    0.0000000000000715    0.0000000000000716    0.0000000000000724    0.0000000000000708    0.0000000000000718
1293.0    0.0000000000000711    0.0000000000000712    0.0000000000000720    0.0000000000000704    0.0000000000000714
1295.0    0.0000000000000707    0.0000000000000708    0.0000000000000716    0.0000000000000700    0.0000000000000710
1297.0    0.0000000000000703    0.0000000000000705    0.0000000000000712    0.0000000000000697    0.0000000000000706
1299.0    0.0000000000000699    0.0000000000000701    0.0000000000000708    0.0000000000000693    0.0000000000000703
1301.0    0.0000000000000696    0.0000000000000697    0.0000000000000705    0.0000000000000689    0.0000000000000699
1303.0    0.0000000000000692    0.0000000000000693    0.0000000000000701    0.0000000000000685    0.0000000000000695
1305.0    0.0000000000000688    0.0000000000000690    0.0000000000000697    0.0000000000000682    0.0000000000000691
1307.0    0.0000000000000685    0.0000000000000686    0.0000000000000693    0.0000000000000678    0.0000000000000688
1309.0    0.0000000000000681    0.0000000000000683    0.0000000000000690    0.0000000000000674    0.0000000000000684
1311.0    0.0000000000000677    0.0000000000000679    0.0000000000000686    0.0000000000000671    0.0000000000000680
1313.0    0.0000000000000674    0.0000000000000675    0.0000000000000682    0.0000000000000667    0.0000000000000677
1315.0    0.0000000000000670    0.0000000000000671    0.0000000000000679    0.0000000000000664    0.0000000000000673
1317.0    0.0000000000000666    0.0000000000000668    0.0000000000000675    0.0000000000000660    0.0000000000000670
1319.0    0.0000000000000663    0.0000000000000664    0.0000000000000671    0.0000000000000656    0.0000000000000666
1321.0    0.0000000000000659    0.0000000000000661    0.0000000000000668    0.0000000000000653    0.0000000000000662
1323.0    0.0000000000000656    0.0000000000000657    0.0000000000000664    0.0000000000000649    0.0000000000000659
1325.0    0.0000000000000652    0.0000000000000654    0.0000000000000661    0.0000000000000646    0.0000000000000655
1327.0    0.0000000000000648    0.0000000000000650    0.0000000000000657    0.0000000000000642    0.0000000000000652
1329.0    0.0000000000000645    0.0000000000000647    0.0000000000000654    0.0000000000000639    0.0000000000000648
1331.0    0.0000000000000642    0.0000000000000643    0.0000000000000650    0.0000000000000635    0.0000000000000645
1333.0    0.0000000000000638    0.0000000000000640    0.0000000000000646    0.0000000000000632    0.0000000000000641
1335.0    0.0000000000000634    0.0000000000000636    0.0000000000000643    0.0000000000000628    0.0000000000000638
1337.0    0.0000000000000631    0.0000000000000633    0.0000000000000640    0.0000000000000625    0.0000000000000634
1339.0    0.0000000000000628    0.0000000000000629    0.0000000000000636    0.0000000000000621    0.0000000000000631
1341.0    0.0000000000000624    0.0000000000000626    0.0000000000000633    0.0000000000000618    0.0000000000000627
1343.0    0.0000000000000621    0.0000000000000622    0.0000000000000629    0.0000000000000614    0.0000000000000624
1345.0    0.0000000000000617    0.0000000000000619    0.0000000000000626    0.0000000000000611    0.0000000000000620
1347.0    0.0000000000000614    0.0000000000000616    0.0000000000000622    0.0000000000000608    0.0000000000000617
1349.0    0.0000000000000611    0.0000000000000612    0.0000000000000619    0.0000000000000604    0.0000000000000614
1351.0    0.0000000000000607    0.0000000000000609    0.0000000000000616    0.0000000000000601    0.0000000000000610
1353.0    0.0000000000000604    0.0000000000000605    0.0000000000000612    0.0000000000000598    0.0000000000000607
1355.0    0.0000000000000600    0.0000000000000602    0.0000000000000609    0.0000000000000594    0.0000000000000603
1357.0    0.0000000000000597    0.0000000000000599    0.0000000000000606    0.0000000000000591    0.0000000000000600
1359.0    0.0000000000000594    0.0000000000000595    0.0000000000000602    0.0000000000000588    0.0000000000000597
1361.0    0.0000000000000590    0.0000000000000592    0.0000000000000599    0.0000000000000584    0.0000000000000594
1363.0    0.0000000000000587    0.0000000000000589    0.0000000000000595    0.0000000000000581    0.0000000000000590
1365.0    0.0000000000000584    0.0000000000000585    0.0000000000000592    0.0000000000000578    0.0000000000000587
1367.0    0.0000000000000581    0.0000000000000582    0.0000000000000589    0.0000000000000575    0.0000000000000584
1369.0    0.0000000000000577    0.0000000000000579    0.0000000000000586    0.0000000000000571    0.0000000000000580
1371.0    0.0000000000000574    0.0000000000000576    0.0000000000000582    0.0000000000000568    0.0000000000000577
1373.0    0.0000000000000571    0.0000000000000572    0.0000000000000579    0.0000000000000565    0.0000000000000574
1375.0    0.0000000000000568    0.0000000000000569    0.0000000000000576    0.0000000000000562    0.0000000000000571
1377.0    0.0000000000000565    0.0000000000000566    0.0000000000000573    0.0000000000000559    0.0000000000000567
1379.0    0.0000000000000561    0.0000000000000563    0.0000000000000569    0.0000000000000555    0.0000000000000564
1381.0    0.0000000000000558    0.0000000000000560    0.0000000000000566    0.0000000000000552    0.0000000000000561
1383.0    0.0000000000000555    0.0000000000000556    0.0000000000000563    0.0000000000000549    0.0000000000000558
1385.0    0.0000000000000552    0.0000000000000553    0.0000000000000560    0.0000000000000546    0.0000000000000555
1387.0    0.0000000000000549    0.0000000000000550    0.0000000000000557    0.0000000000000543    0.0000000000000551
1389.0    0.0000000000000546    0.0000000000000547    0.0000000000000554    0.0000000000000540    0.0000000000000548
1391.0    0.0000000000000542    0.0000000000000544    0.0000000000000550    0.0000000000000537    0.0000000000000545
1393.0    0.0000000000000539    0.0000000000000541    0.0000000000000547    0.0000000000000533    0.0000000000000542
1395.0    0.0000000000000536    0.0000000000000537    0.0000000000000544    0.0000000000000531    0.0000000000000539
1397.0    0.0000000000000533    0.0000000000000534    0.0000000000000541    0.0000000000000528    0.0000000000000536
1399.0    0.0000000000000530    0.0000000000000531    0.0000000000000538    0.0000000000000525    0.0000000000000533
1401.0    0.0000000000000527    0.0000000000000528    0.0000000000000535    0.0000000000000521    0.0000000000000530
1403.0    0.0000000000000524    0.0000000000000525    0.0000000000000532    0.0000000000000519    0.0000000000000527
1405.0    0.0000000000000521    0.0000000000000522    0.0000000000000529    0.0000000000000516    0.0000000000000524
1407.0    0.0000000000000518    0.0000000000000519    0.0000000000000526    0.0000000000000513    0.0000000000000521
1409.0    0.0000000000000515    0.0000000000000516    0.0000000000000523    0.0000000000000510    0.0000000000000518
1411.0    0.0000000000000512    0.0000000000000513    0.0000000000000520    0.0000000000000507    0.0000000000000515
1413.0    0.0000000000000509    0.0000000000000510    0.0000000000000517    0.0000000000000504    0.0000000000000512
1415.0    0.0000000000000506    0.0000000000000507    0.0000000000000514    0.0000000000000501    0.0000000000000509
1417.0    0.0000000000000503    0.0000000000000505    0.0000000000000511    0.0000000000000498    0.0000000000000506
1419.0    0.0000000000000501    0.0000000000000502    0.0000000000000508    0.0000000000000495    0.0000000000000503
1421.0    0.0000000000000498    0.0000000000000499    0.0000000000000505    0.0000000000000493    0.0000000000000500
1423.0    0.0000000000000495    0.0000000000000496    0.0000000000000502    0.0000000000000490    0.0000000000000497
1425.0    0.0000000000000492    0.0000000000000493    0.0000000000000499    0.0000000000000487    0.0000000000000494
1427.0    0.0000000000000489    0.0000000000000490    0.0000000000000497    0.0000000000000484    0.0000000000000492
1429.0    0.0000000000000487    0.0000000000000487    0.0000000000000494    0.0000000000000481    0.0000000000000489
1431.0    0.0000000000000484    0.0000000000000485    0.0000000000000491    0.0000000000000479    0.0000000000000486
1433.0    0.0000000000000481    0.0000000000000482    0.0000000000000488    0.0000000000000476    0.0000000000000483
1435.0    0.0000000000000478    0.0000000000000479    0.0000000000000485    0.0000000000000473    0.0000000000000481
1437.0    0.0000000000000476    0.0000000000000477    0.0000000000000483    0.0000000000000471    0.0000000000000478
1439.0    0.0000000000000473    0.0000000000000474    0.0000000000000480    0.0000000000000468    0.0000000000000475
1441.0    0.0000000000000471    0.0000000000000471    0.0000000000000477    0.0000000000000466    0.0000000000000472
1443.0    0.0000000000000468    0.0000000000000468    0.0000000000000475    0.0000000000000463    0.0000000000000470
1445.0    0.0000000000000465    0.0000000000000466    0.0000000000000472    0.0000000000000460    0.0000000000000467
1447.0    0.0000000000000463    0.0000000000000463    0.0000000000000469    0.0000000000000458    0.0000000000000465
1449.0    0.0000000000000460    0.0000000000000461    0.0000000000000467    0.0000000000000455    0.0000000000000462
1451.0    0.0000000000000458    0.0000000000000458    0.0000000000000464    0.0000000000000453    0.0000000000000459
1453.0    0.0000000000000455    0.0000000000000456    0.0000000000000462    0.0000000000000451    0.0000000000000457
1455.0    0.0000000000000453    0.0000000000000453    0.0000000000000459    0.0000000000000448    0.0000000000000454
1457.0    0.0000000000000450    0.0000000000000451    0.0000000000000457    0.0000000000000446    0.0000000000000452
1459.0    0.0000000000000448    0.0000000000000448    0.0000000000000454    0.0000000000000443    0.0000000000000449
1461.0    0.0000000000000445    0.0000000000000446    0.0000000000000452    0.0000000000000441    0.0000000000000447
1463.0    0.0000000000000443    0.0000000000000443    0.0000000000000449    0.0000000000000439    0.0000000000000444
1465.0    0.0000000000000441    0.0000000000000441    0.0000000000000447    0.0000000000000436    0.0000000000000442
1467.0    0.0000000000000438    0.0000000000000439    0.0000000000000444    0.0000000000000434    0.0000000000000440
1469.0    0.0000000000000436    0.0000000000000436    0.0000000000000442    0.0000000000000432    0.0000000000000438
1471.0    0.0000000000000434    0.0000000000000434    0.0000000000000440    0.0000000000000430    0.0000000000000435
1473.0    0.0000000000000432    0.0000000000000432    0.0000000000000437    0.0000000000000427    0.0000000000000433
1475.0    0.0000000000000429    0.0000000000000430    0.0000000000000435    0.0000000000000425    0.0000000000000431
1477.0    0.0000000000000427    0.0000000000000427    0.0000000000000433    0.0000000000000423    0.0000000000000428
1479.0    0.0000000000000425    0.0000000000000425    0.0000000000000431    0.0000000000000421    0.0000000000000426
1481.0    0.0000000000000423    0.0000000000000423    0.0000000000000429    0.0000000000000419    0.0000000000000424
1483.0    0.0000000000000421    0.0000000000000421    0.0000000000000426    0.0000000000000417    0.0000000000000422
1485.0    0.0000000000000419    0.0000000000000419    0.0000000000000424    0.0000000000000415    0.0000000000000420
