9.0    0.0000000000000000    0.0000000000000000    0.0000000000000000    0.0000000000000000    0.0000000000000000
11.0    0.0000000000000000    0.0000000000000000    0.0000000000000000    0.0000000000000000    0.0000000000000000
13.0    0.0000000000000000    0.0000000000000000    0.0000000000000000    0.0000000000000000    0.0000000000000000
15.0    0.0000000000000000    0.0000000000000000    0.0000000000000000    0.0000000000000000    0.0000000000000000
17.0    0.0000000000000000    0.0000000000000000    0.0000000000000000    0.0000000000000000    0.0000000000000000
19.0    0.0000000000000000    0.0000000000000000    0.0000000000000000    0.0000000000000000    0.0000000000000000
21.0    0.0000000000000000    0.0000000000000000    0.0000000000000000    0.0000000000000000    0.0000000000000000
23.0    0.0000000000000000    0.0000000000000000    0.0000000000000000    0.0000000000000000    0.0000000000000000
25.0    0.0000000000000000    0.0000000000000000    0.0000000000000000    0.0000000000000000    0.0000000000000000
27.0    0.0000000000000000    0.0000000000000000    0.0000000000000000    0.0000000000000000    0.0000000000000000
29.0    0.0000000000000000    0.0000000000000000    0.0000000000000000    0.0000000000000000    0.0000000000000000
31.0    0.0000000000000000    0.0000000000000000    0.0000000000000000    0.0000000000000000    0.0000000000000000
33.0    0.0000000000000000    0.0000000000000000    0.0000000000000000    0.0000000000000000    0.0000000000000000
35.0    0.0000000000000000    0.0000000000000000    0.0000000000000000    0.0000000000000000    0.0000000000000000
37.0    0.0000000000000000    0.0000000000000000    0.0000000000000000    0.0000000000000000    0.0000000000000000
39.0    0.0000000000000000    0.0000000000000000    0.0000000000000000    0.0000000000000000    0.0000000000000000
41.0    0.0000000000000000    0.0000000000000000    0.0000000000000000    0.0000000000000000    0.0000000000000000
43.0    0.0000000000000000    0.0000000000000000    0.0000000000000000    0.0000000000000000    0.0000000000000000
45.0    0.0000000000000000    0.0000000000000000    0.0000000000000000    0.0000000000000000    0.0000000000000000
47.0    0.0000000000000000    0.0000000000000000    0.0000000000000000    0.0000000000000000    0.0000000000000000
49.0    0.0000000000000000    0.0000000000000000    0.0000000000000000    0.0000000000000000    0.0000000000000000
51.0    0.0000000000000000    0.0000000000000000    0.0000000000000000    0.0000000000000000    0.0000000000000000
53.0    0.0000000000000000    0.0000000000000000    0.0000000000000000    0.0000000000000000    0.0000000000000000
55.0    0.0000000000000000    0.0000000000000000    0.0000000000000000    0.0000000000000000    0.0000000000000000
57.0    0.0000000000000000    0.0000000000000000    0.0000000000000000    0.0000000000000000    0.0000000000000000
59.0    0.0000000000000000    0.0000000000000000    0.0000000000000000    0.0000000000000000    0.0000000000000000
61.0    0.0000000000000000    0.0000000000000000    0.0000000000000000    0.0000000000000000    0.0000000000000000
63.0    0.0000000000000000    0.0000000000000000    0.0000000000000000    0.0000000000000000    0.0000000000000000
65.0    0.0000000000000000    0.0000000000000000    0.0000000000000000    0.0000000000000000    0.0000000000000000
67.0    0.0000000000000000    0.0000000000000000    0.0000000000000000    0.0000000000000000    0.0000000000000000
69.0    0.0000000000000000    0.0000000000000000    0.0000000000000000    0.0000000000000000    0.0000000000000000
71.0    0.0000000000000000    0.0000000000000000    0.0000000000000000    0.0000000000000000    0.0000000000000000
73.0    0.0000000000000000    0.0000000000000000    0.0000000000000000    0.0000000000000000    0.0000000000000000
75.0    0.0000000000000000    0.0000000000000000    0.0000000000000000    0.0000000000000000    0.0000000000000000
77.0    0.0000000000000000    0.0000000000000000    0.0000000000000000    0.0000000000000000    0.0000000000000000
79.0    0.0000000000000000    0.0000000000000000    0.0000000000000000    0.0000000000000000    0.0000000000000000
81.0    0.0000000000000000    0.0000000000000000    0.0000000000000000    0.0000000000000000    0.0000000000000000
83.0    0.0000000000000000    0.0000000000000000    0.0000000000000000    0.0000000000000000    0.0000000000000000
85.0    0.0000000000000000    0.0000000000000000    0.0000000000000000    0.0000000000000000    0.0000000000000000
87.0    0.0000000000000000    0.0000000000000000    0.0000000000000000    0.0000000000000000    0.0000000000000000
89.0    0.0000000000000000    0.0000000000000000    0.0000000000000000    0.0000000000000000    0.0000000000000000
91.0    0.0000000000000000    0.0000000000000000    0.0000000000000000    0.0000000000000000    0.0000000000000000
93.0    0.0000000000000000    0.0000000000000000    0.0000000000000000    0.0000000000000000    0.0000000000000000
95.0    0.0000000000000000    0.0000000000000000    0.0000000000000000    0.0000000000000000    0.0000000000000000
97.0    0.0000000000000000    0.0000000000000000    0.0000000000000000    0.0000000000000000    0.0000000000000000
99.0    0.0000000000000000    0.0000000000000000    0.0000000000000000    0.0000000000000000    0.0000000000000000
101.0    0.0000000000000000    0.0000000000000000    0.0000000000000000    0.0000000000000000    0.0000000000000000
103.0    0.0000000000000000    0.0000000000000000    0.0000000000000000    0.0000000000000000    0.0000000000000000
105.0    0.0000000000000000    0.0000000000000000    0.0000000000000000    0.0000000000000000    0.0000000000000000
107.0    0.0000000000000000    0.0000000000000000    0.0000000000000000    0.0000000000000000    0.0000000000000000
109.0    0.0000000000000000    0.0000000000000000    0.0000000000000000    0.0000000000000000    0.0000000000000000
111.0    0.0000000000000000    0.0000000000000000    0.0000000000000000    0.0000000000000000    0.0000000000000000
113.0    0.0000000000000000    0.0000000000000000    0.0000000000000000    0.0000000000000000    0.0000000000000000
115.0    0.0000000000000000    0.0000000000000000    0.0000000000000000    0.0000000000000000    0.0000000000000000
117.0    0.0000000000000000    0.0000000000000000    0.0000000000000000    0.0000000000000000    0.0000000000000000
119.0    0.0000000000000000    0.0000000000000000    0.0000000000000000    0.0000000000000000    0.0000000000000000
121.0    0.0000000000000000    0.0000000000000000    0.0000000000000000    0.0000000000000000    0.0000000000000000
123.0    0.0000000000000000    0.0000000000000000    0.0000000000000000    0.0000000000000000    0.0000000000000000
125.0    0.0000000000000000    0.0000000000000000    0.0000000000000000    0.0000000000000000    0.0000000000000000
127.0    0.0000000000000000    0.0000000000000000    0.0000000000000000    0.0000000000000000    0.0000000000000000
129.0    0.0000000000000000    0.0000000000000000    0.0000000000000000    0.0000000000000000    0.0000000000000000
131.0    0.0000000000000000    0.0000000000000000    0.0000000000000000    0.0000000000000000    0.0000000000000000
133.0    0.0000000000000000    0.0000000000000000    0.0000000000000000    0.0000000000000000    0.0000000000000000
135.0    0.0000000000000000    0.0000000000000000    0.0000000000000000    0.0000000000000000    0.0000000000000000
137.0    0.0000000000000000    0.0000000000000000    0.0000000000000000    0.0000000000000000    0.0000000000000000
139.0    0.0000000000000000    0.0000000000000000    0.0000000000000000    0.0000000000000000    0.0000000000000000
141.0    0.0000000000000000    0.0000000000000000    0.0000000000000001    0.0000000000000000    0.0000000000000001
143.0    0.0000000000000001    0.0000000000000000    0.0000000000000001    0.0000000000000001    0.0000000000000001
145.0    0.0000000000000001    0.0000000000000001    0.0000000000000001    0.0000000000000001    0.0000000000000001
147.0    0.0000000000000002    0.0000000000000001    0.0000000000000002    0.0000000000000002    0.0000000000000002
149.0    0.0000000000000002    0.0000000000000001    0.0000000000000003    0.0000000000000002    0.0000000000000003
151.0    0.0000000000000003    0.0000000000000002    0.0000000000000004    0.0000000000000003    0.0000000000000004
153.0    0.0000000000000005    0.0000000000000003    0.0000000000000005    0.0000000000000005    0.0000000000000006
155.0    0.0000000000000007    0.0000000000000005    0.0000000000000008    0.0000000000000007    0.0000000000000008
157.0    0.0000000000000010    0.0000000000000006    0.0000000000000011    0.0000000000000009    0.0000000000000011
159.0    0.0000000000000013    0.0000000000000009    0.0000000000000015    0.0000000000000013    0.0000000000000015
161.0    0.0000000000000018    0.0000000000000013    0.0000000000000020    0.0000000000000018    0.0000000000000020
163.0    0.0000000000000025    0.0000000000000018    0.0000000000000026    0.0000000000000024    0.0000000000000027
165.0    0.0000000000000033    0.0000000000000025    0.0000000000000035    0.0000000000000033    0.0000000000000036
167.0    0.0000000000000044    0.0000000000000033    0.0000000000000046    0.0000000000000043    0.0000000000000048
169.0    0.0000000000000057    0.0000000000000044    0.0000000000000059    0.0000000000000057    0.0000000000000062
171.0    0.0000000000000074    0.0000000000000059    0.0000000000000076    0.0000000000000074    0.0000000000000079
173.0    0.0000000000000095    0.0000000000000077    0.0000000000000098    0.0000000000000095    0.0000000000000100
175.0    0.0000000000000120    0.0000000000000100    0.0000000000000123    0.0000000000000121    0.0000000000000127
177.0    0.0000000000000152    0.0000000000000127    0.0000000000000153    0.0000000000000154    0.0000000000000159
179.0    0.0000000000000189    0.0000000000000160    0.0000000000000191    0.0000000000000191    0.0000000000000198
181.0    0.0000000000000234    0.0000000000000201    0.0000000000000236    0.0000000000000237    0.0000000000000242
183.0    0.0000000000000287    0.0000000000000250    0.0000000000000286    0.0000000000000291    0.0000000000000293
185.0    0.0000000000000349    0.0000000000000307    0.0000000000000345    0.0000000000000352    0.0000000000000356
187.0    0.0000000000000417    0.0000000000000372    0.0000000000000416    0.0000000000000422    0.0000000000000429
189.0    0.0000000000000500    0.0000000000000446    0.0000000000000499    0.0000000000000507    0.0000000000000513
191.0    0.0000000000000594    0.0000000000000534    0.0000000000000589    0.0000000000000604    0.0000000000000609
193.0    0.0000000000000702    0.0000000000000636    0.0000000000000693    0.0000000000000710    0.0000000000000714
195.0    0.0000000000000825    0.0000000000000751    0.0000000000000815    0.0000000000000836    0.0000000000000834
197.0    0.0000000000000959    0.0000000000000876    0.0000000000000955    0.0000000000000979    0.0000000000000976
199.0    0.0000000000001117    0.0000000000001017    0.0000000000001107    0.0000000000001134    0.0000000000001136
201.0    0.0000000000001295    0.0000000000001182    0.0000000000001279    0.0000000000001317    0.0000000000001319
203.0    0.0000000000001498    0.0000000000001369    0.0000000000001481    0.0000000000001525    0.0000000000001517
205.0    0.0000000000001727    0.0000000000001581    0.0000000000001712    0.0000000000001749    0.0000000000001741
207.0    0.0000000000001976    0.0000000000001811    0.0000000000001962    0.0000000000002015    0.0000000000002005
209.0    0.0000000000002270    0.0000000000002072    0.0000000000002244    0.0000000000002318    0.0000000000002305
211.0    0.0000000000002603    0.0000000000002379    0.0000000000002579    0.0000000000002646    0.0000000000002646
213.0    0.0000000000002982    0.0000000000002728    0.0000000000002959    0.0000000000003035    0.0000000000003015
215.0    0.0000000000003412    0.0000000000003126    0.0000000000003370    0.0000000000003478    0.0000000000003434
217.0    0.0000000000003900    0.0000000000003560    0.0000000000003836    0.0000000000003958    0.0000000000003927
219.0    0.0000000000004453    0.0000000000004052    0.0000000000004386    0.0000000000004527    0.0000000000004486
221.0    0.0000000000005052    0.0000000000004633    0.0000000000005009    0.0000000000005172    0.0000000000005120
223.0    0.0000000000005757    0.0000000000005291    0.0000000000005681    0.0000000000005869    0.0000000000005835
225.0    0.0000000000006551    0.0000000000006036    0.0000000000006437    0.0000000000006690    0.0000000000006606
227.0    0.0000000000007445    0.0000000000006843    0.0000000000007322    0.0000000000007614    0.0000000000007471
229.0    0.0000000000008448    0.0000000000007751    0.0000000000008317    0.0000000000008607    0.0000000000008481
231.0    0.0000000000009525    0.0000000000008809    0.0000000000009382    0.0000000000009769    0.0000000000009612
233.0    0.0000000000010777    0.0000000000009996    0.0000000000010569    0.0000000000011066    0.0000000000010875
235.0    0.0000000000012169    0.0000000000011270    0.0000000000011946    0.0000000000012449    0.0000000000012220
237.0    0.0000000000013718    0.0000000000012689    0.0000000000013476    0.0000000000013980    0.0000000000013709
239.0    0.0000000000015431    0.0000000000014327    0.0000000000015095    0.0000000000015751    0.0000000000015425
241.0    0.0000000000017325    0.0000000000016146    0.0000000000016879    0.0000000000017707    0.0000000000017319
243.0    0.0000000000019405    0.0000000000018158    0.0000000000018922    0.0000000000019764    0.0000000000019401
245.0    0.0000000000021590    0.0000000000020285    0.0000000000021163    0.0000000000022120    0.0000000000021683
247.0    0.0000000000024073    0.0000000000022616    0.0000000000023502    0.0000000000024691    0.0000000000024063
249.0    0.0000000000026770    0.0000000000025261    0.0000000000026043    0.0000000000027364    0.0000000000026645
251.0    0.0000000000029694    0.0000000000028141    0.0000000000028909    0.0000000000030388    0.0000000000029557
253.0    0.0000000000032842    0.0000000000031260    0.0000000000032003    0.0000000000033647    0.0000000000032695
255.0    0.0000000000036085    0.0000000000034488    0.0000000000035184    0.0000000000036989    0.0000000000036066
257.0    0.0000000000039692    0.0000000000037944    0.0000000000038583    0.0000000000040720    0.0000000000039513
259.0    0.0000000000043528    0.0000000000041775    0.0000000000042358    0.0000000000044688    0.0000000000043178
261.0    0.0000000000047599    0.0000000000045845    0.0000000000046367    0.0000000000048706    0.0000000000047228
263.0    0.0000000000051895    0.0000000000050149    0.0000000000050425    0.0000000000053137    0.0000000000051508
265.0    0.0000000000056232    0.0000000000054503    0.0000000000054698    0.0000000000057793    0.0000000000056017
267.0    0.0000000000060967    0.0000000000059066    0.0000000000059377    0.0000000000062458    0.0000000000060546
269.0    0.0000000000065916    0.0000000000064025    0.0000000000064278    0.0000000000067552    0.0000000000065280
271.0    0.0000000000071081    0.0000000000069198    0.0000000000069180    0.0000000000072859    0.0000000000070431
273.0    0.0000000000076451    0.0000000000074583    0.0000000000074281    0.0000000000078134    0.0000000000075795
275.0    0.0000000000082029    0.0000000000079956    0.0000000000079809    0.0000000000083855    0.0000000000081367
277.0    0.0000000000087806    0.0000000000085523    0.0000000000085299    0.0000000000089779    0.0000000000087144
279.0    0.0000000000093538    0.0000000000091515    0.0000000000090977    0.0000000000095635    0.0000000000092866
281.0    0.0000000000099700    0.0000000000097713    0.0000000000097093    0.0000000000101671    0.0000000000098771
283.0    0.0000000000106046    0.0000000000104114    0.0000000000103399    0.0000000000108170    0.0000000000105115
285.0    0.0000000000112575    0.0000000000110456    0.0000000000109614    0.0000000000114851    0.0000000000111640
287.0    0.0000000000119272    0.0000000000116977    0.0000000000115990    0.0000000000121405    0.0000000000118337
289.0    0.0000000000125851    0.0000000000123935    0.0000000000122803    0.0000000000128416    0.0000000000124904
291.0    0.0000000000132849    0.0000000000131058    0.0000000000129766    0.0000000000135571    0.0000000000131607
293.0    0.0000000000139974    0.0000000000138329    0.0000000000136567    0.0000000000142536    0.0000000000138729
295.0    0.0000000000147213    0.0000000000145436    0.0000000000143479    0.0000000000149924    0.0000000000145965
297.0    0.0000000000154542    0.0000000000152636    0.0000000000150792    0.0000000000157398    0.0000000000153297
299.0    0.0000000000161647    0.0000000000160196    0.0000000000158190    0.0000000000164608    0.0000000000160395
301.0    0.0000000000169101    0.0000000000167803    0.0000000000165343    0.0000000000172190    0.0000000000167547
303.0    0.0000000000176589    0.0000000000175430    0.0000000000172542    0.0000000000179797    0.0000000000175051
305.0    0.0000000000184097    0.0000000000182763    0.0000000000180088    0.0000000000187082    0.0000000000182582
307.0    0.0000000000191610    0.0000000000190078    0.0000000000187654    0.0000000000194694    0.0000000000190126
309.0    0.0000000000199120    0.0000000000197654    0.0000000000194916    0.0000000000202294    0.0000000000197675
311.0    0.0000000000206622    0.0000000000205193    0.0000000000202183    0.0000000000209550    0.0000000000204908
313.0    0.0000000000213817    0.0000000000212693    0.0000000000209767    0.0000000000217123    0.0000000000212140
315.0    0.0000000000221307    0.0000000000219877    0.0000000000217354    0.0000000000224690    0.0000000000219688
317.0    0.0000000000228801    0.0000000000227042    0.0000000000224634    0.0000000000231932    0.0000000000227245
319.0    0.0000000000236313    0.0000000000234493    0.0000000000231930    0.0000000000239524    0.0000000000234821
321.0    0.0000000000243856    0.0000000000241963    0.0000000000239571    0.0000000000247153    0.0000000000242112
323.0    0.0000000000251144    0.0000000000249476    0.0000000000247257    0.0000000000254505    0.0000000000249449
325.0    0.0000000000258803    0.0000000000256762    0.0000000000254679    0.0000000000262268    0.0000000000257169
327.0    0.0000000000266547    0.0000000000264134    0.0000000000262174    0.0000000000270129    0.0000000000264972
329.0    0.0000000000274399    0.0000000000271911    0.0000000000270087    0.0000000000277760    0.0000000000272879
331.0    0.0000000000282373    0.0000000000279821    0.0000000000278114    0.0000000000285517    0.0000000000280567
333.0    0.0000000000290490    0.0000000000287882    0.0000000000285929    0.0000000000293777    0.0000000000288383
335.0    0.0000000000298761    0.0000000000295789    0.0000000000293880    0.0000000000302203    0.0000000000296687
337.0    0.0000000000306863    0.0000000000303862    0.0000000000302333    0.0000000000310434    0.0000000000305156
339.0    0.0000000000315480    0.0000000000312442    0.0000000000310962    0.0000000000319229    0.0000000000313804
341.0    0.0000000000324288    0.0000000000321219    0.0000000000319406    0.0000000000328224    0.0000000000322643
343.0    0.0000000000333300    0.0000000000330200    0.0000000000328034    0.0000000000337027    0.0000000000331301
345.0    0.0000000000342521    0.0000000000339035    0.0000000000337240    0.0000000000346447    0.0000000000340155
347.0    0.0000000000351580    0.0000000000348075    0.0000000000346663    0.0000000000356093    0.0000000000349607
349.0    0.0000000000361241    0.0000000000357698    0.0000000000355905    0.0000000000365542    0.0000000000359288
351.0    0.0000000000371134    0.0000000000367557    0.0000000000365366    0.0000000000375662    0.0000000000369204
353.0    0.0000000000381274    0.0000000000377265    0.0000000000375474    0.0000000000386031    0.0000000000378936
355.0    0.0000000000391662    0.0000000000387211    0.0000000000385834    0.0000000000396195    0.0000000000388903
357.0    0.0000000000401879    0.0000000000397812    0.0000000000396003    0.0000000000407088    0.0000000000399556
359.0    0.0000000000412786    0.0000000000408684    0.0000000000406421    0.0000000000418254    0.0000000000410478
361.0    0.0000000000423963    0.0000000000419839    0.0000000000417558    0.0000000000429202    0.0000000000421675
363.0    0.0000000000435424    0.0000000000430836    0.0000000000428976    0.0000000000440937    0.0000000000432669
365.0    0.0000000000447169    0.0000000000442110    0.0000000000440186    0.0000000000452965    0.0000000000443932
367.0    0.0000000000459210    0.0000000000454130    0.0000000000451669    0.0000000000464755    0.0000000000455970
369.0    0.0000000000471544    0.0000000000466457    0.0000000000463941    0.0000000000477384    0.0000000000468307
371.0    0.0000000000483670    0.0000000000479095    0.0000000000476516    0.0000000000490320    0.0000000000480948
373.0    0.0000000000496600    0.0000000000491540    0.0000000000488851    0.0000000000502988    0.0000000000493894
375.0    0.0000000000509832    0.0000000000504280    0.0000000000501474    0.0000000000515944    0.0000000000506588
377.0    0.0000000000523375    0.0000000000517837    0.0000000000514947    0.0000000000529799    0.0000000000519571
379.0    0.0000000000537220    0.0000000000531712    0.0000000000528732    0.0000000000543965    0.0000000000533420
381.0    0.0000000000550803    0.0000000000545903    0.0000000000542232    0.0000000000557811    0.0000000000547580
383.0    0.0000000000565253    0.0000000000559844    0.0000000000556022    0.0000000000572596    0.0000000000562049
385.0    0.0000000000580002    0.0000000000574082    0.0000000000570712    0.0000000000587686    0.0000000000576202
387.0    0.0000000000595057    0.0000000000589195    0.0000000000585711    0.0000000000602411    0.0000000000590640
389.0    0.0000000000610407    0.0000000000604619    0.0000000000600367    0.0000000000618105    0.0000000000605999
391.0    0.0000000000626054    0.0000000000620352    0.0000000000615305    0.0000000000634095    0.0000000000621657
393.0    0.0000000000641988    0.0000000000635762    0.0000000000631182    0.0000000000649668    0.0000000000637609
395.0    0.0000000000657553    0.0000000000651450    0.0000000000647351    0.0000000000666233    0.0000000000653164
397.0    0.0000000000674042    0.0000000000668046    0.0000000000663115    0.0000000000683077    0.0000000000668983
399.0    0.0000000000690800    0.0000000000684921    0.0000000000679142    0.0000000000699450    0.0000000000685758
401.0    0.0000000000707830    0.0000000000702064    0.0000000000696137    0.0000000000716833    0.0000000000702803
403.0    0.0000000000725118    0.0000000000718790    0.0000000000713406    0.0000000000734478    0.0000000000720113
405.0    0.0000000000741959    0.0000000000735745    0.0000000000730208    0.0000000000751603    0.0000000000737683
407.0    0.0000000000759756    0.0000000000753610    0.0000000000747261    0.0000000000769763    0.0000000000754762
409.0    0.0000000000777807    0.0000000000771701    0.0000000000765318    0.0000000000788182    0.0000000000772082
411.0    0.0000000000796123    0.0000000000790014    0.0000000000783651    0.0000000000806052    0.0000000000790408
413.0    0.0000000000814707    0.0000000000807828    0.0000000000801483    0.0000000000825011    0.0000000000809003
415.0    0.0000000000832817    0.0000000000825850    0.0000000000819591    0.0000000000844263    0.0000000000827880
417.0    0.0000000000851985    0.0000000000844818    0.0000000000838792    0.0000000000862981    0.0000000000846252
419.0    0.0000000000871483    0.0000000000864033    0.0000000000858336    0.0000000000882900    0.0000000000864930
421.0    0.0000000000891357    0.0000000000883521    0.0000000000877414    0.0000000000903212    0.0000000000884773
423.0    0.0000000000911645    0.0000000000902550    0.0000000000896881    0.0000000000923066    0.0000000000905023
425.0    0.0000000000932415    0.0000000000921912    0.0000000000917652    0.0000000000943391    0.0000000000925737
427.0    0.0000000000953723    0.0000000000942453    0.0000000000938955    0.0000000000965222    0.0000000000946980
429.0    0.0000000000974769    0.0000000000963481    0.0000000000959934    0.0000000000987722    0.0000000000967904
431.0    0.0000000000997398    0.0000000000985086    0.0000000000981556    0.0000000001009977    0.0000000000989477
433.0    0.0000000001020836    0.0000000001006495    0.0000000001004883    0.0000000001034126    0.0000000001012763
435.0    0.0000000001045219    0.0000000001028650    0.0000000001029103    0.0000000001059280    0.0000000001036961
437.0    0.0000000001070653    0.0000000001052597    0.0000000001053260    0.0000000001084432    0.0000000001062198
439.0    0.0000000001096206    0.0000000001077618    0.0000000001078481    0.0000000001112015    0.0000000001087480
441.0    0.0000000001124152    0.0000000001103876    0.0000000001106046    0.0000000001141046    0.0000000001113993
443.0    0.0000000001153582    0.0000000001130448    0.0000000001135042    0.0000000001170352    0.0000000001143098
445.0    0.0000000001184701    0.0000000001158519    0.0000000001164305    0.0000000001202772    0.0000000001173844
447.0    0.0000000001217633    0.0000000001189458    0.0000000001195199    0.0000000001237145    0.0000000001206405
449.0    0.0000000001251145    0.0000000001222388    0.0000000001229298    0.0000000001272062    0.0000000001239458
451.0    0.0000000001288199    0.0000000001257518    0.0000000001265473    0.0000000001310868    0.0000000001274522
453.0    0.0000000001327559    0.0000000001293546    0.0000000001302233    0.0000000001352145    0.0000000001313373
455.0    0.0000000001369457    0.0000000001332009    0.0000000001341228    0.0000000001394141    0.0000000001354713
457.0    0.0000000001413968    0.0000000001374729    0.0000000001384405    0.0000000001440824    0.0000000001398706
459.0    0.0000000001461310    0.0000000001420415    0.0000000001430283    0.0000000001490420    0.0000000001445498
461.0    0.0000000001511526    0.0000000001469234    0.0000000001476881    0.0000000001540753    0.0000000001493061
463.0    0.0000000001562592    0.0000000001519240    0.0000000001526221    0.0000000001596497    0.0000000001543459
465.0    0.0000000001618844    0.0000000001572422    0.0000000001580661    0.0000000001655432    0.0000000001599085
467.0    0.0000000001678211    0.0000000001631116    0.0000000001638207    0.0000000001714900    0.0000000001657905
469.0    0.0000000001740813    0.0000000001693346    0.0000000001696302    0.0000000001777387    0.0000000001719963
471.0    0.0000000001806572    0.0000000001756521    0.0000000001757365    0.0000000001845957    0.0000000001782465
473.0    0.0000000001872701    0.0000000001823024    0.0000000001824178    0.0000000001917728    0.0000000001847982
475.0    0.0000000001944668    0.0000000001895602    0.0000000001894146    0.0000000001989367    0.0000000001919451
477.0    0.0000000002019637    0.0000000001971608    0.0000000001964086    0.0000000002067291    0.0000000001994041
479.0    0.0000000002097577    0.0000000002050922    0.0000000002036831    0.0000000002148110    0.0000000002071652
481.0    0.0000000002178272    0.0000000002130143    0.0000000002115559    0.0000000002228036    0.0000000002148713
483.0    0.0000000002261632    0.0000000002212154    0.0000000002197045    0.0000000002314148    0.0000000002228320
485.0    0.0000000002347400    0.0000000002300139    0.0000000002277561    0.0000000002402612    0.0000000002313870
487.0    0.0000000002431854    0.0000000002390652    0.0000000002360321    0.0000000002489259    0.0000000002401766
489.0    0.0000000002521811    0.0000000002483423    0.0000000002448825    0.0000000002581726    0.0000000002491784
491.0    0.0000000002613515    0.0000000002574487    0.0000000002539313    0.0000000002675818    0.0000000002583678
493.0    0.0000000002706758    0.0000000002667138    0.0000000002627657    0.0000000002767125    0.0000000002673258
495.0    0.0000000002801238    0.0000000002764845    0.0000000002717399    0.0000000002863671    0.0000000002764112
497.0    0.0000000002892882    0.0000000002863642    0.0000000002812252    0.0000000002961034    0.0000000002859984
499.0    0.0000000002989061    0.0000000002963212    0.0000000002908087    0.0000000003054692    0.0000000002956688
501.0    0.0000000003085702    0.0000000003059398    0.0000000003000599    0.0000000003152885    0.0000000003053954
503.0    0.0000000003182552    0.0000000003155753    0.0000000003093543    0.0000000003251105    0.0000000003147445
505.0    0.0000000003279361    0.0000000003255863    0.0000000003190735    0.0000000003344838    0.0000000003240978
507.0    0.0000000003372035    0.0000000003355606    0.0000000003287887    0.0000000003442374    0.0000000003338382
509.0    0.0000000003468068    0.0000000003454734    0.0000000003380739    0.0000000003539235    0.0000000003435353
511.0    0.0000000003563399    0.0000000003549248    0.0000000003473128    0.0000000003631038    0.0000000003531668
513.0    0.0000000003657806    0.0000000003642772    0.0000000003568846    0.0000000003721855    0.0000000003623172
515.0    0.0000000003751134    0.0000000003738819    0.0000000003663666    0.0000000003815565    0.0000000003713705
517.0    0.0000000003843197    0.0000000003833454    0.0000000003753527    0.0000000003907895    0.0000000003806994
519.0    0.0000000003933878    0.0000000003926523    0.0000000003842235    0.0000000003994764    0.0000000003898922
521.0    0.0000000004019494    0.0000000004014428    0.0000000003933450    0.0000000004083946    0.0000000003989351
523.0    0.0000000004107066    0.0000000004100652    0.0000000004023151    0.0000000004171400    0.0000000004078162
525.0    0.0000000004192937    0.0000000004188490    0.0000000004107599    0.0000000004253324    0.0000000004161675
527.0    0.0000000004276982    0.0000000004274371    0.0000000004190441    0.0000000004337089    0.0000000004243509
529.0    0.0000000004359187    0.0000000004358240    0.0000000004275133    0.0000000004418924    0.0000000004327082
531.0    0.0000000004436289    0.0000000004436960    0.0000000004357952    0.0000000004495314    0.0000000004408729
533.0    0.0000000004514676    0.0000000004513725    0.0000000004435530    0.0000000004573172    0.0000000004488408
535.0    0.0000000004591109    0.0000000004591518    0.0000000004511272    0.0000000004649013    0.0000000004562902
537.0    0.0000000004665516    0.0000000004667198    0.0000000004588372    0.0000000004719608    0.0000000004635511
539.0    0.0000000004737940    0.0000000004740765    0.0000000004663452    0.0000000004791383    0.0000000004709298
541.0    0.0000000004808332    0.0000000004809530    0.0000000004733515    0.0000000004861125    0.0000000004781045
543.0    0.0000000004876745    0.0000000004876333    0.0000000004801682    0.0000000004925905    0.0000000004850758
545.0    0.0000000004940534    0.0000000004943785    0.0000000004870841    0.0000000004991629    0.0000000004915672
547.0    0.0000000005005030    0.0000000005009184    0.0000000004935235    0.0000000005055367    0.0000000004978713
549.0    0.0000000005067592    0.0000000005072548    0.0000000004997757    0.0000000005114461    0.0000000005042554
551.0    0.0000000005128198    0.0000000005131603    0.0000000005061067    0.0000000005174308    0.0000000005104421
553.0    0.0000000005186921    0.0000000005188811    0.0000000005122407    0.0000000005232248    0.0000000005164339
555.0    0.0000000005241512    0.0000000005246418    0.0000000005179385    0.0000000005285875    0.0000000005222339
557.0    0.0000000005296558    0.0000000005302119    0.0000000005234578    0.0000000005340103    0.0000000005276159
559.0    0.0000000005349809    0.0000000005355952    0.0000000005290341    0.0000000005392523    0.0000000005328252
561.0    0.0000000005401255    0.0000000005405998    0.0000000005344253    0.0000000005440970    0.0000000005380832
563.0    0.0000000005450977    0.0000000005454358    0.0000000005394219    0.0000000005487803    0.0000000005431625
565.0    0.0000000005497084    0.0000000005502942    0.0000000005442528    0.0000000005535065    0.0000000005480662
567.0    0.0000000005543459    0.0000000005549805    0.0000000005491236    0.0000000005580665    0.0000000005526055
569.0    0.0000000005588216    0.0000000005594981    0.0000000005538233    0.0000000005622724    0.0000000005569881
571.0    0.0000000005631346    0.0000000005636878    0.0000000005581705    0.0000000005665110    0.0000000005614010
573.0    0.0000000005672930    0.0000000005677265    0.0000000005623656    0.0000000005705943    0.0000000005656534
575.0    0.0000000005712965    0.0000000005717740    0.0000000005665870    0.0000000005743555    0.0000000005697485
577.0    0.0000000005751531    0.0000000005756679    0.0000000005706522    0.0000000005781401    0.0000000005735304
579.0    0.0000000005787173    0.0000000005794126    0.0000000005744059    0.0000000005817812    0.0000000005771727
581.0    0.0000000005822906    0.0000000005828763    0.0000000005780211    0.0000000005851301    0.0000000005808319
583.0    0.0000000005857277    0.0000000005862073    0.0000000005816526    0.0000000005884953    0.0000000005843494
585.0    0.0000000005890288    0.0000000005895367    0.0000000005851429    0.0000000005917287    0.0000000005877286
587.0    0.0000000005922018    0.0000000005927318    0.0000000005883604    0.0000000005946989    0.0000000005909740
589.0    0.0000000005951282    0.0000000005956819    0.0000000005914534    0.0000000005976799    0.0000000005939627
591.0    0.0000000005980557    0.0000000005985136    0.0000000005945554    0.0000000006005409    0.0000000005968338
593.0    0.0000000006008665    0.0000000006013391    0.0000000005975322    0.0000000006031663    0.0000000005997108
595.0    0.0000000006035609    0.0000000006040459    0.0000000006002718    0.0000000006057989    0.0000000006024697
597.0    0.0000000006061464    0.0000000006066382    0.0000000006029023    0.0000000006083233    0.0000000006051142
599.0    0.0000000006085275    0.0000000006090277    0.0000000006055368    0.0000000006106388    0.0000000006075457
601.0    0.0000000006109065    0.0000000006113174    0.0000000006080623    0.0000000006129592    0.0000000006098785
603.0    0.0000000006131887    0.0000000006135995    0.0000000006103845    0.0000000006151839    0.0000000006122133
605.0    0.0000000006153747    0.0000000006157833    0.0000000006126129    0.0000000006172244    0.0000000006144503
607.0    0.0000000006174720    0.0000000006178736    0.0000000006148440    0.0000000006191832    0.0000000006165932
609.0    0.0000000006194816    0.0000000006197999    0.0000000006169823    0.0000000006211475    0.0000000006185637
611.0    0.0000000006214103    0.0000000006216463    0.0000000006189488    0.0000000006230325    0.0000000006204543
613.0    0.0000000006231877    0.0000000006234877    0.0000000006208365    0.0000000006247635    0.0000000006223479
615.0    0.0000000006249664    0.0000000006252522    0.0000000006227283    0.0000000006265017    0.0000000006241645
617.0    0.0000000006266757    0.0000000006269446    0.0000000006245440    0.0000000006281726    0.0000000006259080
619.0    0.0000000006283178    0.0000000006285079    0.0000000006262164    0.0000000006297104    0.0000000006275825
621.0    0.0000000006298988    0.0000000006300112    0.0000000006278256    0.0000000006312588    0.0000000006291265
623.0    0.0000000006313610    0.0000000006315163    0.0000000006294418    0.0000000006327516    0.0000000006306142
625.0    0.0000000006328305    0.0000000006329657    0.0000000006309982    0.0000000006341299    0.0000000006321108
627.0    0.0000000006342503    0.0000000006343632    0.0000000006324369    0.0000000006355228    0.0000000006335543
629.0    0.0000000006356215    0.0000000006356622    0.0000000006338265    0.0000000006368714    0.0000000006349484
631.0    0.0000000006369499    0.0000000006369198    0.0000000006352290    0.0000000006381218    0.0000000006362417
633.0    0.0000000006382377    0.0000000006381884    0.0000000006365857    0.0000000006393916    0.0000000006374957
635.0    0.0000000006394886    0.0000000006394199    0.0000000006378469    0.0000000006406266    0.0000000006387664
637.0    0.0000000006406573    0.0000000006406180    0.0000000006390722    0.0000000006417778    0.0000000006400016
639.0    0.0000000006418442    0.0000000006417418    0.0000000006403159    0.0000000006429525    0.0000000006412043
641.0    0.0000000006430035    0.0000000006428402    0.0000000006415273    0.0000000006441014    0.0000000006423776
643.0    0.0000000006441369    0.0000000006439584    0.0000000006426605    0.0000000006451779    0.0000000006434770
645.0    0.0000000006452474    0.0000000006450551    0.0000000006437687    0.0000000006462821    0.0000000006445544
647.0    0.0000000006462941    0.0000000006461325    0.0000000006449012    0.0000000006473675    0.0000000006456573
649.0    0.0000000006473660    0.0000000006471526    0.0000000006460118    0.0000000006483894    0.0000000006467407
651.0    0.0000000006484213    0.0000000006481586    0.0000000006470575    0.0000000006494425    0.0000000006478072
653.0    0.0000000006494615    0.0000000006491921    0.0000000006480868    0.0000000006504822    0.0000000006488146
655.0    0.0000000006504886    0.0000000006502142    0.0000000006491452    0.0000000006514647    0.0000000006498095
657.0    0.0000000006514630    0.0000000006512259    0.0000000006501892    0.0000000006524376    0.0000000006508353
659.0    0.0000000006524678    0.0000000006521907    0.0000000006511775    0.0000000006534446    0.0000000006518506
661.0    0.0000000006534629    0.0000000006531483    0.0000000006521553    0.0000000006544426    0.0000000006528560
663.0    0.0000000006544493    0.0000000006541375    0.0000000006531653    0.0000000006553895    0.0000000006538114
665.0    0.0000000006554277    0.0000000006551205    0.0000000006541660    0.0000000006563719    0.0000000006547594
667.0    0.0000000006563984    0.0000000006560980    0.0000000006551167    0.0000000006573470    0.0000000006557412
669.0    0.0000000006573621    0.0000000006570331    0.0000000006560598    0.0000000006582729    0.0000000006567165
671.0    0.0000000006582809    0.0000000006579635    0.0000000006570363    0.0000000006592347    0.0000000006576853
673.0    0.0000000006592315    0.0000000006589265    0.0000000006580059    0.0000000006601894    0.0000000006586478
675.0    0.0000000006601754    0.0000000006598845    0.0000000006589285    0.0000000006610962    0.0000000006595642
677.0    0.0000000006611125    0.0000000006608375    0.0000000006598442    0.0000000006620371    0.0000000006604749
679.0    0.0000000006620427    0.0000000006617487    0.0000000006607929    0.0000000006629705    0.0000000006614187
681.0    0.0000000006629288    0.0000000006626548    0.0000000006617345    0.0000000006638558    0.0000000006623560
683.0    0.0000000006638438    0.0000000006635910    0.0000000006626295    0.0000000006647732    0.0000000006632859
685.0    0.0000000006647511    0.0000000006645203    0.0000000006635172    0.0000000006656814    0.0000000006641698
687.0    0.0000000006656491    0.0000000006654423    0.0000000006644352    0.0000000006665408    0.0000000006650462
689.0    0.0000000006665375    0.0000000006663208    0.0000000006653441    0.0000000006674287    0.0000000006659518
691.0    0.0000000006674155    0.0000000006671910    0.0000000006662059    0.0000000006683054    0.0000000006668475
693.0    0.0000000006682824    0.0000000006680859    0.0000000006670579    0.0000000006691321    0.0000000006677328
695.0    0.0000000006691032    0.0000000006689698    0.0000000006679359    0.0000000006699833    0.0000000006685702
697.0    0.0000000006699452    0.0000000006698416    0.0000000006688018    0.0000000006708204    0.0000000006693962
699.0    0.0000000006707729    0.0000000006706675    0.0000000006696192    0.0000000006716063    0.0000000006702447
701.0    0.0000000006715856    0.0000000006714796    0.0000000006704234    0.0000000006723770    0.0000000006710788
703.0    0.0000000006723823    0.0000000006723092    0.0000000006712475    0.0000000006731652    0.0000000006718971
705.0    0.0000000006731308    0.0000000006731219    0.0000000006720556    0.0000000006739351    0.0000000006726985
707.0    0.0000000006738922    0.0000000006738863    0.0000000006728138    0.0000000006746527    0.0000000006734498
709.0    0.0000000006746342    0.0000000006746325    0.0000000006735548    0.0000000006753820    0.0000000006741831
711.0    0.0000000006753555    0.0000000006753885    0.0000000006743090    0.0000000006760895    0.0000000006749286
713.0    0.0000000006760554    0.0000000006761227    0.0000000006750423    0.0000000006767443    0.0000000006756527
715.0    0.0000000006767055    0.0000000006768336    0.0000000006757248    0.0000000006774046    0.0000000006763540
717.0    0.0000000006773593    0.0000000006774942    0.0000000006763861    0.0000000006780400    0.0000000006770036
719.0    0.0000000006779884    0.0000000006781309    0.0000000006770526    0.0000000006786226    0.0000000006776305
721.0    0.0000000006785911    0.0000000006787671    0.0000000006776942    0.0000000006792049    0.0000000006782590
723.0    0.0000000006791676    0.0000000006793755    0.0000000006782847    0.0000000006797590    0.0000000006788605
725.0    0.0000000006797158    0.0000000006799546    0.0000000006788500    0.0000000006802615    0.0000000006794342
727.0    0.0000000006802357    0.0000000006804837    0.0000000006794126    0.0000000006807575    0.0000000006799569
729.0    0.0000000006807073    0.0000000006809838    0.0000000006799465    0.0000000006812230    0.0000000006804518
731.0    0.0000000006811686    0.0000000006814730    0.0000000006804307    0.0000000006816385    0.0000000006809386
733.0    0.0000000006815997    0.0000000006819298    0.0000000006808864    0.0000000006820418    0.0000000006813940
735.0    0.0000000006819994    0.0000000006823536    0.0000000006813319    0.0000000006824131    0.0000000006818176
737.0    0.0000000006823674    0.0000000006827294    0.0000000006817459    0.0000000006827374    0.0000000006822086
739.0    0.0000000006826903    0.0000000006830735    0.0000000006821125    0.0000000006830437    0.0000000006825527
741.0    0.0000000006829948    0.0000000006833975    0.0000000006824490    0.0000000006833172    0.0000000006828658
743.0    0.0000000006832673    0.0000000006836867    0.0000000006827683    0.0000000006835474    0.0000000006831602
745.0    0.0000000006835065    0.0000000006839412    0.0000000006830545    0.0000000006837549    0.0000000006834205
747.0    0.0000000006837134    0.0000000006841528    0.0000000006832977    0.0000000006839298    0.0000000006836473
749.0    0.0000000006838813    0.0000000006843321    0.0000000006835101    0.0000000006840658    0.0000000006838328
751.0    0.0000000006840238    0.0000000006844845    0.0000000006836993    0.0000000006841715    0.0000000006839875
753.0    0.0000000006841345    0.0000000006846025    0.0000000006838553    0.0000000006842499    0.0000000006841159
755.0    0.0000000006842129    0.0000000006846865    0.0000000006839741    0.0000000006842966    0.0000000006842113
757.0    0.0000000006842601    0.0000000006847357    0.0000000006840626    0.0000000006843111    0.0000000006842740
759.0    0.0000000006842758    0.0000000006847535    0.0000000006841237    0.0000000006842957    0.0000000006843040
761.0    0.0000000006842615    0.0000000006847407    0.0000000006841528    0.0000000006842502    0.0000000006843044
763.0    0.0000000006842191    0.0000000006846958    0.0000000006841515    0.0000000006841786    0.0000000006842746
765.0    0.0000000006841461    0.0000000006846201    0.0000000006841217    0.0000000006840747    0.0000000006842139
767.0    0.0000000006840453    0.0000000006845189    0.0000000006840610    0.0000000006839430    0.0000000006841237
769.0    0.0000000006839158    0.0000000006843901    0.0000000006839712    0.0000000006837911    0.0000000006840046
771.0    0.0000000006837598    0.0000000006842284    0.0000000006838584    0.0000000006836059    0.0000000006838640
773.0    0.0000000006835855    0.0000000006840393    0.0000000006837197    0.0000000006833954    0.0000000006836984
775.0    0.0000000006833788    0.0000000006838238    0.0000000006835484    0.0000000006831705    0.0000000006834997
777.0    0.0000000006831481    0.0000000006835926    0.0000000006833511    0.0000000006829116    0.0000000006832758
779.0    0.0000000006828934    0.0000000006833385    0.0000000006831386    0.0000000006826304    0.0000000006830271
781.0    0.0000000006826167    0.0000000006830515    0.0000000006829033    0.0000000006823403    0.0000000006827673
783.0    0.0000000006823178    0.0000000006827422    0.0000000006826353    0.0000000006820163    0.0000000006824862
785.0    0.0000000006819988    0.0000000006824115    0.0000000006823444    0.0000000006816724    0.0000000006821720
787.0    0.0000000006816734    0.0000000006820747    0.0000000006820458    0.0000000006813255    0.0000000006818375
789.0    0.0000000006813163    0.0000000006817195    0.0000000006817277    0.0000000006809447    0.0000000006814831
791.0    0.0000000006809414    0.0000000006813328    0.0000000006813771    0.0000000006805468    0.0000000006811263
793.0    0.0000000006805492    0.0000000006809288    0.0000000006810075    0.0000000006801505    0.0000000006807529
795.0    0.0000000006801408    0.0000000006805085    0.0000000006806365    0.0000000006797397    0.0000000006803469
797.0    0.0000000006797343    0.0000000006800898    0.0000000006802498    0.0000000006792959    0.0000000006799252
799.0    0.0000000006792965    0.0000000006796576    0.0000000006798305    0.0000000006788379    0.0000000006794882
801.0    0.0000000006788451    0.0000000006791951    0.0000000006793960    0.0000000006783874    0.0000000006790370
803.0    0.0000000006783800    0.0000000006787195    0.0000000006789661    0.0000000006779039    0.0000000006785923
805.0    0.0000000006779033    0.0000000006782318    0.0000000006785232    0.0000000006774085    0.0000000006781355
807.0    0.0000000006774343    0.0000000006777520    0.0000000006780486    0.0000000006769239    0.0000000006776472
809.0    0.0000000006769346    0.0000000006772626    0.0000000006775613    0.0000000006764067    0.0000000006771476
811.0    0.0000000006764247    0.0000000006767436    0.0000000006770838    0.0000000006758792    0.0000000006766372
813.0    0.0000000006759045    0.0000000006762148    0.0000000006765958    0.0000000006753656    0.0000000006761390
815.0    0.0000000006753748    0.0000000006756775    0.0000000006760762    0.0000000006748195    0.0000000006756313
817.0    0.0000000006748361    0.0000000006751524    0.0000000006755466    0.0000000006742645    0.0000000006750928
819.0    0.0000000006742887    0.0000000006746198    0.0000000006750301    0.0000000006737255    0.0000000006745457
821.0    0.0000000006737554    0.0000000006740584    0.0000000006745053    0.0000000006731539    0.0000000006739901
823.0    0.0000000006731919    0.0000000006734895    0.0000000006739489    0.0000000006725748    0.0000000006734501
825.0    0.0000000006726208    0.0000000006729357    0.0000000006734079    0.0000000006720135    0.0000000006729033
827.0    0.0000000006720420    0.0000000006723755    0.0000000006728597    0.0000000006714192    0.0000000006723251
829.0    0.0000000006714561    0.0000000006717861    0.0000000006722797    0.0000000006708177    0.0000000006717398
831.0    0.0000000006708869    0.0000000006711904    0.0000000006716923    0.0000000006702355    0.0000000006711476
833.0    0.0000000006702871    0.0000000006705880    0.0000000006711225    0.0000000006696203    0.0000000006705483
835.0    0.0000000006696806    0.0000000006700028    0.0000000006705457    0.0000000006689976    0.0000000006699677
837.0    0.0000000006690668    0.0000000006694116    0.0000000006699370    0.0000000006683958    0.0000000006693809
839.0    0.0000000006684467    0.0000000006687908    0.0000000006693213    0.0000000006677596    0.0000000006687622
841.0    0.0000000006678196    0.0000000006681634    0.0000000006687245    0.0000000006671165    0.0000000006681366
843.0    0.0000000006671858    0.0000000006675295    0.0000000006681217    0.0000000006664946    0.0000000006675044
845.0    0.0000000006665708    0.0000000006669139    0.0000000006674856    0.0000000006658665    0.0000000006668924
847.0    0.0000000006659237    0.0000000006662923    0.0000000006668426    0.0000000006652027    0.0000000006662739
849.0    0.0000000006652694    0.0000000006656393    0.0000000006662199    0.0000000006645318    0.0000000006656221
851.0    0.0000000006646082    0.0000000006649793    0.0000000006655905    0.0000000006638831    0.0000000006649629
853.0    0.0000000006639399    0.0000000006643123    0.0000000006649268    0.0000000006631977    0.0000000006642971
855.0    0.0000000006632913    0.0000000006636645    0.0000000006642561    0.0000000006625047    0.0000000006636237
857.0    0.0000000006626087    0.0000000006630096    0.0000000006636063    0.0000000006618345    0.0000000006629718
859.0    0.0000000006619183    0.0000000006623212    0.0000000006629495    0.0000000006611266    0.0000000006623127
861.0    0.0000000006612205    0.0000000006616254    0.0000000006622568    0.0000000006604105    0.0000000006616177
863.0    0.0000000006605149    0.0000000006609215    0.0000000006615564    0.0000000006597178    0.0000000006609147
865.0    0.0000000006598301    0.0000000006602372    0.0000000006608778    0.0000000006589856    0.0000000006602037
867.0    0.0000000006591088    0.0000000006595449    0.0000000006601919    0.0000000006582451    0.0000000006595150
869.0    0.0000000006583795    0.0000000006588170    0.0000000006594681    0.0000000006575290    0.0000000006588183
871.0    0.0000000006576418    0.0000000006580807    0.0000000006587361    0.0000000006567715    0.0000000006580833
873.0    0.0000000006568957    0.0000000006573355    0.0000000006580269    0.0000000006560058    0.0000000006573398
875.0    0.0000000006561411    0.0000000006566106    0.0000000006573097    0.0000000006552651    0.0000000006565873
877.0    0.0000000006553781    0.0000000006558774    0.0000000006565528    0.0000000006544818    0.0000000006558584
879.0    0.0000000006546373    0.0000000006551058    0.0000000006557874    0.0000000006536898    0.0000000006551207
881.0    0.0000000006538569    0.0000000006543250    0.0000000006550455    0.0000000006529237    0.0000000006543425
883.0    0.0000000006530677    0.0000000006535349    0.0000000006542952    0.0000000006521139    0.0000000006535548
885.0    0.0000000006522695    0.0000000006527664    0.0000000006535038    0.0000000006512952    0.0000000006527581
887.0    0.0000000006514630    0.0000000006519890    0.0000000006527033    0.0000000006505035    0.0000000006519523
889.0    0.0000000006506800    0.0000000006511712    0.0000000006519275    0.0000000006497035    0.0000000006511714
891.0    0.0000000006498556    0.0000000006503440    0.0000000006511436    0.0000000006488582    0.0000000006503820
893.0    0.0000000006490223    0.0000000006495072    0.0000000006503165    0.0000000006480041    0.0000000006495491
895.0    0.0000000006481802    0.0000000006486940    0.0000000006494805    0.0000000006471787    0.0000000006487068
897.0    0.0000000006473295    0.0000000006478717    0.0000000006486705    0.0000000006463072    0.0000000006478555
899.0    0.0000000006465043    0.0000000006470075    0.0000000006478527    0.0000000006454268    0.0000000006470314
901.0    0.0000000006456366    0.0000000006461342    0.0000000006469902    0.0000000006445768    0.0000000006461987
903.0    0.0000000006447602    0.0000000006452516    0.0000000006461191    0.0000000006436798    0.0000000006453209
905.0    0.0000000006438756    0.0000000006443945    0.0000000006452759    0.0000000006427745    0.0000000006444344
907.0    0.0000000006429828    0.0000000006435292    0.0000000006444248    0.0000000006419010    0.0000000006435393
909.0    0.0000000006420817    0.0000000006426210    0.0000000006435283    0.0000000006409797    0.0000000006426737
911.0    0.0000000006411729    0.0000000006417043    0.0000000006426238    0.0000000006400507    0.0000000006418002
913.0    0.0000000006402932    0.0000000006407791    0.0000000006417489    0.0000000006391550    0.0000000006408810
915.0    0.0000000006393693    0.0000000006398819    0.0000000006408668    0.0000000006382113    0.0000000006399537
917.0    0.0000000006384380    0.0000000006389778    0.0000000006399386    0.0000000006372606    0.0000000006390185
919.0    0.0000000006374998    0.0000000006380301    0.0000000006390029    0.0000000006363445    0.0000000006380761
921.0    0.0000000006365548    0.0000000006370749    0.0000000006380995    0.0000000006353805    0.0000000006371664
923.0    0.0000000006356414    0.0000000006361128    0.0000000006371890    0.0000000006344098    0.0000000006362498
925.0    0.0000000006346836    0.0000000006351814    0.0000000006362325    0.0000000006334757    0.0000000006352871
927.0    0.0000000006337198    0.0000000006342440    0.0000000006352692    0.0000000006324935    0.0000000006343178
929.0    0.0000000006327500    0.0000000006332631    0.0000000006343399    0.0000000006315055    0.0000000006333423
931.0    0.0000000006317746    0.0000000006322763    0.0000000006334051    0.0000000006305555    0.0000000006324020
933.0    0.0000000006307939    0.0000000006312839    0.0000000006324238    0.0000000006296006    0.0000000006314564
935.0    0.0000000006298083    0.0000000006303246    0.0000000006314368    0.0000000006285977    0.0000000006304646
937.0    0.0000000006288572    0.0000000006293608    0.0000000006304858    0.0000000006275902    0.0000000006294676
939.0    0.0000000006278622    0.0000000006283539    0.0000000006295303    0.0000000006266224    0.0000000006284659
941.0    0.0000000006268628    0.0000000006273428    0.0000000006285284    0.0000000006256064    0.0000000006275019
943.0    0.0000000006258596    0.0000000006263663    0.0000000006275219    0.0000000006245868    0.0000000006265334
945.0    0.0000000006248524    0.0000000006253865    0.0000000006265534    0.0000000006236083    0.0000000006255192
947.0    0.0000000006238824    0.0000000006243638    0.0000000006255809    0.0000000006225817    0.0000000006245015
949.0    0.0000000006228682    0.0000000006233379    0.0000000006245625    0.0000000006215523    0.0000000006234802
951.0    0.0000000006218513    0.0000000006223088    0.0000000006235406    0.0000000006205647    0.0000000006224555
953.0    0.0000000006208313    0.0000000006213169    0.0000000006225581    0.0000000006195298    0.0000000006214709
955.0    0.0000000006198088    0.0000000006203223    0.0000000006215728    0.0000000006184924    0.0000000006204838
957.0    0.0000000006188248    0.0000000006192858    0.0000000006205418    0.0000000006174977    0.0000000006194512
959.0    0.0000000006177978    0.0000000006182470    0.0000000006195079    0.0000000006164562    0.0000000006184162
961.0    0.0000000006167685    0.0000000006172065    0.0000000006185151    0.0000000006154126    0.0000000006173793
963.0    0.0000000006157375    0.0000000006162040    0.0000000006175201    0.0000000006144130    0.0000000006163836
965.0    0.0000000006147046    0.0000000006152002    0.0000000006164797    0.0000000006133661    0.0000000006153864
967.0    0.0000000006136702    0.0000000006141550    0.0000000006154375    0.0000000006123178    0.0000000006143442
969.0    0.0000000006126344    0.0000000006131085    0.0000000006144370    0.0000000006113139    0.0000000006133005
971.0    0.0000000006116389    0.0000000006120608    0.0000000006134355    0.0000000006102635    0.0000000006122560
973.0    0.0000000006106008    0.0000000006110525    0.0000000006123888    0.0000000006092119    0.0000000006112537
975.0    0.0000000006095618    0.0000000006100434    0.0000000006113408    0.0000000006082053    0.0000000006102504
977.0    0.0000000006085218    0.0000000006089932    0.0000000006103355    0.0000000006071521    0.0000000006092029
979.0    0.0000000006074812    0.0000000006079425    0.0000000006093292    0.0000000006060984    0.0000000006081545
981.0    0.0000000006064813    0.0000000006068912    0.0000000006082783    0.0000000006050897    0.0000000006071053
983.0    0.0000000006054395    0.0000000006058799    0.0000000006072268    0.0000000006040806    0.0000000006060558
985.0    0.0000000006043969    0.0000000006048682    0.0000000006062183    0.0000000006030252    0.0000000006050494
987.0    0.0000000006033540    0.0000000006038160    0.0000000006052092    0.0000000006019695    0.0000000006040427
989.0    0.0000000006023108    0.0000000006027630    0.0000000006041559    0.0000000006009595    0.0000000006029919
991.0    0.0000000006012672    0.0000000006017108    0.0000000006031022    0.0000000005999031    0.0000000006019409
993.0    0.0000000006002234    0.0000000006006985    0.0000000006020919    0.0000000005988465    0.0000000006008896
995.0    0.0000000005992210    0.0000000005996860    0.0000000006010815    0.0000000005978358    0.0000000005998821
997.0    0.0000000005981768    0.0000000005986330    0.0000000006000268    0.0000000005967790    0.0000000005988742
999.0    0.0000000005971324    0.0000000005975800    0.0000000005989718    0.0000000005957220    0.0000000005978227
1001.0    0.0000000005960880    0.0000000005965269    0.0000000005979608    0.0000000005947110    0.0000000005967709
1003.0    0.0000000005950434    0.0000000005955135    0.0000000005969496    0.0000000005936539    0.0000000005957192
1005.0    0.0000000005940407    0.0000000005945010    0.0000000005958943    0.0000000005925967    0.0000000005947114
1007.0    0.0000000005929959    0.0000000005934485    0.0000000005948390    0.0000000005915855    0.0000000005937033
1009.0    0.0000000005919513    0.0000000005923960    0.0000000005938275    0.0000000005905281    0.0000000005926516
1011.0    0.0000000005909065    0.0000000005913430    0.0000000005928160    0.0000000005894710    0.0000000005915998
1013.0    0.0000000005898618    0.0000000005903305    0.0000000005917606    0.0000000005884595    0.0000000005905482
1015.0    0.0000000005888588    0.0000000005893180    0.0000000005907050    0.0000000005874020    0.0000000005894964
1017.0    0.0000000005878139    0.0000000005882650    0.0000000005896934    0.0000000005863450    0.0000000005884886
1019.0    0.0000000005867692    0.0000000005872129    0.0000000005886820    0.0000000005853330    0.0000000005874807
1021.0    0.0000000005857243    0.0000000005861600    0.0000000005876260    0.0000000005842760    0.0000000005864291
1023.0    0.0000000005846794    0.0000000005851475    0.0000000005865708    0.0000000005832180    0.0000000005853773
1025.0    0.0000000005836344    0.0000000005841355    0.0000000005855590    0.0000000005822064    0.0000000005843257
1027.0    0.0000000005825893    0.0000000005830830    0.0000000005845470    0.0000000005811950    0.0000000005833176
1029.0    0.0000000005815860    0.0000000005820300    0.0000000005834912    0.0000000005801370    0.0000000005823098
1031.0    0.0000000005805408    0.0000000005809770    0.0000000005824360    0.0000000005790790    0.0000000005812578
1033.0    0.0000000005794954    0.0000000005799645    0.0000000005814240    0.0000000005780670    0.0000000005802058
1035.0    0.0000000005784500    0.0000000005789520    0.0000000005804120    0.0000000005770081    0.0000000005791538
1037.0    0.0000000005774042    0.0000000005778990    0.0000000005793554    0.0000000005759500    0.0000000005781455
1039.0    0.0000000005764003    0.0000000005768460    0.0000000005782990    0.0000000005749370    0.0000000005771370
1041.0    0.0000000005753543    0.0000000005757922    0.0000000005772870    0.0000000005738782    0.0000000005760846
1043.0    0.0000000005743081    0.0000000005747793    0.0000000005762740    0.0000000005728190    0.0000000005750318
1045.0    0.0000000005732616    0.0000000005737658    0.0000000005752173    0.0000000005718055    0.0000000005739790
1047.0    0.0000000005722150    0.0000000005727117    0.0000000005741603    0.0000000005707458    0.0000000005729258
1049.0    0.0000000005712099    0.0000000005716574    0.0000000005731472    0.0000000005696858    0.0000000005719163
1051.0    0.0000000005701626    0.0000000005706433    0.0000000005721336    0.0000000005686715    0.0000000005709066
1053.0    0.0000000005691150    0.0000000005696289    0.0000000005710758    0.0000000005676107    0.0000000005698525
1055.0    0.0000000005680671    0.0000000005685735    0.0000000005700178    0.0000000005665497    0.0000000005687983
1057.0    0.0000000005670187    0.0000000005675179    0.0000000005690035    0.0000000005655344    0.0000000005677436
1059.0    0.0000000005659702    0.0000000005664618    0.0000000005679888    0.0000000005644725    0.0000000005667325
1061.0    0.0000000005649210    0.0000000005654459    0.0000000005669297    0.0000000005634102    0.0000000005657210
1063.0    0.0000000005639139    0.0000000005644297    0.0000000005659144    0.0000000005623936    0.0000000005646650
1065.0    0.0000000005628640    0.0000000005633723    0.0000000005648988    0.0000000005613305    0.0000000005636090
1067.0    0.0000000005618134    0.0000000005623145    0.0000000005638383    0.0000000005602667    0.0000000005625522
1069.0    0.0000000005607626    0.0000000005612562    0.0000000005627776    0.0000000005592489    0.0000000005615391
1071.0    0.0000000005597114    0.0000000005602380    0.0000000005617606    0.0000000005582306    0.0000000005605254
1073.0    0.0000000005587017    0.0000000005592195    0.0000000005607430    0.0000000005571655    0.0000000005594672
1075.0    0.0000000005576494    0.0000000005581595    0.0000000005596810    0.0000000005560998    0.0000000005584085
1077.0    0.0000000005565967    0.0000000005570992    0.0000000005586184    0.0000000005550801    0.0000000005573492
1079.0    0.0000000005555433    0.0000000005560381    0.0000000005575995    0.0000000005540134    0.0000000005562893
1081.0    0.0000000005544895    0.0000000005550173    0.0000000005565802    0.0000000005529462    0.0000000005552731
1083.0    0.0000000005534773    0.0000000005539958    0.0000000005555159    0.0000000005519247    0.0000000005542563
1085.0    0.0000000005524224    0.0000000005529331    0.0000000005544513    0.0000000005508566    0.0000000005531947
1087.0    0.0000000005513671    0.0000000005518698    0.0000000005534303    0.0000000005497880    0.0000000005521325
1089.0    0.0000000005503112    0.0000000005508056    0.0000000005524088    0.0000000005487650    0.0000000005510698
1091.0    0.0000000005492546    0.0000000005497819    0.0000000005513424    0.0000000005476953    0.0000000005500507
1093.0    0.0000000005481975    0.0000000005487577    0.0000000005502755    0.0000000005466249    0.0000000005490311
1095.0    0.0000000005471401    0.0000000005476920    0.0000000005492527    0.0000000005456006    0.0000000005479665
1097.0    0.0000000005461243    0.0000000005466250    0.0000000005482292    0.0000000005445295    0.0000000005469014
1099.0    0.0000000005450658    0.0000000005455580    0.0000000005471605    0.0000000005434578    0.0000000005458357
1101.0    0.0000000005440068    0.0000000005445313    0.0000000005460913    0.0000000005424323    0.0000000005448137
1103.0    0.0000000005429474    0.0000000005435042    0.0000000005450665    0.0000000005413598    0.0000000005437914
1105.0    0.0000000005418876    0.0000000005424353    0.0000000005440409    0.0000000005402869    0.0000000005427242
1107.0    0.0000000005408697    0.0000000005413658    0.0000000005429704    0.0000000005392604    0.0000000005416565
1109.0    0.0000000005398090    0.0000000005402960    0.0000000005418994    0.0000000005381869    0.0000000005405875
1111.0    0.0000000005387481    0.0000000005392668    0.0000000005408726    0.0000000005371132    0.0000000005395188
1113.0    0.0000000005376868    0.0000000005382372    0.0000000005398456    0.0000000005360860    0.0000000005384941
1115.0    0.0000000005366253    0.0000000005371658    0.0000000005387733    0.0000000005350119    0.0000000005374690
1117.0    0.0000000005355635    0.0000000005360942    0.0000000005377008    0.0000000005339376    0.0000000005363989
1119.0    0.0000000005345015    0.0000000005350222    0.0000000005366728    0.0000000005329101    0.0000000005353286
1121.0    0.0000000005334821    0.0000000005339913    0.0000000005356446    0.0000000005318825    0.0000000005342579
1123.0    0.0000000005324200    0.0000000005329602    0.0000000005345713    0.0000000005308083    0.0000000005332316
1125.0    0.0000000005313576    0.0000000005318872    0.0000000005334981    0.0000000005297342    0.0000000005322053
1127.0    0.0000000005302960    0.0000000005308147    0.0000000005324694    0.0000000005287071    0.0000000005311341
1129.0    0.0000000005292338    0.0000000005297418    0.0000000005314407    0.0000000005276334    0.0000000005300630
1131.0    0.0000000005282146    0.0000000005287103    0.0000000005303673    0.0000000005265603    0.0000000005289917
1133.0    0.0000000005271532    0.0000000005276788    0.0000000005292940    0.0000000005255341    0.0000000005279208
1135.0    0.0000000005260921    0.0000000005266062    0.0000000005282655    0.0000000005244618    0.0000000005268945
1137.0    0.0000000005250314    0.0000000005255341    0.0000000005272373    0.0000000005233901    0.0000000005258686
1139.0    0.0000000005239713    0.0000000005244622    0.0000000005261647    0.0000000005223655    0.0000000005247983
1141.0    0.0000000005229541    0.0000000005234318    0.0000000005250927    0.0000000005212955    0.0000000005237285
1143.0    0.0000000005218953    0.0000000005224021    0.0000000005240657    0.0000000005202260    0.0000000005226592
1145.0    0.0000000005208372    0.0000000005213318    0.0000000005230393    0.0000000005192040    0.0000000005216350
1147.0    0.0000000005197799    0.0000000005202622    0.0000000005219688    0.0000000005181365    0.0000000005206115
1149.0    0.0000000005187237    0.0000000005191935    0.0000000005208991    0.0000000005170704    0.0000000005195442
1151.0    0.0000000005176685    0.0000000005181667    0.0000000005198750    0.0000000005160518    0.0000000005184781
1153.0    0.0000000005166145    0.0000000005171410    0.0000000005188515    0.0000000005149883    0.0000000005174128
1155.0    0.0000000005156038    0.0000000005160753    0.0000000005177848    0.0000000005139262    0.0000000005163931
1157.0    0.0000000005145525    0.0000000005150110    0.0000000005167190    0.0000000005129117    0.0000000005153745
1159.0    0.0000000005135026    0.0000000005139481    0.0000000005156990    0.0000000005118530    0.0000000005143130
1161.0    0.0000000005124543    0.0000000005129274    0.0000000005146803    0.0000000005107959    0.0000000005132531
1163.0    0.0000000005114078    0.0000000005119084    0.0000000005136188    0.0000000005097866    0.0000000005121945
1165.0    0.0000000005104047    0.0000000005108504    0.0000000005125588    0.0000000005087793    0.0000000005111380
1167.0    0.0000000005093618    0.0000000005097941    0.0000000005115445    0.0000000005077282    0.0000000005101269
1169.0    0.0000000005083210    0.0000000005087805    0.0000000005105320    0.0000000005066793    0.0000000005091178
1171.0    0.0000000005072820    0.0000000005077688    0.0000000005094774    0.0000000005056783    0.0000000005080670
1173.0    0.0000000005062457    0.0000000005067188    0.0000000005084249    0.0000000005046340    0.0000000005070181
1175.0    0.0000000005052115    0.0000000005056712    0.0000000005074183    0.0000000005035924    0.0000000005059718
1177.0    0.0000000005041797    0.0000000005046262    0.0000000005064136    0.0000000005025986    0.0000000005049712
1179.0    0.0000000005031916    0.0000000005036236    0.0000000005053676    0.0000000005015620    0.0000000005039728
1181.0    0.0000000005021650    0.0000000005026238    0.0000000005043242    0.0000000005005287    0.0000000005029339
1183.0    0.0000000005011409    0.0000000005015867    0.0000000005033267    0.0000000004995427    0.0000000005018976
1185.0    0.0000000005001200    0.0000000005005525    0.0000000005023315    0.0000000004985152    0.0000000005008640
1187.0    0.0000000004991018    0.0000000004995213    0.0000000005012959    0.0000000004974903    0.0000000004998767
1189.0    0.0000000004981270    0.0000000004985327    0.0000000005002631    0.0000000004965133    0.0000000004988920
1191.0    0.0000000004971148    0.0000000004975472    0.0000000004992761    0.0000000004954948    0.0000000004978673
1193.0    0.0000000004961058    0.0000000004965255    0.0000000004982921    0.0000000004944797    0.0000000004968465
1195.0    0.0000000004950998    0.0000000004955072    0.0000000004972682    0.0000000004935120    0.0000000004958284
1197.0    0.0000000004940972    0.0000000004944923    0.0000000004962477    0.0000000004925036    0.0000000004948138
1199.0    0.0000000004931378    0.0000000004935200    0.0000000004952725    0.0000000004914986    0.0000000004938451
1201.0    0.0000000004921418    0.0000000004925510    0.0000000004943007    0.0000000004905407    0.0000000004928793
1203.0    0.0000000004911494    0.0000000004915466    0.0000000004932901    0.0000000004895428    0.0000000004918751
1205.0    0.0000000004901602    0.0000000004905462    0.0000000004922826    0.0000000004885483    0.0000000004908747
1207.0    0.0000000004891748    0.0000000004895495    0.0000000004913204    0.0000000004876005    0.0000000004898778
1209.0    0.0000000004881930    0.0000000004885948    0.0000000004903617    0.0000000004866132    0.0000000004889261
1211.0    0.0000000004872147    0.0000000004876436    0.0000000004893648    0.0000000004856297    0.0000000004879780
1213.0    0.0000000004862790    0.0000000004866582    0.0000000004883718    0.0000000004846923    0.0000000004869922
1215.0    0.0000000004853078    0.0000000004856768    0.0000000004874234    0.0000000004837585    0.0000000004860106
1217.0    0.0000000004843403    0.0000000004846992    0.0000000004864784    0.0000000004827857    0.0000000004850325
1219.0    0.0000000004833766    0.0000000004837629    0.0000000004854962    0.0000000004818167    0.0000000004840990
1221.0    0.0000000004824165    0.0000000004828304    0.0000000004845178    0.0000000004808935    0.0000000004831691
1223.0    0.0000000004814983    0.0000000004818645    0.0000000004835834    0.0000000004799317    0.0000000004822024
1225.0    0.0000000004805453    0.0000000004809025    0.0000000004826527    0.0000000004789735    0.0000000004812399
1227.0    0.0000000004795961    0.0000000004799443    0.0000000004816852    0.0000000004780605    0.0000000004802809
1229.0    0.0000000004786505    0.0000000004790266    0.0000000004807215    0.0000000004771097    0.0000000004793258
1231.0    0.0000000004777084    0.0000000004781125    0.0000000004798014    0.0000000004761625    0.0000000004784143
1233.0    0.0000000004768076    0.0000000004771657    0.0000000004788849    0.0000000004752595    0.0000000004775062
1235.0    0.0000000004758725    0.0000000004762226    0.0000000004779321    0.0000000004743193    0.0000000004765623
1237.0    0.0000000004749410    0.0000000004752833    0.0000000004769828    0.0000000004733825    0.0000000004756221
1239.0    0.0000000004740132    0.0000000004743836    0.0000000004760767    0.0000000004724899    0.0000000004746855
1241.0    0.0000000004730885    0.0000000004734874    0.0000000004751740    0.0000000004715596    0.0000000004737915
1243.0    0.0000000004721674    0.0000000004725588    0.0000000004742353    0.0000000004706328    0.0000000004729008
1245.0    0.0000000004712495    0.0000000004716338    0.0000000004733005    0.0000000004697494    0.0000000004719746
1247.0    0.0000000004703715    0.0000000004707120    0.0000000004724077    0.0000000004688292    0.0000000004710522
1249.0    0.0000000004694599    0.0000000004698290    0.0000000004715182    0.0000000004679117    0.0000000004701331
1251.0    0.0000000004685517    0.0000000004689492    0.0000000004705931    0.0000000004670374    0.0000000004692553
1253.0    0.0000000004676465    0.0000000004680372    0.0000000004696715    0.0000000004661262    0.0000000004683804
1255.0    0.0000000004667442    0.0000000004671288    0.0000000004687912    0.0000000004652181    0.0000000004674710
1257.0    0.0000000004658810    0.0000000004662231    0.0000000004679140    0.0000000004643521    0.0000000004665644
1259.0    0.0000000004649846    0.0000000004653552    0.0000000004670016    0.0000000004634887    0.0000000004656610
1261.0    0.0000000004640912    0.0000000004644902    0.0000000004660926    0.0000000004625890    0.0000000004647607
1263.0    0.0000000004632005    0.0000000004635933    0.0000000004652239    0.0000000004616917    0.0000000004639004
1265.0    0.0000000004623125    0.0000000004626991    0.0000000004643581    0.0000000004608362    0.0000000004630427
1267.0    0.0000000004614272    0.0000000004618078    0.0000000004634575    0.0000000004599442    0.0000000004621506
1269.0    0.0000000004605441    0.0000000004609532    0.0000000004625596    0.0000000004590547    0.0000000004612610
1271.0    0.0000000004596992    0.0000000004601012    0.0000000004617017    0.0000000004582061    0.0000000004603741
1273.0    0.0000000004588212    0.0000000004592172    0.0000000004608463    0.0000000004573214    0.0000000004595265
1275.0    0.0000000004579454    0.0000000004583358    0.0000000004599561    0.0000000004564390    0.0000000004586813
1277.0    0.0000000004570722    0.0000000004574568    0.0000000004590684    0.0000000004555969    0.0000000004578015
1279.0    0.0000000004562012    0.0000000004566135    0.0000000004582201    0.0000000004547190    0.0000000004569242
1281.0    0.0000000004553671    0.0000000004557725    0.0000000004573740    0.0000000004538430    0.0000000004560489
1283.0    0.0000000004545002    0.0000000004549000    0.0000000004564931    0.0000000004530070    0.0000000004552122
1285.0    0.0000000004536354    0.0000000004540293    0.0000000004556147    0.0000000004521349    0.0000000004543775
1287.0    0.0000000004527725    0.0000000004531940    0.0000000004547750    0.0000000004512649    0.0000000004535083
1289.0    0.0000000004519116    0.0000000004523606    0.0000000004539371    0.0000000004504344    0.0000000004526412
1291.0    0.0000000004510870    0.0000000004514958    0.0000000004530647    0.0000000004495679    0.0000000004517760
1293.0    0.0000000004502298    0.0000000004506325    0.0000000004521942    0.0000000004487033    0.0000000004509125
1295.0    0.0000000004493742    0.0000000004497710    0.0000000004513621    0.0000000004478780    0.0000000004500868
1297.0    0.0000000004485204    0.0000000004489443    0.0000000004505315    0.0000000004470164    0.0000000004492626
1299.0    0.0000000004476683    0.0000000004481191    0.0000000004496670    0.0000000004461566    0.0000000004484042
1301.0    0.0000000004468180    0.0000000004472625    0.0000000004488034    0.0000000004453359    0.0000000004475474
1303.0    0.0000000004459685    0.0000000004464075    0.0000000004479779    0.0000000004444792    0.0000000004466922
1305.0    0.0000000004451550    0.0000000004455538    0.0000000004471538    0.0000000004436241    0.0000000004458741
1307.0    0.0000000004443088    0.0000000004447345    0.0000000004462955    0.0000000004428075    0.0000000004450575
1309.0    0.0000000004434643    0.0000000004439162    0.0000000004454387    0.0000000004419920    0.0000000004442064
1311.0    0.0000000004426211    0.0000000004430665    0.0000000004446190    0.0000000004411410    0.0000000004433568
1313.0    0.0000000004417791    0.0000000004422184    0.0000000004438008    0.0000000004402915    0.0000000004425087
1315.0    0.0000000004409723    0.0000000004413714    0.0000000004429485    0.0000000004394799    0.0000000004416973
1317.0    0.0000000004401331    0.0000000004405585    0.0000000004420970    0.0000000004386328    0.0000000004408867
1319.0    0.0000000004392947    0.0000000004397462    0.0000000004412827    0.0000000004377871    0.0000000004400422
1321.0    0.0000000004384582    0.0000000004389028    0.0000000004404697    0.0000000004369792    0.0000000004391990
1323.0    0.0000000004376226    0.0000000004380606    0.0000000004396223    0.0000000004361358    0.0000000004383570
1325.0    0.0000000004367883    0.0000000004372195    0.0000000004387763    0.0000000004352936    0.0000000004375160
1327.0    0.0000000004359552    0.0000000004364118    0.0000000004379668    0.0000000004344892    0.0000000004367113
1329.0    0.0000000004351565    0.0000000004356052    0.0000000004371584    0.0000000004336495    0.0000000004359076
1331.0    0.0000000004343255    0.0000000004347674    0.0000000004363161    0.0000000004328108    0.0000000004350700
1333.0    0.0000000004334958    0.0000000004339307    0.0000000004354750    0.0000000004320097    0.0000000004342335
1335.0    0.0000000004326672    0.0000000004330950    0.0000000004346700    0.0000000004311733    0.0000000004333981
1337.0    0.0000000004318395    0.0000000004322924    0.0000000004338657    0.0000000004303382    0.0000000004325984
1339.0    0.0000000004310462    0.0000000004314908    0.0000000004330278    0.0000000004295404    0.0000000004317998
1341.0    0.0000000004302210    0.0000000004306580    0.0000000004322260    0.0000000004287075    0.0000000004309674
1343.0    0.0000000004293965    0.0000000004298265    0.0000000004314250    0.0000000004278757    0.0000000004301361
1345.0    0.0000000004285734    0.0000000004289960    0.0000000004305905    0.0000000004270811    0.0000000004293059
1347.0    0.0000000004277513    0.0000000004281983    0.0000000004297569    0.0000000004262517    0.0000000004284766
1349.0    0.0000000004269632    0.0000000004274015    0.0000000004289594    0.0000000004254231    0.0000000004276830
1351.0    0.0000000004261434    0.0000000004265741    0.0000000004281625    0.0000000004246322    0.0000000004268901
1353.0    0.0000000004253246    0.0000000004257475    0.0000000004273323    0.0000000004238420    0.0000000004260639
1355.0    0.0000000004245070    0.0000000004249220    0.0000000004265032    0.0000000004230172    0.0000000004252388
1357.0    0.0000000004236906    0.0000000004241293    0.0000000004257095    0.0000000004221935    0.0000000004244147
1359.0    0.0000000004228751    0.0000000004233375    0.0000000004249170    0.0000000004214069    0.0000000004236259
1361.0    0.0000000004220609    0.0000000004225152    0.0000000004240912    0.0000000004205857    0.0000000004228381
1363.0    0.0000000004212805    0.0000000004216939    0.0000000004232664    0.0000000004197659    0.0000000004220172
1365.0    0.0000000004204686    0.0000000004208740    0.0000000004224772    0.0000000004189829    0.0000000004211973
1367.0    0.0000000004196582    0.0000000004200865    0.0000000004216890    0.0000000004181655    0.0000000004203786
1369.0    0.0000000004188488    0.0000000004192998    0.0000000004208678    0.0000000004173498    0.0000000004195951
1371.0    0.0000000004180408    0.0000000004184830    0.0000000004200478    0.0000000004165707    0.0000000004188130
1373.0    0.0000000004172665    0.0000000004176676    0.0000000004192631    0.0000000004157577    0.0000000004179973
1375.0    0.0000000004164610    0.0000000004168532    0.0000000004184795    0.0000000004149463    0.0000000004171833
1377.0    0.0000000004156570    0.0000000004160715    0.0000000004176630    0.0000000004141711    0.0000000004163705
1379.0    0.0000000004148544    0.0000000004152909    0.0000000004168483    0.0000000004133626    0.0000000004155591
1381.0    0.0000000004140530    0.0000000004144805    0.0000000004160685    0.0000000004125555    0.0000000004147825
1383.0    0.0000000004132854    0.0000000004136715    0.0000000004152900    0.0000000004117850    0.0000000004140074
1385.0    0.0000000004124872    0.0000000004128637    0.0000000004144791    0.0000000004109815    0.0000000004131998
1387.0    0.0000000004116906    0.0000000004120884    0.0000000004136698    0.0000000004101794    0.0000000004123938
1389.0    0.0000000004108958    0.0000000004113147    0.0000000004128955    0.0000000004094140    0.0000000004115895
1391.0    0.0000000004101023    0.0000000004105115    0.0000000004121227    0.0000000004086155    0.0000000004108195
1393.0    0.0000000004093106    0.0000000004097098    0.0000000004113175    0.0000000004078190    0.0000000004100516
1395.0    0.0000000004085208    0.0000000004089098    0.0000000004105146    0.0000000004070590    0.0000000004092515
1397.0    0.0000000004077645    0.0000000004081423    0.0000000004097465    0.0000000004063005    0.0000000004084533
1399.0    0.0000000004069781    0.0000000004073763    0.0000000004089798    0.0000000004055099    0.0000000004076568
1401.0    0.0000000004061938    0.0000000004065815    0.0000000004081817    0.0000000004047213    0.0000000004068952
1403.0    0.0000000004054116    0.0000000004057886    0.0000000004073855    0.0000000004039691    0.0000000004061350
1405.0    0.0000000004046313    0.0000000004050281    0.0000000004066243    0.0000000004031847    0.0000000004053443
1407.0    0.0000000004038843    0.0000000004042695    0.0000000004058650    0.0000000004024028    0.0000000004045552
1409.0    0.0000000004031081    0.0000000004034825    0.0000000004050743    0.0000000004016571    0.0000000004037680
1411.0    0.0000000004023346    0.0000000004026978    0.0000000004042859    0.0000000004008800    0.0000000004029832
1413.0    0.0000000004015631    0.0000000004019152    0.0000000004035325    0.0000000004001052    0.0000000004022331
1415.0    0.0000000004007939    0.0000000004011650    0.0000000004027810    0.0000000003993666    0.0000000004014849
1417.0    0.0000000004000273    0.0000000004004167    0.0000000004019991    0.0000000003985972    0.0000000004007067
1419.0    0.0000000003992635    0.0000000003996411    0.0000000004012197    0.0000000003978300    0.0000000003999308
1421.0    0.0000000003985321    0.0000000003988680    0.0000000004004749    0.0000000003970993    0.0000000003991576
1423.0    0.0000000003977732    0.0000000003980975    0.0000000003997326    0.0000000003963381    0.0000000003984187
1425.0    0.0000000003970167    0.0000000003973595    0.0000000003989603    0.0000000003955795    0.0000000003976824
1427.0    0.0000000003962633    0.0000000003966234    0.0000000003981910    0.0000000003948569    0.0000000003969169
1429.0    0.0000000003955125    0.0000000003958609    0.0000000003974558    0.0000000003941045    0.0000000003961541
1431.0    0.0000000003947948    0.0000000003951015    0.0000000003967236    0.0000000003933550    0.0000000003953942
1433.0    0.0000000003940499    0.0000000003943452    0.0000000003959622    0.0000000003926413    0.0000000003946685
1435.0    0.0000000003933082    0.0000000003936206    0.0000000003952038    0.0000000003918983    0.0000000003939458
1437.0    0.0000000003925697    0.0000000003928992    0.0000000003944798    0.0000000003911586    0.0000000003931947
1439.0    0.0000000003918342    0.0000000003921520    0.0000000003937587    0.0000000003904544    0.0000000003924468
1441.0    0.0000000003911313    0.0000000003914082    0.0000000003930093    0.0000000003897216    0.0000000003917023
1443.0    0.0000000003904025    0.0000000003906677    0.0000000003922631    0.0000000003889922    0.0000000003909610
1445.0    0.0000000003896771    0.0000000003899591    0.0000000003915510    0.0000000003882980    0.0000000003902539
1447.0    0.0000000003889550    0.0000000003892536    0.0000000003908423    0.0000000003876069    0.0000000003895499
1449.0    0.0000000003882365    0.0000000003885237    0.0000000003901061    0.0000000003868883    0.0000000003888192
1451.0    0.0000000003875216    0.0000000003877972    0.0000000003893731    0.0000000003861730    0.0000000003880918
1453.0    0.0000000003868103    0.0000000003870748    0.0000000003886743    0.0000000003854931    0.0000000003873683
1455.0    0.0000000003861312    0.0000000003863837    0.0000000003879787    0.0000000003847855    0.0000000003866784
1457.0    0.0000000003854273    0.0000000003856963    0.0000000003872570    0.0000000003840820    0.0000000003859921
1459.0    0.0000000003847272    0.0000000003849850    0.0000000003865383    0.0000000003834128    0.0000000003852800
1461.0    0.0000000003840310    0.0000000003842780    0.0000000003858535    0.0000000003827172    0.0000000003845717
1463.0    0.0000000003833387    0.0000000003835752    0.0000000003851722    0.0000000003820254    0.0000000003838673
1465.0    0.0000000003826777    0.0000000003829029    0.0000000003844652    0.0000000003813677    0.0000000003831964
1467.0    0.0000000003819935    0.0000000003822349    0.0000000003837622    0.0000000003806842    0.0000000003825293
1469.0    0.0000000003813130    0.0000000003815442    0.0000000003830923    0.0000000003800045    0.0000000003818372
1471.0    0.0000000003806365    0.0000000003808578    0.0000000003824261    0.0000000003793585    0.0000000003811492
1473.0    0.0000000003799643    0.0000000003801758    0.0000000003817352    0.0000000003786874    0.0000000003804657
1475.0    0.0000000003792962    0.0000000003795240    0.0000000003810482    0.0000000003780204    0.0000000003797868
1477.0    0.0000000003786324    0.0000000003788765    0.0000000003803938    0.0000000003773862    0.0000000003791400
1479.0    0.0000000003779988    0.0000000003782072    0.0000000003797434    0.0000000003767277    0.0000000003784972
1481.0    0.0000000003773429    0.0000000003775424    0.0000000003790690    0.0000000003760728    0.0000000003778307
1483.0    0.0000000003766913    0.0000000003768822    0.0000000003783986    0.0000000003754507    0.0000000003771687
1485.0    0.0000000003760441    0.0000000003762513    0.0000000003777604    0.0000000003748048    0.0000000003765114
