9.0    0.0000000000000000    0.0000000000000000    0.0000000000000000    0.0000000000000000    0.0000000000000000
11.0    0.0000000000000000    0.0000000000000000    0.0000000000000000    0.0000000000000000    0.0000000000000000
13.0    0.0000000000000000    0.0000000000000000    0.0000000000000000    0.0000000000000000    0.0000000000000000
15.0    0.0000000000000000    0.0000000000000000    0.0000000000000000    0.0000000000000000    0.0000000000000000
17.0    0.0000000000000000    0.0000000000000000    0.0000000000000000    0.0000000000000000    0.0000000000000000
19.0    0.0000000000000000    0.0000000000000000    0.0000000000000000    0.0000000000000000    0.0000000000000000
21.0    0.0000000000000000    0.0000000000000000    0.0000000000000000    0.0000000000000000    0.0000000000000000
23.0    0.0000000000000000    0.0000000000000000    0.0000000000000000    0.0000000000000000    0.0000000000000000
25.0    0.0000000000000000    0.0000000000000000    0.0000000000000000    0.0000000000000000    0.0000000000000000
27.0    0.0000000000000000    0.0000000000000000    0.0000000000000000    0.0000000000000000    0.0000000000000000
29.0    0.0000000000000000    0.0000000000000000    0.0000000000000000    0.0000000000000000    0.0000000000000000
31.0    0.0000000000000000    0.0000000000000000    0.0000000000000000    0.0000000000000000    0.0000000000000000
33.0    0.0000000000000000    0.0000000000000000    0.0000000000000000    0.0000000000000000    0.0000000000000000
35.0    0.0000000000000000    0.0000000000000000    0.0000000000000000    0.0000000000000000    0.0000000000000000
37.0    0.0000000000000000    0.0000000000000000    0.0000000000000000    0.0000000000000000    0.0000000000000000
39.0    0.0000000000000000    0.0000000000000000    0.0000000000000000    0.0000000000000000    0.0000000000000000
41.0    0.0000000000000000    0.0000000000000000    0.0000000000000000    0.0000000000000000    0.0000000000000000
43.0    0.0000000000000000    0.0000000000000000    0.0000000000000000    0.0000000000000000    0.0000000000000000
45.0    0.0000000000000000    0.0000000000000000    0.0000000000000000    0.0000000000000000    0.0000000000000000
47.0    0.0000000000000000    0.0000000000000000    0.0000000000000000    0.0000000000000000    0.0000000000000000
49.0    0.0000000000000000    0.0000000000000000    0.0000000000000000    0.0000000000000000    0.0000000000000000
51.0    0.0000000000000000    0.0000000000000000    0.0000000000000000    0.0000000000000000    0.0000000000000000
53.0    0.0000000000000001    0.0000000000000000    0.0000000000000001    0.0000000000000000    0.0000000000000001
55.0    0.0000000000000001    0.0000000000000001    0.0000000000000001    0.0000000000000001    0.0000000000000001
57.0    0.0000000000000001    0.0000000000000001    0.0000000000000002    0.0000000000000001    0.0000000000000002
59.0    0.0000000000000002    0.0000000000000002    0.0000000000000003    0.0000000000000002    0.0000000000000003
61.0    0.0000000000000004    0.0000000000000003    0.0000000000000004    0.0000000000000004    0.0000000000000005
63.0    0.0000000000000006    0.0000000000000005    0.0000000000000007    0.0000000000000006    0.0000000000000007
65.0    0.0000000000000009    0.0000000000000007    0.0000000000000010    0.0000000000000008    0.0000000000000010
67.0    0.0000000000000013    0.0000000000000011    0.0000000000000014    0.0000000000000012    0.0000000000000014
69.0    0.0000000000000018    0.0000000000000016    0.0000000000000020    0.0000000000000018    0.0000000000000020
71.0    0.0000000000000025    0.0000000000000022    0.0000000000000027    0.0000000000000025    0.0000000000000028
73.0    0.0000000000000035    0.0000000000000031    0.0000000000000036    0.0000000000000034    0.0000000000000038
75.0    0.0000000000000047    0.0000000000000042    0.0000000000000049    0.0000000000000046    0.0000000000000050
77.0    0.0000000000000062    0.0000000000000055    0.0000000000000064    0.0000000000000061    0.0000000000000065
79.0    0.0000000000000080    0.0000000000000072    0.0000000000000083    0.0000000000000078    0.0000000000000085
81.0    0.0000000000000103    0.0000000000000092    0.0000000000000107    0.0000000000000102    0.0000000000000111
83.0    0.0000000000000132    0.0000000000000117    0.0000000000000138    0.0000000000000131    0.0000000000000143
85.0    0.0000000000000169    0.0000000000000150    0.0000000000000177    0.0000000000000166    0.0000000000000181
87.0    0.0000000000000216    0.0000000000000192    0.0000000000000225    0.0000000000000212    0.0000000000000230
89.0    0.0000000000000276    0.0000000000000243    0.0000000000000286    0.0000000000000272    0.0000000000000295
91.0    0.0000000000000354    0.0000000000000308    0.0000000000000366    0.0000000000000346    0.0000000000000377
93.0    0.0000000000000451    0.0000000000000396    0.0000000000000467    0.0000000000000439    0.0000000000000480
95.0    0.0000000000000569    0.0000000000000508    0.0000000000000588    0.0000000000000562    0.0000000000000611
97.0    0.0000000000000722    0.0000000000000650    0.0000000000000739    0.0000000000000716    0.0000000000000765
99.0    0.0000000000000911    0.0000000000000820    0.0000000000000931    0.0000000000000898    0.0000000000000953
101.0    0.0000000000001141    0.0000000000001027    0.0000000000001166    0.0000000000001130    0.0000000000001192
103.0    0.0000000000001418    0.0000000000001287    0.0000000000001437    0.0000000000001410    0.0000000000001480
105.0    0.0000000000001736    0.0000000000001598    0.0000000000001761    0.0000000000001729    0.0000000000001825
107.0    0.0000000000002129    0.0000000000001966    0.0000000000002163    0.0000000000002126    0.0000000000002218
109.0    0.0000000000002594    0.0000000000002383    0.0000000000002641    0.0000000000002595    0.0000000000002683
111.0    0.0000000000003145    0.0000000000002872    0.0000000000003182    0.0000000000003125    0.0000000000003256
113.0    0.0000000000003797    0.0000000000003471    0.0000000000003822    0.0000000000003781    0.0000000000003937
115.0    0.0000000000004538    0.0000000000004183    0.0000000000004611    0.0000000000004560    0.0000000000004744
117.0    0.0000000000005452    0.0000000000004998    0.0000000000005545    0.0000000000005445    0.0000000000005654
119.0    0.0000000000006533    0.0000000000005969    0.0000000000006597    0.0000000000006546    0.0000000000006725
121.0    0.0000000000007813    0.0000000000007174    0.0000000000007829    0.0000000000007850    0.0000000000008030
123.0    0.0000000000009310    0.0000000000008611    0.0000000000009323    0.0000000000009317    0.0000000000009552
125.0    0.0000000000011052    0.0000000000010308    0.0000000000011052    0.0000000000011105    0.0000000000011308
127.0    0.0000000000013047    0.0000000000012205    0.0000000000012939    0.0000000000013161    0.0000000000013312
129.0    0.0000000000015211    0.0000000000014375    0.0000000000015062    0.0000000000015390    0.0000000000015466
131.0    0.0000000000017718    0.0000000000016913    0.0000000000017521    0.0000000000017987    0.0000000000017851
133.0    0.0000000000020464    0.0000000000019722    0.0000000000020220    0.0000000000020832    0.0000000000020567
135.0    0.0000000000023429    0.0000000000022769    0.0000000000023009    0.0000000000023761    0.0000000000023496
137.0    0.0000000000026574    0.0000000000025879    0.0000000000025979    0.0000000000027002    0.0000000000026611
139.0    0.0000000000029733    0.0000000000029122    0.0000000000029236    0.0000000000030382    0.0000000000029742
141.0    0.0000000000033137    0.0000000000032587    0.0000000000032630    0.0000000000033710    0.0000000000032995
143.0    0.0000000000036628    0.0000000000036103    0.0000000000035988    0.0000000000037104    0.0000000000036495
145.0    0.0000000000040194    0.0000000000039647    0.0000000000039441    0.0000000000040710    0.0000000000040095
147.0    0.0000000000043837    0.0000000000043077    0.0000000000043144    0.0000000000044379    0.0000000000043799
149.0    0.0000000000047426    0.0000000000046551    0.0000000000046966    0.0000000000047972    0.0000000000047463
151.0    0.0000000000051301    0.0000000000050256    0.0000000000050769    0.0000000000051863    0.0000000000051272
153.0    0.0000000000055364    0.0000000000054127    0.0000000000054753    0.0000000000055953    0.0000000000055444
155.0    0.0000000000059688    0.0000000000058250    0.0000000000059153    0.0000000000060125    0.0000000000059873
157.0    0.0000000000064331    0.0000000000062537    0.0000000000063861    0.0000000000064835    0.0000000000064620
159.0    0.0000000000069371    0.0000000000067227    0.0000000000068715    0.0000000000069965    0.0000000000069743
161.0    0.0000000000074851    0.0000000000072593    0.0000000000073958    0.0000000000075326    0.0000000000075048
163.0    0.0000000000080569    0.0000000000078507    0.0000000000079874    0.0000000000081446    0.0000000000080781
165.0    0.0000000000087023    0.0000000000084989    0.0000000000086272    0.0000000000088094    0.0000000000087233
167.0    0.0000000000093973    0.0000000000091744    0.0000000000092863    0.0000000000094951    0.0000000000094173
169.0    0.0000000000101418    0.0000000000098989    0.0000000000099908    0.0000000000102614    0.0000000000101593
171.0    0.0000000000109316    0.0000000000106982    0.0000000000107717    0.0000000000110735    0.0000000000109135
173.0    0.0000000000117301    0.0000000000115387    0.0000000000115973    0.0000000000118899    0.0000000000117084
175.0    0.0000000000126006    0.0000000000124152    0.0000000000124279    0.0000000000127812    0.0000000000125782
177.0    0.0000000000135076    0.0000000000132881    0.0000000000132959    0.0000000000137077    0.0000000000134875
179.0    0.0000000000144509    0.0000000000141901    0.0000000000142393    0.0000000000146270    0.0000000000144352
181.0    0.0000000000154299    0.0000000000151597    0.0000000000152209    0.0000000000156236    0.0000000000153790
183.0    0.0000000000164470    0.0000000000161657    0.0000000000161976    0.0000000000166583    0.0000000000163589
185.0    0.0000000000175036    0.0000000000172139    0.0000000000172110    0.0000000000176878    0.0000000000174203
187.0    0.0000000000185579    0.0000000000182672    0.0000000000183079    0.0000000000187590    0.0000000000185224
189.0    0.0000000000196994    0.0000000000193710    0.0000000000194453    0.0000000000199257    0.0000000000196655
191.0    0.0000000000208833    0.0000000000205743    0.0000000000205720    0.0000000000211392    0.0000000000208478
193.0    0.0000000000221076    0.0000000000218334    0.0000000000217323    0.0000000000223411    0.0000000000220138
195.0    0.0000000000233645    0.0000000000231419    0.0000000000229723    0.0000000000236331    0.0000000000232066
197.0    0.0000000000245929    0.0000000000244356    0.0000000000242335    0.0000000000249488    0.0000000000244700
199.0    0.0000000000258815    0.0000000000257492    0.0000000000254511    0.0000000000262153    0.0000000000257401
201.0    0.0000000000271632    0.0000000000271153    0.0000000000266648    0.0000000000275288    0.0000000000270023
203.0    0.0000000000284195    0.0000000000284573    0.0000000000279117    0.0000000000288118    0.0000000000281896
205.0    0.0000000000296327    0.0000000000297500    0.0000000000291226    0.0000000000299904    0.0000000000293395
207.0    0.0000000000307398    0.0000000000309247    0.0000000000302348    0.0000000000311531    0.0000000000304854
209.0    0.0000000000318184    0.0000000000320123    0.0000000000312859    0.0000000000322309    0.0000000000315624
211.0    0.0000000000328115    0.0000000000330385    0.0000000000323082    0.0000000000331705    0.0000000000325601
213.0    0.0000000000337104    0.0000000000339491    0.0000000000332464    0.0000000000340518    0.0000000000334365
215.0    0.0000000000345160    0.0000000000347433    0.0000000000340643    0.0000000000348327    0.0000000000342313
217.0    0.0000000000352298    0.0000000000354040    0.0000000000348020    0.0000000000354893    0.0000000000349776
219.0    0.0000000000358623    0.0000000000359734    0.0000000000354930    0.0000000000360922    0.0000000000356450
221.0    0.0000000000364026    0.0000000000364878    0.0000000000361117    0.0000000000366260    0.0000000000362429
223.0    0.0000000000369098    0.0000000000369426    0.0000000000366478    0.0000000000370862    0.0000000000367837
225.0    0.0000000000373762    0.0000000000373594    0.0000000000371387    0.0000000000375317    0.0000000000372607
227.0    0.0000000000378156    0.0000000000377429    0.0000000000376165    0.0000000000379573    0.0000000000377086
229.0    0.0000000000382419    0.0000000000381251    0.0000000000380713    0.0000000000383584    0.0000000000381573
231.0    0.0000000000386485    0.0000000000385333    0.0000000000384957    0.0000000000387818    0.0000000000385968
233.0    0.0000000000390769    0.0000000000389602    0.0000000000389166    0.0000000000392157    0.0000000000390351
235.0    0.0000000000395142    0.0000000000393909    0.0000000000393579    0.0000000000396436    0.0000000000394586
237.0    0.0000000000399621    0.0000000000398401    0.0000000000398045    0.0000000000400835    0.0000000000398878
239.0    0.0000000000404188    0.0000000000403217    0.0000000000402384    0.0000000000405532    0.0000000000403417
241.0    0.0000000000408813    0.0000000000408108    0.0000000000406772    0.0000000000410280    0.0000000000408001
243.0    0.0000000000413454    0.0000000000412993    0.0000000000411377    0.0000000000414821    0.0000000000412603
245.0    0.0000000000417881    0.0000000000417616    0.0000000000415978    0.0000000000419513    0.0000000000417187
247.0    0.0000000000422426    0.0000000000422109    0.0000000000420355    0.0000000000424109    0.0000000000421536
249.0    0.0000000000426876    0.0000000000426614    0.0000000000424673    0.0000000000428389    0.0000000000425817
251.0    0.0000000000431213    0.0000000000430938    0.0000000000429098    0.0000000000432731    0.0000000000430197
253.0    0.0000000000435438    0.0000000000435095    0.0000000000433429    0.0000000000436948    0.0000000000434482
255.0    0.0000000000439397    0.0000000000438969    0.0000000000437493    0.0000000000440881    0.0000000000438677
257.0    0.0000000000443439    0.0000000000442764    0.0000000000441477    0.0000000000444914    0.0000000000442622
259.0    0.0000000000447421    0.0000000000446677    0.0000000000445563    0.0000000000448900    0.0000000000446507
261.0    0.0000000000451363    0.0000000000450599    0.0000000000449590    0.0000000000452692    0.0000000000450512
263.0    0.0000000000455283    0.0000000000454563    0.0000000000453407    0.0000000000456651    0.0000000000454480
265.0    0.0000000000459033    0.0000000000458424    0.0000000000457188    0.0000000000460612    0.0000000000458414
267.0    0.0000000000462922    0.0000000000462330    0.0000000000461097    0.0000000000464393    0.0000000000462153
269.0    0.0000000000466780    0.0000000000466411    0.0000000000464961    0.0000000000468319    0.0000000000465849
271.0    0.0000000000470583    0.0000000000470469    0.0000000000468609    0.0000000000472185    0.0000000000469643
273.0    0.0000000000474300    0.0000000000474447    0.0000000000472180    0.0000000000475790    0.0000000000473347
275.0    0.0000000000477894    0.0000000000478144    0.0000000000475802    0.0000000000479419    0.0000000000476933
277.0    0.0000000000481334    0.0000000000481659    0.0000000000479146    0.0000000000482871    0.0000000000480371
279.0    0.0000000000484459    0.0000000000485080    0.0000000000482338    0.0000000000485972    0.0000000000483503
281.0    0.0000000000487507    0.0000000000488228    0.0000000000485488    0.0000000000488856    0.0000000000486451
283.0    0.0000000000490330    0.0000000000491085    0.0000000000488435    0.0000000000491627    0.0000000000489322
285.0    0.0000000000492919    0.0000000000493562    0.0000000000491058    0.0000000000494151    0.0000000000491975
287.0    0.0000000000495284    0.0000000000495782    0.0000000000493480    0.0000000000496341    0.0000000000494410
289.0    0.0000000000497350    0.0000000000497853    0.0000000000495800    0.0000000000498413    0.0000000000496549
291.0    0.0000000000499308    0.0000000000499717    0.0000000000497917    0.0000000000500293    0.0000000000498505
293.0    0.0000000000501093    0.0000000000501415    0.0000000000499772    0.0000000000501932    0.0000000000500373
295.0    0.0000000000502725    0.0000000000502926    0.0000000000501469    0.0000000000503505    0.0000000000502081
297.0    0.0000000000504226    0.0000000000504346    0.0000000000503091    0.0000000000504960    0.0000000000503646
299.0    0.0000000000505557    0.0000000000505748    0.0000000000504576    0.0000000000506252    0.0000000000505026
301.0    0.0000000000506841    0.0000000000507083    0.0000000000505883    0.0000000000507509    0.0000000000506297
303.0    0.0000000000508027    0.0000000000508350    0.0000000000507082    0.0000000000508673    0.0000000000507515
305.0    0.0000000000509110    0.0000000000509494    0.0000000000508224    0.0000000000509692    0.0000000000508623
307.0    0.0000000000510089    0.0000000000510547    0.0000000000509253    0.0000000000510650    0.0000000000509617
309.0    0.0000000000510951    0.0000000000511524    0.0000000000510132    0.0000000000511489    0.0000000000510494
311.0    0.0000000000511691    0.0000000000512359    0.0000000000510897    0.0000000000512165    0.0000000000511217
313.0    0.0000000000512274    0.0000000000513031    0.0000000000511572    0.0000000000512728    0.0000000000511818
315.0    0.0000000000512743    0.0000000000513512    0.0000000000512115    0.0000000000513143    0.0000000000512312
317.0    0.0000000000513071    0.0000000000513821    0.0000000000512509    0.0000000000513394    0.0000000000512667
319.0    0.0000000000513254    0.0000000000513968    0.0000000000512777    0.0000000000513510    0.0000000000512885
321.0    0.0000000000513304    0.0000000000513947    0.0000000000512927    0.0000000000513486    0.0000000000512972
323.0    0.0000000000513234    0.0000000000513775    0.0000000000512953    0.0000000000513345    0.0000000000512944
325.0    0.0000000000513052    0.0000000000513493    0.0000000000512872    0.0000000000513091    0.0000000000512807
327.0    0.0000000000512777    0.0000000000513119    0.0000000000512695    0.0000000000512751    0.0000000000512576
329.0    0.0000000000512427    0.0000000000512661    0.0000000000512428    0.0000000000512362    0.0000000000512266
331.0    0.0000000000512021    0.0000000000512159    0.0000000000512091    0.0000000000511930    0.0000000000511912
333.0    0.0000000000511576    0.0000000000511636    0.0000000000511717    0.0000000000511450    0.0000000000511515
335.0    0.0000000000511108    0.0000000000511130    0.0000000000511308    0.0000000000510956    0.0000000000511071
337.0    0.0000000000510648    0.0000000000510634    0.0000000000510855    0.0000000000510481    0.0000000000510608
339.0    0.0000000000510167    0.0000000000510134    0.0000000000510389    0.0000000000509991    0.0000000000510137
341.0    0.0000000000509692    0.0000000000509653    0.0000000000509937    0.0000000000509511    0.0000000000509665
343.0    0.0000000000509224    0.0000000000509191    0.0000000000509486    0.0000000000509062    0.0000000000509216
345.0    0.0000000000508766    0.0000000000508760    0.0000000000509020    0.0000000000508605    0.0000000000508773
347.0    0.0000000000508336    0.0000000000508338    0.0000000000508561    0.0000000000508159    0.0000000000508319
349.0    0.0000000000507898    0.0000000000507903    0.0000000000508130    0.0000000000507740    0.0000000000507873
351.0    0.0000000000507467    0.0000000000507470    0.0000000000507706    0.0000000000507308    0.0000000000507435
353.0    0.0000000000507043    0.0000000000507052    0.0000000000507273    0.0000000000506882    0.0000000000507023
355.0    0.0000000000506625    0.0000000000506632    0.0000000000506848    0.0000000000506481    0.0000000000506618
357.0    0.0000000000506232    0.0000000000506198    0.0000000000506449    0.0000000000506068    0.0000000000506203
359.0    0.0000000000505830    0.0000000000505768    0.0000000000506059    0.0000000000505663    0.0000000000505799
361.0    0.0000000000505440    0.0000000000505347    0.0000000000505662    0.0000000000505288    0.0000000000505406
363.0    0.0000000000505062    0.0000000000504956    0.0000000000505279    0.0000000000504910    0.0000000000505041
365.0    0.0000000000504700    0.0000000000504584    0.0000000000504924    0.0000000000504549    0.0000000000504691
367.0    0.0000000000504357    0.0000000000504220    0.0000000000504584    0.0000000000504224    0.0000000000504343
369.0    0.0000000000504033    0.0000000000503884    0.0000000000504248    0.0000000000503906    0.0000000000504014
371.0    0.0000000000503743    0.0000000000503576    0.0000000000503931    0.0000000000503611    0.0000000000503706
373.0    0.0000000000503463    0.0000000000503306    0.0000000000503647    0.0000000000503352    0.0000000000503420
375.0    0.0000000000503205    0.0000000000503062    0.0000000000503383    0.0000000000503114    0.0000000000503166
377.0    0.0000000000502970    0.0000000000502832    0.0000000000503128    0.0000000000502888    0.0000000000502932
379.0    0.0000000000502756    0.0000000000502624    0.0000000000502895    0.0000000000502683    0.0000000000502708
381.0    0.0000000000502569    0.0000000000502435    0.0000000000502691    0.0000000000502506    0.0000000000502504
383.0    0.0000000000502392    0.0000000000502267    0.0000000000502507    0.0000000000502339    0.0000000000502319
385.0    0.0000000000502234    0.0000000000502113    0.0000000000502333    0.0000000000502189    0.0000000000502158
387.0    0.0000000000502093    0.0000000000501963    0.0000000000502178    0.0000000000502062    0.0000000000502015
389.0    0.0000000000501970    0.0000000000501824    0.0000000000502048    0.0000000000501946    0.0000000000501881
391.0    0.0000000000501865    0.0000000000501696    0.0000000000501937    0.0000000000501848    0.0000000000501767
393.0    0.0000000000501780    0.0000000000501585    0.0000000000501843    0.0000000000501774    0.0000000000501672
395.0    0.0000000000501719    0.0000000000501487    0.0000000000501772    0.0000000000501721    0.0000000000501601
397.0    0.0000000000501683    0.0000000000501401    0.0000000000501730    0.0000000000501696    0.0000000000501555
399.0    0.0000000000501677    0.0000000000501336    0.0000000000501718    0.0000000000501704    0.0000000000501535
401.0    0.0000000000501711    0.0000000000501294    0.0000000000501742    0.0000000000501755    0.0000000000501551
403.0    0.0000000000501790    0.0000000000501282    0.0000000000501812    0.0000000000501855    0.0000000000501611
405.0    0.0000000000501918    0.0000000000501303    0.0000000000501930    0.0000000000502009    0.0000000000501723
407.0    0.0000000000502120    0.0000000000501367    0.0000000000502110    0.0000000000502244    0.0000000000501891
409.0    0.0000000000502401    0.0000000000501483    0.0000000000502376    0.0000000000502568    0.0000000000502130
411.0    0.0000000000502784    0.0000000000501663    0.0000000000502740    0.0000000000502983    0.0000000000502472
413.0    0.0000000000503285    0.0000000000501911    0.0000000000503197    0.0000000000503547    0.0000000000502928
415.0    0.0000000000503904    0.0000000000502250    0.0000000000503784    0.0000000000504269    0.0000000000503521
417.0    0.0000000000504719    0.0000000000502720    0.0000000000504559    0.0000000000505141    0.0000000000504245
419.0    0.0000000000505738    0.0000000000503339    0.0000000000505533    0.0000000000506279    0.0000000000505152
421.0    0.0000000000507005    0.0000000000504141    0.0000000000506686    0.0000000000507684    0.0000000000506329
423.0    0.0000000000508559    0.0000000000505120    0.0000000000508097    0.0000000000509330    0.0000000000507784
425.0    0.0000000000510459    0.0000000000506352    0.0000000000509886    0.0000000000511320    0.0000000000509568
427.0    0.0000000000512750    0.0000000000507947    0.0000000000512052    0.0000000000513830    0.0000000000511737
429.0    0.0000000000515386    0.0000000000509927    0.0000000000514534    0.0000000000516837    0.0000000000514232
431.0    0.0000000000518653    0.0000000000512360    0.0000000000517485    0.0000000000520259    0.0000000000517206
433.0    0.0000000000522516    0.0000000000515198    0.0000000000521122    0.0000000000524486    0.0000000000520882
435.0    0.0000000000527073    0.0000000000518612    0.0000000000525409    0.0000000000529450    0.0000000000525227
437.0    0.0000000000532391    0.0000000000522851    0.0000000000530199    0.0000000000534989    0.0000000000530328
439.0    0.0000000000538313    0.0000000000527895    0.0000000000535754    0.0000000000541703    0.0000000000536006
441.0    0.0000000000545427    0.0000000000533851    0.0000000000542436    0.0000000000549439    0.0000000000542562
443.0    0.0000000000553582    0.0000000000540536    0.0000000000550125    0.0000000000557915    0.0000000000550416
445.0    0.0000000000562910    0.0000000000548286    0.0000000000558521    0.0000000000568004    0.0000000000559412
447.0    0.0000000000573478    0.0000000000557569    0.0000000000568039    0.0000000000579426    0.0000000000569655
449.0    0.0000000000584909    0.0000000000568225    0.0000000000579235    0.0000000000591721    0.0000000000580729
451.0    0.0000000000598253    0.0000000000580374    0.0000000000591830    0.0000000000606108    0.0000000000593153
453.0    0.0000000000613125    0.0000000000593565    0.0000000000605291    0.0000000000622121    0.0000000000607619
455.0    0.0000000000629655    0.0000000000608369    0.0000000000620227    0.0000000000639073    0.0000000000623722
457.0    0.0000000000647880    0.0000000000625543    0.0000000000637431    0.0000000000658586    0.0000000000641548
459.0    0.0000000000667918    0.0000000000644637    0.0000000000656375    0.0000000000679953    0.0000000000661173
461.0    0.0000000000689779    0.0000000000665736    0.0000000000676212    0.0000000000702217    0.0000000000681715
463.0    0.0000000000712560    0.0000000000687966    0.0000000000697781    0.0000000000727439    0.0000000000704040
465.0    0.0000000000738189    0.0000000000712186    0.0000000000722134    0.0000000000754630    0.0000000000729232
467.0    0.0000000000765733    0.0000000000739479    0.0000000000748411    0.0000000000782527    0.0000000000756395
469.0    0.0000000000795239    0.0000000000768942    0.0000000000775395    0.0000000000812244    0.0000000000785531
471.0    0.0000000000826637    0.0000000000799298    0.0000000000804172    0.0000000000845241    0.0000000000815279
473.0    0.0000000000858558    0.0000000000831652    0.0000000000836049    0.0000000000880115    0.0000000000846820
475.0    0.0000000000893603    0.0000000000867323    0.0000000000869783    0.0000000000915199    0.0000000000881553
477.0    0.0000000000930368    0.0000000000904992    0.0000000000903783    0.0000000000953591    0.0000000000918086
479.0    0.0000000000968799    0.0000000000944556    0.0000000000939380    0.0000000000993587    0.0000000000956326
481.0    0.0000000001008741    0.0000000000984258    0.0000000000978096    0.0000000001033255    0.0000000000994460
483.0    0.0000000001050102    0.0000000001025483    0.0000000001018313    0.0000000001076059    0.0000000001033966
485.0    0.0000000001092697    0.0000000001069781    0.0000000001058131    0.0000000001120036    0.0000000001076479
487.0    0.0000000001134628    0.0000000001115362    0.0000000001099090    0.0000000001163059    0.0000000001120163
489.0    0.0000000001179215    0.0000000001162028    0.0000000001142869    0.0000000001208862    0.0000000001164850
491.0    0.0000000001224543    0.0000000001207718    0.0000000001187548    0.0000000001255297    0.0000000001210354
493.0    0.0000000001270438    0.0000000001254032    0.0000000001231039    0.0000000001300138    0.0000000001254548
495.0    0.0000000001316702    0.0000000001302626    0.0000000001275033    0.0000000001347262    0.0000000001299157
497.0    0.0000000001361284    0.0000000001351445    0.0000000001321286    0.0000000001394435    0.0000000001345950
499.0    0.0000000001407718    0.0000000001400261    0.0000000001367705    0.0000000001439425    0.0000000001392798
501.0    0.0000000001453962    0.0000000001446998    0.0000000001412177    0.0000000001486130    0.0000000001439511
503.0    0.0000000001499826    0.0000000001493336    0.0000000001456459    0.0000000001532325    0.0000000001483978
505.0    0.0000000001545149    0.0000000001540924    0.0000000001502299    0.0000000001575868    0.0000000001527982
507.0    0.0000000001587987    0.0000000001587706    0.0000000001547589    0.0000000001620550    0.0000000001573250
509.0    0.0000000001631763    0.0000000001633509    0.0000000001590333    0.0000000001664249    0.0000000001617694
511.0    0.0000000001674550    0.0000000001676486    0.0000000001632275    0.0000000001704985    0.0000000001661167
513.0    0.0000000001716195    0.0000000001718272    0.0000000001675073    0.0000000001744577    0.0000000001701800
515.0    0.0000000001756620    0.0000000001760371    0.0000000001716751    0.0000000001784634    0.0000000001741297
517.0    0.0000000001795694    0.0000000001800975    0.0000000001755542    0.0000000001823275    0.0000000001781223
519.0    0.0000000001833364    0.0000000001839999    0.0000000001793096    0.0000000001858808    0.0000000001819737
521.0    0.0000000001868124    0.0000000001875977    0.0000000001830909    0.0000000001894407    0.0000000001856766
523.0    0.0000000001902816    0.0000000001910361    0.0000000001867244    0.0000000001928417    0.0000000001892247
525.0    0.0000000001935954    0.0000000001944434    0.0000000001900637    0.0000000001959395    0.0000000001924770
527.0    0.0000000001967470    0.0000000001976752    0.0000000001932563    0.0000000001990147    0.0000000001955784
529.0    0.0000000001997392    0.0000000002007312    0.0000000001964317    0.0000000002019258    0.0000000001986556
531.0    0.0000000002024590    0.0000000002035055    0.0000000001994458    0.0000000002045544    0.0000000002015682
533.0    0.0000000002051335    0.0000000002061173    0.0000000002021833    0.0000000002071407    0.0000000002043171
535.0    0.0000000002076509    0.0000000002086672    0.0000000002047704    0.0000000002095676    0.0000000002068004
537.0    0.0000000002100105    0.0000000002110501    0.0000000002073144    0.0000000002117403    0.0000000002091345
539.0    0.0000000002122188    0.0000000002132701    0.0000000002097009    0.0000000002138595    0.0000000002114177
541.0    0.0000000002142762    0.0000000002152568    0.0000000002118444    0.0000000002158317    0.0000000002135479
543.0    0.0000000002161912    0.0000000002171008    0.0000000002138476    0.0000000002175819    0.0000000002155296
545.0    0.0000000002178975    0.0000000002188757    0.0000000002157958    0.0000000002192744    0.0000000002172945
547.0    0.0000000002195422    0.0000000002205098    0.0000000002175307    0.0000000002208353    0.0000000002189307
549.0    0.0000000002210597    0.0000000002220099    0.0000000002191385    0.0000000002222082    0.0000000002205082
551.0    0.0000000002224524    0.0000000002233323    0.0000000002206888    0.0000000002235230    0.0000000002219583
553.0    0.0000000002237290    0.0000000002245414    0.0000000002221133    0.0000000002247241    0.0000000002232868
555.0    0.0000000002248488    0.0000000002256868    0.0000000002233667    0.0000000002257693    0.0000000002244997
557.0    0.0000000002259108    0.0000000002267235    0.0000000002245135    0.0000000002267597    0.0000000002255597
559.0    0.0000000002268735    0.0000000002276580    0.0000000002256050    0.0000000002276534    0.0000000002265227
561.0    0.0000000002277405    0.0000000002284665    0.0000000002265936    0.0000000002284212    0.0000000002274322
563.0    0.0000000002285193    0.0000000002291902    0.0000000002274504    0.0000000002291092    0.0000000002282488
565.0    0.0000000002291874    0.0000000002298608    0.0000000002282215    0.0000000002297482    0.0000000002289783
567.0    0.0000000002298055    0.0000000002304522    0.0000000002289422    0.0000000002303116    0.0000000002296010
569.0    0.0000000002303507    0.0000000002309695    0.0000000002295818    0.0000000002307825    0.0000000002301518
571.0    0.0000000002308254    0.0000000002314023    0.0000000002301235    0.0000000002312087    0.0000000002306568
573.0    0.0000000002312362    0.0000000002317744    0.0000000002305983    0.0000000002315730    0.0000000002310943
575.0    0.0000000002315856    0.0000000002321032    0.0000000002310288    0.0000000002318660    0.0000000002314682
577.0    0.0000000002318789    0.0000000002323755    0.0000000002313963    0.0000000002321183    0.0000000002317716
579.0    0.0000000002321104    0.0000000002325954    0.0000000002316936    0.0000000002323198    0.0000000002320236
581.0    0.0000000002323025    0.0000000002327613    0.0000000002319395    0.0000000002324680    0.0000000002322360
583.0    0.0000000002324488    0.0000000002328843    0.0000000002321463    0.0000000002325783    0.0000000002324005
585.0    0.0000000002325515    0.0000000002329708    0.0000000002323048    0.0000000002326477    0.0000000002325197
587.0    0.0000000002326142    0.0000000002330175    0.0000000002324151    0.0000000002326771    0.0000000002325970
589.0    0.0000000002326388    0.0000000002330271    0.0000000002324858    0.0000000002326719    0.0000000002326344
591.0    0.0000000002326289    0.0000000002330042    0.0000000002325218    0.0000000002326331    0.0000000002326372
593.0    0.0000000002325870    0.0000000002329483    0.0000000002325207    0.0000000002325659    0.0000000002326067
595.0    0.0000000002325136    0.0000000002328622    0.0000000002324876    0.0000000002324665    0.0000000002325441
597.0    0.0000000002324115    0.0000000002327472    0.0000000002324248    0.0000000002323393    0.0000000002324513
599.0    0.0000000002322879    0.0000000002326113    0.0000000002323297    0.0000000002321930    0.0000000002323360
601.0    0.0000000002321341    0.0000000002324518    0.0000000002322067    0.0000000002320162    0.0000000002321962
603.0    0.0000000002319570    0.0000000002322631    0.0000000002320640    0.0000000002318168    0.0000000002320261
605.0    0.0000000002317575    0.0000000002320522    0.0000000002318985    0.0000000002316059    0.0000000002318328
607.0    0.0000000002315377    0.0000000002318205    0.0000000002317036    0.0000000002313769    0.0000000002316182
609.0    0.0000000002312982    0.0000000002315794    0.0000000002314869    0.0000000002311188    0.0000000002313934
611.0    0.0000000002310407    0.0000000002313213    0.0000000002312605    0.0000000002308440    0.0000000002311513
613.0    0.0000000002307780    0.0000000002310368    0.0000000002310170    0.0000000002305664    0.0000000002308816
615.0    0.0000000002304890    0.0000000002307362    0.0000000002307457    0.0000000002302609    0.0000000002305954
617.0    0.0000000002301857    0.0000000002304213    0.0000000002304583    0.0000000002299420    0.0000000002302941
619.0    0.0000000002298688    0.0000000002301059    0.0000000002301690    0.0000000002296250    0.0000000002299788
621.0    0.0000000002295399    0.0000000002297787    0.0000000002298665    0.0000000002292820    0.0000000002296646
623.0    0.0000000002292135    0.0000000002294273    0.0000000002295385    0.0000000002289285    0.0000000002293394
625.0    0.0000000002288632    0.0000000002290655    0.0000000002291988    0.0000000002285812    0.0000000002289895
627.0    0.0000000002285034    0.0000000002286945    0.0000000002288632    0.0000000002282094    0.0000000002286296
629.0    0.0000000002281352    0.0000000002283294    0.0000000002285184    0.0000000002278298    0.0000000002282606
631.0    0.0000000002277596    0.0000000002279573    0.0000000002281498    0.0000000002274598    0.0000000002278995
633.0    0.0000000002273767    0.0000000002275636    0.0000000002277732    0.0000000002270672    0.0000000002275317
635.0    0.0000000002269880    0.0000000002271639    0.0000000002274055    0.0000000002266688    0.0000000002271414
637.0    0.0000000002266098    0.0000000002267593    0.0000000002270320    0.0000000002262833    0.0000000002267456
639.0    0.0000000002262109    0.0000000002263660    0.0000000002266366    0.0000000002258762    0.0000000002263447
641.0    0.0000000002258084    0.0000000002259688    0.0000000002262361    0.0000000002254655    0.0000000002259395
643.0    0.0000000002254025    0.0000000002255531    0.0000000002258485    0.0000000002250699    0.0000000002255476
645.0    0.0000000002249937    0.0000000002251348    0.0000000002254572    0.0000000002246539    0.0000000002251532
647.0    0.0000000002245992    0.0000000002247145    0.0000000002250460    0.0000000002242362    0.0000000002247391
649.0    0.0000000002241862    0.0000000002243090    0.0000000002246322    0.0000000002238353    0.0000000002243230
651.0    0.0000000002237721    0.0000000002239027    0.0000000002242339    0.0000000002234152    0.0000000002239055
653.0    0.0000000002233570    0.0000000002234795    0.0000000002238342    0.0000000002229946    0.0000000002235045
655.0    0.0000000002229415    0.0000000002230564    0.0000000002234159    0.0000000002225922    0.0000000002231029
657.0    0.0000000002225423    0.0000000002226332    0.0000000002229970    0.0000000002221897    0.0000000002226835
659.0    0.0000000002221267    0.0000000002222270    0.0000000002225950    0.0000000002217695    0.0000000002222644
661.0    0.0000000002217114    0.0000000002218215    0.0000000002221935    0.0000000002213497    0.0000000002218455
663.0    0.0000000002212968    0.0000000002214008    0.0000000002217742    0.0000000002209491    0.0000000002214446
665.0    0.0000000002208832    0.0000000002209812    0.0000000002213559    0.0000000002205313    0.0000000002210446
667.0    0.0000000002204702    0.0000000002205632    0.0000000002209555    0.0000000002201146    0.0000000002206283
669.0    0.0000000002200588    0.0000000002201630    0.0000000002205560    0.0000000002197172    0.0000000002202131
671.0    0.0000000002196648    0.0000000002197635    0.0000000002201402    0.0000000002193032    0.0000000002197992
673.0    0.0000000002192560    0.0000000002193502    0.0000000002197255    0.0000000002188906    0.0000000002193866
675.0    0.0000000002188485    0.0000000002189385    0.0000000002193295    0.0000000002184974    0.0000000002189928
677.0    0.0000000002184424    0.0000000002185288    0.0000000002189346    0.0000000002180879    0.0000000002186003
679.0    0.0000000002180378    0.0000000002181364    0.0000000002185241    0.0000000002176799    0.0000000002181923
681.0    0.0000000002176507    0.0000000002177458    0.0000000002181150    0.0000000002172909    0.0000000002177860
683.0    0.0000000002172492    0.0000000002173412    0.0000000002177244    0.0000000002168859    0.0000000002173813
685.0    0.0000000002168490    0.0000000002169384    0.0000000002173351    0.0000000002164820    0.0000000002169948
687.0    0.0000000002164503    0.0000000002165372    0.0000000002169305    0.0000000002160973    0.0000000002166097
689.0    0.0000000002160528    0.0000000002161530    0.0000000002165272    0.0000000002156963    0.0000000002162094
691.0    0.0000000002156568    0.0000000002157702    0.0000000002161418    0.0000000002152965    0.0000000002158104
693.0    0.0000000002152617    0.0000000002153734    0.0000000002157577    0.0000000002149151    0.0000000002154128
695.0    0.0000000002148836    0.0000000002149779    0.0000000002153583    0.0000000002145173    0.0000000002150330
697.0    0.0000000002144906    0.0000000002145837    0.0000000002149597    0.0000000002141205    0.0000000002146538
699.0    0.0000000002140987    0.0000000002142056    0.0000000002145789    0.0000000002137416    0.0000000002142593
701.0    0.0000000002137072    0.0000000002138282    0.0000000002141985    0.0000000002133633    0.0000000002138657
703.0    0.0000000002133165    0.0000000002134365    0.0000000002138028    0.0000000002129682    0.0000000002134728
705.0    0.0000000002129417    0.0000000002130454    0.0000000002134077    0.0000000002125735    0.0000000002130803
707.0    0.0000000002125519    0.0000000002126700    0.0000000002130295    0.0000000002121963    0.0000000002127048
709.0    0.0000000002121622    0.0000000002122945    0.0000000002126517    0.0000000002118017    0.0000000002123295
711.0    0.0000000002117726    0.0000000002119040    0.0000000002122577    0.0000000002114074    0.0000000002119380
713.0    0.0000000002113828    0.0000000002115140    0.0000000002118637    0.0000000002110298    0.0000000002115465
715.0    0.0000000002110086    0.0000000002111237    0.0000000002114861    0.0000000002106348    0.0000000002111549
717.0    0.0000000002106182    0.0000000002107479    0.0000000002111084    0.0000000002102393    0.0000000002107794
719.0    0.0000000002102275    0.0000000002103716    0.0000000002107140    0.0000000002098603    0.0000000002104032
721.0    0.0000000002098360    0.0000000002099798    0.0000000002103191    0.0000000002094633    0.0000000002100103
723.0    0.0000000002094439    0.0000000002095870    0.0000000002099400    0.0000000002090656    0.0000000002096167
725.0    0.0000000002090508    0.0000000002091933    0.0000000002095605    0.0000000002086841    0.0000000002092222
727.0    0.0000000002086568    0.0000000002088138    0.0000000002091633    0.0000000002082843    0.0000000002088430
729.0    0.0000000002082775    0.0000000002084332    0.0000000002087654    0.0000000002078830    0.0000000002084631
731.0    0.0000000002078812    0.0000000002080358    0.0000000002083829    0.0000000002074980    0.0000000002080653
733.0    0.0000000002074836    0.0000000002076371    0.0000000002079995    0.0000000002070943    0.0000000002076662
735.0    0.0000000002070848    0.0000000002072368    0.0000000002075980    0.0000000002066889    0.0000000002072657
737.0    0.0000000002066841    0.0000000002068505    0.0000000002071951    0.0000000002062999    0.0000000002068636
739.0    0.0000000002062982    0.0000000002064623    0.0000000002068078    0.0000000002058913    0.0000000002064768
741.0    0.0000000002058946    0.0000000002060568    0.0000000002064190    0.0000000002054814    0.0000000002060884
743.0    0.0000000002054895    0.0000000002056498    0.0000000002060120    0.0000000002050875    0.0000000002056818
745.0    0.0000000002050827    0.0000000002052406    0.0000000002056028    0.0000000002046740    0.0000000002052730
747.0    0.0000000002046742    0.0000000002048455    0.0000000002052094    0.0000000002042589    0.0000000002048627
749.0    0.0000000002042802    0.0000000002044484    0.0000000002048144    0.0000000002038603    0.0000000002044677
751.0    0.0000000002038688    0.0000000002040338    0.0000000002044006    0.0000000002034600    0.0000000002040711
753.0    0.0000000002034551    0.0000000002036169    0.0000000002039851    0.0000000002030397    0.0000000002036554
755.0    0.0000000002030398    0.0000000002031984    0.0000000002035853    0.0000000002026181    0.0000000002032381
757.0    0.0000000002026231    0.0000000002027942    0.0000000002031835    0.0000000002022131    0.0000000002028185
759.0    0.0000000002022046    0.0000000002023882    0.0000000002027633    0.0000000002017885    0.0000000002024156
761.0    0.0000000002017848    0.0000000002019643    0.0000000002023413    0.0000000002013619    0.0000000002020109
763.0    0.0000000002013802    0.0000000002015387    0.0000000002019353    0.0000000002009528    0.0000000002015868
765.0    0.0000000002009575    0.0000000002011115    0.0000000002015280    0.0000000002005238    0.0000000002011615
767.0    0.0000000002005337    0.0000000002006995    0.0000000002011016    0.0000000002000935    0.0000000002007346
769.0    0.0000000002001082    0.0000000002002858    0.0000000002006738    0.0000000001996810    0.0000000002003063
771.0    0.0000000001996819    0.0000000001998545    0.0000000002002625    0.0000000001992487    0.0000000001998947
773.0    0.0000000001992717    0.0000000001994220    0.0000000001998504    0.0000000001988153    0.0000000001994821
775.0    0.0000000001988435    0.0000000001989884    0.0000000001994190    0.0000000001984001    0.0000000001990510
777.0    0.0000000001984144    0.0000000001985707    0.0000000001989870    0.0000000001979654    0.0000000001986180
779.0    0.0000000001979847    0.0000000001981522    0.0000000001985718    0.0000000001975303    0.0000000001981848
781.0    0.0000000001975544    0.0000000001977162    0.0000000001981562    0.0000000001971135    0.0000000001977691
783.0    0.0000000001971238    0.0000000001972797    0.0000000001977219    0.0000000001966775    0.0000000001973527
785.0    0.0000000001966927    0.0000000001968428    0.0000000001972870    0.0000000001962413    0.0000000001969180
787.0    0.0000000001962790    0.0000000001964225    0.0000000001968699    0.0000000001958241    0.0000000001964828
789.0    0.0000000001958478    0.0000000001960022    0.0000000001964526    0.0000000001953881    0.0000000001960476
791.0    0.0000000001954165    0.0000000001955649    0.0000000001960171    0.0000000001949523    0.0000000001956305
793.0    0.0000000001949855    0.0000000001951280    0.0000000001955816    0.0000000001945356    0.0000000001952135
795.0    0.0000000001945549    0.0000000001946913    0.0000000001951644    0.0000000001941196    0.0000000001947788
797.0    0.0000000001941420    0.0000000001942718    0.0000000001947473    0.0000000001936853    0.0000000001943443
799.0    0.0000000001937124    0.0000000001938528    0.0000000001943127    0.0000000001932515    0.0000000001939104
801.0    0.0000000001932836    0.0000000001934181    0.0000000001938785    0.0000000001928375    0.0000000001934772
803.0    0.0000000001928556    0.0000000001929840    0.0000000001934631    0.0000000001924055    0.0000000001930630
805.0    0.0000000001924285    0.0000000001925509    0.0000000001930482    0.0000000001919748    0.0000000001926491
807.0    0.0000000001920195    0.0000000001921354    0.0000000001926165    0.0000000001915638    0.0000000001922186
809.0    0.0000000001915946    0.0000000001917212    0.0000000001921857    0.0000000001911355    0.0000000001917891
811.0    0.0000000001911710    0.0000000001912920    0.0000000001917739    0.0000000001907085    0.0000000001913609
813.0    0.0000000001907488    0.0000000001908635    0.0000000001913632    0.0000000001903016    0.0000000001909517
815.0    0.0000000001903279    0.0000000001904372    0.0000000001909358    0.0000000001898778    0.0000000001905442
817.0    0.0000000001899088    0.0000000001900284    0.0000000001905102    0.0000000001894555    0.0000000001901202
819.0    0.0000000001894911    0.0000000001896215    0.0000000001901035    0.0000000001890533    0.0000000001896978
821.0    0.0000000001890918    0.0000000001892000    0.0000000001896983    0.0000000001886346    0.0000000001892775
823.0    0.0000000001886775    0.0000000001887804    0.0000000001892775    0.0000000001882177    0.0000000001888759
825.0    0.0000000001882652    0.0000000001883790    0.0000000001888754    0.0000000001878210    0.0000000001884763
827.0    0.0000000001878549    0.0000000001879792    0.0000000001884751    0.0000000001874080    0.0000000001880612
829.0    0.0000000001874464    0.0000000001875654    0.0000000001880596    0.0000000001869971    0.0000000001876482
831.0    0.0000000001870562    0.0000000001871538    0.0000000001876458    0.0000000001866063    0.0000000001872371
833.0    0.0000000001866518    0.0000000001867445    0.0000000001872512    0.0000000001861996    0.0000000001868280
835.0    0.0000000001862495    0.0000000001863529    0.0000000001868585    0.0000000001857951    0.0000000001864384
837.0    0.0000000001858494    0.0000000001859635    0.0000000001864510    0.0000000001854104    0.0000000001860506
839.0    0.0000000001854515    0.0000000001855609    0.0000000001860455    0.0000000001850104    0.0000000001856481
841.0    0.0000000001850558    0.0000000001851605    0.0000000001856590    0.0000000001846127    0.0000000001852479
843.0    0.0000000001846623    0.0000000001847625    0.0000000001852746    0.0000000001842345    0.0000000001848499
845.0    0.0000000001842866    0.0000000001843822    0.0000000001848757    0.0000000001838583    0.0000000001844708
847.0    0.0000000001838976    0.0000000001840038    0.0000000001844789    0.0000000001834673    0.0000000001840938
849.0    0.0000000001835108    0.0000000001836130    0.0000000001841010    0.0000000001830786    0.0000000001837027
851.0    0.0000000001831265    0.0000000001832242    0.0000000001837252    0.0000000001827093    0.0000000001833139
853.0    0.0000000001827441    0.0000000001828381    0.0000000001833354    0.0000000001823251    0.0000000001829275
855.0    0.0000000001823793    0.0000000001824689    0.0000000001829478    0.0000000001819433    0.0000000001825434
857.0    0.0000000001820016    0.0000000001821021    0.0000000001825790    0.0000000001815804    0.0000000001821776
859.0    0.0000000001816262    0.0000000001817230    0.0000000001822116    0.0000000001812032    0.0000000001818141
861.0    0.0000000001812532    0.0000000001813462    0.0000000001818309    0.0000000001808283    0.0000000001814368
863.0    0.0000000001808822    0.0000000001809715    0.0000000001814526    0.0000000001804721    0.0000000001810618
865.0    0.0000000001805283    0.0000000001806136    0.0000000001810919    0.0000000001801015    0.0000000001806895
867.0    0.0000000001801617    0.0000000001802578    0.0000000001807336    0.0000000001797333    0.0000000001803342
869.0    0.0000000001797975    0.0000000001798899    0.0000000001803618    0.0000000001793832    0.0000000001799813
871.0    0.0000000001794353    0.0000000001795242    0.0000000001799924    0.0000000001790196    0.0000000001796153
873.0    0.0000000001790753    0.0000000001791611    0.0000000001796404    0.0000000001786579    0.0000000001792516
875.0    0.0000000001787174    0.0000000001788138    0.0000000001792906    0.0000000001783139    0.0000000001788900
877.0    0.0000000001783617    0.0000000001784685    0.0000000001789275    0.0000000001779565    0.0000000001785454
879.0    0.0000000001780221    0.0000000001781115    0.0000000001785670    0.0000000001776013    0.0000000001782029
881.0    0.0000000001776705    0.0000000001777567    0.0000000001782228    0.0000000001772635    0.0000000001778475
883.0    0.0000000001773211    0.0000000001774040    0.0000000001778811    0.0000000001769122    0.0000000001774941
885.0    0.0000000001769735    0.0000000001770666    0.0000000001775266    0.0000000001765631    0.0000000001771428
887.0    0.0000000001766278    0.0000000001767311    0.0000000001771739    0.0000000001762311    0.0000000001767935
889.0    0.0000000001762979    0.0000000001763842    0.0000000001768381    0.0000000001759010    0.0000000001764607
891.0    0.0000000001759564    0.0000000001760393    0.0000000001765038    0.0000000001755576    0.0000000001761298
893.0    0.0000000001756167    0.0000000001756962    0.0000000001761574    0.0000000001752162    0.0000000001757865
895.0    0.0000000001752790    0.0000000001753682    0.0000000001758128    0.0000000001748916    0.0000000001754449
897.0    0.0000000001749430    0.0000000001750420    0.0000000001754845    0.0000000001745543    0.0000000001751053
899.0    0.0000000001746224    0.0000000001747045    0.0000000001751579    0.0000000001742190    0.0000000001747818
901.0    0.0000000001742902    0.0000000001743689    0.0000000001748192    0.0000000001739000    0.0000000001744599
903.0    0.0000000001739602    0.0000000001740352    0.0000000001744820    0.0000000001735682    0.0000000001741258
905.0    0.0000000001736318    0.0000000001737161    0.0000000001741614    0.0000000001732385    0.0000000001737938
907.0    0.0000000001733053    0.0000000001733987    0.0000000001738421    0.0000000001729250    0.0000000001734634
909.0    0.0000000001729809    0.0000000001730703    0.0000000001735110    0.0000000001725992    0.0000000001731487
911.0    0.0000000001726583    0.0000000001727440    0.0000000001731817    0.0000000001722754    0.0000000001728358
913.0    0.0000000001723504    0.0000000001724193    0.0000000001728678    0.0000000001719675    0.0000000001725107
915.0    0.0000000001720316    0.0000000001721089    0.0000000001725558    0.0000000001716477    0.0000000001721881
917.0    0.0000000001717148    0.0000000001718002    0.0000000001722323    0.0000000001713298    0.0000000001718671
919.0    0.0000000001714000    0.0000000001714812    0.0000000001719108    0.0000000001710277    0.0000000001715480
921.0    0.0000000001710870    0.0000000001711640    0.0000000001716045    0.0000000001707140    0.0000000001712443
923.0    0.0000000001707886    0.0000000001708488    0.0000000001713000    0.0000000001704020    0.0000000001709422
925.0    0.0000000001704798    0.0000000001705480    0.0000000001709843    0.0000000001701062    0.0000000001706290
927.0    0.0000000001701730    0.0000000001702483    0.0000000001706710    0.0000000001697987    0.0000000001703177
929.0    0.0000000001698682    0.0000000001699389    0.0000000001703722    0.0000000001694936    0.0000000001700086
931.0    0.0000000001695656    0.0000000001696318    0.0000000001700755    0.0000000001692039    0.0000000001697143
933.0    0.0000000001692653    0.0000000001693267    0.0000000001697681    0.0000000001689161    0.0000000001694221
935.0    0.0000000001689673    0.0000000001690353    0.0000000001694629    0.0000000001686178    0.0000000001691192
937.0    0.0000000001686832    0.0000000001687462    0.0000000001691725    0.0000000001683218    0.0000000001688186
939.0    0.0000000001683898    0.0000000001684476    0.0000000001688845    0.0000000001680411    0.0000000001685203
941.0    0.0000000001680987    0.0000000001681515    0.0000000001685858    0.0000000001677502    0.0000000001682368
943.0    0.0000000001678100    0.0000000001678690    0.0000000001682897    0.0000000001674620    0.0000000001679553
945.0    0.0000000001675239    0.0000000001675887    0.0000000001680085    0.0000000001671883    0.0000000001676641
947.0    0.0000000001672517    0.0000000001672997    0.0000000001677294    0.0000000001669052    0.0000000001673753
949.0    0.0000000001669706    0.0000000001670133    0.0000000001674407    0.0000000001666248    0.0000000001670892
951.0    0.0000000001666923    0.0000000001667297    0.0000000001671546    0.0000000001663591    0.0000000001668057
953.0    0.0000000001664166    0.0000000001664595    0.0000000001668829    0.0000000001660847    0.0000000001665365
955.0    0.0000000001661439    0.0000000001661918    0.0000000001666138    0.0000000001658129    0.0000000001662699
957.0    0.0000000001658848    0.0000000001659162    0.0000000001663357    0.0000000001655559    0.0000000001659947
959.0    0.0000000001656178    0.0000000001656437    0.0000000001660609    0.0000000001652905    0.0000000001657223
961.0    0.0000000001653536    0.0000000001653742    0.0000000001657999    0.0000000001650281    0.0000000001654528
963.0    0.0000000001650930    0.0000000001651178    0.0000000001655419    0.0000000001647801    0.0000000001651975
965.0    0.0000000001648352    0.0000000001648645    0.0000000001652760    0.0000000001645243    0.0000000001649452
967.0    0.0000000001645809    0.0000000001646042    0.0000000001650127    0.0000000001642717    0.0000000001646849
969.0    0.0000000001643300    0.0000000001643472    0.0000000001647637    0.0000000001640335    0.0000000001644278
971.0    0.0000000001640919    0.0000000001640937    0.0000000001645177    0.0000000001637882    0.0000000001641745
973.0    0.0000000001638475    0.0000000001638530    0.0000000001642645    0.0000000001635463    0.0000000001639345
975.0    0.0000000001636068    0.0000000001636158    0.0000000001640145    0.0000000001633185    0.0000000001636981
977.0    0.0000000001633697    0.0000000001633725    0.0000000001637785    0.0000000001630842    0.0000000001634546
979.0    0.0000000001631362    0.0000000001631332    0.0000000001635458    0.0000000001628536    0.0000000001632150
981.0    0.0000000001629157    0.0000000001628972    0.0000000001633067    0.0000000001626370    0.0000000001629792
983.0    0.0000000001626896    0.0000000001626743    0.0000000001630711    0.0000000001624240    0.0000000001627472
985.0    0.0000000001624677    0.0000000001624550    0.0000000001628493    0.0000000001622054    0.0000000001625284
987.0    0.0000000001622496    0.0000000001622311    0.0000000001626308    0.0000000001619910    0.0000000001623133
989.0    0.0000000001620357    0.0000000001620108    0.0000000001624068    0.0000000001617901    0.0000000001620929
991.0    0.0000000001618260    0.0000000001617948    0.0000000001621872    0.0000000001615842    0.0000000001618766
993.0    0.0000000001616204    0.0000000001615912    0.0000000001619805    0.0000000001613828    0.0000000001616646
995.0    0.0000000001614273    0.0000000001613916    0.0000000001617776    0.0000000001611943    0.0000000001614654
997.0    0.0000000001612304    0.0000000001611885    0.0000000001615702    0.0000000001610022    0.0000000001612703
999.0    0.0000000001610381    0.0000000001609896    0.0000000001613673    0.0000000001608143    0.0000000001610711
1001.0    0.0000000001608502    0.0000000001607955    0.0000000001611771    0.0000000001606393    0.0000000001608762
1003.0    0.0000000001606669    0.0000000001606132    0.0000000001609910    0.0000000001604613    0.0000000001606863
1005.0    0.0000000001604953    0.0000000001604352    0.0000000001608015    0.0000000001602879    0.0000000001605085
1007.0    0.0000000001603216    0.0000000001602551    0.0000000001606168    0.0000000001601270    0.0000000001603350
1009.0    0.0000000001601527    0.0000000001600795    0.0000000001604442    0.0000000001599640    0.0000000001601591
1011.0    0.0000000001599887    0.0000000001599092    0.0000000001602762    0.0000000001598059    0.0000000001599880
1013.0    0.0000000001598297    0.0000000001597501    0.0000000001601060    0.0000000001596598    0.0000000001598216
1015.0    0.0000000001596822    0.0000000001595957    0.0000000001599404    0.0000000001595122    0.0000000001596607
1017.0    0.0000000001595335    0.0000000001594405    0.0000000001597866    0.0000000001593703    0.0000000001595113
1019.0    0.0000000001593899    0.0000000001592905    0.0000000001596380    0.0000000001592396    0.0000000001593666
1021.0    0.0000000001592518    0.0000000001591461    0.0000000001594880    0.0000000001591087    0.0000000001592212
1023.0    0.0000000001591194    0.0000000001590121    0.0000000001593436    0.0000000001589835    0.0000000001590809
1025.0    0.0000000001589925    0.0000000001588833    0.0000000001592102    0.0000000001588693    0.0000000001589465
1027.0    0.0000000001588712    0.0000000001587551    0.0000000001590818    0.0000000001587602    0.0000000001588228
1029.0    0.0000000001587605    0.0000000001586326    0.0000000001589538    0.0000000001586522    0.0000000001587042
1031.0    0.0000000001586504    0.0000000001585159    0.0000000001588312    0.0000000001585505    0.0000000001585865
1033.0    0.0000000001585463    0.0000000001584092    0.0000000001587195    0.0000000001584591    0.0000000001584747
1035.0    0.0000000001584485    0.0000000001583085    0.0000000001586133    0.0000000001583693    0.0000000001583687
1037.0    0.0000000001583567    0.0000000001582095    0.0000000001585082    0.0000000001582861    0.0000000001582731
1039.0    0.0000000001582743    0.0000000001581165    0.0000000001584093    0.0000000001582125    0.0000000001581828
1041.0    0.0000000001581945    0.0000000001580302    0.0000000001583204    0.0000000001581423    0.0000000001580948
1043.0    0.0000000001581214    0.0000000001579532    0.0000000001582375    0.0000000001580785    0.0000000001580133
1045.0    0.0000000001580545    0.0000000001578821    0.0000000001581568    0.0000000001580238    0.0000000001579383
1047.0    0.0000000001579943    0.0000000001578148    0.0000000001580832    0.0000000001579733    0.0000000001578698
1049.0    0.0000000001579427    0.0000000001577540    0.0000000001580182    0.0000000001579298    0.0000000001578103
1051.0    0.0000000001578955    0.0000000001577022    0.0000000001579599    0.0000000001578945    0.0000000001577572
1053.0    0.0000000001578553    0.0000000001576566    0.0000000001579056    0.0000000001578649    0.0000000001577085
1055.0    0.0000000001578219    0.0000000001576159    0.0000000001578580    0.0000000001578423    0.0000000001576664
1057.0    0.0000000001577954    0.0000000001575825    0.0000000001578191    0.0000000001578275    0.0000000001576317
1059.0    0.0000000001577761    0.0000000001575561    0.0000000001577864    0.0000000001578194    0.0000000001576050
1061.0    0.0000000001577638    0.0000000001575377    0.0000000001577593    0.0000000001578186    0.0000000001575847
1063.0    0.0000000001577590    0.0000000001575262    0.0000000001577404    0.0000000001578248    0.0000000001575709
1065.0    0.0000000001577611    0.0000000001575212    0.0000000001577281    0.0000000001578388    0.0000000001575646
1067.0    0.0000000001577706    0.0000000001575241    0.0000000001577224    0.0000000001578605    0.0000000001575655
1069.0    0.0000000001577873    0.0000000001575343    0.0000000001577242    0.0000000001578883    0.0000000001575735
1071.0    0.0000000001578118    0.0000000001575515    0.0000000001577331    0.0000000001579234    0.0000000001575888
1073.0    0.0000000001578422    0.0000000001575759    0.0000000001577490    0.0000000001579676    0.0000000001576120
1075.0    0.0000000001578818    0.0000000001576093    0.0000000001577731    0.0000000001580196    0.0000000001576432
1077.0    0.0000000001579288    0.0000000001576501    0.0000000001578048    0.0000000001580770    0.0000000001576821
1079.0    0.0000000001579836    0.0000000001576992    0.0000000001578425    0.0000000001581448    0.0000000001577289
1081.0    0.0000000001580463    0.0000000001577539    0.0000000001578878    0.0000000001582205    0.0000000001577813
1083.0    0.0000000001581140    0.0000000001578162    0.0000000001579427    0.0000000001583005    0.0000000001578413
1085.0    0.0000000001581920    0.0000000001578892    0.0000000001580055    0.0000000001583923    0.0000000001579116
1087.0    0.0000000001582781    0.0000000001579701    0.0000000001580734    0.0000000001584921    0.0000000001579903
1089.0    0.0000000001583722    0.0000000001580595    0.0000000001581486    0.0000000001585949    0.0000000001580771
1091.0    0.0000000001584741    0.0000000001581534    0.0000000001582349    0.0000000001587107    0.0000000001581679
1093.0    0.0000000001585842    0.0000000001582548    0.0000000001583296    0.0000000001588343    0.0000000001582667
1095.0    0.0000000001587020    0.0000000001583686    0.0000000001584277    0.0000000001589605    0.0000000001583774
1097.0    0.0000000001588228    0.0000000001584910    0.0000000001585338    0.0000000001591001    0.0000000001584967
1099.0    0.0000000001589565    0.0000000001586216    0.0000000001586522    0.0000000001592476    0.0000000001586241
1101.0    0.0000000001590982    0.0000000001587550    0.0000000001587788    0.0000000001593965    0.0000000001587542
1103.0    0.0000000001592480    0.0000000001588964    0.0000000001589080    0.0000000001595602    0.0000000001588921
1105.0    0.0000000001594056    0.0000000001590518    0.0000000001590446    0.0000000001597315    0.0000000001590438
1107.0    0.0000000001595641    0.0000000001592152    0.0000000001591951    0.0000000001599026    0.0000000001592040
1109.0    0.0000000001597370    0.0000000001593871    0.0000000001593538    0.0000000001600895    0.0000000001593723
1111.0    0.0000000001599175    0.0000000001595602    0.0000000001595135    0.0000000001602839    0.0000000001595488
1113.0    0.0000000001601059    0.0000000001597408    0.0000000001596808    0.0000000001604772    0.0000000001597255
1115.0    0.0000000001603020    0.0000000001599366    0.0000000001598627    0.0000000001606864    0.0000000001599098
1117.0    0.0000000001605052    0.0000000001601406    0.0000000001600526    0.0000000001609033    0.0000000001601098
1119.0    0.0000000001607160    0.0000000001603526    0.0000000001602418    0.0000000001611171    0.0000000001603178
1121.0    0.0000000001609252    0.0000000001605638    0.0000000001604384    0.0000000001613378    0.0000000001605334
1123.0    0.0000000001611501    0.0000000001607820    0.0000000001606510    0.0000000001615756    0.0000000001607473
1125.0    0.0000000001613820    0.0000000001610165    0.0000000001608708    0.0000000001618196    0.0000000001609682
1127.0    0.0000000001616208    0.0000000001612584    0.0000000001610885    0.0000000001620595    0.0000000001612056
1129.0    0.0000000001618662    0.0000000001615076    0.0000000001613127    0.0000000001623169    0.0000000001614506
1131.0    0.0000000001621080    0.0000000001617541    0.0000000001615536    0.0000000001625805    0.0000000001617026
1133.0    0.0000000001623662    0.0000000001620068    0.0000000001618016    0.0000000001628382    0.0000000001619614
1135.0    0.0000000001626302    0.0000000001622762    0.0000000001620454    0.0000000001631135    0.0000000001622157
1137.0    0.0000000001629005    0.0000000001625524    0.0000000001622951    0.0000000001633944    0.0000000001624760
1139.0    0.0000000001631763    0.0000000001628345    0.0000000001625621    0.0000000001636683    0.0000000001627539
1141.0    0.0000000001634465    0.0000000001631118    0.0000000001628351    0.0000000001639597    0.0000000001630377
1143.0    0.0000000001637332    0.0000000001633945    0.0000000001631024    0.0000000001642560    0.0000000001633274
1145.0    0.0000000001640245    0.0000000001636938    0.0000000001633751    0.0000000001645437    0.0000000001636104
1147.0    0.0000000001643212    0.0000000001639986    0.0000000001636646    0.0000000001648492    0.0000000001638981
1149.0    0.0000000001646219    0.0000000001643081    0.0000000001639594    0.0000000001651585    0.0000000001642034
1151.0    0.0000000001649272    0.0000000001646106    0.0000000001642467    0.0000000001654585    0.0000000001645132
1153.0    0.0000000001652366    0.0000000001649171    0.0000000001645386    0.0000000001657753    0.0000000001648278
1155.0    0.0000000001655370    0.0000000001652400    0.0000000001648472    0.0000000001660960    0.0000000001651332
1157.0    0.0000000001658534    0.0000000001655665    0.0000000001651601    0.0000000001664050    0.0000000001654425
1159.0    0.0000000001661730    0.0000000001658968    0.0000000001654637    0.0000000001667312    0.0000000001657683
1161.0    0.0000000001664956    0.0000000001662174    0.0000000001657705    0.0000000001670601    0.0000000001660978
1163.0    0.0000000001668210    0.0000000001665410    0.0000000001660940    0.0000000001673765    0.0000000001664300
1165.0    0.0000000001671355    0.0000000001668795    0.0000000001664207    0.0000000001676950    0.0000000001667650
1167.0    0.0000000001674653    0.0000000001672207    0.0000000001667364    0.0000000001680293    0.0000000001670885
1169.0    0.0000000001677967    0.0000000001675506    0.0000000001670542    0.0000000001683654    0.0000000001674139
1171.0    0.0000000001681298    0.0000000001678819    0.0000000001673882    0.0000000001686877    0.0000000001677550
1173.0    0.0000000001684642    0.0000000001682280    0.0000000001677240    0.0000000001690257    0.0000000001680977
1175.0    0.0000000001687996    0.0000000001685750    0.0000000001680473    0.0000000001693643    0.0000000001684418
1177.0    0.0000000001691357    0.0000000001689227    0.0000000001683718    0.0000000001696886    0.0000000001687720
1179.0    0.0000000001694588    0.0000000001692575    0.0000000001687116    0.0000000001700275    0.0000000001691029
1181.0    0.0000000001697958    0.0000000001695924    0.0000000001690520    0.0000000001703665    0.0000000001694484
1183.0    0.0000000001701325    0.0000000001699405    0.0000000001693789    0.0000000001706904    0.0000000001697940
1185.0    0.0000000001704689    0.0000000001702883    0.0000000001697058    0.0000000001710283    0.0000000001701393
1187.0    0.0000000001708050    0.0000000001706352    0.0000000001700471    0.0000000001713655    0.0000000001704697
1189.0    0.0000000001711268    0.0000000001709679    0.0000000001703880    0.0000000001716872    0.0000000001707995
1191.0    0.0000000001714612    0.0000000001712995    0.0000000001707144    0.0000000001720222    0.0000000001711424
1193.0    0.0000000001717943    0.0000000001716429    0.0000000001710399    0.0000000001723558    0.0000000001714842
1195.0    0.0000000001721262    0.0000000001719845    0.0000000001713787    0.0000000001726733    0.0000000001718244
1197.0    0.0000000001724564    0.0000000001723245    0.0000000001717163    0.0000000001730036    0.0000000001721628
1199.0    0.0000000001727720    0.0000000001726492    0.0000000001720387    0.0000000001733321    0.0000000001724855
1201.0    0.0000000001730988    0.0000000001729718    0.0000000001723594    0.0000000001736443    0.0000000001728061
1203.0    0.0000000001734237    0.0000000001733051    0.0000000001726924    0.0000000001739685    0.0000000001731386
1205.0    0.0000000001737462    0.0000000001736355    0.0000000001730235    0.0000000001742905    0.0000000001734685
1207.0    0.0000000001740667    0.0000000001739635    0.0000000001733389    0.0000000001745963    0.0000000001737959
1209.0    0.0000000001743848    0.0000000001742760    0.0000000001736522    0.0000000001749134    0.0000000001741070
1211.0    0.0000000001747004    0.0000000001745857    0.0000000001739771    0.0000000001752282    0.0000000001744158
1213.0    0.0000000001750012    0.0000000001749049    0.0000000001742992    0.0000000001755270    0.0000000001747350
1215.0    0.0000000001753116    0.0000000001752211    0.0000000001746056    0.0000000001758230    0.0000000001750514
1217.0    0.0000000001756194    0.0000000001755339    0.0000000001749096    0.0000000001761301    0.0000000001753649
1219.0    0.0000000001759247    0.0000000001758318    0.0000000001752242    0.0000000001764345    0.0000000001756621
1221.0    0.0000000001762274    0.0000000001761267    0.0000000001755360    0.0000000001767228    0.0000000001759566
1223.0    0.0000000001765152    0.0000000001764302    0.0000000001758323    0.0000000001770218    0.0000000001762608
1225.0    0.0000000001768122    0.0000000001767305    0.0000000001761258    0.0000000001773183    0.0000000001765622
1227.0    0.0000000001771067    0.0000000001770275    0.0000000001764293    0.0000000001775993    0.0000000001768601
1229.0    0.0000000001773983    0.0000000001773100    0.0000000001767302    0.0000000001778904    0.0000000001771549
1231.0    0.0000000001776875    0.0000000001775898    0.0000000001770155    0.0000000001781790    0.0000000001774347
1233.0    0.0000000001779623    0.0000000001778778    0.0000000001772985    0.0000000001784525    0.0000000001777118
1235.0    0.0000000001782462    0.0000000001781624    0.0000000001775909    0.0000000001787363    0.0000000001779978
1237.0    0.0000000001785276    0.0000000001784444    0.0000000001778809    0.0000000001790175    0.0000000001782810
1239.0    0.0000000001788065    0.0000000001787126    0.0000000001781559    0.0000000001792844    0.0000000001785615
1241.0    0.0000000001790830    0.0000000001789785    0.0000000001784286    0.0000000001795610    0.0000000001788279
1243.0    0.0000000001793572    0.0000000001792524    0.0000000001787106    0.0000000001798358    0.0000000001790916
1245.0    0.0000000001796292    0.0000000001795238    0.0000000001789901    0.0000000001800966    0.0000000001793644
1247.0    0.0000000001798884    0.0000000001797928    0.0000000001792560    0.0000000001803674    0.0000000001796348
1249.0    0.0000000001801562    0.0000000001800492    0.0000000001795193    0.0000000001806364    0.0000000001799029
1251.0    0.0000000001804224    0.0000000001803037    0.0000000001797919    0.0000000001808920    0.0000000001801579
1253.0    0.0000000001806867    0.0000000001805664    0.0000000001800628    0.0000000001811575    0.0000000001804109
1255.0    0.0000000001809494    0.0000000001808270    0.0000000001803204    0.0000000001814218    0.0000000001806732
1257.0    0.0000000001811999    0.0000000001810863    0.0000000001805761    0.0000000001816733    0.0000000001809337
1259.0    0.0000000001814595    0.0000000001813339    0.0000000001808410    0.0000000001819235    0.0000000001811925
1261.0    0.0000000001817180    0.0000000001815802    0.0000000001811048    0.0000000001821841    0.0000000001814498
1263.0    0.0000000001819752    0.0000000001818351    0.0000000001813561    0.0000000001824437    0.0000000001816953
1265.0    0.0000000001822313    0.0000000001820888    0.0000000001816059    0.0000000001826912    0.0000000001819396
1267.0    0.0000000001824864    0.0000000001823416    0.0000000001818655    0.0000000001829490    0.0000000001821932
1269.0    0.0000000001827407    0.0000000001825838    0.0000000001821240    0.0000000001832064    0.0000000001824465
1271.0    0.0000000001829843    0.0000000001828255    0.0000000001823705    0.0000000001834520    0.0000000001826985
1273.0    0.0000000001832373    0.0000000001830761    0.0000000001826163    0.0000000001837084    0.0000000001829395
1275.0    0.0000000001834899    0.0000000001833263    0.0000000001828723    0.0000000001839645    0.0000000001831801
1277.0    0.0000000001837422    0.0000000001835762    0.0000000001831275    0.0000000001842094    0.0000000001834308
1279.0    0.0000000001839943    0.0000000001838164    0.0000000001833716    0.0000000001844650    0.0000000001836811
1281.0    0.0000000001842361    0.0000000001840565    0.0000000001836153    0.0000000001847209    0.0000000001839314
1283.0    0.0000000001844879    0.0000000001843063    0.0000000001838695    0.0000000001849659    0.0000000001841714
1285.0    0.0000000001847398    0.0000000001845564    0.0000000001841233    0.0000000001852220    0.0000000001844112
1287.0    0.0000000001849920    0.0000000001847970    0.0000000001843666    0.0000000001854786    0.0000000001846618
1289.0    0.0000000001852445    0.0000000001850379    0.0000000001846101    0.0000000001857244    0.0000000001849127
1291.0    0.0000000001854871    0.0000000001852890    0.0000000001848642    0.0000000001859818    0.0000000001851642
1293.0    0.0000000001857404    0.0000000001855408    0.0000000001851186    0.0000000001862397    0.0000000001854157
1295.0    0.0000000001859942    0.0000000001857934    0.0000000001853629    0.0000000001864873    0.0000000001856580
1297.0    0.0000000001862485    0.0000000001860366    0.0000000001856073    0.0000000001867463    0.0000000001859005
1299.0    0.0000000001865036    0.0000000001862810    0.0000000001858630    0.0000000001870064    0.0000000001861544
1301.0    0.0000000001867592    0.0000000001865358    0.0000000001861194    0.0000000001872560    0.0000000001864091
1303.0    0.0000000001870161    0.0000000001867918    0.0000000001863658    0.0000000001875177    0.0000000001866647
1305.0    0.0000000001872632    0.0000000001870488    0.0000000001866128    0.0000000001877805    0.0000000001869107
1307.0    0.0000000001875215    0.0000000001872968    0.0000000001868714    0.0000000001880330    0.0000000001871575
1309.0    0.0000000001877810    0.0000000001875460    0.0000000001871308    0.0000000001882860    0.0000000001874163
1311.0    0.0000000001880414    0.0000000001878063    0.0000000001873805    0.0000000001885514    0.0000000001876763
1313.0    0.0000000001883027    0.0000000001880679    0.0000000001876309    0.0000000001888181    0.0000000001879372
1315.0    0.0000000001885547    0.0000000001883307    0.0000000001878933    0.0000000001890744    0.0000000001881885
1317.0    0.0000000001888184    0.0000000001885848    0.0000000001881570    0.0000000001893433    0.0000000001884410
1319.0    0.0000000001890831    0.0000000001888399    0.0000000001884105    0.0000000001896135    0.0000000001887057
1321.0    0.0000000001893490    0.0000000001891067    0.0000000001886651    0.0000000001898730    0.0000000001889718
1323.0    0.0000000001896161    0.0000000001893748    0.0000000001889320    0.0000000001901453    0.0000000001892392
1325.0    0.0000000001898842    0.0000000001896442    0.0000000001892000    0.0000000001904189    0.0000000001895080
1327.0    0.0000000001901538    0.0000000001899048    0.0000000001894583    0.0000000001906818    0.0000000001897668
1329.0    0.0000000001904136    0.0000000001901662    0.0000000001897173    0.0000000001909576    0.0000000001900268
1331.0    0.0000000001906854    0.0000000001904399    0.0000000001899890    0.0000000001912345    0.0000000001902994
1333.0    0.0000000001909583    0.0000000001907148    0.0000000001902620    0.0000000001915007    0.0000000001905736
1335.0    0.0000000001912323    0.0000000001909911    0.0000000001905247    0.0000000001917798    0.0000000001908485
1337.0    0.0000000001915078    0.0000000001912579    0.0000000001907885    0.0000000001920603    0.0000000001911141
1339.0    0.0000000001917731    0.0000000001915262    0.0000000001910652    0.0000000001923294    0.0000000001913804
1341.0    0.0000000001920506    0.0000000001918062    0.0000000001913314    0.0000000001926119    0.0000000001916597
1343.0    0.0000000001923292    0.0000000001920877    0.0000000001915987    0.0000000001928954    0.0000000001919402
1345.0    0.0000000001926090    0.0000000001923704    0.0000000001918788    0.0000000001931674    0.0000000001922219
1347.0    0.0000000001928895    0.0000000001926433    0.0000000001921600    0.0000000001934527    0.0000000001925049
1349.0    0.0000000001931601    0.0000000001929172    0.0000000001924306    0.0000000001937390    0.0000000001927772
1351.0    0.0000000001934427    0.0000000001932035    0.0000000001927022    0.0000000001940133    0.0000000001930506
1353.0    0.0000000001937262    0.0000000001934908    0.0000000001929867    0.0000000001942890    0.0000000001933368
1355.0    0.0000000001940107    0.0000000001937791    0.0000000001932722    0.0000000001945773    0.0000000001936240
1357.0    0.0000000001942959    0.0000000001940573    0.0000000001935467    0.0000000001948666    0.0000000001939126
1359.0    0.0000000001945818    0.0000000001943364    0.0000000001938220    0.0000000001951439    0.0000000001941898
1361.0    0.0000000001948685    0.0000000001946275    0.0000000001941103    0.0000000001954343    0.0000000001944680
1363.0    0.0000000001951445    0.0000000001949193    0.0000000001943995    0.0000000001957254    0.0000000001947592
1365.0    0.0000000001954324    0.0000000001952121    0.0000000001946773    0.0000000001960040    0.0000000001950510
1367.0    0.0000000001957209    0.0000000001954943    0.0000000001949558    0.0000000001962957    0.0000000001953437
1369.0    0.0000000001960098    0.0000000001957770    0.0000000001952470    0.0000000001965878    0.0000000001956247
1371.0    0.0000000001962992    0.0000000001960717    0.0000000001955388    0.0000000001968675    0.0000000001959065
1373.0    0.0000000001965773    0.0000000001963668    0.0000000001958191    0.0000000001971598    0.0000000001962008
1375.0    0.0000000001968672    0.0000000001966624    0.0000000001960997    0.0000000001974523    0.0000000001964956
1377.0    0.0000000001971573    0.0000000001969469    0.0000000001963929    0.0000000001977321    0.0000000001967908
1379.0    0.0000000001974475    0.0000000001972318    0.0000000001966865    0.0000000001980244    0.0000000001970864
1381.0    0.0000000001977377    0.0000000001975282    0.0000000001969683    0.0000000001983166    0.0000000001973700
1383.0    0.0000000001980163    0.0000000001978247    0.0000000001972500    0.0000000001985958    0.0000000001976533
1385.0    0.0000000001983062    0.0000000001981212    0.0000000001975440    0.0000000001988873    0.0000000001979493
1387.0    0.0000000001985960    0.0000000001984063    0.0000000001978380    0.0000000001991785    0.0000000001982453
1389.0    0.0000000001988854    0.0000000001986911    0.0000000001981197    0.0000000001994564    0.0000000001985413
1391.0    0.0000000001991742    0.0000000001989872    0.0000000001984015    0.0000000001997463    0.0000000001988245
1393.0    0.0000000001994629    0.0000000001992828    0.0000000001986949    0.0000000002000355    0.0000000001991075
1395.0    0.0000000001997505    0.0000000001995780    0.0000000001989882    0.0000000002003110    0.0000000001994025
1397.0    0.0000000002000264    0.0000000001998613    0.0000000001992688    0.0000000002005860    0.0000000001996970
1399.0    0.0000000002003126    0.0000000002001442    0.0000000001995488    0.0000000002008724    0.0000000001999907
1401.0    0.0000000002005981    0.0000000002004372    0.0000000001998406    0.0000000002011576    0.0000000002002715
1403.0    0.0000000002008825    0.0000000002007297    0.0000000002001315    0.0000000002014293    0.0000000002005517
1405.0    0.0000000002011658    0.0000000002010100    0.0000000002004095    0.0000000002017119    0.0000000002008430
1407.0    0.0000000002014365    0.0000000002012892    0.0000000002006867    0.0000000002019929    0.0000000002011333
1409.0    0.0000000002017175    0.0000000002015782    0.0000000002009749    0.0000000002022605    0.0000000002014225
1411.0    0.0000000002019967    0.0000000002018659    0.0000000002012617    0.0000000002025384    0.0000000002017103
1413.0    0.0000000002022747    0.0000000002021525    0.0000000002015356    0.0000000002028146    0.0000000002019849
1415.0    0.0000000002025510    0.0000000002024263    0.0000000002018081    0.0000000002030769    0.0000000002022581
1417.0    0.0000000002028253    0.0000000002026985    0.0000000002020910    0.0000000002033492    0.0000000002025416
1419.0    0.0000000002030978    0.0000000002029800    0.0000000002023724    0.0000000002036194    0.0000000002028233
1421.0    0.0000000002033578    0.0000000002032595    0.0000000002026403    0.0000000002038757    0.0000000002031032
1423.0    0.0000000002036263    0.0000000002035370    0.0000000002029067    0.0000000002041415    0.0000000002033696
1425.0    0.0000000002038927    0.0000000002038019    0.0000000002031827    0.0000000002044047    0.0000000002036341
1427.0    0.0000000002041569    0.0000000002040646    0.0000000002034567    0.0000000002046541    0.0000000002039077
1429.0    0.0000000002044187    0.0000000002043354    0.0000000002037172    0.0000000002049124    0.0000000002041791
1431.0    0.0000000002046676    0.0000000002046036    0.0000000002039757    0.0000000002051678    0.0000000002044481
1433.0    0.0000000002049242    0.0000000002048693    0.0000000002042431    0.0000000002054096    0.0000000002047035
1435.0    0.0000000002051782    0.0000000002051223    0.0000000002045080    0.0000000002056592    0.0000000002049565
1437.0    0.0000000002054296    0.0000000002053725    0.0000000002047593    0.0000000002059062    0.0000000002052176
1439.0    0.0000000002056779    0.0000000002056297    0.0000000002050083    0.0000000002061395    0.0000000002054757
1441.0    0.0000000002059135    0.0000000002058840    0.0000000002052653    0.0000000002063798    0.0000000002057311
1443.0    0.0000000002061558    0.0000000002061351    0.0000000002055193    0.0000000002066173    0.0000000002059832
1445.0    0.0000000002063954    0.0000000002063733    0.0000000002057600    0.0000000002068412    0.0000000002062219
1447.0    0.0000000002066311    0.0000000002066085    0.0000000002059978    0.0000000002070618    0.0000000002064574
1449.0    0.0000000002068638    0.0000000002068496    0.0000000002062428    0.0000000002072891    0.0000000002066998
1451.0    0.0000000002070931    0.0000000002070872    0.0000000002064847    0.0000000002075126    0.0000000002069386
1453.0    0.0000000002073188    0.0000000002073211    0.0000000002067131    0.0000000002077230    0.0000000002071739
1455.0    0.0000000002075321    0.0000000002075424    0.0000000002069383    0.0000000002079395    0.0000000002073957
1457.0    0.0000000002077505    0.0000000002077602    0.0000000002071700    0.0000000002081519    0.0000000002076142
1459.0    0.0000000002079655    0.0000000002079829    0.0000000002073979    0.0000000002083519    0.0000000002078384
1461.0    0.0000000002081768    0.0000000002082014    0.0000000002076130    0.0000000002085566    0.0000000002080588
1463.0    0.0000000002083841    0.0000000002084160    0.0000000002078243    0.0000000002087576    0.0000000002082751
1465.0    0.0000000002085794    0.0000000002086184    0.0000000002080415    0.0000000002089460    0.0000000002084785
1467.0    0.0000000002087792    0.0000000002088168    0.0000000002082542    0.0000000002091391    0.0000000002086780
1469.0    0.0000000002089748    0.0000000002090191    0.0000000002084548    0.0000000002093282    0.0000000002088820
1471.0    0.0000000002091663    0.0000000002092169    0.0000000002086514    0.0000000002095049    0.0000000002090819
1473.0    0.0000000002093539    0.0000000002094108    0.0000000002088528    0.0000000002096859    0.0000000002092776
1475.0    0.0000000002095374    0.0000000002095927    0.0000000002090499    0.0000000002098626    0.0000000002094687
1477.0    0.0000000002097167    0.0000000002097708    0.0000000002092348    0.0000000002100277    0.0000000002096478
1479.0    0.0000000002098850    0.0000000002099514    0.0000000002094158    0.0000000002101963    0.0000000002098225
1481.0    0.0000000002100562    0.0000000002101276    0.0000000002096008    0.0000000002103607    0.0000000002100010
1483.0    0.0000000002102233    0.0000000002102992    0.0000000002097812    0.0000000002105141    0.0000000002101748
1485.0    0.0000000002103862    0.0000000002104603    0.0000000002099505    0.0000000002106701    0.0000000002103440
