9.0    0.0000000000000001    0.0000000000000000    0.0000000000000001    0.0000000000000001    0.0000000000000001
11.0    0.0000000000000010    0.0000000000000005    0.0000000000000014    0.0000000000000007    0.0000000000000015
13.0    0.0000000000000025    0.0000000000000016    0.0000000000000036    0.0000000000000021    0.0000000000000037
15.0    0.0000000000000062    0.0000000000000041    0.0000000000000079    0.0000000000000052    0.0000000000000085
17.0    0.0000000000000139    0.0000000000000101    0.0000000000000168    0.0000000000000118    0.0000000000000182
19.0    0.0000000000000294    0.0000000000000221    0.0000000000000343    0.0000000000000261    0.0000000000000366
21.0    0.0000000000000577    0.0000000000000452    0.0000000000000655    0.0000000000000530    0.0000000000000673
23.0    0.0000000000001036    0.0000000000000881    0.0000000000001141    0.0000000000000977    0.0000000000001168
25.0    0.0000000000001782    0.0000000000001590    0.0000000000001878    0.0000000000001725    0.0000000000001944
27.0    0.0000000000002854    0.0000000000002658    0.0000000000002956    0.0000000000002820    0.0000000000003034
29.0    0.0000000000004278    0.0000000000004054    0.0000000000004363    0.0000000000004222    0.0000000000004446
31.0    0.0000000000005997    0.0000000000005777    0.0000000000005972    0.0000000000006005    0.0000000000006127
33.0    0.0000000000007888    0.0000000000007771    0.0000000000007741    0.0000000000007966    0.0000000000007885
35.0    0.0000000000009773    0.0000000000009754    0.0000000000009606    0.0000000000009824    0.0000000000009657
37.0    0.0000000000011422    0.0000000000011499    0.0000000000011355    0.0000000000011553    0.0000000000011394
39.0    0.0000000000012890    0.0000000000012827    0.0000000000012864    0.0000000000012972    0.0000000000012964
41.0    0.0000000000014178    0.0000000000013855    0.0000000000014269    0.0000000000014103    0.0000000000014447
43.0    0.0000000000015534    0.0000000000014879    0.0000000000015837    0.0000000000015329    0.0000000000015990
45.0    0.0000000000017337    0.0000000000016321    0.0000000000017841    0.0000000000017031    0.0000000000017959
47.0    0.0000000000019898    0.0000000000018728    0.0000000000020513    0.0000000000019572    0.0000000000020805
49.0    0.0000000000023779    0.0000000000022376    0.0000000000024218    0.0000000000023360    0.0000000000024747
51.0    0.0000000000029022    0.0000000000027574    0.0000000000029290    0.0000000000028832    0.0000000000029899
53.0    0.0000000000035544    0.0000000000034502    0.0000000000035494    0.0000000000035686    0.0000000000035848
55.0    0.0000000000042908    0.0000000000042549    0.0000000000042160    0.0000000000043139    0.0000000000042467
57.0    0.0000000000050183    0.0000000000050954    0.0000000000049016    0.0000000000051147    0.0000000000049519
59.0    0.0000000000057201    0.0000000000058507    0.0000000000055690    0.0000000000058518    0.0000000000056038
61.0    0.0000000000062905    0.0000000000064650    0.0000000000061173    0.0000000000064155    0.0000000000061337
63.0    0.0000000000066622    0.0000000000068825    0.0000000000064782    0.0000000000067889    0.0000000000064859
65.0    0.0000000000068050    0.0000000000070287    0.0000000000066420    0.0000000000069104    0.0000000000066287
67.0    0.0000000000067110    0.0000000000069011    0.0000000000066018    0.0000000000067869    0.0000000000065739
69.0    0.0000000000064184    0.0000000000065591    0.0000000000063685    0.0000000000064467    0.0000000000063354
71.0    0.0000000000060011    0.0000000000060660    0.0000000000060095    0.0000000000059622    0.0000000000059587
73.0    0.0000000000054961    0.0000000000054829    0.0000000000055731    0.0000000000054375    0.0000000000055062
75.0    0.0000000000049908    0.0000000000049152    0.0000000000050998    0.0000000000049045    0.0000000000050602
77.0    0.0000000000045451    0.0000000000044336    0.0000000000046636    0.0000000000044479    0.0000000000046512
79.0    0.0000000000041942    0.0000000000040892    0.0000000000043161    0.0000000000041184    0.0000000000042979
81.0    0.0000000000039594    0.0000000000038717    0.0000000000040550    0.0000000000038936    0.0000000000040353
83.0    0.0000000000038109    0.0000000000037592    0.0000000000038697    0.0000000000037717    0.0000000000038587
85.0    0.0000000000037321    0.0000000000037260    0.0000000000037550    0.0000000000037220    0.0000000000037515
87.0    0.0000000000036898    0.0000000000037258    0.0000000000036845    0.0000000000036996    0.0000000000036807
89.0    0.0000000000036485    0.0000000000037165    0.0000000000036253    0.0000000000036692    0.0000000000036162
91.0    0.0000000000035804    0.0000000000036675    0.0000000000035499    0.0000000000036053    0.0000000000035365
93.0    0.0000000000034692    0.0000000000035573    0.0000000000034426    0.0000000000034930    0.0000000000034246
95.0    0.0000000000033164    0.0000000000033832    0.0000000000033023    0.0000000000033206    0.0000000000032735
97.0    0.0000000000031148    0.0000000000031554    0.0000000000031260    0.0000000000031019    0.0000000000030943
99.0    0.0000000000028838    0.0000000000029037    0.0000000000029135    0.0000000000028641    0.0000000000028898
101.0    0.0000000000026403    0.0000000000026410    0.0000000000026854    0.0000000000026059    0.0000000000026632
103.0    0.0000000000024022    0.0000000000023782    0.0000000000024666    0.0000000000023578    0.0000000000024380
105.0    0.0000000000021930    0.0000000000021444    0.0000000000022607    0.0000000000021450    0.0000000000022279
107.0    0.0000000000020056    0.0000000000019512    0.0000000000020696    0.0000000000019586    0.0000000000020499
109.0    0.0000000000018533    0.0000000000018076    0.0000000000019090    0.0000000000018118    0.0000000000019001
111.0    0.0000000000017366    0.0000000000017036    0.0000000000017850    0.0000000000017075    0.0000000000017743
113.0    0.0000000000016499    0.0000000000016293    0.0000000000016884    0.0000000000016295    0.0000000000016769
115.0    0.0000000000015884    0.0000000000015792    0.0000000000016107    0.0000000000015735    0.0000000000016020
117.0    0.0000000000015384    0.0000000000015432    0.0000000000015499    0.0000000000015318    0.0000000000015448
119.0    0.0000000000014946    0.0000000000015100    0.0000000000015005    0.0000000000014918    0.0000000000014957
121.0    0.0000000000014505    0.0000000000014708    0.0000000000014541    0.0000000000014487    0.0000000000014470
123.0    0.0000000000014018    0.0000000000014224    0.0000000000014043    0.0000000000014008    0.0000000000013967
125.0    0.0000000000013464    0.0000000000013635    0.0000000000013506    0.0000000000013425    0.0000000000013423
127.0    0.0000000000012850    0.0000000000012984    0.0000000000012947    0.0000000000012772    0.0000000000012834
129.0    0.0000000000012219    0.0000000000012279    0.0000000000012352    0.0000000000012106    0.0000000000012237
131.0    0.0000000000011549    0.0000000000011533    0.0000000000011714    0.0000000000011402    0.0000000000011628
133.0    0.0000000000010897    0.0000000000010816    0.0000000000011083    0.0000000000010727    0.0000000000011004
135.0    0.0000000000010291    0.0000000000010166    0.0000000000010507    0.0000000000010138    0.0000000000010414
137.0    0.0000000000009752    0.0000000000009627    0.0000000000009981    0.0000000000009602    0.0000000000009879
139.0    0.0000000000009308    0.0000000000009184    0.0000000000009494    0.0000000000009154    0.0000000000009427
141.0    0.0000000000008923    0.0000000000008821    0.0000000000009078    0.0000000000008808    0.0000000000009039
143.0    0.0000000000008608    0.0000000000008541    0.0000000000008741    0.0000000000008529    0.0000000000008697
145.0    0.0000000000008349    0.0000000000008324    0.0000000000008456    0.0000000000008291    0.0000000000008409
147.0    0.0000000000008128    0.0000000000008148    0.0000000000008200    0.0000000000008088    0.0000000000008159
149.0    0.0000000000007933    0.0000000000007983    0.0000000000007972    0.0000000000007905    0.0000000000007943
151.0    0.0000000000007733    0.0000000000007803    0.0000000000007764    0.0000000000007710    0.0000000000007736
153.0    0.0000000000007525    0.0000000000007601    0.0000000000007557    0.0000000000007499    0.0000000000007519
155.0    0.0000000000007301    0.0000000000007370    0.0000000000007334    0.0000000000007277    0.0000000000007293
157.0    0.0000000000007059    0.0000000000007121    0.0000000000007098    0.0000000000007024    0.0000000000007056
159.0    0.0000000000006803    0.0000000000006852    0.0000000000006862    0.0000000000006755    0.0000000000006807
161.0    0.0000000000006538    0.0000000000006562    0.0000000000006618    0.0000000000006490    0.0000000000006563
163.0    0.0000000000006283    0.0000000000006271    0.0000000000006360    0.0000000000006214    0.0000000000006317
165.0    0.0000000000006024    0.0000000000005993    0.0000000000006105    0.0000000000005949    0.0000000000006065
167.0    0.0000000000005779    0.0000000000005744    0.0000000000005870    0.0000000000005712    0.0000000000005823
169.0    0.0000000000005552    0.0000000000005521    0.0000000000005649    0.0000000000005486    0.0000000000005596
171.0    0.0000000000005346    0.0000000000005317    0.0000000000005434    0.0000000000005284    0.0000000000005395
173.0    0.0000000000005168    0.0000000000005139    0.0000000000005237    0.0000000000005113    0.0000000000005211
175.0    0.0000000000005001    0.0000000000004985    0.0000000000005065    0.0000000000004952    0.0000000000005035
177.0    0.0000000000004848    0.0000000000004851    0.0000000000004907    0.0000000000004806    0.0000000000004873
179.0    0.0000000000004705    0.0000000000004726    0.0000000000004752    0.0000000000004674    0.0000000000004721
181.0    0.0000000000004567    0.0000000000004598    0.0000000000004605    0.0000000000004538    0.0000000000004581
183.0    0.0000000000004429    0.0000000000004467    0.0000000000004467    0.0000000000004401    0.0000000000004444
185.0    0.0000000000004288    0.0000000000004327    0.0000000000004329    0.0000000000004264    0.0000000000004300
187.0    0.0000000000004149    0.0000000000004185    0.0000000000004184    0.0000000000004122    0.0000000000004154
189.0    0.0000000000003998    0.0000000000004033    0.0000000000004035    0.0000000000003967    0.0000000000004004
191.0    0.0000000000003844    0.0000000000003869    0.0000000000003889    0.0000000000003807    0.0000000000003852
193.0    0.0000000000003687    0.0000000000003700    0.0000000000003742    0.0000000000003652    0.0000000000003705
195.0    0.0000000000003530    0.0000000000003532    0.0000000000003588    0.0000000000003491    0.0000000000003557
197.0    0.0000000000003383    0.0000000000003373    0.0000000000003436    0.0000000000003333    0.0000000000003406
199.0    0.0000000000003234    0.0000000000003222    0.0000000000003294    0.0000000000003189    0.0000000000003259
201.0    0.0000000000003093    0.0000000000003075    0.0000000000003158    0.0000000000003048    0.0000000000003120
203.0    0.0000000000002962    0.0000000000002940    0.0000000000003023    0.0000000000002917    0.0000000000002993
205.0    0.0000000000002841    0.0000000000002819    0.0000000000002898    0.0000000000002803    0.0000000000002876
207.0    0.0000000000002735    0.0000000000002713    0.0000000000002787    0.0000000000002695    0.0000000000002762
209.0    0.0000000000002634    0.0000000000002619    0.0000000000002685    0.0000000000002597    0.0000000000002658
211.0    0.0000000000002542    0.0000000000002530    0.0000000000002587    0.0000000000002512    0.0000000000002563
213.0    0.0000000000002459    0.0000000000002450    0.0000000000002498    0.0000000000002431    0.0000000000002479
215.0    0.0000000000002381    0.0000000000002376    0.0000000000002419    0.0000000000002355    0.0000000000002402
217.0    0.0000000000002310    0.0000000000002309    0.0000000000002345    0.0000000000002288    0.0000000000002327
219.0    0.0000000000002242    0.0000000000002245    0.0000000000002274    0.0000000000002221    0.0000000000002257
221.0    0.0000000000002180    0.0000000000002180    0.0000000000002206    0.0000000000002157    0.0000000000002191
223.0    0.0000000000002118    0.0000000000002118    0.0000000000002145    0.0000000000002099    0.0000000000002128
225.0    0.0000000000002059    0.0000000000002057    0.0000000000002087    0.0000000000002039    0.0000000000002070
227.0    0.0000000000002002    0.0000000000002001    0.0000000000002028    0.0000000000001982    0.0000000000002015
229.0    0.0000000000001947    0.0000000000001947    0.0000000000001972    0.0000000000001930    0.0000000000001959
231.0    0.0000000000001897    0.0000000000001893    0.0000000000001920    0.0000000000001877    0.0000000000001906
233.0    0.0000000000001847    0.0000000000001843    0.0000000000001871    0.0000000000001827    0.0000000000001855
235.0    0.0000000000001799    0.0000000000001797    0.0000000000001822    0.0000000000001782    0.0000000000001809
237.0    0.0000000000001754    0.0000000000001753    0.0000000000001775    0.0000000000001739    0.0000000000001765
239.0    0.0000000000001711    0.0000000000001711    0.0000000000001732    0.0000000000001697    0.0000000000001721
241.0    0.0000000000001670    0.0000000000001671    0.0000000000001691    0.0000000000001656    0.0000000000001678
243.0    0.0000000000001630    0.0000000000001633    0.0000000000001649    0.0000000000001619    0.0000000000001638
245.0    0.0000000000001593    0.0000000000001597    0.0000000000001610    0.0000000000001581    0.0000000000001599
247.0    0.0000000000001556    0.0000000000001562    0.0000000000001572    0.0000000000001543    0.0000000000001562
249.0    0.0000000000001519    0.0000000000001525    0.0000000000001536    0.0000000000001508    0.0000000000001526
251.0    0.0000000000001483    0.0000000000001489    0.0000000000001499    0.0000000000001472    0.0000000000001489
253.0    0.0000000000001447    0.0000000000001452    0.0000000000001462    0.0000000000001435    0.0000000000001453
255.0    0.0000000000001412    0.0000000000001417    0.0000000000001428    0.0000000000001400    0.0000000000001416
257.0    0.0000000000001377    0.0000000000001381    0.0000000000001393    0.0000000000001364    0.0000000000001382
259.0    0.0000000000001341    0.0000000000001345    0.0000000000001357    0.0000000000001328    0.0000000000001348
261.0    0.0000000000001306    0.0000000000001308    0.0000000000001322    0.0000000000001294    0.0000000000001313
263.0    0.0000000000001272    0.0000000000001272    0.0000000000001289    0.0000000000001259    0.0000000000001278
265.0    0.0000000000001239    0.0000000000001239    0.0000000000001256    0.0000000000001225    0.0000000000001245
267.0    0.0000000000001207    0.0000000000001207    0.0000000000001223    0.0000000000001194    0.0000000000001213
269.0    0.0000000000001175    0.0000000000001174    0.0000000000001191    0.0000000000001163    0.0000000000001183
271.0    0.0000000000001145    0.0000000000001144    0.0000000000001161    0.0000000000001132    0.0000000000001152
273.0    0.0000000000001116    0.0000000000001114    0.0000000000001132    0.0000000000001105    0.0000000000001123
275.0    0.0000000000001088    0.0000000000001088    0.0000000000001103    0.0000000000001077    0.0000000000001094
277.0    0.0000000000001061    0.0000000000001062    0.0000000000001077    0.0000000000001050    0.0000000000001067
279.0    0.0000000000001036    0.0000000000001036    0.0000000000001051    0.0000000000001026    0.0000000000001042
281.0    0.0000000000001011    0.0000000000001012    0.0000000000001025    0.0000000000001002    0.0000000000001017
283.0    0.0000000000000988    0.0000000000000988    0.0000000000001001    0.0000000000000978    0.0000000000000993
285.0    0.0000000000000965    0.0000000000000965    0.0000000000000978    0.0000000000000955    0.0000000000000970
287.0    0.0000000000000942    0.0000000000000944    0.0000000000000956    0.0000000000000934    0.0000000000000947
289.0    0.0000000000000921    0.0000000000000922    0.0000000000000933    0.0000000000000912    0.0000000000000926
291.0    0.0000000000000900    0.0000000000000900    0.0000000000000912    0.0000000000000891    0.0000000000000905
293.0    0.0000000000000880    0.0000000000000879    0.0000000000000892    0.0000000000000872    0.0000000000000885
295.0    0.0000000000000860    0.0000000000000860    0.0000000000000872    0.0000000000000852    0.0000000000000865
297.0    0.0000000000000841    0.0000000000000841    0.0000000000000853    0.0000000000000833    0.0000000000000845
299.0    0.0000000000000823    0.0000000000000822    0.0000000000000834    0.0000000000000815    0.0000000000000827
301.0    0.0000000000000806    0.0000000000000804    0.0000000000000816    0.0000000000000798    0.0000000000000810
303.0    0.0000000000000789    0.0000000000000787    0.0000000000000799    0.0000000000000781    0.0000000000000793
305.0    0.0000000000000772    0.0000000000000771    0.0000000000000782    0.0000000000000765    0.0000000000000776
307.0    0.0000000000000757    0.0000000000000756    0.0000000000000766    0.0000000000000750    0.0000000000000760
309.0    0.0000000000000742    0.0000000000000741    0.0000000000000751    0.0000000000000735    0.0000000000000745
311.0    0.0000000000000727    0.0000000000000727    0.0000000000000737    0.0000000000000721    0.0000000000000731
313.0    0.0000000000000714    0.0000000000000713    0.0000000000000723    0.0000000000000708    0.0000000000000718
315.0    0.0000000000000701    0.0000000000000700    0.0000000000000709    0.0000000000000694    0.0000000000000704
317.0    0.0000000000000688    0.0000000000000688    0.0000000000000696    0.0000000000000682    0.0000000000000691
319.0    0.0000000000000676    0.0000000000000676    0.0000000000000684    0.0000000000000670    0.0000000000000678
321.0    0.0000000000000664    0.0000000000000664    0.0000000000000671    0.0000000000000658    0.0000000000000667
323.0    0.0000000000000652    0.0000000000000652    0.0000000000000659    0.0000000000000647    0.0000000000000655
325.0    0.0000000000000641    0.0000000000000641    0.0000000000000648    0.0000000000000636    0.0000000000000644
327.0    0.0000000000000630    0.0000000000000631    0.0000000000000637    0.0000000000000625    0.0000000000000633
329.0    0.0000000000000619    0.0000000000000620    0.0000000000000626    0.0000000000000615    0.0000000000000622
331.0    0.0000000000000609    0.0000000000000610    0.0000000000000615    0.0000000000000605    0.0000000000000612
333.0    0.0000000000000599    0.0000000000000599    0.0000000000000605    0.0000000000000594    0.0000000000000602
335.0    0.0000000000000589    0.0000000000000590    0.0000000000000596    0.0000000000000584    0.0000000000000592
337.0    0.0000000000000579    0.0000000000000580    0.0000000000000585    0.0000000000000575    0.0000000000000582
339.0    0.0000000000000570    0.0000000000000570    0.0000000000000576    0.0000000000000565    0.0000000000000572
341.0    0.0000000000000560    0.0000000000000561    0.0000000000000566    0.0000000000000556    0.0000000000000562
343.0    0.0000000000000551    0.0000000000000552    0.0000000000000557    0.0000000000000547    0.0000000000000553
345.0    0.0000000000000542    0.0000000000000543    0.0000000000000548    0.0000000000000538    0.0000000000000545
347.0    0.0000000000000533    0.0000000000000534    0.0000000000000539    0.0000000000000529    0.0000000000000535
349.0    0.0000000000000525    0.0000000000000526    0.0000000000000530    0.0000000000000520    0.0000000000000527
351.0    0.0000000000000516    0.0000000000000517    0.0000000000000522    0.0000000000000512    0.0000000000000518
353.0    0.0000000000000507    0.0000000000000509    0.0000000000000513    0.0000000000000503    0.0000000000000509
355.0    0.0000000000000499    0.0000000000000500    0.0000000000000504    0.0000000000000495    0.0000000000000501
357.0    0.0000000000000491    0.0000000000000492    0.0000000000000496    0.0000000000000486    0.0000000000000493
359.0    0.0000000000000482    0.0000000000000483    0.0000000000000488    0.0000000000000478    0.0000000000000484
361.0    0.0000000000000474    0.0000000000000475    0.0000000000000479    0.0000000000000470    0.0000000000000476
363.0    0.0000000000000466    0.0000000000000467    0.0000000000000471    0.0000000000000462    0.0000000000000468
365.0    0.0000000000000458    0.0000000000000459    0.0000000000000463    0.0000000000000454    0.0000000000000460
367.0    0.0000000000000450    0.0000000000000451    0.0000000000000455    0.0000000000000446    0.0000000000000452
369.0    0.0000000000000442    0.0000000000000443    0.0000000000000447    0.0000000000000438    0.0000000000000444
371.0    0.0000000000000434    0.0000000000000435    0.0000000000000439    0.0000000000000430    0.0000000000000436
373.0    0.0000000000000426    0.0000000000000427    0.0000000000000432    0.0000000000000422    0.0000000000000428
375.0    0.0000000000000419    0.0000000000000420    0.0000000000000424    0.0000000000000415    0.0000000000000421
377.0    0.0000000000000411    0.0000000000000412    0.0000000000000416    0.0000000000000407    0.0000000000000413
379.0    0.0000000000000403    0.0000000000000405    0.0000000000000409    0.0000000000000400    0.0000000000000406
381.0    0.0000000000000396    0.0000000000000397    0.0000000000000401    0.0000000000000392    0.0000000000000398
383.0    0.0000000000000389    0.0000000000000390    0.0000000000000394    0.0000000000000385    0.0000000000000390
385.0    0.0000000000000381    0.0000000000000383    0.0000000000000387    0.0000000000000378    0.0000000000000383
387.0    0.0000000000000374    0.0000000000000375    0.0000000000000379    0.0000000000000371    0.0000000000000376
389.0    0.0000000000000367    0.0000000000000368    0.0000000000000372    0.0000000000000363    0.0000000000000369
391.0    0.0000000000000360    0.0000000000000361    0.0000000000000365    0.0000000000000356    0.0000000000000362
393.0    0.0000000000000353    0.0000000000000354    0.0000000000000358    0.0000000000000349    0.0000000000000355
395.0    0.0000000000000346    0.0000000000000347    0.0000000000000351    0.0000000000000342    0.0000000000000348
397.0    0.0000000000000339    0.0000000000000340    0.0000000000000344    0.0000000000000336    0.0000000000000341
399.0    0.0000000000000333    0.0000000000000333    0.0000000000000338    0.0000000000000329    0.0000000000000335
401.0    0.0000000000000326    0.0000000000000327    0.0000000000000331    0.0000000000000322    0.0000000000000328
403.0    0.0000000000000319    0.0000000000000320    0.0000000000000324    0.0000000000000316    0.0000000000000321
405.0    0.0000000000000313    0.0000000000000314    0.0000000000000318    0.0000000000000309    0.0000000000000315
407.0    0.0000000000000307    0.0000000000000307    0.0000000000000312    0.0000000000000303    0.0000000000000308
409.0    0.0000000000000300    0.0000000000000301    0.0000000000000305    0.0000000000000297    0.0000000000000302
411.0    0.0000000000000294    0.0000000000000294    0.0000000000000299    0.0000000000000291    0.0000000000000296
413.0    0.0000000000000288    0.0000000000000289    0.0000000000000293    0.0000000000000285    0.0000000000000290
415.0    0.0000000000000283    0.0000000000000283    0.0000000000000287    0.0000000000000279    0.0000000000000284
417.0    0.0000000000000277    0.0000000000000277    0.0000000000000281    0.0000000000000273    0.0000000000000278
419.0    0.0000000000000271    0.0000000000000271    0.0000000000000276    0.0000000000000268    0.0000000000000273
421.0    0.0000000000000266    0.0000000000000265    0.0000000000000270    0.0000000000000263    0.0000000000000268
423.0    0.0000000000000261    0.0000000000000260    0.0000000000000265    0.0000000000000258    0.0000000000000262
425.0    0.0000000000000256    0.0000000000000255    0.0000000000000260    0.0000000000000253    0.0000000000000257
427.0    0.0000000000000251    0.0000000000000250    0.0000000000000255    0.0000000000000248    0.0000000000000252
429.0    0.0000000000000247    0.0000000000000245    0.0000000000000251    0.0000000000000244    0.0000000000000248
431.0    0.0000000000000242    0.0000000000000241    0.0000000000000246    0.0000000000000240    0.0000000000000244
433.0    0.0000000000000238    0.0000000000000236    0.0000000000000242    0.0000000000000236    0.0000000000000239
435.0    0.0000000000000235    0.0000000000000233    0.0000000000000238    0.0000000000000232    0.0000000000000236
437.0    0.0000000000000231    0.0000000000000229    0.0000000000000235    0.0000000000000229    0.0000000000000232
439.0    0.0000000000000228    0.0000000000000225    0.0000000000000232    0.0000000000000226    0.0000000000000229
441.0    0.0000000000000226    0.0000000000000222    0.0000000000000229    0.0000000000000224    0.0000000000000226
443.0    0.0000000000000223    0.0000000000000220    0.0000000000000226    0.0000000000000222    0.0000000000000224
445.0    0.0000000000000222    0.0000000000000218    0.0000000000000224    0.0000000000000220    0.0000000000000222
447.0    0.0000000000000220    0.0000000000000216    0.0000000000000222    0.0000000000000219    0.0000000000000220
449.0    0.0000000000000219    0.0000000000000215    0.0000000000000221    0.0000000000000218    0.0000000000000219
451.0    0.0000000000000219    0.0000000000000214    0.0000000000000220    0.0000000000000218    0.0000000000000219
453.0    0.0000000000000219    0.0000000000000214    0.0000000000000220    0.0000000000000219    0.0000000000000219
455.0    0.0000000000000219    0.0000000000000214    0.0000000000000220    0.0000000000000220    0.0000000000000219
457.0    0.0000000000000221    0.0000000000000215    0.0000000000000221    0.0000000000000221    0.0000000000000220
459.0    0.0000000000000222    0.0000000000000216    0.0000000000000222    0.0000000000000223    0.0000000000000222
461.0    0.0000000000000224    0.0000000000000218    0.0000000000000224    0.0000000000000226    0.0000000000000224
463.0    0.0000000000000227    0.0000000000000221    0.0000000000000226    0.0000000000000229    0.0000000000000226
465.0    0.0000000000000230    0.0000000000000224    0.0000000000000229    0.0000000000000232    0.0000000000000229
467.0    0.0000000000000234    0.0000000000000228    0.0000000000000233    0.0000000000000236    0.0000000000000233
469.0    0.0000000000000239    0.0000000000000232    0.0000000000000236    0.0000000000000241    0.0000000000000237
471.0    0.0000000000000244    0.0000000000000237    0.0000000000000241    0.0000000000000246    0.0000000000000242
473.0    0.0000000000000249    0.0000000000000243    0.0000000000000246    0.0000000000000252    0.0000000000000247
475.0    0.0000000000000255    0.0000000000000249    0.0000000000000251    0.0000000000000258    0.0000000000000253
477.0    0.0000000000000261    0.0000000000000255    0.0000000000000257    0.0000000000000265    0.0000000000000259
479.0    0.0000000000000268    0.0000000000000263    0.0000000000000263    0.0000000000000272    0.0000000000000266
481.0    0.0000000000000275    0.0000000000000270    0.0000000000000270    0.0000000000000279    0.0000000000000272
483.0    0.0000000000000282    0.0000000000000277    0.0000000000000277    0.0000000000000287    0.0000000000000279
485.0    0.0000000000000290    0.0000000000000286    0.0000000000000284    0.0000000000000295    0.0000000000000287
487.0    0.0000000000000297    0.0000000000000294    0.0000000000000291    0.0000000000000303    0.0000000000000295
489.0    0.0000000000000306    0.0000000000000303    0.0000000000000299    0.0000000000000311    0.0000000000000303
491.0    0.0000000000000314    0.0000000000000311    0.0000000000000307    0.0000000000000319    0.0000000000000311
493.0    0.0000000000000322    0.0000000000000320    0.0000000000000315    0.0000000000000327    0.0000000000000319
495.0    0.0000000000000330    0.0000000000000329    0.0000000000000323    0.0000000000000336    0.0000000000000327
497.0    0.0000000000000338    0.0000000000000338    0.0000000000000331    0.0000000000000344    0.0000000000000335
499.0    0.0000000000000346    0.0000000000000346    0.0000000000000339    0.0000000000000352    0.0000000000000344
501.0    0.0000000000000354    0.0000000000000355    0.0000000000000346    0.0000000000000359    0.0000000000000352
503.0    0.0000000000000362    0.0000000000000363    0.0000000000000354    0.0000000000000367    0.0000000000000359
505.0    0.0000000000000369    0.0000000000000371    0.0000000000000362    0.0000000000000374    0.0000000000000366
507.0    0.0000000000000376    0.0000000000000378    0.0000000000000369    0.0000000000000381    0.0000000000000374
509.0    0.0000000000000383    0.0000000000000385    0.0000000000000376    0.0000000000000388    0.0000000000000381
511.0    0.0000000000000389    0.0000000000000392    0.0000000000000382    0.0000000000000393    0.0000000000000387
513.0    0.0000000000000395    0.0000000000000398    0.0000000000000388    0.0000000000000399    0.0000000000000393
515.0    0.0000000000000400    0.0000000000000404    0.0000000000000394    0.0000000000000404    0.0000000000000399
517.0    0.0000000000000405    0.0000000000000409    0.0000000000000399    0.0000000000000409    0.0000000000000404
519.0    0.0000000000000410    0.0000000000000414    0.0000000000000404    0.0000000000000413    0.0000000000000409
521.0    0.0000000000000414    0.0000000000000418    0.0000000000000409    0.0000000000000417    0.0000000000000413
523.0    0.0000000000000418    0.0000000000000422    0.0000000000000413    0.0000000000000420    0.0000000000000417
525.0    0.0000000000000421    0.0000000000000425    0.0000000000000416    0.0000000000000423    0.0000000000000420
527.0    0.0000000000000423    0.0000000000000428    0.0000000000000420    0.0000000000000425    0.0000000000000423
529.0    0.0000000000000426    0.0000000000000430    0.0000000000000422    0.0000000000000427    0.0000000000000425
531.0    0.0000000000000427    0.0000000000000432    0.0000000000000424    0.0000000000000429    0.0000000000000427
533.0    0.0000000000000428    0.0000000000000433    0.0000000000000426    0.0000000000000429    0.0000000000000428
535.0    0.0000000000000429    0.0000000000000434    0.0000000000000427    0.0000000000000430    0.0000000000000429
537.0    0.0000000000000430    0.0000000000000434    0.0000000000000428    0.0000000000000430    0.0000000000000430
539.0    0.0000000000000430    0.0000000000000434    0.0000000000000429    0.0000000000000430    0.0000000000000430
541.0    0.0000000000000429    0.0000000000000433    0.0000000000000429    0.0000000000000429    0.0000000000000430
543.0    0.0000000000000428    0.0000000000000432    0.0000000000000428    0.0000000000000428    0.0000000000000429
545.0    0.0000000000000427    0.0000000000000431    0.0000000000000427    0.0000000000000427    0.0000000000000428
547.0    0.0000000000000426    0.0000000000000430    0.0000000000000426    0.0000000000000425    0.0000000000000427
549.0    0.0000000000000424    0.0000000000000428    0.0000000000000425    0.0000000000000423    0.0000000000000425
551.0    0.0000000000000422    0.0000000000000425    0.0000000000000423    0.0000000000000421    0.0000000000000423
553.0    0.0000000000000420    0.0000000000000423    0.0000000000000422    0.0000000000000418    0.0000000000000421
555.0    0.0000000000000418    0.0000000000000420    0.0000000000000419    0.0000000000000416    0.0000000000000419
557.0    0.0000000000000415    0.0000000000000418    0.0000000000000417    0.0000000000000413    0.0000000000000416
559.0    0.0000000000000412    0.0000000000000415    0.0000000000000415    0.0000000000000410    0.0000000000000413
561.0    0.0000000000000409    0.0000000000000411    0.0000000000000412    0.0000000000000407    0.0000000000000410
563.0    0.0000000000000406    0.0000000000000408    0.0000000000000409    0.0000000000000404    0.0000000000000407
565.0    0.0000000000000403    0.0000000000000405    0.0000000000000406    0.0000000000000400    0.0000000000000404
567.0    0.0000000000000400    0.0000000000000401    0.0000000000000403    0.0000000000000397    0.0000000000000401
569.0    0.0000000000000396    0.0000000000000398    0.0000000000000399    0.0000000000000394    0.0000000000000398
571.0    0.0000000000000393    0.0000000000000394    0.0000000000000396    0.0000000000000390    0.0000000000000394
573.0    0.0000000000000389    0.0000000000000390    0.0000000000000393    0.0000000000000386    0.0000000000000390
575.0    0.0000000000000385    0.0000000000000387    0.0000000000000389    0.0000000000000383    0.0000000000000387
577.0    0.0000000000000382    0.0000000000000383    0.0000000000000385    0.0000000000000379    0.0000000000000383
579.0    0.0000000000000378    0.0000000000000379    0.0000000000000382    0.0000000000000375    0.0000000000000380
581.0    0.0000000000000375    0.0000000000000375    0.0000000000000378    0.0000000000000372    0.0000000000000376
583.0    0.0000000000000371    0.0000000000000372    0.0000000000000375    0.0000000000000368    0.0000000000000372
585.0    0.0000000000000367    0.0000000000000368    0.0000000000000371    0.0000000000000364    0.0000000000000369
587.0    0.0000000000000364    0.0000000000000364    0.0000000000000368    0.0000000000000361    0.0000000000000365
589.0    0.0000000000000360    0.0000000000000361    0.0000000000000364    0.0000000000000357    0.0000000000000361
591.0    0.0000000000000357    0.0000000000000357    0.0000000000000360    0.0000000000000354    0.0000000000000358
593.0    0.0000000000000353    0.0000000000000354    0.0000000000000357    0.0000000000000350    0.0000000000000354
595.0    0.0000000000000349    0.0000000000000350    0.0000000000000353    0.0000000000000347    0.0000000000000351
597.0    0.0000000000000346    0.0000000000000346    0.0000000000000350    0.0000000000000343    0.0000000000000347
599.0    0.0000000000000343    0.0000000000000343    0.0000000000000346    0.0000000000000340    0.0000000000000344
601.0    0.0000000000000339    0.0000000000000340    0.0000000000000343    0.0000000000000336    0.0000000000000341
603.0    0.0000000000000336    0.0000000000000336    0.0000000000000340    0.0000000000000333    0.0000000000000337
605.0    0.0000000000000333    0.0000000000000333    0.0000000000000336    0.0000000000000330    0.0000000000000334
607.0    0.0000000000000329    0.0000000000000330    0.0000000000000333    0.0000000000000327    0.0000000000000330
609.0    0.0000000000000326    0.0000000000000326    0.0000000000000330    0.0000000000000323    0.0000000000000327
611.0    0.0000000000000323    0.0000000000000323    0.0000000000000326    0.0000000000000320    0.0000000000000324
613.0    0.0000000000000320    0.0000000000000320    0.0000000000000323    0.0000000000000317    0.0000000000000321
615.0    0.0000000000000317    0.0000000000000317    0.0000000000000320    0.0000000000000314    0.0000000000000318
617.0    0.0000000000000313    0.0000000000000314    0.0000000000000317    0.0000000000000311    0.0000000000000315
619.0    0.0000000000000310    0.0000000000000311    0.0000000000000314    0.0000000000000308    0.0000000000000312
621.0    0.0000000000000307    0.0000000000000308    0.0000000000000311    0.0000000000000305    0.0000000000000309
623.0    0.0000000000000305    0.0000000000000305    0.0000000000000308    0.0000000000000302    0.0000000000000306
625.0    0.0000000000000302    0.0000000000000302    0.0000000000000305    0.0000000000000299    0.0000000000000303
627.0    0.0000000000000299    0.0000000000000299    0.0000000000000302    0.0000000000000296    0.0000000000000300
629.0    0.0000000000000296    0.0000000000000296    0.0000000000000299    0.0000000000000293    0.0000000000000297
631.0    0.0000000000000293    0.0000000000000294    0.0000000000000296    0.0000000000000291    0.0000000000000294
633.0    0.0000000000000290    0.0000000000000291    0.0000000000000293    0.0000000000000288    0.0000000000000292
635.0    0.0000000000000287    0.0000000000000288    0.0000000000000291    0.0000000000000285    0.0000000000000289
637.0    0.0000000000000285    0.0000000000000285    0.0000000000000288    0.0000000000000282    0.0000000000000286
639.0    0.0000000000000282    0.0000000000000283    0.0000000000000285    0.0000000000000280    0.0000000000000283
641.0    0.0000000000000279    0.0000000000000280    0.0000000000000282    0.0000000000000277    0.0000000000000280
643.0    0.0000000000000277    0.0000000000000277    0.0000000000000280    0.0000000000000274    0.0000000000000278
645.0    0.0000000000000274    0.0000000000000275    0.0000000000000277    0.0000000000000272    0.0000000000000275
647.0    0.0000000000000271    0.0000000000000272    0.0000000000000275    0.0000000000000269    0.0000000000000273
649.0    0.0000000000000269    0.0000000000000269    0.0000000000000272    0.0000000000000267    0.0000000000000270
651.0    0.0000000000000266    0.0000000000000267    0.0000000000000269    0.0000000000000264    0.0000000000000267
653.0    0.0000000000000264    0.0000000000000264    0.0000000000000267    0.0000000000000261    0.0000000000000265
655.0    0.0000000000000261    0.0000000000000262    0.0000000000000264    0.0000000000000259    0.0000000000000262
657.0    0.0000000000000259    0.0000000000000259    0.0000000000000262    0.0000000000000256    0.0000000000000260
659.0    0.0000000000000256    0.0000000000000257    0.0000000000000259    0.0000000000000254    0.0000000000000257
661.0    0.0000000000000254    0.0000000000000254    0.0000000000000257    0.0000000000000251    0.0000000000000255
663.0    0.0000000000000251    0.0000000000000252    0.0000000000000254    0.0000000000000249    0.0000000000000252
665.0    0.0000000000000249    0.0000000000000249    0.0000000000000252    0.0000000000000247    0.0000000000000250
667.0    0.0000000000000246    0.0000000000000247    0.0000000000000249    0.0000000000000244    0.0000000000000247
669.0    0.0000000000000244    0.0000000000000245    0.0000000000000247    0.0000000000000242    0.0000000000000245
671.0    0.0000000000000242    0.0000000000000242    0.0000000000000244    0.0000000000000239    0.0000000000000243
673.0    0.0000000000000239    0.0000000000000240    0.0000000000000242    0.0000000000000237    0.0000000000000240
675.0    0.0000000000000237    0.0000000000000237    0.0000000000000240    0.0000000000000235    0.0000000000000238
677.0    0.0000000000000234    0.0000000000000235    0.0000000000000237    0.0000000000000232    0.0000000000000236
679.0    0.0000000000000232    0.0000000000000233    0.0000000000000235    0.0000000000000230    0.0000000000000233
681.0    0.0000000000000230    0.0000000000000230    0.0000000000000233    0.0000000000000228    0.0000000000000231
683.0    0.0000000000000227    0.0000000000000228    0.0000000000000230    0.0000000000000225    0.0000000000000228
685.0    0.0000000000000225    0.0000000000000226    0.0000000000000228    0.0000000000000223    0.0000000000000226
687.0    0.0000000000000223    0.0000000000000223    0.0000000000000226    0.0000000000000221    0.0000000000000224
689.0    0.0000000000000221    0.0000000000000221    0.0000000000000223    0.0000000000000219    0.0000000000000222
691.0    0.0000000000000218    0.0000000000000219    0.0000000000000221    0.0000000000000216    0.0000000000000219
693.0    0.0000000000000216    0.0000000000000217    0.0000000000000219    0.0000000000000214    0.0000000000000217
695.0    0.0000000000000214    0.0000000000000214    0.0000000000000217    0.0000000000000212    0.0000000000000215
697.0    0.0000000000000212    0.0000000000000212    0.0000000000000215    0.0000000000000210    0.0000000000000213
699.0    0.0000000000000210    0.0000000000000210    0.0000000000000212    0.0000000000000208    0.0000000000000211
701.0    0.0000000000000207    0.0000000000000208    0.0000000000000210    0.0000000000000205    0.0000000000000208
703.0    0.0000000000000205    0.0000000000000206    0.0000000000000208    0.0000000000000203    0.0000000000000206
705.0    0.0000000000000203    0.0000000000000204    0.0000000000000206    0.0000000000000201    0.0000000000000204
707.0    0.0000000000000201    0.0000000000000202    0.0000000000000204    0.0000000000000199    0.0000000000000202
709.0    0.0000000000000199    0.0000000000000200    0.0000000000000202    0.0000000000000197    0.0000000000000200
711.0    0.0000000000000197    0.0000000000000197    0.0000000000000200    0.0000000000000195    0.0000000000000198
713.0    0.0000000000000195    0.0000000000000195    0.0000000000000198    0.0000000000000193    0.0000000000000196
715.0    0.0000000000000193    0.0000000000000193    0.0000000000000196    0.0000000000000191    0.0000000000000194
717.0    0.0000000000000191    0.0000000000000191    0.0000000000000194    0.0000000000000189    0.0000000000000192
719.0    0.0000000000000189    0.0000000000000189    0.0000000000000192    0.0000000000000187    0.0000000000000190
721.0    0.0000000000000187    0.0000000000000187    0.0000000000000190    0.0000000000000185    0.0000000000000188
723.0    0.0000000000000185    0.0000000000000185    0.0000000000000188    0.0000000000000183    0.0000000000000186
725.0    0.0000000000000183    0.0000000000000184    0.0000000000000186    0.0000000000000181    0.0000000000000184
727.0    0.0000000000000181    0.0000000000000182    0.0000000000000184    0.0000000000000180    0.0000000000000182
729.0    0.0000000000000180    0.0000000000000180    0.0000000000000182    0.0000000000000178    0.0000000000000181
731.0    0.0000000000000178    0.0000000000000178    0.0000000000000180    0.0000000000000176    0.0000000000000179
733.0    0.0000000000000176    0.0000000000000176    0.0000000000000178    0.0000000000000174    0.0000000000000177
735.0    0.0000000000000174    0.0000000000000174    0.0000000000000177    0.0000000000000172    0.0000000000000175
737.0    0.0000000000000172    0.0000000000000173    0.0000000000000175    0.0000000000000171    0.0000000000000173
739.0    0.0000000000000171    0.0000000000000171    0.0000000000000173    0.0000000000000169    0.0000000000000172
741.0    0.0000000000000169    0.0000000000000169    0.0000000000000171    0.0000000000000167    0.0000000000000170
743.0    0.0000000000000167    0.0000000000000168    0.0000000000000170    0.0000000000000166    0.0000000000000168
745.0    0.0000000000000166    0.0000000000000166    0.0000000000000168    0.0000000000000164    0.0000000000000166
747.0    0.0000000000000164    0.0000000000000164    0.0000000000000166    0.0000000000000162    0.0000000000000165
749.0    0.0000000000000163    0.0000000000000163    0.0000000000000165    0.0000000000000161    0.0000000000000163
751.0    0.0000000000000161    0.0000000000000161    0.0000000000000163    0.0000000000000159    0.0000000000000162
753.0    0.0000000000000159    0.0000000000000160    0.0000000000000162    0.0000000000000158    0.0000000000000160
755.0    0.0000000000000158    0.0000000000000158    0.0000000000000160    0.0000000000000156    0.0000000000000159
757.0    0.0000000000000156    0.0000000000000156    0.0000000000000158    0.0000000000000155    0.0000000000000157
759.0    0.0000000000000155    0.0000000000000155    0.0000000000000157    0.0000000000000153    0.0000000000000156
761.0    0.0000000000000153    0.0000000000000154    0.0000000000000155    0.0000000000000152    0.0000000000000154
763.0    0.0000000000000152    0.0000000000000152    0.0000000000000154    0.0000000000000150    0.0000000000000153
765.0    0.0000000000000151    0.0000000000000151    0.0000000000000153    0.0000000000000149    0.0000000000000151
767.0    0.0000000000000149    0.0000000000000149    0.0000000000000151    0.0000000000000148    0.0000000000000150
769.0    0.0000000000000148    0.0000000000000148    0.0000000000000150    0.0000000000000146    0.0000000000000148
771.0    0.0000000000000146    0.0000000000000147    0.0000000000000148    0.0000000000000145    0.0000000000000147
773.0    0.0000000000000145    0.0000000000000145    0.0000000000000147    0.0000000000000144    0.0000000000000146
775.0    0.0000000000000144    0.0000000000000144    0.0000000000000146    0.0000000000000142    0.0000000000000144
777.0    0.0000000000000142    0.0000000000000143    0.0000000000000144    0.0000000000000141    0.0000000000000143
779.0    0.0000000000000141    0.0000000000000141    0.0000000000000143    0.0000000000000140    0.0000000000000142
781.0    0.0000000000000140    0.0000000000000140    0.0000000000000142    0.0000000000000139    0.0000000000000140
783.0    0.0000000000000139    0.0000000000000139    0.0000000000000140    0.0000000000000137    0.0000000000000139
785.0    0.0000000000000137    0.0000000000000138    0.0000000000000139    0.0000000000000136    0.0000000000000138
787.0    0.0000000000000136    0.0000000000000136    0.0000000000000138    0.0000000000000135    0.0000000000000137
789.0    0.0000000000000135    0.0000000000000135    0.0000000000000137    0.0000000000000134    0.0000000000000136
791.0    0.0000000000000134    0.0000000000000134    0.0000000000000136    0.0000000000000132    0.0000000000000134
793.0    0.0000000000000133    0.0000000000000133    0.0000000000000134    0.0000000000000131    0.0000000000000133
795.0    0.0000000000000131    0.0000000000000132    0.0000000000000133    0.0000000000000130    0.0000000000000132
797.0    0.0000000000000130    0.0000000000000131    0.0000000000000132    0.0000000000000129    0.0000000000000131
799.0    0.0000000000000129    0.0000000000000129    0.0000000000000131    0.0000000000000128    0.0000000000000130
801.0    0.0000000000000128    0.0000000000000128    0.0000000000000130    0.0000000000000127    0.0000000000000129
803.0    0.0000000000000127    0.0000000000000127    0.0000000000000129    0.0000000000000126    0.0000000000000127
805.0    0.0000000000000126    0.0000000000000126    0.0000000000000127    0.0000000000000125    0.0000000000000126
807.0    0.0000000000000125    0.0000000000000125    0.0000000000000126    0.0000000000000124    0.0000000000000125
809.0    0.0000000000000124    0.0000000000000124    0.0000000000000125    0.0000000000000122    0.0000000000000124
811.0    0.0000000000000123    0.0000000000000123    0.0000000000000124    0.0000000000000121    0.0000000000000123
813.0    0.0000000000000122    0.0000000000000122    0.0000000000000123    0.0000000000000120    0.0000000000000122
815.0    0.0000000000000120    0.0000000000000121    0.0000000000000122    0.0000000000000119    0.0000000000000121
817.0    0.0000000000000119    0.0000000000000120    0.0000000000000121    0.0000000000000118    0.0000000000000120
819.0    0.0000000000000118    0.0000000000000119    0.0000000000000120    0.0000000000000117    0.0000000000000119
821.0    0.0000000000000117    0.0000000000000118    0.0000000000000119    0.0000000000000116    0.0000000000000118
823.0    0.0000000000000116    0.0000000000000117    0.0000000000000118    0.0000000000000115    0.0000000000000117
825.0    0.0000000000000115    0.0000000000000116    0.0000000000000117    0.0000000000000114    0.0000000000000116
827.0    0.0000000000000114    0.0000000000000115    0.0000000000000116    0.0000000000000113    0.0000000000000115
829.0    0.0000000000000113    0.0000000000000114    0.0000000000000115    0.0000000000000112    0.0000000000000114
831.0    0.0000000000000112    0.0000000000000113    0.0000000000000114    0.0000000000000111    0.0000000000000113
833.0    0.0000000000000111    0.0000000000000112    0.0000000000000113    0.0000000000000110    0.0000000000000112
835.0    0.0000000000000110    0.0000000000000111    0.0000000000000112    0.0000000000000109    0.0000000000000111
837.0    0.0000000000000110    0.0000000000000110    0.0000000000000111    0.0000000000000108    0.0000000000000110
839.0    0.0000000000000109    0.0000000000000109    0.0000000000000110    0.0000000000000107    0.0000000000000109
841.0    0.0000000000000108    0.0000000000000108    0.0000000000000109    0.0000000000000107    0.0000000000000108
843.0    0.0000000000000107    0.0000000000000107    0.0000000000000108    0.0000000000000106    0.0000000000000107
845.0    0.0000000000000106    0.0000000000000106    0.0000000000000107    0.0000000000000105    0.0000000000000106
847.0    0.0000000000000105    0.0000000000000105    0.0000000000000106    0.0000000000000104    0.0000000000000105
849.0    0.0000000000000104    0.0000000000000104    0.0000000000000105    0.0000000000000103    0.0000000000000104
851.0    0.0000000000000103    0.0000000000000103    0.0000000000000104    0.0000000000000102    0.0000000000000104
853.0    0.0000000000000102    0.0000000000000102    0.0000000000000104    0.0000000000000101    0.0000000000000103
855.0    0.0000000000000101    0.0000000000000101    0.0000000000000103    0.0000000000000100    0.0000000000000102
857.0    0.0000000000000100    0.0000000000000101    0.0000000000000102    0.0000000000000099    0.0000000000000101
859.0    0.0000000000000100    0.0000000000000100    0.0000000000000101    0.0000000000000099    0.0000000000000100
861.0    0.0000000000000099    0.0000000000000099    0.0000000000000100    0.0000000000000098    0.0000000000000099
863.0    0.0000000000000098    0.0000000000000098    0.0000000000000099    0.0000000000000097    0.0000000000000098
865.0    0.0000000000000097    0.0000000000000097    0.0000000000000098    0.0000000000000096    0.0000000000000097
867.0    0.0000000000000096    0.0000000000000096    0.0000000000000097    0.0000000000000095    0.0000000000000097
869.0    0.0000000000000095    0.0000000000000095    0.0000000000000097    0.0000000000000094    0.0000000000000096
871.0    0.0000000000000094    0.0000000000000095    0.0000000000000096    0.0000000000000094    0.0000000000000095
873.0    0.0000000000000094    0.0000000000000094    0.0000000000000095    0.0000000000000093    0.0000000000000094
875.0    0.0000000000000093    0.0000000000000093    0.0000000000000094    0.0000000000000092    0.0000000000000093
877.0    0.0000000000000092    0.0000000000000092    0.0000000000000093    0.0000000000000091    0.0000000000000092
879.0    0.0000000000000091    0.0000000000000091    0.0000000000000093    0.0000000000000090    0.0000000000000092
881.0    0.0000000000000091    0.0000000000000091    0.0000000000000092    0.0000000000000090    0.0000000000000091
883.0    0.0000000000000090    0.0000000000000090    0.0000000000000091    0.0000000000000089    0.0000000000000090
885.0    0.0000000000000089    0.0000000000000089    0.0000000000000090    0.0000000000000088    0.0000000000000089
887.0    0.0000000000000088    0.0000000000000088    0.0000000000000089    0.0000000000000087    0.0000000000000089
889.0    0.0000000000000088    0.0000000000000088    0.0000000000000089    0.0000000000000087    0.0000000000000088
891.0    0.0000000000000087    0.0000000000000087    0.0000000000000088    0.0000000000000086    0.0000000000000087
893.0    0.0000000000000086    0.0000000000000086    0.0000000000000087    0.0000000000000085    0.0000000000000086
895.0    0.0000000000000085    0.0000000000000085    0.0000000000000087    0.0000000000000085    0.0000000000000086
897.0    0.0000000000000085    0.0000000000000085    0.0000000000000086    0.0000000000000084    0.0000000000000085
899.0    0.0000000000000084    0.0000000000000084    0.0000000000000085    0.0000000000000083    0.0000000000000084
901.0    0.0000000000000083    0.0000000000000083    0.0000000000000084    0.0000000000000083    0.0000000000000084
903.0    0.0000000000000083    0.0000000000000083    0.0000000000000084    0.0000000000000082    0.0000000000000083
905.0    0.0000000000000082    0.0000000000000082    0.0000000000000083    0.0000000000000081    0.0000000000000082
907.0    0.0000000000000081    0.0000000000000081    0.0000000000000082    0.0000000000000081    0.0000000000000082
909.0    0.0000000000000081    0.0000000000000081    0.0000000000000082    0.0000000000000080    0.0000000000000081
911.0    0.0000000000000080    0.0000000000000080    0.0000000000000081    0.0000000000000079    0.0000000000000080
913.0    0.0000000000000080    0.0000000000000080    0.0000000000000081    0.0000000000000079    0.0000000000000080
915.0    0.0000000000000079    0.0000000000000079    0.0000000000000080    0.0000000000000078    0.0000000000000079
917.0    0.0000000000000078    0.0000000000000078    0.0000000000000079    0.0000000000000078    0.0000000000000079
919.0    0.0000000000000078    0.0000000000000078    0.0000000000000079    0.0000000000000077    0.0000000000000078
921.0    0.0000000000000077    0.0000000000000077    0.0000000000000078    0.0000000000000076    0.0000000000000077
923.0    0.0000000000000077    0.0000000000000077    0.0000000000000078    0.0000000000000076    0.0000000000000077
925.0    0.0000000000000076    0.0000000000000076    0.0000000000000077    0.0000000000000075    0.0000000000000076
927.0    0.0000000000000075    0.0000000000000076    0.0000000000000076    0.0000000000000075    0.0000000000000076
929.0    0.0000000000000075    0.0000000000000075    0.0000000000000076    0.0000000000000074    0.0000000000000075
931.0    0.0000000000000074    0.0000000000000074    0.0000000000000075    0.0000000000000074    0.0000000000000075
933.0    0.0000000000000074    0.0000000000000074    0.0000000000000075    0.0000000000000073    0.0000000000000074
935.0    0.0000000000000073    0.0000000000000073    0.0000000000000074    0.0000000000000073    0.0000000000000074
937.0    0.0000000000000073    0.0000000000000073    0.0000000000000074    0.0000000000000072    0.0000000000000073
939.0    0.0000000000000072    0.0000000000000072    0.0000000000000073    0.0000000000000072    0.0000000000000073
941.0    0.0000000000000072    0.0000000000000072    0.0000000000000073    0.0000000000000071    0.0000000000000072
943.0    0.0000000000000071    0.0000000000000071    0.0000000000000072    0.0000000000000071    0.0000000000000072
945.0    0.0000000000000071    0.0000000000000071    0.0000000000000072    0.0000000000000070    0.0000000000000071
947.0    0.0000000000000070    0.0000000000000070    0.0000000000000071    0.0000000000000070    0.0000000000000071
949.0    0.0000000000000070    0.0000000000000070    0.0000000000000071    0.0000000000000069    0.0000000000000070
951.0    0.0000000000000069    0.0000000000000069    0.0000000000000070    0.0000000000000069    0.0000000000000070
953.0    0.0000000000000069    0.0000000000000069    0.0000000000000070    0.0000000000000068    0.0000000000000069
955.0    0.0000000000000068    0.0000000000000069    0.0000000000000069    0.0000000000000068    0.0000000000000069
957.0    0.0000000000000068    0.0000000000000068    0.0000000000000069    0.0000000000000067    0.0000000000000068
959.0    0.0000000000000068    0.0000000000000068    0.0000000000000068    0.0000000000000067    0.0000000000000068
961.0    0.0000000000000067    0.0000000000000067    0.0000000000000068    0.0000000000000066    0.0000000000000067
963.0    0.0000000000000067    0.0000000000000067    0.0000000000000067    0.0000000000000066    0.0000000000000067
965.0    0.0000000000000066    0.0000000000000066    0.0000000000000067    0.0000000000000066    0.0000000000000066
967.0    0.0000000000000066    0.0000000000000066    0.0000000000000067    0.0000000000000065    0.0000000000000066
969.0    0.0000000000000065    0.0000000000000065    0.0000000000000066    0.0000000000000065    0.0000000000000066
971.0    0.0000000000000065    0.0000000000000065    0.0000000000000066    0.0000000000000064    0.0000000000000065
973.0    0.0000000000000064    0.0000000000000065    0.0000000000000065    0.0000000000000064    0.0000000000000065
975.0    0.0000000000000064    0.0000000000000064    0.0000000000000065    0.0000000000000063    0.0000000000000064
977.0    0.0000000000000064    0.0000000000000064    0.0000000000000064    0.0000000000000063    0.0000000000000064
979.0    0.0000000000000063    0.0000000000000063    0.0000000000000064    0.0000000000000063    0.0000000000000063
981.0    0.0000000000000063    0.0000000000000063    0.0000000000000064    0.0000000000000062    0.0000000000000063
983.0    0.0000000000000062    0.0000000000000063    0.0000000000000063    0.0000000000000062    0.0000000000000063
985.0    0.0000000000000062    0.0000000000000062    0.0000000000000063    0.0000000000000061    0.0000000000000062
987.0    0.0000000000000062    0.0000000000000062    0.0000000000000062    0.0000000000000061    0.0000000000000062
989.0    0.0000000000000061    0.0000000000000061    0.0000000000000062    0.0000000000000061    0.0000000000000061
991.0    0.0000000000000061    0.0000000000000061    0.0000000000000061    0.0000000000000060    0.0000000000000061
993.0    0.0000000000000060    0.0000000000000061    0.0000000000000061    0.0000000000000060    0.0000000000000061
995.0    0.0000000000000060    0.0000000000000060    0.0000000000000061    0.0000000000000059    0.0000000000000060
997.0    0.0000000000000060    0.0000000000000060    0.0000000000000060    0.0000000000000059    0.0000000000000060
999.0    0.0000000000000059    0.0000000000000059    0.0000000000000060    0.0000000000000059    0.0000000000000059
1001.0    0.0000000000000059    0.0000000000000059    0.0000000000000060    0.0000000000000058    0.0000000000000059
1003.0    0.0000000000000058    0.0000000000000059    0.0000000000000059    0.0000000000000058    0.0000000000000059
1005.0    0.0000000000000058    0.0000000000000058    0.0000000000000059    0.0000000000000058    0.0000000000000058
1007.0    0.0000000000000058    0.0000000000000058    0.0000000000000058    0.0000000000000057    0.0000000000000058
1009.0    0.0000000000000057    0.0000000000000057    0.0000000000000058    0.0000000000000057    0.0000000000000058
1011.0    0.0000000000000057    0.0000000000000057    0.0000000000000058    0.0000000000000056    0.0000000000000057
1013.0    0.0000000000000057    0.0000000000000057    0.0000000000000057    0.0000000000000056    0.0000000000000057
1015.0    0.0000000000000056    0.0000000000000056    0.0000000000000057    0.0000000000000056    0.0000000000000056
1017.0    0.0000000000000056    0.0000000000000056    0.0000000000000056    0.0000000000000055    0.0000000000000056
1019.0    0.0000000000000055    0.0000000000000056    0.0000000000000056    0.0000000000000055    0.0000000000000056
1021.0    0.0000000000000055    0.0000000000000055    0.0000000000000056    0.0000000000000055    0.0000000000000055
1023.0    0.0000000000000055    0.0000000000000055    0.0000000000000055    0.0000000000000054    0.0000000000000055
1025.0    0.0000000000000054    0.0000000000000054    0.0000000000000055    0.0000000000000054    0.0000000000000055
1027.0    0.0000000000000054    0.0000000000000054    0.0000000000000055    0.0000000000000053    0.0000000000000054
1029.0    0.0000000000000054    0.0000000000000054    0.0000000000000054    0.0000000000000053    0.0000000000000054
1031.0    0.0000000000000053    0.0000000000000053    0.0000000000000054    0.0000000000000053    0.0000000000000053
1033.0    0.0000000000000053    0.0000000000000053    0.0000000000000054    0.0000000000000052    0.0000000000000053
1035.0    0.0000000000000052    0.0000000000000053    0.0000000000000053    0.0000000000000052    0.0000000000000053
1037.0    0.0000000000000052    0.0000000000000052    0.0000000000000053    0.0000000000000052    0.0000000000000052
1039.0    0.0000000000000052    0.0000000000000052    0.0000000000000052    0.0000000000000051    0.0000000000000052
1041.0    0.0000000000000051    0.0000000000000052    0.0000000000000052    0.0000000000000051    0.0000000000000052
1043.0    0.0000000000000051    0.0000000000000051    0.0000000000000052    0.0000000000000051    0.0000000000000051
1045.0    0.0000000000000051    0.0000000000000051    0.0000000000000051    0.0000000000000050    0.0000000000000051
1047.0    0.0000000000000050    0.0000000000000050    0.0000000000000051    0.0000000000000050    0.0000000000000051
1049.0    0.0000000000000050    0.0000000000000050    0.0000000000000051    0.0000000000000049    0.0000000000000050
1051.0    0.0000000000000050    0.0000000000000050    0.0000000000000050    0.0000000000000049    0.0000000000000050
1053.0    0.0000000000000049    0.0000000000000049    0.0000000000000050    0.0000000000000049    0.0000000000000050
1055.0    0.0000000000000049    0.0000000000000049    0.0000000000000050    0.0000000000000048    0.0000000000000049
1057.0    0.0000000000000049    0.0000000000000049    0.0000000000000049    0.0000000000000048    0.0000000000000049
1059.0    0.0000000000000048    0.0000000000000048    0.0000000000000049    0.0000000000000048    0.0000000000000049
1061.0    0.0000000000000048    0.0000000000000048    0.0000000000000049    0.0000000000000047    0.0000000000000048
1063.0    0.0000000000000048    0.0000000000000048    0.0000000000000048    0.0000000000000047    0.0000000000000048
1065.0    0.0000000000000047    0.0000000000000047    0.0000000000000048    0.0000000000000047    0.0000000000000047
1067.0    0.0000000000000047    0.0000000000000047    0.0000000000000048    0.0000000000000046    0.0000000000000047
1069.0    0.0000000000000047    0.0000000000000047    0.0000000000000047    0.0000000000000046    0.0000000000000047
1071.0    0.0000000000000046    0.0000000000000046    0.0000000000000047    0.0000000000000046    0.0000000000000046
1073.0    0.0000000000000046    0.0000000000000046    0.0000000000000047    0.0000000000000045    0.0000000000000046
1075.0    0.0000000000000046    0.0000000000000046    0.0000000000000046    0.0000000000000045    0.0000000000000046
1077.0    0.0000000000000045    0.0000000000000045    0.0000000000000046    0.0000000000000045    0.0000000000000045
1079.0    0.0000000000000045    0.0000000000000045    0.0000000000000046    0.0000000000000044    0.0000000000000045
1081.0    0.0000000000000045    0.0000000000000045    0.0000000000000045    0.0000000000000044    0.0000000000000045
1083.0    0.0000000000000044    0.0000000000000044    0.0000000000000045    0.0000000000000044    0.0000000000000044
1085.0    0.0000000000000044    0.0000000000000044    0.0000000000000045    0.0000000000000043    0.0000000000000044
1087.0    0.0000000000000044    0.0000000000000044    0.0000000000000044    0.0000000000000043    0.0000000000000044
1089.0    0.0000000000000043    0.0000000000000043    0.0000000000000044    0.0000000000000043    0.0000000000000043
1091.0    0.0000000000000043    0.0000000000000043    0.0000000000000044    0.0000000000000042    0.0000000000000043
1093.0    0.0000000000000043    0.0000000000000043    0.0000000000000043    0.0000000000000042    0.0000000000000043
1095.0    0.0000000000000042    0.0000000000000042    0.0000000000000043    0.0000000000000042    0.0000000000000043
1097.0    0.0000000000000042    0.0000000000000042    0.0000000000000043    0.0000000000000041    0.0000000000000042
1099.0    0.0000000000000042    0.0000000000000042    0.0000000000000042    0.0000000000000041    0.0000000000000042
1101.0    0.0000000000000041    0.0000000000000041    0.0000000000000042    0.0000000000000041    0.0000000000000042
1103.0    0.0000000000000041    0.0000000000000041    0.0000000000000042    0.0000000000000041    0.0000000000000041
1105.0    0.0000000000000041    0.0000000000000041    0.0000000000000041    0.0000000000000040    0.0000000000000041
1107.0    0.0000000000000040    0.0000000000000040    0.0000000000000041    0.0000000000000040    0.0000000000000041
1109.0    0.0000000000000040    0.0000000000000040    0.0000000000000041    0.0000000000000040    0.0000000000000040
1111.0    0.0000000000000040    0.0000000000000040    0.0000000000000040    0.0000000000000039    0.0000000000000040
1113.0    0.0000000000000039    0.0000000000000040    0.0000000000000040    0.0000000000000039    0.0000000000000040
1115.0    0.0000000000000039    0.0000000000000039    0.0000000000000040    0.0000000000000039    0.0000000000000039
1117.0    0.0000000000000039    0.0000000000000039    0.0000000000000039    0.0000000000000038    0.0000000000000039
1119.0    0.0000000000000039    0.0000000000000039    0.0000000000000039    0.0000000000000038    0.0000000000000039
1121.0    0.0000000000000038    0.0000000000000038    0.0000000000000039    0.0000000000000038    0.0000000000000038
1123.0    0.0000000000000038    0.0000000000000038    0.0000000000000039    0.0000000000000037    0.0000000000000038
1125.0    0.0000000000000038    0.0000000000000038    0.0000000000000038    0.0000000000000037    0.0000000000000038
1127.0    0.0000000000000037    0.0000000000000037    0.0000000000000038    0.0000000000000037    0.0000000000000038
1129.0    0.0000000000000037    0.0000000000000037    0.0000000000000038    0.0000000000000037    0.0000000000000037
1131.0    0.0000000000000037    0.0000000000000037    0.0000000000000037    0.0000000000000036    0.0000000000000037
1133.0    0.0000000000000036    0.0000000000000037    0.0000000000000037    0.0000000000000036    0.0000000000000037
1135.0    0.0000000000000036    0.0000000000000036    0.0000000000000037    0.0000000000000036    0.0000000000000036
1137.0    0.0000000000000036    0.0000000000000036    0.0000000000000036    0.0000000000000035    0.0000000000000036
1139.0    0.0000000000000036    0.0000000000000036    0.0000000000000036    0.0000000000000035    0.0000000000000036
1141.0    0.0000000000000035    0.0000000000000035    0.0000000000000036    0.0000000000000035    0.0000000000000036
1143.0    0.0000000000000035    0.0000000000000035    0.0000000000000036    0.0000000000000035    0.0000000000000035
1145.0    0.0000000000000035    0.0000000000000035    0.0000000000000035    0.0000000000000034    0.0000000000000035
1147.0    0.0000000000000034    0.0000000000000035    0.0000000000000035    0.0000000000000034    0.0000000000000035
1149.0    0.0000000000000034    0.0000000000000034    0.0000000000000035    0.0000000000000034    0.0000000000000034
1151.0    0.0000000000000034    0.0000000000000034    0.0000000000000035    0.0000000000000034    0.0000000000000034
1153.0    0.0000000000000034    0.0000000000000034    0.0000000000000034    0.0000000000000033    0.0000000000000034
1155.0    0.0000000000000033    0.0000000000000033    0.0000000000000034    0.0000000000000033    0.0000000000000034
1157.0    0.0000000000000033    0.0000000000000033    0.0000000000000034    0.0000000000000033    0.0000000000000033
1159.0    0.0000000000000033    0.0000000000000033    0.0000000000000033    0.0000000000000032    0.0000000000000033
1161.0    0.0000000000000033    0.0000000000000033    0.0000000000000033    0.0000000000000032    0.0000000000000033
1163.0    0.0000000000000032    0.0000000000000032    0.0000000000000033    0.0000000000000032    0.0000000000000033
1165.0    0.0000000000000032    0.0000000000000032    0.0000000000000033    0.0000000000000032    0.0000000000000032
1167.0    0.0000000000000032    0.0000000000000032    0.0000000000000032    0.0000000000000031    0.0000000000000032
1169.0    0.0000000000000032    0.0000000000000032    0.0000000000000032    0.0000000000000031    0.0000000000000032
1171.0    0.0000000000000031    0.0000000000000031    0.0000000000000032    0.0000000000000031    0.0000000000000032
1173.0    0.0000000000000031    0.0000000000000031    0.0000000000000032    0.0000000000000031    0.0000000000000031
1175.0    0.0000000000000031    0.0000000000000031    0.0000000000000031    0.0000000000000031    0.0000000000000031
1177.0    0.0000000000000031    0.0000000000000031    0.0000000000000031    0.0000000000000030    0.0000000000000031
1179.0    0.0000000000000030    0.0000000000000030    0.0000000000000031    0.0000000000000030    0.0000000000000031
1181.0    0.0000000000000030    0.0000000000000030    0.0000000000000031    0.0000000000000030    0.0000000000000030
1183.0    0.0000000000000030    0.0000000000000030    0.0000000000000030    0.0000000000000030    0.0000000000000030
1185.0    0.0000000000000030    0.0000000000000030    0.0000000000000030    0.0000000000000029    0.0000000000000030
1187.0    0.0000000000000029    0.0000000000000030    0.0000000000000030    0.0000000000000029    0.0000000000000030
1189.0    0.0000000000000029    0.0000000000000029    0.0000000000000030    0.0000000000000029    0.0000000000000029
1191.0    0.0000000000000029    0.0000000000000029    0.0000000000000030    0.0000000000000029    0.0000000000000029
1193.0    0.0000000000000029    0.0000000000000029    0.0000000000000029    0.0000000000000028    0.0000000000000029
1195.0    0.0000000000000029    0.0000000000000029    0.0000000000000029    0.0000000000000028    0.0000000000000029
1197.0    0.0000000000000028    0.0000000000000028    0.0000000000000029    0.0000000000000028    0.0000000000000029
1199.0    0.0000000000000028    0.0000000000000028    0.0000000000000029    0.0000000000000028    0.0000000000000028
1201.0    0.0000000000000028    0.0000000000000028    0.0000000000000028    0.0000000000000028    0.0000000000000028
1203.0    0.0000000000000028    0.0000000000000028    0.0000000000000028    0.0000000000000027    0.0000000000000028
1205.0    0.0000000000000028    0.0000000000000028    0.0000000000000028    0.0000000000000027    0.0000000000000028
1207.0    0.0000000000000027    0.0000000000000027    0.0000000000000028    0.0000000000000027    0.0000000000000027
1209.0    0.0000000000000027    0.0000000000000027    0.0000000000000028    0.0000000000000027    0.0000000000000027
1211.0    0.0000000000000027    0.0000000000000027    0.0000000000000027    0.0000000000000027    0.0000000000000027
1213.0    0.0000000000000027    0.0000000000000027    0.0000000000000027    0.0000000000000027    0.0000000000000027
1215.0    0.0000000000000027    0.0000000000000027    0.0000000000000027    0.0000000000000026    0.0000000000000027
1217.0    0.0000000000000026    0.0000000000000026    0.0000000000000027    0.0000000000000026    0.0000000000000027
1219.0    0.0000000000000026    0.0000000000000026    0.0000000000000027    0.0000000000000026    0.0000000000000026
1221.0    0.0000000000000026    0.0000000000000026    0.0000000000000026    0.0000000000000026    0.0000000000000026
1223.0    0.0000000000000026    0.0000000000000026    0.0000000000000026    0.0000000000000026    0.0000000000000026
1225.0    0.0000000000000026    0.0000000000000026    0.0000000000000026    0.0000000000000025    0.0000000000000026
1227.0    0.0000000000000026    0.0000000000000026    0.0000000000000026    0.0000000000000025    0.0000000000000026
1229.0    0.0000000000000025    0.0000000000000025    0.0000000000000026    0.0000000000000025    0.0000000000000025
1231.0    0.0000000000000025    0.0000000000000025    0.0000000000000026    0.0000000000000025    0.0000000000000025
1233.0    0.0000000000000025    0.0000000000000025    0.0000000000000025    0.0000000000000025    0.0000000000000025
1235.0    0.0000000000000025    0.0000000000000025    0.0000000000000025    0.0000000000000025    0.0000000000000025
1237.0    0.0000000000000025    0.0000000000000025    0.0000000000000025    0.0000000000000024    0.0000000000000025
1239.0    0.0000000000000025    0.0000000000000025    0.0000000000000025    0.0000000000000024    0.0000000000000025
1241.0    0.0000000000000024    0.0000000000000024    0.0000000000000025    0.0000000000000024    0.0000000000000024
1243.0    0.0000000000000024    0.0000000000000024    0.0000000000000025    0.0000000000000024    0.0000000000000024
1245.0    0.0000000000000024    0.0000000000000024    0.0000000000000024    0.0000000000000024    0.0000000000000024
1247.0    0.0000000000000024    0.0000000000000024    0.0000000000000024    0.0000000000000024    0.0000000000000024
1249.0    0.0000000000000024    0.0000000000000024    0.0000000000000024    0.0000000000000024    0.0000000000000024
1251.0    0.0000000000000024    0.0000000000000024    0.0000000000000024    0.0000000000000023    0.0000000000000024
1253.0    0.0000000000000023    0.0000000000000024    0.0000000000000024    0.0000000000000023    0.0000000000000024
1255.0    0.0000000000000023    0.0000000000000023    0.0000000000000024    0.0000000000000023    0.0000000000000023
1257.0    0.0000000000000023    0.0000000000000023    0.0000000000000024    0.0000000000000023    0.0000000000000023
1259.0    0.0000000000000023    0.0000000000000023    0.0000000000000023    0.0000000000000023    0.0000000000000023
1261.0    0.0000000000000023    0.0000000000000023    0.0000000000000023    0.0000000000000023    0.0000000000000023
1263.0    0.0000000000000023    0.0000000000000023    0.0000000000000023    0.0000000000000023    0.0000000000000023
1265.0    0.0000000000000023    0.0000000000000023    0.0000000000000023    0.0000000000000022    0.0000000000000023
1267.0    0.0000000000000022    0.0000000000000023    0.0000000000000023    0.0000000000000022    0.0000000000000023
1269.0    0.0000000000000022    0.0000000000000022    0.0000000000000023    0.0000000000000022    0.0000000000000022
1271.0    0.0000000000000022    0.0000000000000022    0.0000000000000023    0.0000000000000022    0.0000000000000022
1273.0    0.0000000000000022    0.0000000000000022    0.0000000000000022    0.0000000000000022    0.0000000000000022
1275.0    0.0000000000000022    0.0000000000000022    0.0000000000000022    0.0000000000000022    0.0000000000000022
1277.0    0.0000000000000022    0.0000000000000022    0.0000000000000022    0.0000000000000022    0.0000000000000022
1279.0    0.0000000000000022    0.0000000000000022    0.0000000000000022    0.0000000000000021    0.0000000000000022
1281.0    0.0000000000000022    0.0000000000000022    0.0000000000000022    0.0000000000000021    0.0000000000000022
1283.0    0.0000000000000021    0.0000000000000021    0.0000000000000022    0.0000000000000021    0.0000000000000022
1285.0    0.0000000000000021    0.0000000000000021    0.0000000000000022    0.0000000000000021    0.0000000000000021
1287.0    0.0000000000000021    0.0000000000000021    0.0000000000000021    0.0000000000000021    0.0000000000000021
1289.0    0.0000000000000021    0.0000000000000021    0.0000000000000021    0.0000000000000021    0.0000000000000021
1291.0    0.0000000000000021    0.0000000000000021    0.0000000000000021    0.0000000000000021    0.0000000000000021
1293.0    0.0000000000000021    0.0000000000000021    0.0000000000000021    0.0000000000000021    0.0000000000000021
1295.0    0.0000000000000021    0.0000000000000021    0.0000000000000021    0.0000000000000020    0.0000000000000021
1297.0    0.0000000000000021    0.0000000000000021    0.0000000000000021    0.0000000000000020    0.0000000000000021
1299.0    0.0000000000000020    0.0000000000000021    0.0000000000000021    0.0000000000000020    0.0000000000000021
1301.0    0.0000000000000020    0.0000000000000020    0.0000000000000021    0.0000000000000020    0.0000000000000020
1303.0    0.0000000000000020    0.0000000000000020    0.0000000000000021    0.0000000000000020    0.0000000000000020
1305.0    0.0000000000000020    0.0000000000000020    0.0000000000000020    0.0000000000000020    0.0000000000000020
1307.0    0.0000000000000020    0.0000000000000020    0.0000000000000020    0.0000000000000020    0.0000000000000020
1309.0    0.0000000000000020    0.0000000000000020    0.0000000000000020    0.0000000000000020    0.0000000000000020
1311.0    0.0000000000000020    0.0000000000000020    0.0000000000000020    0.0000000000000020    0.0000000000000020
1313.0    0.0000000000000020    0.0000000000000020    0.0000000000000020    0.0000000000000019    0.0000000000000020
1315.0    0.0000000000000020    0.0000000000000020    0.0000000000000020    0.0000000000000019    0.0000000000000020
1317.0    0.0000000000000019    0.0000000000000019    0.0000000000000020    0.0000000000000019    0.0000000000000020
1319.0    0.0000000000000019    0.0000000000000019    0.0000000000000020    0.0000000000000019    0.0000000000000019
1321.0    0.0000000000000019    0.0000000000000019    0.0000000000000019    0.0000000000000019    0.0000000000000019
1323.0    0.0000000000000019    0.0000000000000019    0.0000000000000019    0.0000000000000019    0.0000000000000019
1325.0    0.0000000000000019    0.0000000000000019    0.0000000000000019    0.0000000000000019    0.0000000000000019
1327.0    0.0000000000000019    0.0000000000000019    0.0000000000000019    0.0000000000000019    0.0000000000000019
1329.0    0.0000000000000019    0.0000000000000019    0.0000000000000019    0.0000000000000019    0.0000000000000019
1331.0    0.0000000000000019    0.0000000000000019    0.0000000000000019    0.0000000000000018    0.0000000000000019
1333.0    0.0000000000000019    0.0000000000000019    0.0000000000000019    0.0000000000000018    0.0000000000000019
1335.0    0.0000000000000018    0.0000000000000018    0.0000000000000019    0.0000000000000018    0.0000000000000019
1337.0    0.0000000000000018    0.0000000000000018    0.0000000000000019    0.0000000000000018    0.0000000000000018
1339.0    0.0000000000000018    0.0000000000000018    0.0000000000000018    0.0000000000000018    0.0000000000000018
1341.0    0.0000000000000018    0.0000000000000018    0.0000000000000018    0.0000000000000018    0.0000000000000018
1343.0    0.0000000000000018    0.0000000000000018    0.0000000000000018    0.0000000000000018    0.0000000000000018
1345.0    0.0000000000000018    0.0000000000000018    0.0000000000000018    0.0000000000000018    0.0000000000000018
1347.0    0.0000000000000018    0.0000000000000018    0.0000000000000018    0.0000000000000018    0.0000000000000018
1349.0    0.0000000000000018    0.0000000000000018    0.0000000000000018    0.0000000000000017    0.0000000000000018
1351.0    0.0000000000000018    0.0000000000000018    0.0000000000000018    0.0000000000000017    0.0000000000000018
1353.0    0.0000000000000017    0.0000000000000017    0.0000000000000018    0.0000000000000017    0.0000000000000018
1355.0    0.0000000000000017    0.0000000000000017    0.0000000000000018    0.0000000000000017    0.0000000000000017
1357.0    0.0000000000000017    0.0000000000000017    0.0000000000000017    0.0000000000000017    0.0000000000000017
1359.0    0.0000000000000017    0.0000000000000017    0.0000000000000017    0.0000000000000017    0.0000000000000017
1361.0    0.0000000000000017    0.0000000000000017    0.0000000000000017    0.0000000000000017    0.0000000000000017
1363.0    0.0000000000000017    0.0000000000000017    0.0000000000000017    0.0000000000000017    0.0000000000000017
1365.0    0.0000000000000017    0.0000000000000017    0.0000000000000017    0.0000000000000017    0.0000000000000017
1367.0    0.0000000000000017    0.0000000000000017    0.0000000000000017    0.0000000000000017    0.0000000000000017
1369.0    0.0000000000000017    0.0000000000000017    0.0000000000000017    0.0000000000000016    0.0000000000000017
1371.0    0.0000000000000017    0.0000000000000017    0.0000000000000017    0.0000000000000016    0.0000000000000017
1373.0    0.0000000000000016    0.0000000000000016    0.0000000000000017    0.0000000000000016    0.0000000000000017
1375.0    0.0000000000000016    0.0000000000000016    0.0000000000000017    0.0000000000000016    0.0000000000000016
1377.0    0.0000000000000016    0.0000000000000016    0.0000000000000016    0.0000000000000016    0.0000000000000016
1379.0    0.0000000000000016    0.0000000000000016    0.0000000000000016    0.0000000000000016    0.0000000000000016
1381.0    0.0000000000000016    0.0000000000000016    0.0000000000000016    0.0000000000000016    0.0000000000000016
1383.0    0.0000000000000016    0.0000000000000016    0.0000000000000016    0.0000000000000016    0.0000000000000016
1385.0    0.0000000000000016    0.0000000000000016    0.0000000000000016    0.0000000000000016    0.0000000000000016
1387.0    0.0000000000000016    0.0000000000000016    0.0000000000000016    0.0000000000000016    0.0000000000000016
1389.0    0.0000000000000016    0.0000000000000016    0.0000000000000016    0.0000000000000015    0.0000000000000016
1391.0    0.0000000000000016    0.0000000000000016    0.0000000000000016    0.0000000000000015    0.0000000000000016
1393.0    0.0000000000000015    0.0000000000000015    0.0000000000000016    0.0000000000000015    0.0000000000000016
1395.0    0.0000000000000015    0.0000000000000015    0.0000000000000016    0.0000000000000015    0.0000000000000015
1397.0    0.0000000000000015    0.0000000000000015    0.0000000000000015    0.0000000000000015    0.0000000000000015
1399.0    0.0000000000000015    0.0000000000000015    0.0000000000000015    0.0000000000000015    0.0000000000000015
1401.0    0.0000000000000015    0.0000000000000015    0.0000000000000015    0.0000000000000015    0.0000000000000015
1403.0    0.0000000000000015    0.0000000000000015    0.0000000000000015    0.0000000000000015    0.0000000000000015
1405.0    0.0000000000000015    0.0000000000000015    0.0000000000000015    0.0000000000000015    0.0000000000000015
1407.0    0.0000000000000015    0.0000000000000015    0.0000000000000015    0.0000000000000015    0.0000000000000015
1409.0    0.0000000000000015    0.0000000000000015    0.0000000000000015    0.0000000000000014    0.0000000000000015
1411.0    0.0000000000000015    0.0000000000000015    0.0000000000000015    0.0000000000000014    0.0000000000000015
1413.0    0.0000000000000014    0.0000000000000015    0.0000000000000015    0.0000000000000014    0.0000000000000015
1415.0    0.0000000000000014    0.0000000000000014    0.0000000000000015    0.0000000000000014    0.0000000000000014
1417.0    0.0000000000000014    0.0000000000000014    0.0000000000000015    0.0000000000000014    0.0000000000000014
1419.0    0.0000000000000014    0.0000000000000014    0.0000000000000014    0.0000000000000014    0.0000000000000014
1421.0    0.0000000000000014    0.0000000000000014    0.0000000000000014    0.0000000000000014    0.0000000000000014
1423.0    0.0000000000000014    0.0000000000000014    0.0000000000000014    0.0000000000000014    0.0000000000000014
1425.0    0.0000000000000014    0.0000000000000014    0.0000000000000014    0.0000000000000014    0.0000000000000014
1427.0    0.0000000000000014    0.0000000000000014    0.0000000000000014    0.0000000000000014    0.0000000000000014
1429.0    0.0000000000000014    0.0000000000000014    0.0000000000000014    0.0000000000000014    0.0000000000000014
1431.0    0.0000000000000014    0.0000000000000014    0.0000000000000014    0.0000000000000014    0.0000000000000014
1433.0    0.0000000000000014    0.0000000000000014    0.0000000000000014    0.0000000000000013    0.0000000000000014
1435.0    0.0000000000000014    0.0000000000000014    0.0000000000000014    0.0000000000000013    0.0000000000000014
1437.0    0.0000000000000013    0.0000000000000013    0.0000000000000014    0.0000000000000013    0.0000000000000013
1439.0    0.0000000000000013    0.0000000000000013    0.0000000000000014    0.0000000000000013    0.0000000000000013
1441.0    0.0000000000000013    0.0000000000000013    0.0000000000000013    0.0000000000000013    0.0000000000000013
1443.0    0.0000000000000013    0.0000000000000013    0.0000000000000013    0.0000000000000013    0.0000000000000013
1445.0    0.0000000000000013    0.0000000000000013    0.0000000000000013    0.0000000000000013    0.0000000000000013
1447.0    0.0000000000000013    0.0000000000000013    0.0000000000000013    0.0000000000000013    0.0000000000000013
1449.0    0.0000000000000013    0.0000000000000013    0.0000000000000013    0.0000000000000013    0.0000000000000013
1451.0    0.0000000000000013    0.0000000000000013    0.0000000000000013    0.0000000000000013    0.0000000000000013
1453.0    0.0000000000000013    0.0000000000000013    0.0000000000000013    0.0000000000000013    0.0000000000000013
1455.0    0.0000000000000013    0.0000000000000013    0.0000000000000013    0.0000000000000013    0.0000000000000013
1457.0    0.0000000000000013    0.0000000000000013    0.0000000000000013    0.0000000000000012    0.0000000000000013
1459.0    0.0000000000000013    0.0000000000000013    0.0000000000000013    0.0000000000000012    0.0000000000000013
1461.0    0.0000000000000012    0.0000000000000012    0.0000000000000013    0.0000000000000012    0.0000000000000013
1463.0    0.0000000000000012    0.0000000000000012    0.0000000000000013    0.0000000000000012    0.0000000000000012
1465.0    0.0000000000000012    0.0000000000000012    0.0000000000000013    0.0000000000000012    0.0000000000000012
1467.0    0.0000000000000012    0.0000000000000012    0.0000000000000012    0.0000000000000012    0.0000000000000012
1469.0    0.0000000000000012    0.0000000000000012    0.0000000000000012    0.0000000000000012    0.0000000000000012
1471.0    0.0000000000000012    0.0000000000000012    0.0000000000000012    0.0000000000000012    0.0000000000000012
1473.0    0.0000000000000012    0.0000000000000012    0.0000000000000012    0.0000000000000012    0.0000000000000012
1475.0    0.0000000000000012    0.0000000000000012    0.0000000000000012    0.0000000000000012    0.0000000000000012
1477.0    0.0000000000000012    0.0000000000000012    0.0000000000000012    0.0000000000000012    0.0000000000000012
1479.0    0.0000000000000012    0.0000000000000012    0.0000000000000012    0.0000000000000012    0.0000000000000012
1481.0    0.0000000000000012    0.0000000000000012    0.0000000000000012    0.0000000000000012    0.0000000000000012
1483.0    0.0000000000000012    0.0000000000000012    0.0000000000000012    0.0000000000000012    0.0000000000000012
1485.0    0.0000000000000012    0.0000000000000012    0.0000000000000012    0.0000000000000011    0.0000000000000012
