9.0    -0.0000000000000000    -0.0000000000000000    -0.0000000000000000    -0.0000000000000000    -0.0000000000000000
11.0    -0.0000000000000000    -0.0000000000000000    -0.0000000000000000    -0.0000000000000000    -0.0000000000000000
13.0    -0.0000000000000000    -0.0000000000000000    -0.0000000000000000    -0.0000000000000000    -0.0000000000000000
15.0    -0.0000000000000000    -0.0000000000000000    -0.0000000000000000    -0.0000000000000000    -0.0000000000000000
17.0    -0.0000000000000000    -0.0000000000000000    -0.0000000000000000    -0.0000000000000000    -0.0000000000000000
19.0    -0.0000000000000000    -0.0000000000000000    -0.0000000000000000    -0.0000000000000000    -0.0000000000000000
21.0    -0.0000000000000000    -0.0000000000000000    -0.0000000000000000    -0.0000000000000000    -0.0000000000000000
23.0    -0.0000000000000000    -0.0000000000000000    -0.0000000000000000    -0.0000000000000000    -0.0000000000000000
25.0    -0.0000000000000000    -0.0000000000000000    -0.0000000000000000    -0.0000000000000000    -0.0000000000000000
27.0    -0.0000000000000000    -0.0000000000000000    -0.0000000000000000    -0.0000000000000000    -0.0000000000000000
29.0    -0.0000000000000000    -0.0000000000000000    -0.0000000000000000    -0.0000000000000000    -0.0000000000000000
31.0    -0.0000000000000000    -0.0000000000000000    -0.0000000000000000    -0.0000000000000000    -0.0000000000000000
33.0    -0.0000000000000000    -0.0000000000000000    -0.0000000000000000    -0.0000000000000000    -0.0000000000000000
35.0    -0.0000000000000000    -0.0000000000000000    -0.0000000000000000    -0.0000000000000000    -0.0000000000000000
37.0    -0.0000000000000000    -0.0000000000000000    -0.0000000000000000    -0.0000000000000000    -0.0000000000000000
39.0    -0.0000000000000000    -0.0000000000000000    -0.0000000000000000    -0.0000000000000000    -0.0000000000000000
41.0    -0.0000000000000000    -0.0000000000000000    -0.0000000000000000    -0.0000000000000000    -0.0000000000000000
43.0    -0.0000000000000000    -0.0000000000000000    -0.0000000000000000    -0.0000000000000000    -0.0000000000000000
45.0    -0.0000000000000000    -0.0000000000000000    -0.0000000000000000    -0.0000000000000000    -0.0000000000000000
47.0    -0.0000000000000000    -0.0000000000000000    -0.0000000000000000    -0.0000000000000000    -0.0000000000000000
49.0    -0.0000000000000000    -0.0000000000000000    -0.0000000000000000    -0.0000000000000000    -0.0000000000000000
51.0    -0.0000000000000000    -0.0000000000000000    -0.0000000000000000    -0.0000000000000000    -0.0000000000000000
53.0    -0.0000000000000000    -0.0000000000000000    -0.0000000000000000    -0.0000000000000000    -0.0000000000000000
55.0    -0.0000000000000000    -0.0000000000000000    -0.0000000000000000    -0.0000000000000000    -0.0000000000000000
57.0    -0.0000000000000000    -0.0000000000000000    -0.0000000000000000    -0.0000000000000000    -0.0000000000000000
59.0    -0.0000000000000000    -0.0000000000000000    -0.0000000000000000    -0.0000000000000000    -0.0000000000000000
61.0    -0.0000000000000000    -0.0000000000000000    -0.0000000000000000    -0.0000000000000000    -0.0000000000000000
63.0    -0.0000000000000000    -0.0000000000000000    -0.0000000000000000    -0.0000000000000000    -0.0000000000000000
65.0    -0.0000000000000000    -0.0000000000000000    -0.0000000000000000    -0.0000000000000000    -0.0000000000000000
67.0    -0.0000000000000000    -0.0000000000000000    -0.0000000000000000    -0.0000000000000000    -0.0000000000000000
69.0    -0.0000000000000000    -0.0000000000000000    -0.0000000000000000    -0.0000000000000000    -0.0000000000000000
71.0    -0.0000000000000000    -0.0000000000000000    -0.0000000000000000    -0.0000000000000000    -0.0000000000000000
73.0    -0.0000000000000000    -0.0000000000000000    -0.0000000000000000    -0.0000000000000000    -0.0000000000000000
75.0    -0.0000000000000000    -0.0000000000000000    -0.0000000000000000    -0.0000000000000000    -0.0000000000000000
77.0    -0.0000000000000000    -0.0000000000000000    -0.0000000000000000    -0.0000000000000000    -0.0000000000000000
79.0    -0.0000000000000000    -0.0000000000000000    -0.0000000000000000    -0.0000000000000000    -0.0000000000000000
81.0    -0.0000000000000000    -0.0000000000000000    -0.0000000000000000    -0.0000000000000000    -0.0000000000000000
83.0    -0.0000000000000000    -0.0000000000000000    -0.0000000000000000    -0.0000000000000000    -0.0000000000000000
85.0    -0.0000000000000000    -0.0000000000000000    -0.0000000000000000    -0.0000000000000000    -0.0000000000000000
87.0    -0.0000000000000000    -0.0000000000000000    -0.0000000000000000    -0.0000000000000000    -0.0000000000000000
89.0    -0.0000000000000000    -0.0000000000000000    -0.0000000000000000    -0.0000000000000000    -0.0000000000000000
91.0    -0.0000000000000000    -0.0000000000000000    -0.0000000000000000    -0.0000000000000000    -0.0000000000000000
93.0    -0.0000000000000000    -0.0000000000000000    -0.0000000000000000    -0.0000000000000000    -0.0000000000000000
95.0    -0.0000000000000000    -0.0000000000000000    -0.0000000000000000    -0.0000000000000000    -0.0000000000000000
97.0    -0.0000000000000000    -0.0000000000000000    -0.0000000000000000    -0.0000000000000000    -0.0000000000000000
99.0    -0.0000000000000000    -0.0000000000000000    -0.0000000000000000    -0.0000000000000000    -0.0000000000000000
101.0    -0.0000000000000000    -0.0000000000000000    -0.0000000000000000    -0.0000000000000000    -0.0000000000000000
103.0    -0.0000000000000000    -0.0000000000000000    -0.0000000000000000    -0.0000000000000000    -0.0000000000000000
105.0    -0.0000000000000000    -0.0000000000000000    -0.0000000000000000    -0.0000000000000000    -0.0000000000000000
107.0    -0.0000000000000000    -0.0000000000000000    -0.0000000000000000    -0.0000000000000000    -0.0000000000000000
109.0    -0.0000000000000000    -0.0000000000000000    -0.0000000000000000    -0.0000000000000000    -0.0000000000000000
111.0    -0.0000000000000000    -0.0000000000000000    -0.0000000000000000    -0.0000000000000000    -0.0000000000000000
113.0    -0.0000000000000000    -0.0000000000000000    -0.0000000000000000    -0.0000000000000000    -0.0000000000000000
115.0    -0.0000000000000000    -0.0000000000000000    -0.0000000000000000    -0.0000000000000000    -0.0000000000000000
117.0    -0.0000000000000000    -0.0000000000000000    -0.0000000000000000    -0.0000000000000000    -0.0000000000000000
119.0    -0.0000000000000000    -0.0000000000000000    -0.0000000000000000    -0.0000000000000000    -0.0000000000000000
121.0    -0.0000000000000000    -0.0000000000000000    -0.0000000000000000    -0.0000000000000000    -0.0000000000000000
123.0    -0.0000000000000000    -0.0000000000000000    -0.0000000000000000    -0.0000000000000000    -0.0000000000000000
125.0    -0.0000000000000000    -0.0000000000000000    -0.0000000000000000    -0.0000000000000000    -0.0000000000000000
127.0    -0.0000000000000000    -0.0000000000000000    -0.0000000000000000    -0.0000000000000000    -0.0000000000000000
129.0    -0.0000000000000000    -0.0000000000000000    -0.0000000000000000    -0.0000000000000000    -0.0000000000000000
131.0    -0.0000000000000000    -0.0000000000000000    -0.0000000000000000    -0.0000000000000000    -0.0000000000000000
133.0    -0.0000000000000000    -0.0000000000000000    -0.0000000000000000    -0.0000000000000000    -0.0000000000000000
135.0    -0.0000000000000000    -0.0000000000000000    -0.0000000000000000    -0.0000000000000000    -0.0000000000000000
137.0    -0.0000000000000000    -0.0000000000000000    -0.0000000000000000    -0.0000000000000000    -0.0000000000000000
139.0    -0.0000000000000000    -0.0000000000000000    -0.0000000000000000    -0.0000000000000000    -0.0000000000000000
141.0    -0.0000000000000000    -0.0000000000000000    -0.0000000000000000    -0.0000000000000000    -0.0000000000000000
143.0    -0.0000000000000000    -0.0000000000000000    -0.0000000000000000    -0.0000000000000000    -0.0000000000000000
145.0    -0.0000000000000000    -0.0000000000000000    -0.0000000000000000    -0.0000000000000000    -0.0000000000000000
147.0    -0.0000000000000000    -0.0000000000000000    -0.0000000000000000    -0.0000000000000000    -0.0000000000000000
149.0    -0.0000000000000000    -0.0000000000000000    -0.0000000000000000    -0.0000000000000000    -0.0000000000000000
151.0    -0.0000000000000000    -0.0000000000000000    -0.0000000000000000    -0.0000000000000000    -0.0000000000000000
153.0    -0.0000000000000000    -0.0000000000000000    -0.0000000000000000    -0.0000000000000000    -0.0000000000000000
155.0    -0.0000000000000000    -0.0000000000000000    -0.0000000000000000    -0.0000000000000000    -0.0000000000000000
157.0    -0.0000000000000000    -0.0000000000000000    -0.0000000000000000    -0.0000000000000000    -0.0000000000000000
159.0    -0.0000000000000000    -0.0000000000000000    -0.0000000000000000    -0.0000000000000000    -0.0000000000000000
161.0    -0.0000000000000000    -0.0000000000000000    -0.0000000000000000    -0.0000000000000000    -0.0000000000000000
163.0    -0.0000000000000000    -0.0000000000000000    -0.0000000000000000    -0.0000000000000000    -0.0000000000000000
165.0    -0.0000000000000000    -0.0000000000000000    -0.0000000000000000    -0.0000000000000000    -0.0000000000000000
167.0    0.0000000000000000    0.0000000000000000    0.0000000000000000    0.0000000000000000    0.0000000000000000
169.0    0.0000000000000000    0.0000000000000000    0.0000000000000000    0.0000000000000000    0.0000000000000000
171.0    0.0000000000000000    0.0000000000000000    0.0000000000000000    0.0000000000000000    0.0000000000000000
173.0    0.0000000000000000    0.0000000000000000    0.0000000000000000    0.0000000000000000    0.0000000000000000
175.0    0.0000000000000000    0.0000000000000000    0.0000000000000000    0.0000000000000000    0.0000000000000000
177.0    0.0000000000000000    0.0000000000000000    0.0000000000000000    0.0000000000000000    0.0000000000000000
179.0    0.0000000000000000    0.0000000000000000    0.0000000000000000    0.0000000000000000    0.0000000000000000
181.0    0.0000000000000000    0.0000000000000000    0.0000000000000000    0.0000000000000000    0.0000000000000000
183.0    0.0000000000000000    0.0000000000000000    0.0000000000000000    0.0000000000000000    0.0000000000000000
185.0    0.0000000000000000    0.0000000000000000    0.0000000000000000    0.0000000000000000    0.0000000000000000
187.0    0.0000000000000000    0.0000000000000000    0.0000000000000000    0.0000000000000000    0.0000000000000000
189.0    0.0000000000000000    0.0000000000000000    0.0000000000000000    0.0000000000000000    0.0000000000000000
191.0    0.0000000000000000    0.0000000000000000    0.0000000000000000    0.0000000000000000    0.0000000000000000
193.0    0.0000000000000000    0.0000000000000000    0.0000000000000000    0.0000000000000000    0.0000000000000000
195.0    0.0000000000000000    0.0000000000000000    0.0000000000000000    0.0000000000000000    0.0000000000000000
197.0    0.0000000000000000    0.0000000000000000    0.0000000000000000    0.0000000000000000    0.0000000000000000
199.0    0.0000000000000000    0.0000000000000000    0.0000000000000000    0.0000000000000000    0.0000000000000000
201.0    0.0000000000000000    0.0000000000000000    0.0000000000000000    0.0000000000000000    0.0000000000000000
203.0    0.0000000000000000    0.0000000000000000    0.0000000000000000    0.0000000000000000    0.0000000000000000
205.0    0.0000000000000000    0.0000000000000000    0.0000000000000000    0.0000000000000000    0.0000000000000000
207.0    0.0000000000000000    0.0000000000000000    0.0000000000000000    0.0000000000000000    0.0000000000000000
209.0    0.0000000000000000    0.0000000000000000    0.0000000000000000    0.0000000000000000    0.0000000000000000
211.0    0.0000000000000000    0.0000000000000000    0.0000000000000000    0.0000000000000000    0.0000000000000000
213.0    0.0000000000000000    0.0000000000000000    0.0000000000000000    0.0000000000000000    0.0000000000000000
215.0    0.0000000000000000    0.0000000000000000    0.0000000000000000    0.0000000000000000    0.0000000000000000
217.0    0.0000000000000000    0.0000000000000000    0.0000000000000000    0.0000000000000000    0.0000000000000000
219.0    0.0000000000000000    0.0000000000000000    0.0000000000000000    0.0000000000000000    0.0000000000000000
221.0    0.0000000000000000    0.0000000000000000    0.0000000000000000    0.0000000000000000    0.0000000000000000
223.0    0.0000000000000000    0.0000000000000000    0.0000000000000000    0.0000000000000000    0.0000000000000000
225.0    0.0000000000000000    0.0000000000000000    0.0000000000000000    0.0000000000000000    0.0000000000000000
227.0    -0.0000000000000000    -0.0000000000000000    0.0000000000000000    -0.0000000000000000    -0.0000000000000000
229.0    -0.0000000000000000    -0.0000000000000000    -0.0000000000000000    -0.0000000000000000    -0.0000000000000000
231.0    -0.0000000000000000    -0.0000000000000000    -0.0000000000000000    -0.0000000000000000    -0.0000000000000000
233.0    -0.0000000000000000    -0.0000000000000000    -0.0000000000000000    -0.0000000000000000    -0.0000000000000000
235.0    -0.0000000000000000    -0.0000000000000000    -0.0000000000000000    -0.0000000000000000    -0.0000000000000000
237.0    -0.0000000000000000    -0.0000000000000000    -0.0000000000000000    -0.0000000000000000    -0.0000000000000000
239.0    -0.0000000000000000    -0.0000000000000000    -0.0000000000000000    -0.0000000000000000    -0.0000000000000000
241.0    -0.0000000000000000    -0.0000000000000000    -0.0000000000000000    -0.0000000000000000    -0.0000000000000000
243.0    -0.0000000000000000    -0.0000000000000000    -0.0000000000000000    -0.0000000000000000    -0.0000000000000000
245.0    -0.0000000000000000    -0.0000000000000000    -0.0000000000000000    -0.0000000000000000    -0.0000000000000000
247.0    -0.0000000000000000    -0.0000000000000000    -0.0000000000000000    -0.0000000000000000    -0.0000000000000000
249.0    -0.0000000000000000    -0.0000000000000000    -0.0000000000000000    -0.0000000000000000    -0.0000000000000000
251.0    -0.0000000000000000    -0.0000000000000000    -0.0000000000000000    -0.0000000000000000    -0.0000000000000000
253.0    -0.0000000000000000    -0.0000000000000000    -0.0000000000000000    -0.0000000000000000    -0.0000000000000000
255.0    -0.0000000000000000    -0.0000000000000000    -0.0000000000000000    -0.0000000000000000    -0.0000000000000000
257.0    -0.0000000000000000    -0.0000000000000000    -0.0000000000000000    -0.0000000000000000    -0.0000000000000000
259.0    -0.0000000000000000    -0.0000000000000000    -0.0000000000000000    -0.0000000000000000    -0.0000000000000000
261.0    -0.0000000000000000    -0.0000000000000000    -0.0000000000000000    -0.0000000000000000    -0.0000000000000000
263.0    -0.0000000000000000    -0.0000000000000000    -0.0000000000000000    -0.0000000000000000    -0.0000000000000000
265.0    -0.0000000000000000    -0.0000000000000000    -0.0000000000000000    -0.0000000000000000    -0.0000000000000000
267.0    -0.0000000000000000    -0.0000000000000000    -0.0000000000000000    -0.0000000000000000    -0.0000000000000000
269.0    -0.0000000000000000    -0.0000000000000000    -0.0000000000000000    -0.0000000000000000    -0.0000000000000000
271.0    -0.0000000000000000    -0.0000000000000000    -0.0000000000000000    -0.0000000000000000    -0.0000000000000000
273.0    -0.0000000000000000    -0.0000000000000000    -0.0000000000000000    -0.0000000000000000    -0.0000000000000000
275.0    -0.0000000000000000    -0.0000000000000000    -0.0000000000000000    -0.0000000000000000    -0.0000000000000000
277.0    -0.0000000000000000    -0.0000000000000000    -0.0000000000000000    -0.0000000000000000    -0.0000000000000000
279.0    -0.0000000000000000    -0.0000000000000000    -0.0000000000000000    -0.0000000000000000    -0.0000000000000000
281.0    -0.0000000000000000    -0.0000000000000000    -0.0000000000000000    -0.0000000000000000    -0.0000000000000000
283.0    -0.0000000000000000    -0.0000000000000000    -0.0000000000000000    -0.0000000000000000    -0.0000000000000000
285.0    -0.0000000000000000    -0.0000000000000000    -0.0000000000000000    -0.0000000000000000    -0.0000000000000000
287.0    -0.0000000000000000    -0.0000000000000000    -0.0000000000000000    -0.0000000000000000    -0.0000000000000000
289.0    -0.0000000000000000    -0.0000000000000000    -0.0000000000000000    -0.0000000000000000    -0.0000000000000000
291.0    -0.0000000000000000    -0.0000000000000000    -0.0000000000000000    -0.0000000000000000    -0.0000000000000000
293.0    -0.0000000000000000    -0.0000000000000000    -0.0000000000000000    -0.0000000000000000    -0.0000000000000000
295.0    -0.0000000000000000    -0.0000000000000000    -0.0000000000000000    -0.0000000000000000    -0.0000000000000000
297.0    -0.0000000000000000    -0.0000000000000000    -0.0000000000000000    -0.0000000000000000    -0.0000000000000000
299.0    -0.0000000000000000    -0.0000000000000000    -0.0000000000000000    -0.0000000000000000    -0.0000000000000000
301.0    -0.0000000000000000    -0.0000000000000000    -0.0000000000000000    -0.0000000000000000    -0.0000000000000000
303.0    -0.0000000000000000    -0.0000000000000000    -0.0000000000000000    -0.0000000000000000    -0.0000000000000000
305.0    -0.0000000000000000    -0.0000000000000000    -0.0000000000000000    -0.0000000000000000    -0.0000000000000000
307.0    -0.0000000000000000    -0.0000000000000000    -0.0000000000000000    -0.0000000000000000    -0.0000000000000000
309.0    -0.0000000000000000    -0.0000000000000000    -0.0000000000000000    -0.0000000000000000    -0.0000000000000000
311.0    -0.0000000000000000    -0.0000000000000000    -0.0000000000000000    -0.0000000000000000    -0.0000000000000000
313.0    -0.0000000000000000    -0.0000000000000000    -0.0000000000000000    -0.0000000000000000    -0.0000000000000000
315.0    -0.0000000000000000    -0.0000000000000000    -0.0000000000000000    -0.0000000000000000    -0.0000000000000000
317.0    -0.0000000000000000    -0.0000000000000000    -0.0000000000000000    -0.0000000000000000    -0.0000000000000000
319.0    -0.0000000000000000    -0.0000000000000000    -0.0000000000000000    -0.0000000000000000    -0.0000000000000000
321.0    -0.0000000000000000    -0.0000000000000000    -0.0000000000000000    -0.0000000000000000    -0.0000000000000000
323.0    -0.0000000000000000    -0.0000000000000000    -0.0000000000000000    -0.0000000000000000    -0.0000000000000000
325.0    -0.0000000000000000    -0.0000000000000000    -0.0000000000000000    -0.0000000000000000    -0.0000000000000000
327.0    -0.0000000000000000    -0.0000000000000000    -0.0000000000000000    -0.0000000000000000    -0.0000000000000000
329.0    -0.0000000000000000    -0.0000000000000000    -0.0000000000000000    -0.0000000000000000    -0.0000000000000000
331.0    -0.0000000000000000    -0.0000000000000000    -0.0000000000000000    -0.0000000000000000    -0.0000000000000000
333.0    -0.0000000000000000    -0.0000000000000000    -0.0000000000000000    -0.0000000000000000    -0.0000000000000000
335.0    -0.0000000000000000    -0.0000000000000000    -0.0000000000000000    -0.0000000000000000    -0.0000000000000000
337.0    -0.0000000000000000    -0.0000000000000000    -0.0000000000000000    -0.0000000000000000    -0.0000000000000000
339.0    -0.0000000000000000    -0.0000000000000000    -0.0000000000000000    -0.0000000000000000    -0.0000000000000000
341.0    -0.0000000000000000    -0.0000000000000000    -0.0000000000000000    -0.0000000000000000    -0.0000000000000000
343.0    -0.0000000000000000    -0.0000000000000000    -0.0000000000000000    -0.0000000000000000    -0.0000000000000000
345.0    -0.0000000000000000    -0.0000000000000000    -0.0000000000000000    -0.0000000000000000    -0.0000000000000000
347.0    -0.0000000000000000    -0.0000000000000000    -0.0000000000000000    -0.0000000000000000    -0.0000000000000000
349.0    -0.0000000000000000    -0.0000000000000000    -0.0000000000000000    -0.0000000000000000    -0.0000000000000000
351.0    -0.0000000000000000    -0.0000000000000000    -0.0000000000000000    -0.0000000000000000    -0.0000000000000000
353.0    -0.0000000000000000    -0.0000000000000000    -0.0000000000000000    -0.0000000000000000    -0.0000000000000000
355.0    -0.0000000000000000    -0.0000000000000000    -0.0000000000000000    -0.0000000000000000    -0.0000000000000000
357.0    -0.0000000000000000    -0.0000000000000000    -0.0000000000000000    -0.0000000000000000    -0.0000000000000000
359.0    -0.0000000000000000    -0.0000000000000000    -0.0000000000000000    -0.0000000000000000    -0.0000000000000000
361.0    -0.0000000000000000    -0.0000000000000000    -0.0000000000000000    -0.0000000000000000    -0.0000000000000000
363.0    -0.0000000000000000    -0.0000000000000000    -0.0000000000000000    -0.0000000000000000    -0.0000000000000000
365.0    0.0000000000000000    -0.0000000000000000    -0.0000000000000000    0.0000000000000000    -0.0000000000000000
367.0    0.0000000000000000    0.0000000000000000    -0.0000000000000000    0.0000000000000000    -0.0000000000000000
369.0    0.0000000000000000    0.0000000000000000    0.0000000000000000    0.0000000000000000    0.0000000000000000
371.0    0.0000000000000000    0.0000000000000000    0.0000000000000000    0.0000000000000000    0.0000000000000000
373.0    0.0000000000000000    0.0000000000000000    0.0000000000000000    0.0000000000000000    0.0000000000000000
375.0    0.0000000000000000    0.0000000000000000    0.0000000000000000    0.0000000000000000    0.0000000000000000
377.0    0.0000000000000000    0.0000000000000000    0.0000000000000000    0.0000000000000000    0.0000000000000000
379.0    0.0000000000000000    0.0000000000000000    0.0000000000000000    0.0000000000000000    0.0000000000000000
381.0    0.0000000000000000    0.0000000000000000    0.0000000000000000    0.0000000000000000    0.0000000000000000
383.0    0.0000000000000000    0.0000000000000000    0.0000000000000000    0.0000000000000000    0.0000000000000000
385.0    0.0000000000000000    0.0000000000000000    0.0000000000000000    0.0000000000000000    0.0000000000000000
387.0    0.0000000000000000    0.0000000000000000    0.0000000000000000    0.0000000000000000    0.0000000000000000
389.0    0.0000000000000000    0.0000000000000000    0.0000000000000000    0.0000000000000000    0.0000000000000000
391.0    0.0000000000000000    0.0000000000000000    0.0000000000000000    0.0000000000000000    0.0000000000000000
393.0    0.0000000000000000    0.0000000000000000    0.0000000000000000    0.0000000000000000    0.0000000000000000
395.0    0.0000000000000000    0.0000000000000000    0.0000000000000000    0.0000000000000000    0.0000000000000000
397.0    0.0000000000000000    0.0000000000000000    0.0000000000000000    0.0000000000000000    0.0000000000000000
399.0    0.0000000000000000    0.0000000000000000    0.0000000000000000    0.0000000000000000    0.0000000000000000
401.0    0.0000000000000000    0.0000000000000000    0.0000000000000000    0.0000000000000000    0.0000000000000000
403.0    0.0000000000000000    0.0000000000000000    0.0000000000000000    0.0000000000000000    0.0000000000000000
405.0    0.0000000000000000    0.0000000000000000    0.0000000000000000    0.0000000000000000    0.0000000000000000
407.0    0.0000000000000000    0.0000000000000000    0.0000000000000000    0.0000000000000000    0.0000000000000000
409.0    0.0000000000000000    0.0000000000000000    0.0000000000000000    0.0000000000000000    0.0000000000000000
411.0    0.0000000000000000    0.0000000000000000    0.0000000000000000    0.0000000000000000    0.0000000000000000
413.0    0.0000000000000000    0.0000000000000000    0.0000000000000000    0.0000000000000000    0.0000000000000000
415.0    0.0000000000000000    0.0000000000000000    0.0000000000000000    0.0000000000000000    0.0000000000000000
417.0    0.0000000000000000    0.0000000000000000    0.0000000000000000    0.0000000000000000    0.0000000000000000
419.0    0.0000000000000000    0.0000000000000000    0.0000000000000000    0.0000000000000000    0.0000000000000000
421.0    0.0000000000000000    0.0000000000000000    0.0000000000000000    0.0000000000000000    0.0000000000000000
423.0    0.0000000000000000    0.0000000000000000    0.0000000000000000    0.0000000000000000    0.0000000000000000
425.0    0.0000000000000000    0.0000000000000000    0.0000000000000000    0.0000000000000000    0.0000000000000000
427.0    0.0000000000000000    0.0000000000000000    0.0000000000000000    0.0000000000000000    0.0000000000000000
429.0    0.0000000000000000    0.0000000000000000    0.0000000000000000    0.0000000000000000    0.0000000000000000
431.0    0.0000000000000000    0.0000000000000000    0.0000000000000000    0.0000000000000000    0.0000000000000000
433.0    0.0000000000000000    0.0000000000000000    0.0000000000000000    0.0000000000000000    0.0000000000000000
435.0    0.0000000000000000    0.0000000000000000    0.0000000000000000    0.0000000000000000    0.0000000000000000
437.0    0.0000000000000000    0.0000000000000000    0.0000000000000000    0.0000000000000000    0.0000000000000000
439.0    0.0000000000000000    0.0000000000000000    0.0000000000000000    0.0000000000000000    0.0000000000000000
441.0    0.0000000000000000    0.0000000000000000    0.0000000000000000    0.0000000000000000    0.0000000000000000
443.0    0.0000000000000000    0.0000000000000000    0.0000000000000000    0.0000000000000000    0.0000000000000000
445.0    0.0000000000000000    0.0000000000000000    0.0000000000000000    0.0000000000000000    0.0000000000000000
447.0    0.0000000000000000    0.0000000000000000    0.0000000000000000    0.0000000000000000    0.0000000000000000
449.0    0.0000000000000000    0.0000000000000000    0.0000000000000000    0.0000000000000000    0.0000000000000000
451.0    0.0000000000000000    0.0000000000000000    0.0000000000000000    0.0000000000000000    0.0000000000000000
453.0    0.0000000000000000    0.0000000000000000    0.0000000000000000    0.0000000000000000    0.0000000000000000
455.0    0.0000000000000000    0.0000000000000000    0.0000000000000000    0.0000000000000000    0.0000000000000000
457.0    0.0000000000000000    0.0000000000000000    0.0000000000000000    0.0000000000000000    0.0000000000000000
459.0    0.0000000000000000    0.0000000000000000    0.0000000000000000    0.0000000000000000    0.0000000000000000
461.0    0.0000000000000000    0.0000000000000000    0.0000000000000000    0.0000000000000000    0.0000000000000000
463.0    0.0000000000000000    0.0000000000000000    0.0000000000000000    0.0000000000000000    0.0000000000000000
465.0    0.0000000000000000    0.0000000000000000    0.0000000000000000    0.0000000000000000    0.0000000000000000
467.0    0.0000000000000000    0.0000000000000000    0.0000000000000000    0.0000000000000000    0.0000000000000000
469.0    0.0000000000000000    0.0000000000000000    0.0000000000000000    0.0000000000000000    0.0000000000000000
471.0    0.0000000000000000    0.0000000000000000    0.0000000000000000    0.0000000000000000    0.0000000000000000
473.0    0.0000000000000000    0.0000000000000000    0.0000000000000000    0.0000000000000000    0.0000000000000000
475.0    0.0000000000000000    0.0000000000000000    0.0000000000000000    0.0000000000000000    0.0000000000000000
477.0    0.0000000000000000    0.0000000000000000    0.0000000000000000    0.0000000000000000    0.0000000000000000
479.0    0.0000000000000000    0.0000000000000000    0.0000000000000000    0.0000000000000000    0.0000000000000000
481.0    0.0000000000000000    0.0000000000000000    0.0000000000000000    0.0000000000000000    0.0000000000000000
483.0    0.0000000000000000    0.0000000000000000    0.0000000000000000    0.0000000000000000    0.0000000000000000
485.0    0.0000000000000000    0.0000000000000000    0.0000000000000000    0.0000000000000000    0.0000000000000000
487.0    0.0000000000000000    0.0000000000000000    0.0000000000000000    0.0000000000000000    0.0000000000000000
489.0    0.0000000000000000    0.0000000000000000    0.0000000000000000    0.0000000000000000    0.0000000000000000
491.0    0.0000000000000000    0.0000000000000000    0.0000000000000000    0.0000000000000000    0.0000000000000000
493.0    0.0000000000000000    0.0000000000000000    0.0000000000000000    0.0000000000000000    0.0000000000000000
495.0    0.0000000000000000    0.0000000000000000    0.0000000000000000    0.0000000000000000    0.0000000000000000
497.0    0.0000000000000000    0.0000000000000000    0.0000000000000000    0.0000000000000000    0.0000000000000000
499.0    0.0000000000000000    0.0000000000000000    0.0000000000000000    0.0000000000000000    0.0000000000000000
501.0    0.0000000000000000    0.0000000000000000    0.0000000000000000    0.0000000000000000    0.0000000000000000
503.0    0.0000000000000000    0.0000000000000000    0.0000000000000000    0.0000000000000000    0.0000000000000000
505.0    0.0000000000000000    0.0000000000000000    0.0000000000000000    0.0000000000000000    0.0000000000000000
507.0    0.0000000000000000    0.0000000000000000    0.0000000000000000    0.0000000000000000    0.0000000000000000
509.0    0.0000000000000000    0.0000000000000000    0.0000000000000000    0.0000000000000000    0.0000000000000000
511.0    0.0000000000000000    0.0000000000000000    0.0000000000000000    0.0000000000000000    0.0000000000000000
513.0    0.0000000000000000    0.0000000000000000    0.0000000000000000    0.0000000000000000    0.0000000000000000
515.0    0.0000000000000000    0.0000000000000000    0.0000000000000000    0.0000000000000000    0.0000000000000000
517.0    0.0000000000000000    0.0000000000000000    0.0000000000000000    0.0000000000000000    0.0000000000000000
519.0    0.0000000000000000    0.0000000000000000    0.0000000000000000    0.0000000000000000    0.0000000000000000
521.0    0.0000000000000000    0.0000000000000000    0.0000000000000000    0.0000000000000000    0.0000000000000000
523.0    0.0000000000000000    0.0000000000000000    0.0000000000000000    0.0000000000000001    0.0000000000000000
525.0    0.0000000000000001    0.0000000000000000    0.0000000000000001    0.0000000000000001    0.0000000000000001
527.0    0.0000000000000001    0.0000000000000001    0.0000000000000001    0.0000000000000001    0.0000000000000001
529.0    0.0000000000000001    0.0000000000000001    0.0000000000000001    0.0000000000000001    0.0000000000000001
531.0    0.0000000000000001    0.0000000000000001    0.0000000000000001    0.0000000000000001    0.0000000000000001
533.0    0.0000000000000001    0.0000000000000001    0.0000000000000001    0.0000000000000001    0.0000000000000001
535.0    0.0000000000000001    0.0000000000000001    0.0000000000000001    0.0000000000000001    0.0000000000000001
537.0    0.0000000000000001    0.0000000000000001    0.0000000000000001    0.0000000000000001    0.0000000000000001
539.0    0.0000000000000001    0.0000000000000001    0.0000000000000001    0.0000000000000001    0.0000000000000001
541.0    0.0000000000000001    0.0000000000000001    0.0000000000000001    0.0000000000000001    0.0000000000000001
543.0    0.0000000000000001    0.0000000000000001    0.0000000000000001    0.0000000000000001    0.0000000000000001
545.0    0.0000000000000001    0.0000000000000001    0.0000000000000001    0.0000000000000001    0.0000000000000001
547.0    0.0000000000000001    0.0000000000000001    0.0000000000000001    0.0000000000000001    0.0000000000000001
549.0    0.0000000000000002    0.0000000000000001    0.0000000000000001    0.0000000000000002    0.0000000000000001
551.0    0.0000000000000002    0.0000000000000002    0.0000000000000002    0.0000000000000002    0.0000000000000002
553.0    0.0000000000000002    0.0000000000000002    0.0000000000000002    0.0000000000000002    0.0000000000000002
555.0    0.0000000000000002    0.0000000000000002    0.0000000000000002    0.0000000000000002    0.0000000000000002
557.0    0.0000000000000002    0.0000000000000002    0.0000000000000002    0.0000000000000002    0.0000000000000002
559.0    0.0000000000000002    0.0000000000000002    0.0000000000000002    0.0000000000000002    0.0000000000000002
561.0    0.0000000000000002    0.0000000000000002    0.0000000000000002    0.0000000000000002    0.0000000000000002
563.0    0.0000000000000002    0.0000000000000002    0.0000000000000002    0.0000000000000002    0.0000000000000002
565.0    0.0000000000000002    0.0000000000000002    0.0000000000000002    0.0000000000000002    0.0000000000000002
567.0    0.0000000000000002    0.0000000000000002    0.0000000000000002    0.0000000000000003    0.0000000000000002
569.0    0.0000000000000003    0.0000000000000003    0.0000000000000002    0.0000000000000003    0.0000000000000003
571.0    0.0000000000000003    0.0000000000000003    0.0000000000000003    0.0000000000000003    0.0000000000000003
573.0    0.0000000000000003    0.0000000000000003    0.0000000000000003    0.0000000000000003    0.0000000000000003
575.0    0.0000000000000003    0.0000000000000003    0.0000000000000003    0.0000000000000003    0.0000000000000003
577.0    0.0000000000000003    0.0000000000000003    0.0000000000000003    0.0000000000000003    0.0000000000000003
579.0    0.0000000000000003    0.0000000000000003    0.0000000000000003    0.0000000000000003    0.0000000000000003
581.0    0.0000000000000003    0.0000000000000003    0.0000000000000003    0.0000000000000003    0.0000000000000003
583.0    0.0000000000000003    0.0000000000000003    0.0000000000000003    0.0000000000000003    0.0000000000000003
585.0    0.0000000000000003    0.0000000000000003    0.0000000000000003    0.0000000000000003    0.0000000000000003
587.0    0.0000000000000003    0.0000000000000003    0.0000000000000003    0.0000000000000003    0.0000000000000003
589.0    0.0000000000000003    0.0000000000000003    0.0000000000000003    0.0000000000000003    0.0000000000000003
591.0    0.0000000000000003    0.0000000000000004    0.0000000000000003    0.0000000000000003    0.0000000000000003
593.0    0.0000000000000003    0.0000000000000004    0.0000000000000003    0.0000000000000004    0.0000000000000003
595.0    0.0000000000000004    0.0000000000000004    0.0000000000000003    0.0000000000000004    0.0000000000000004
597.0    0.0000000000000004    0.0000000000000004    0.0000000000000004    0.0000000000000004    0.0000000000000004
599.0    0.0000000000000004    0.0000000000000004    0.0000000000000004    0.0000000000000004    0.0000000000000004
601.0    0.0000000000000004    0.0000000000000004    0.0000000000000004    0.0000000000000004    0.0000000000000004
603.0    0.0000000000000004    0.0000000000000004    0.0000000000000004    0.0000000000000004    0.0000000000000004
605.0    0.0000000000000004    0.0000000000000004    0.0000000000000004    0.0000000000000004    0.0000000000000004
607.0    0.0000000000000004    0.0000000000000004    0.0000000000000004    0.0000000000000004    0.0000000000000004
609.0    0.0000000000000004    0.0000000000000004    0.0000000000000004    0.0000000000000004    0.0000000000000004
611.0    0.0000000000000004    0.0000000000000004    0.0000000000000004    0.0000000000000004    0.0000000000000004
613.0    0.0000000000000004    0.0000000000000004    0.0000000000000004    0.0000000000000004    0.0000000000000004
615.0    0.0000000000000004    0.0000000000000004    0.0000000000000004    0.0000000000000004    0.0000000000000004
617.0    0.0000000000000004    0.0000000000000004    0.0000000000000004    0.0000000000000004    0.0000000000000004
619.0    0.0000000000000004    0.0000000000000004    0.0000000000000004    0.0000000000000004    0.0000000000000004
621.0    0.0000000000000004    0.0000000000000004    0.0000000000000004    0.0000000000000004    0.0000000000000004
623.0    0.0000000000000004    0.0000000000000004    0.0000000000000004    0.0000000000000003    0.0000000000000004
625.0    0.0000000000000003    0.0000000000000003    0.0000000000000004    0.0000000000000003    0.0000000000000003
627.0    0.0000000000000003    0.0000000000000003    0.0000000000000003    0.0000000000000003    0.0000000000000003
629.0    0.0000000000000003    0.0000000000000003    0.0000000000000003    0.0000000000000003    0.0000000000000003
631.0    0.0000000000000003    0.0000000000000003    0.0000000000000003    0.0000000000000003    0.0000000000000003
633.0    0.0000000000000003    0.0000000000000003    0.0000000000000003    0.0000000000000003    0.0000000000000003
635.0    0.0000000000000003    0.0000000000000003    0.0000000000000003    0.0000000000000003    0.0000000000000003
637.0    0.0000000000000003    0.0000000000000003    0.0000000000000003    0.0000000000000003    0.0000000000000003
639.0    0.0000000000000003    0.0000000000000003    0.0000000000000003    0.0000000000000003    0.0000000000000003
641.0    0.0000000000000003    0.0000000000000003    0.0000000000000003    0.0000000000000003    0.0000000000000003
643.0    0.0000000000000003    0.0000000000000003    0.0000000000000003    0.0000000000000003    0.0000000000000003
645.0    0.0000000000000003    0.0000000000000003    0.0000000000000003    0.0000000000000003    0.0000000000000003
647.0    0.0000000000000003    0.0000000000000003    0.0000000000000003    0.0000000000000003    0.0000000000000003
649.0    0.0000000000000003    0.0000000000000003    0.0000000000000003    0.0000000000000003    0.0000000000000003
651.0    0.0000000000000003    0.0000000000000003    0.0000000000000003    0.0000000000000003    0.0000000000000003
653.0    0.0000000000000003    0.0000000000000003    0.0000000000000003    0.0000000000000003    0.0000000000000003
655.0    0.0000000000000003    0.0000000000000003    0.0000000000000003    0.0000000000000003    0.0000000000000003
657.0    0.0000000000000003    0.0000000000000003    0.0000000000000003    0.0000000000000003    0.0000000000000003
659.0    0.0000000000000003    0.0000000000000003    0.0000000000000003    0.0000000000000003    0.0000000000000003
661.0    0.0000000000000003    0.0000000000000003    0.0000000000000003    0.0000000000000003    0.0000000000000003
663.0    0.0000000000000003    0.0000000000000003    0.0000000000000003    0.0000000000000003    0.0000000000000003
665.0    0.0000000000000003    0.0000000000000003    0.0000000000000003    0.0000000000000003    0.0000000000000003
667.0    0.0000000000000004    0.0000000000000004    0.0000000000000003    0.0000000000000004    0.0000000000000004
669.0    0.0000000000000004    0.0000000000000004    0.0000000000000003    0.0000000000000004    0.0000000000000004
671.0    0.0000000000000004    0.0000000000000004    0.0000000000000004    0.0000000000000004    0.0000000000000004
673.0    0.0000000000000004    0.0000000000000004    0.0000000000000004    0.0000000000000004    0.0000000000000004
675.0    0.0000000000000004    0.0000000000000004    0.0000000000000004    0.0000000000000004    0.0000000000000004
677.0    0.0000000000000004    0.0000000000000004    0.0000000000000004    0.0000000000000004    0.0000000000000004
679.0    0.0000000000000004    0.0000000000000004    0.0000000000000004    0.0000000000000004    0.0000000000000004
681.0    0.0000000000000004    0.0000000000000004    0.0000000000000004    0.0000000000000004    0.0000000000000004
683.0    0.0000000000000004    0.0000000000000004    0.0000000000000004    0.0000000000000004    0.0000000000000004
685.0    0.0000000000000004    0.0000000000000004    0.0000000000000004    0.0000000000000004    0.0000000000000004
687.0    0.0000000000000004    0.0000000000000004    0.0000000000000004    0.0000000000000004    0.0000000000000004
689.0    0.0000000000000004    0.0000000000000004    0.0000000000000004    0.0000000000000004    0.0000000000000004
691.0    0.0000000000000004    0.0000000000000004    0.0000000000000004    0.0000000000000004    0.0000000000000004
693.0    0.0000000000000004    0.0000000000000004    0.0000000000000004    0.0000000000000004    0.0000000000000004
695.0    0.0000000000000004    0.0000000000000004    0.0000000000000004    0.0000000000000004    0.0000000000000004
697.0    0.0000000000000004    0.0000000000000004    0.0000000000000004    0.0000000000000003    0.0000000000000004
699.0    0.0000000000000003    0.0000000000000004    0.0000000000000004    0.0000000000000003    0.0000000000000004
701.0    0.0000000000000003    0.0000000000000004    0.0000000000000003    0.0000000000000003    0.0000000000000003
703.0    0.0000000000000003    0.0000000000000004    0.0000000000000003    0.0000000000000003    0.0000000000000003
705.0    0.0000000000000003    0.0000000000000003    0.0000000000000003    0.0000000000000003    0.0000000000000003
707.0    0.0000000000000003    0.0000000000000003    0.0000000000000003    0.0000000000000003    0.0000000000000003
709.0    0.0000000000000003    0.0000000000000003    0.0000000000000003    0.0000000000000003    0.0000000000000003
711.0    0.0000000000000003    0.0000000000000003    0.0000000000000003    0.0000000000000003    0.0000000000000003
713.0    0.0000000000000003    0.0000000000000003    0.0000000000000003    0.0000000000000003    0.0000000000000003
715.0    0.0000000000000003    0.0000000000000003    0.0000000000000003    0.0000000000000003    0.0000000000000003
717.0    0.0000000000000003    0.0000000000000003    0.0000000000000003    0.0000000000000003    0.0000000000000003
719.0    0.0000000000000003    0.0000000000000003    0.0000000000000003    0.0000000000000003    0.0000000000000003
721.0    0.0000000000000003    0.0000000000000003    0.0000000000000003    0.0000000000000003    0.0000000000000003
723.0    0.0000000000000003    0.0000000000000003    0.0000000000000003    0.0000000000000002    0.0000000000000003
725.0    0.0000000000000002    0.0000000000000002    0.0000000000000003    0.0000000000000002    0.0000000000000002
727.0    0.0000000000000002    0.0000000000000002    0.0000000000000002    0.0000000000000002    0.0000000000000002
729.0    0.0000000000000002    0.0000000000000002    0.0000000000000002    0.0000000000000002    0.0000000000000002
731.0    0.0000000000000002    0.0000000000000002    0.0000000000000002    0.0000000000000002    0.0000000000000002
733.0    0.0000000000000002    0.0000000000000002    0.0000000000000002    0.0000000000000002    0.0000000000000002
735.0    0.0000000000000002    0.0000000000000002    0.0000000000000002    0.0000000000000002    0.0000000000000002
737.0    0.0000000000000002    0.0000000000000002    0.0000000000000002    0.0000000000000002    0.0000000000000002
739.0    0.0000000000000002    0.0000000000000002    0.0000000000000002    0.0000000000000002    0.0000000000000002
741.0    0.0000000000000002    0.0000000000000002    0.0000000000000002    0.0000000000000001    0.0000000000000002
743.0    0.0000000000000001    0.0000000000000001    0.0000000000000002    0.0000000000000001    0.0000000000000002
745.0    0.0000000000000001    0.0000000000000001    0.0000000000000002    0.0000000000000001    0.0000000000000001
747.0    0.0000000000000001    0.0000000000000001    0.0000000000000001    0.0000000000000001    0.0000000000000001
749.0    0.0000000000000001    0.0000000000000001    0.0000000000000001    0.0000000000000001    0.0000000000000001
751.0    0.0000000000000001    0.0000000000000001    0.0000000000000001    0.0000000000000001    0.0000000000000001
753.0    0.0000000000000001    0.0000000000000001    0.0000000000000001    0.0000000000000001    0.0000000000000001
755.0    0.0000000000000001    0.0000000000000001    0.0000000000000001    0.0000000000000001    0.0000000000000001
757.0    0.0000000000000001    0.0000000000000001    0.0000000000000001    0.0000000000000001    0.0000000000000001
759.0    0.0000000000000001    0.0000000000000001    0.0000000000000001    0.0000000000000001    0.0000000000000001
761.0    0.0000000000000001    0.0000000000000001    0.0000000000000001    0.0000000000000001    0.0000000000000001
763.0    0.0000000000000001    0.0000000000000001    0.0000000000000001    0.0000000000000001    0.0000000000000001
765.0    0.0000000000000001    0.0000000000000001    0.0000000000000001    0.0000000000000001    0.0000000000000001
767.0    0.0000000000000001    0.0000000000000001    0.0000000000000001    0.0000000000000001    0.0000000000000001
769.0    0.0000000000000001    0.0000000000000000    0.0000000000000001    0.0000000000000000    0.0000000000000001
771.0    0.0000000000000000    0.0000000000000000    0.0000000000000001    0.0000000000000000    0.0000000000000000
773.0    0.0000000000000000    0.0000000000000000    0.0000000000000000    0.0000000000000000    0.0000000000000000
775.0    0.0000000000000000    0.0000000000000000    0.0000000000000000    0.0000000000000000    0.0000000000000000
777.0    0.0000000000000000    0.0000000000000000    0.0000000000000000    0.0000000000000000    0.0000000000000000
779.0    0.0000000000000000    0.0000000000000000    0.0000000000000000    0.0000000000000000    0.0000000000000000
781.0    0.0000000000000000    0.0000000000000000    0.0000000000000000    0.0000000000000000    0.0000000000000000
783.0    0.0000000000000000    0.0000000000000000    0.0000000000000000    0.0000000000000000    0.0000000000000000
785.0    0.0000000000000000    0.0000000000000000    0.0000000000000000    0.0000000000000000    0.0000000000000000
787.0    0.0000000000000000    0.0000000000000000    0.0000000000000000    0.0000000000000000    0.0000000000000000
789.0    0.0000000000000000    0.0000000000000000    0.0000000000000000    0.0000000000000000    0.0000000000000000
791.0    0.0000000000000000    0.0000000000000000    0.0000000000000000    0.0000000000000000    0.0000000000000000
793.0    0.0000000000000000    0.0000000000000000    0.0000000000000000    0.0000000000000000    0.0000000000000000
795.0    0.0000000000000000    0.0000000000000000    0.0000000000000000    0.0000000000000000    0.0000000000000000
797.0    0.0000000000000000    0.0000000000000000    0.0000000000000000    0.0000000000000000    0.0000000000000000
799.0    0.0000000000000000    0.0000000000000000    0.0000000000000000    0.0000000000000000    0.0000000000000000
801.0    0.0000000000000000    0.0000000000000000    0.0000000000000000    0.0000000000000000    0.0000000000000000
803.0    0.0000000000000000    0.0000000000000000    0.0000000000000000    0.0000000000000000    0.0000000000000000
805.0    0.0000000000000000    0.0000000000000000    0.0000000000000000    0.0000000000000000    0.0000000000000000
807.0    0.0000000000000000    0.0000000000000000    0.0000000000000000    0.0000000000000000    0.0000000000000000
809.0    0.0000000000000000    0.0000000000000000    0.0000000000000000    0.0000000000000000    0.0000000000000000
811.0    0.0000000000000000    0.0000000000000000    0.0000000000000000    0.0000000000000000    0.0000000000000000
813.0    0.0000000000000000    0.0000000000000000    0.0000000000000000    0.0000000000000000    0.0000000000000000
815.0    0.0000000000000000    0.0000000000000000    0.0000000000000000    0.0000000000000000    0.0000000000000000
817.0    0.0000000000000000    0.0000000000000000    0.0000000000000000    0.0000000000000000    0.0000000000000000
819.0    0.0000000000000000    0.0000000000000000    0.0000000000000000    0.0000000000000000    0.0000000000000000
821.0    0.0000000000000000    0.0000000000000000    0.0000000000000000    0.0000000000000000    0.0000000000000000
823.0    0.0000000000000000    0.0000000000000000    0.0000000000000000    0.0000000000000000    0.0000000000000000
825.0    0.0000000000000000    0.0000000000000000    0.0000000000000000    0.0000000000000000    0.0000000000000000
827.0    0.0000000000000000    0.0000000000000000    0.0000000000000000    0.0000000000000000    0.0000000000000000
829.0    0.0000000000000000    0.0000000000000000    0.0000000000000000    0.0000000000000000    0.0000000000000000
831.0    0.0000000000000000    0.0000000000000000    0.0000000000000000    0.0000000000000000    0.0000000000000000
833.0    0.0000000000000000    0.0000000000000000    0.0000000000000000    0.0000000000000000    0.0000000000000000
835.0    0.0000000000000000    0.0000000000000000    0.0000000000000000    0.0000000000000000    0.0000000000000000
837.0    0.0000000000000000    0.0000000000000000    0.0000000000000000    0.0000000000000000    0.0000000000000000
839.0    0.0000000000000000    0.0000000000000000    0.0000000000000000    0.0000000000000000    0.0000000000000000
841.0    0.0000000000000000    0.0000000000000000    0.0000000000000000    0.0000000000000000    0.0000000000000000
843.0    0.0000000000000000    0.0000000000000000    0.0000000000000000    0.0000000000000000    0.0000000000000000
845.0    0.0000000000000000    0.0000000000000000    0.0000000000000000    0.0000000000000000    0.0000000000000000
847.0    0.0000000000000000    0.0000000000000000    0.0000000000000000    0.0000000000000000    0.0000000000000000
849.0    0.0000000000000000    0.0000000000000000    0.0000000000000000    0.0000000000000000    0.0000000000000000
851.0    0.0000000000000000    0.0000000000000000    0.0000000000000000    0.0000000000000000    0.0000000000000000
853.0    0.0000000000000000    0.0000000000000000    0.0000000000000000    0.0000000000000000    0.0000000000000000
855.0    0.0000000000000000    0.0000000000000000    0.0000000000000000    0.0000000000000000    0.0000000000000000
857.0    0.0000000000000000    0.0000000000000000    0.0000000000000000    0.0000000000000000    0.0000000000000000
859.0    0.0000000000000000    0.0000000000000000    0.0000000000000000    0.0000000000000000    0.0000000000000000
861.0    0.0000000000000000    0.0000000000000000    0.0000000000000000    0.0000000000000000    0.0000000000000000
863.0    0.0000000000000000    0.0000000000000000    0.0000000000000000    0.0000000000000000    0.0000000000000000
865.0    0.0000000000000000    0.0000000000000000    0.0000000000000000    0.0000000000000000    0.0000000000000000
867.0    0.0000000000000000    0.0000000000000000    0.0000000000000000    0.0000000000000000    0.0000000000000000
869.0    0.0000000000000000    0.0000000000000000    0.0000000000000000    0.0000000000000000    0.0000000000000000
871.0    0.0000000000000000    0.0000000000000000    0.0000000000000000    0.0000000000000000    0.0000000000000000
873.0    0.0000000000000000    0.0000000000000000    0.0000000000000000    0.0000000000000000    0.0000000000000000
875.0    0.0000000000000000    0.0000000000000000    0.0000000000000000    0.0000000000000000    0.0000000000000000
877.0    0.0000000000000000    0.0000000000000000    0.0000000000000000    0.0000000000000000    0.0000000000000000
879.0    0.0000000000000000    0.0000000000000000    0.0000000000000000    0.0000000000000000    0.0000000000000000
881.0    0.0000000000000000    0.0000000000000000    0.0000000000000000    0.0000000000000000    0.0000000000000000
883.0    0.0000000000000000    0.0000000000000000    0.0000000000000000    0.0000000000000000    0.0000000000000000
885.0    0.0000000000000000    0.0000000000000000    0.0000000000000000    0.0000000000000000    0.0000000000000000
887.0    0.0000000000000000    0.0000000000000000    0.0000000000000000    0.0000000000000000    0.0000000000000000
889.0    0.0000000000000000    0.0000000000000000    0.0000000000000000    0.0000000000000000    0.0000000000000000
891.0    0.0000000000000000    0.0000000000000000    0.0000000000000000    0.0000000000000000    0.0000000000000000
893.0    0.0000000000000000    0.0000000000000000    0.0000000000000000    0.0000000000000000    0.0000000000000000
895.0    0.0000000000000000    0.0000000000000000    0.0000000000000000    0.0000000000000000    0.0000000000000000
897.0    0.0000000000000000    0.0000000000000000    0.0000000000000000    0.0000000000000000    0.0000000000000000
899.0    0.0000000000000000    0.0000000000000000    0.0000000000000000    0.0000000000000000    0.0000000000000000
901.0    0.0000000000000000    0.0000000000000000    0.0000000000000000    0.0000000000000000    0.0000000000000000
903.0    0.0000000000000000    0.0000000000000000    0.0000000000000000    0.0000000000000000    0.0000000000000000
905.0    0.0000000000000000    0.0000000000000000    0.0000000000000000    0.0000000000000000    0.0000000000000000
907.0    0.0000000000000000    0.0000000000000000    0.0000000000000000    0.0000000000000000    0.0000000000000000
909.0    0.0000000000000000    0.0000000000000000    0.0000000000000000    0.0000000000000000    0.0000000000000000
911.0    0.0000000000000000    0.0000000000000000    0.0000000000000000    0.0000000000000000    0.0000000000000000
913.0    0.0000000000000000    0.0000000000000000    0.0000000000000000    0.0000000000000000    0.0000000000000000
915.0    0.0000000000000000    0.0000000000000000    0.0000000000000000    0.0000000000000000    0.0000000000000000
917.0    0.0000000000000000    0.0000000000000000    0.0000000000000000    0.0000000000000000    0.0000000000000000
919.0    0.0000000000000000    0.0000000000000000    0.0000000000000000    0.0000000000000000    0.0000000000000000
921.0    0.0000000000000000    0.0000000000000000    0.0000000000000000    0.0000000000000000    0.0000000000000000
923.0    0.0000000000000000    0.0000000000000000    0.0000000000000000    0.0000000000000000    0.0000000000000000
925.0    0.0000000000000000    0.0000000000000000    0.0000000000000000    0.0000000000000000    0.0000000000000000
927.0    0.0000000000000000    0.0000000000000000    0.0000000000000000    0.0000000000000000    0.0000000000000000
929.0    0.0000000000000000    0.0000000000000000    0.0000000000000000    0.0000000000000000    0.0000000000000000
931.0    0.0000000000000000    0.0000000000000000    0.0000000000000000    0.0000000000000000    0.0000000000000000
933.0    0.0000000000000000    0.0000000000000000    0.0000000000000000    0.0000000000000000    0.0000000000000000
935.0    0.0000000000000000    0.0000000000000000    0.0000000000000000    0.0000000000000000    0.0000000000000000
937.0    0.0000000000000000    0.0000000000000000    0.0000000000000000    0.0000000000000000    0.0000000000000000
939.0    0.0000000000000000    0.0000000000000000    0.0000000000000000    0.0000000000000000    0.0000000000000000
941.0    0.0000000000000000    0.0000000000000000    0.0000000000000000    0.0000000000000000    0.0000000000000000
943.0    0.0000000000000000    0.0000000000000000    0.0000000000000000    0.0000000000000000    0.0000000000000000
945.0    0.0000000000000000    0.0000000000000000    0.0000000000000000    0.0000000000000000    0.0000000000000000
947.0    0.0000000000000000    0.0000000000000000    0.0000000000000000    0.0000000000000000    0.0000000000000000
949.0    0.0000000000000000    0.0000000000000000    0.0000000000000000    0.0000000000000000    0.0000000000000000
951.0    0.0000000000000000    0.0000000000000000    0.0000000000000000    0.0000000000000000    0.0000000000000000
953.0    0.0000000000000000    0.0000000000000000    0.0000000000000000    0.0000000000000000    0.0000000000000000
955.0    0.0000000000000000    0.0000000000000000    0.0000000000000000    0.0000000000000000    0.0000000000000000
957.0    0.0000000000000000    0.0000000000000000    0.0000000000000000    0.0000000000000000    0.0000000000000000
959.0    0.0000000000000000    0.0000000000000000    0.0000000000000000    0.0000000000000000    0.0000000000000000
961.0    0.0000000000000000    0.0000000000000000    0.0000000000000000    0.0000000000000000    0.0000000000000000
963.0    0.0000000000000000    0.0000000000000000    0.0000000000000000    0.0000000000000000    0.0000000000000000
965.0    0.0000000000000000    0.0000000000000000    0.0000000000000000    0.0000000000000000    0.0000000000000000
967.0    0.0000000000000000    0.0000000000000000    0.0000000000000000    0.0000000000000000    0.0000000000000000
969.0    0.0000000000000000    0.0000000000000000    0.0000000000000000    0.0000000000000000    0.0000000000000000
971.0    0.0000000000000000    0.0000000000000000    0.0000000000000000    0.0000000000000000    0.0000000000000000
973.0    0.0000000000000000    0.0000000000000000    0.0000000000000000    0.0000000000000000    0.0000000000000000
975.0    0.0000000000000000    0.0000000000000000    0.0000000000000000    0.0000000000000000    0.0000000000000000
977.0    0.0000000000000000    0.0000000000000000    0.0000000000000000    0.0000000000000000    0.0000000000000000
979.0    0.0000000000000000    0.0000000000000000    0.0000000000000000    0.0000000000000000    0.0000000000000000
981.0    0.0000000000000000    0.0000000000000000    0.0000000000000000    0.0000000000000000    0.0000000000000000
983.0    0.0000000000000000    0.0000000000000000    0.0000000000000000    0.0000000000000000    0.0000000000000000
985.0    0.0000000000000000    0.0000000000000000    0.0000000000000000    0.0000000000000000    0.0000000000000000
987.0    0.0000000000000000    0.0000000000000000    0.0000000000000000    0.0000000000000000    0.0000000000000000
989.0    0.0000000000000000    0.0000000000000000    0.0000000000000000    0.0000000000000000    0.0000000000000000
991.0    0.0000000000000000    0.0000000000000000    0.0000000000000000    0.0000000000000000    0.0000000000000000
993.0    0.0000000000000000    0.0000000000000000    0.0000000000000000    0.0000000000000000    0.0000000000000000
995.0    0.0000000000000000    0.0000000000000000    0.0000000000000000    0.0000000000000000    0.0000000000000000
997.0    0.0000000000000000    0.0000000000000000    0.0000000000000000    0.0000000000000000    0.0000000000000000
999.0    0.0000000000000000    0.0000000000000000    0.0000000000000000    0.0000000000000000    0.0000000000000000
1001.0    0.0000000000000000    0.0000000000000000    0.0000000000000000    0.0000000000000000    0.0000000000000000
1003.0    0.0000000000000000    0.0000000000000000    0.0000000000000000    0.0000000000000000    0.0000000000000000
1005.0    0.0000000000000000    0.0000000000000000    0.0000000000000000    0.0000000000000000    0.0000000000000000
1007.0    0.0000000000000000    0.0000000000000000    0.0000000000000000    0.0000000000000000    0.0000000000000000
1009.0    0.0000000000000000    0.0000000000000000    0.0000000000000000    0.0000000000000000    0.0000000000000000
1011.0    0.0000000000000000    0.0000000000000000    0.0000000000000000    0.0000000000000000    0.0000000000000000
1013.0    0.0000000000000000    0.0000000000000000    0.0000000000000000    0.0000000000000000    0.0000000000000000
1015.0    0.0000000000000000    0.0000000000000000    0.0000000000000000    0.0000000000000000    0.0000000000000000
1017.0    0.0000000000000000    0.0000000000000000    0.0000000000000000    0.0000000000000000    0.0000000000000000
1019.0    0.0000000000000000    0.0000000000000000    0.0000000000000000    0.0000000000000000    0.0000000000000000
1021.0    0.0000000000000000    0.0000000000000000    0.0000000000000000    0.0000000000000000    0.0000000000000000
1023.0    0.0000000000000000    0.0000000000000000    0.0000000000000000    0.0000000000000000    0.0000000000000000
1025.0    0.0000000000000000    0.0000000000000000    0.0000000000000000    0.0000000000000000    0.0000000000000000
1027.0    0.0000000000000000    0.0000000000000000    0.0000000000000000    0.0000000000000000    0.0000000000000000
1029.0    0.0000000000000000    0.0000000000000000    0.0000000000000000    0.0000000000000000    0.0000000000000000
1031.0    0.0000000000000000    0.0000000000000000    0.0000000000000000    0.0000000000000000    0.0000000000000000
1033.0    0.0000000000000000    0.0000000000000000    0.0000000000000000    0.0000000000000000    0.0000000000000000
1035.0    0.0000000000000000    0.0000000000000000    0.0000000000000000    0.0000000000000000    0.0000000000000000
1037.0    0.0000000000000000    0.0000000000000000    0.0000000000000000    0.0000000000000000    0.0000000000000000
1039.0    0.0000000000000000    0.0000000000000000    0.0000000000000000    0.0000000000000000    0.0000000000000000
1041.0    0.0000000000000000    0.0000000000000000    0.0000000000000000    0.0000000000000000    0.0000000000000000
1043.0    0.0000000000000000    0.0000000000000000    0.0000000000000000    0.0000000000000000    0.0000000000000000
1045.0    0.0000000000000000    0.0000000000000000    0.0000000000000000    0.0000000000000000    0.0000000000000000
1047.0    0.0000000000000000    0.0000000000000000    0.0000000000000000    0.0000000000000000    0.0000000000000000
1049.0    0.0000000000000000    0.0000000000000000    0.0000000000000000    0.0000000000000000    0.0000000000000000
1051.0    0.0000000000000000    0.0000000000000000    0.0000000000000000    0.0000000000000000    0.0000000000000000
1053.0    0.0000000000000000    0.0000000000000000    0.0000000000000000    0.0000000000000000    0.0000000000000000
1055.0    0.0000000000000000    0.0000000000000000    0.0000000000000000    0.0000000000000000    0.0000000000000000
1057.0    0.0000000000000000    0.0000000000000000    0.0000000000000000    0.0000000000000000    0.0000000000000000
1059.0    0.0000000000000000    0.0000000000000000    0.0000000000000000    0.0000000000000000    0.0000000000000000
1061.0    0.0000000000000000    0.0000000000000000    0.0000000000000000    0.0000000000000000    0.0000000000000000
1063.0    0.0000000000000000    0.0000000000000000    0.0000000000000000    0.0000000000000000    0.0000000000000000
1065.0    0.0000000000000000    0.0000000000000000    0.0000000000000000    0.0000000000000000    0.0000000000000000
1067.0    0.0000000000000000    0.0000000000000000    0.0000000000000000    0.0000000000000000    0.0000000000000000
1069.0    0.0000000000000000    0.0000000000000000    0.0000000000000000    0.0000000000000000    0.0000000000000000
1071.0    0.0000000000000000    0.0000000000000000    0.0000000000000000    0.0000000000000000    0.0000000000000000
1073.0    0.0000000000000000    0.0000000000000000    0.0000000000000000    0.0000000000000000    0.0000000000000000
1075.0    0.0000000000000000    0.0000000000000000    0.0000000000000000    0.0000000000000000    0.0000000000000000
1077.0    0.0000000000000000    0.0000000000000000    0.0000000000000000    0.0000000000000000    0.0000000000000000
1079.0    0.0000000000000000    0.0000000000000000    0.0000000000000000    0.0000000000000000    0.0000000000000000
1081.0    0.0000000000000000    0.0000000000000000    0.0000000000000000    0.0000000000000000    0.0000000000000000
1083.0    0.0000000000000000    0.0000000000000000    0.0000000000000000    0.0000000000000000    0.0000000000000000
1085.0    0.0000000000000000    0.0000000000000000    0.0000000000000000    0.0000000000000000    0.0000000000000000
1087.0    0.0000000000000000    0.0000000000000000    0.0000000000000000    0.0000000000000000    0.0000000000000000
1089.0    0.0000000000000000    0.0000000000000000    0.0000000000000000    0.0000000000000000    0.0000000000000000
1091.0    0.0000000000000000    0.0000000000000000    0.0000000000000000    0.0000000000000000    0.0000000000000000
1093.0    0.0000000000000000    0.0000000000000000    0.0000000000000000    0.0000000000000000    0.0000000000000000
1095.0    0.0000000000000000    0.0000000000000000    0.0000000000000000    0.0000000000000000    0.0000000000000000
1097.0    0.0000000000000000    0.0000000000000000    0.0000000000000000    0.0000000000000000    0.0000000000000000
1099.0    0.0000000000000000    0.0000000000000000    0.0000000000000000    0.0000000000000000    0.0000000000000000
1101.0    0.0000000000000000    0.0000000000000000    0.0000000000000000    0.0000000000000000    0.0000000000000000
1103.0    0.0000000000000000    0.0000000000000000    0.0000000000000000    0.0000000000000000    0.0000000000000000
1105.0    0.0000000000000000    0.0000000000000000    0.0000000000000000    0.0000000000000000    0.0000000000000000
1107.0    0.0000000000000000    0.0000000000000000    0.0000000000000000    0.0000000000000000    0.0000000000000000
1109.0    0.0000000000000000    0.0000000000000000    0.0000000000000000    0.0000000000000000    0.0000000000000000
1111.0    0.0000000000000000    0.0000000000000000    0.0000000000000000    0.0000000000000000    0.0000000000000000
1113.0    0.0000000000000000    0.0000000000000000    0.0000000000000000    0.0000000000000000    0.0000000000000000
1115.0    0.0000000000000000    0.0000000000000000    0.0000000000000000    0.0000000000000000    0.0000000000000000
1117.0    0.0000000000000000    0.0000000000000000    0.0000000000000000    0.0000000000000000    0.0000000000000000
1119.0    0.0000000000000000    0.0000000000000000    0.0000000000000000    0.0000000000000000    0.0000000000000000
1121.0    0.0000000000000000    0.0000000000000000    0.0000000000000000    0.0000000000000000    0.0000000000000000
1123.0    0.0000000000000000    0.0000000000000000    0.0000000000000000    0.0000000000000000    0.0000000000000000
1125.0    0.0000000000000000    0.0000000000000000    0.0000000000000000    0.0000000000000000    0.0000000000000000
1127.0    0.0000000000000000    0.0000000000000000    0.0000000000000000    0.0000000000000000    0.0000000000000000
1129.0    0.0000000000000000    0.0000000000000000    0.0000000000000000    0.0000000000000000    0.0000000000000000
1131.0    0.0000000000000000    0.0000000000000000    0.0000000000000000    0.0000000000000000    0.0000000000000000
1133.0    0.0000000000000000    0.0000000000000000    0.0000000000000000    0.0000000000000000    0.0000000000000000
1135.0    0.0000000000000000    0.0000000000000000    0.0000000000000000    0.0000000000000000    0.0000000000000000
1137.0    0.0000000000000000    0.0000000000000000    0.0000000000000000    0.0000000000000000    0.0000000000000000
1139.0    0.0000000000000000    0.0000000000000000    0.0000000000000000    0.0000000000000000    0.0000000000000000
1141.0    0.0000000000000000    0.0000000000000000    0.0000000000000000    0.0000000000000000    0.0000000000000000
1143.0    0.0000000000000000    0.0000000000000000    0.0000000000000000    0.0000000000000000    0.0000000000000000
1145.0    0.0000000000000000    0.0000000000000000    0.0000000000000000    0.0000000000000000    0.0000000000000000
1147.0    0.0000000000000000    0.0000000000000000    0.0000000000000000    0.0000000000000000    0.0000000000000000
1149.0    0.0000000000000000    0.0000000000000000    0.0000000000000000    0.0000000000000000    0.0000000000000000
1151.0    0.0000000000000000    0.0000000000000000    0.0000000000000000    0.0000000000000000    0.0000000000000000
1153.0    0.0000000000000000    0.0000000000000000    0.0000000000000000    0.0000000000000000    0.0000000000000000
1155.0    0.0000000000000000    0.0000000000000000    0.0000000000000000    0.0000000000000000    0.0000000000000000
1157.0    0.0000000000000000    0.0000000000000000    0.0000000000000000    0.0000000000000000    0.0000000000000000
1159.0    0.0000000000000000    0.0000000000000000    0.0000000000000000    0.0000000000000000    0.0000000000000000
1161.0    0.0000000000000000    0.0000000000000000    0.0000000000000000    0.0000000000000000    0.0000000000000000
1163.0    0.0000000000000000    0.0000000000000000    0.0000000000000000    0.0000000000000000    0.0000000000000000
1165.0    0.0000000000000000    0.0000000000000000    0.0000000000000000    0.0000000000000000    0.0000000000000000
1167.0    0.0000000000000000    0.0000000000000000    0.0000000000000000    0.0000000000000000    0.0000000000000000
1169.0    0.0000000000000000    0.0000000000000000    0.0000000000000000    0.0000000000000000    0.0000000000000000
1171.0    0.0000000000000000    0.0000000000000000    0.0000000000000000    0.0000000000000000    0.0000000000000000
1173.0    0.0000000000000000    0.0000000000000000    0.0000000000000000    0.0000000000000000    0.0000000000000000
1175.0    0.0000000000000000    0.0000000000000000    0.0000000000000000    0.0000000000000000    0.0000000000000000
1177.0    0.0000000000000000    0.0000000000000000    0.0000000000000000    0.0000000000000001    0.0000000000000000
1179.0    0.0000000000000000    0.0000000000000000    0.0000000000000000    0.0000000000000001    0.0000000000000000
1181.0    0.0000000000000000    0.0000000000000000    0.0000000000000000    0.0000000000000001    0.0000000000000000
1183.0    0.0000000000000000    0.0000000000000000    0.0000000000000000    0.0000000000000001    0.0000000000000000
1185.0    0.0000000000000001    0.0000000000000000    0.0000000000000000    0.0000000000000001    0.0000000000000000
1187.0    0.0000000000000001    0.0000000000000000    0.0000000000000000    0.0000000000000001    0.0000000000000000
1189.0    0.0000000000000001    0.0000000000000000    0.0000000000000000    0.0000000000000001    0.0000000000000000
1191.0    0.0000000000000001    0.0000000000000000    0.0000000000000000    0.0000000000000001    0.0000000000000000
1193.0    0.0000000000000001    0.0000000000000000    0.0000000000000001    0.0000000000000002    0.0000000000000000
1195.0    0.0000000000000001    0.0000000000000000    0.0000000000000001    0.0000000000000002    0.0000000000000000
1197.0    0.0000000000000001    0.0000000000000000    0.0000000000000001    0.0000000000000002    0.0000000000000000
1199.0    0.0000000000000002    0.0000000000000001    0.0000000000000001    0.0000000000000003    0.0000000000000001
1201.0    0.0000000000000002    0.0000000000000001    0.0000000000000001    0.0000000000000003    0.0000000000000001
1203.0    0.0000000000000002    0.0000000000000001    0.0000000000000001    0.0000000000000003    0.0000000000000001
1205.0    0.0000000000000002    0.0000000000000001    0.0000000000000001    0.0000000000000004    0.0000000000000001
1207.0    0.0000000000000003    0.0000000000000001    0.0000000000000002    0.0000000000000005    0.0000000000000001
1209.0    0.0000000000000003    0.0000000000000001    0.0000000000000002    0.0000000000000005    0.0000000000000001
1211.0    0.0000000000000004    0.0000000000000001    0.0000000000000002    0.0000000000000006    0.0000000000000001
1213.0    0.0000000000000004    0.0000000000000002    0.0000000000000003    0.0000000000000007    0.0000000000000002
1215.0    0.0000000000000005    0.0000000000000002    0.0000000000000003    0.0000000000000008    0.0000000000000002
1217.0    0.0000000000000006    0.0000000000000002    0.0000000000000003    0.0000000000000009    0.0000000000000002
1219.0    0.0000000000000006    0.0000000000000002    0.0000000000000004    0.0000000000000010    0.0000000000000002
1221.0    0.0000000000000007    0.0000000000000003    0.0000000000000004    0.0000000000000011    0.0000000000000003
1223.0    0.0000000000000008    0.0000000000000003    0.0000000000000005    0.0000000000000013    0.0000000000000003
1225.0    0.0000000000000009    0.0000000000000004    0.0000000000000006    0.0000000000000015    0.0000000000000004
1227.0    0.0000000000000011    0.0000000000000004    0.0000000000000007    0.0000000000000017    0.0000000000000004
1229.0    0.0000000000000012    0.0000000000000005    0.0000000000000008    0.0000000000000019    0.0000000000000005
1231.0    0.0000000000000014    0.0000000000000006    0.0000000000000009    0.0000000000000021    0.0000000000000006
1233.0    0.0000000000000016    0.0000000000000007    0.0000000000000010    0.0000000000000024    0.0000000000000007
1235.0    0.0000000000000018    0.0000000000000008    0.0000000000000011    0.0000000000000027    0.0000000000000008
1237.0    0.0000000000000020    0.0000000000000009    0.0000000000000013    0.0000000000000031    0.0000000000000009
1239.0    0.0000000000000023    0.0000000000000010    0.0000000000000015    0.0000000000000035    0.0000000000000010
1241.0    0.0000000000000026    0.0000000000000012    0.0000000000000017    0.0000000000000039    0.0000000000000011
1243.0    0.0000000000000030    0.0000000000000013    0.0000000000000019    0.0000000000000044    0.0000000000000013
1245.0    0.0000000000000034    0.0000000000000015    0.0000000000000022    0.0000000000000050    0.0000000000000015
1247.0    0.0000000000000038    0.0000000000000017    0.0000000000000025    0.0000000000000056    0.0000000000000017
1249.0    0.0000000000000043    0.0000000000000020    0.0000000000000028    0.0000000000000063    0.0000000000000020
1251.0    0.0000000000000048    0.0000000000000023    0.0000000000000031    0.0000000000000070    0.0000000000000022
1253.0    0.0000000000000054    0.0000000000000026    0.0000000000000036    0.0000000000000079    0.0000000000000025
1255.0    0.0000000000000061    0.0000000000000029    0.0000000000000040    0.0000000000000088    0.0000000000000029
1257.0    0.0000000000000068    0.0000000000000034    0.0000000000000045    0.0000000000000098    0.0000000000000033
1259.0    0.0000000000000076    0.0000000000000038    0.0000000000000051    0.0000000000000110    0.0000000000000038
1261.0    0.0000000000000086    0.0000000000000043    0.0000000000000058    0.0000000000000122    0.0000000000000043
1263.0    0.0000000000000096    0.0000000000000049    0.0000000000000065    0.0000000000000137    0.0000000000000048
1265.0    0.0000000000000107    0.0000000000000055    0.0000000000000072    0.0000000000000152    0.0000000000000054
1267.0    0.0000000000000120    0.0000000000000063    0.0000000000000081    0.0000000000000169    0.0000000000000062
1269.0    0.0000000000000134    0.0000000000000071    0.0000000000000092    0.0000000000000188    0.0000000000000070
1271.0    0.0000000000000149    0.0000000000000080    0.0000000000000102    0.0000000000000208    0.0000000000000079
1273.0    0.0000000000000166    0.0000000000000090    0.0000000000000114    0.0000000000000231    0.0000000000000089
1275.0    0.0000000000000185    0.0000000000000101    0.0000000000000128    0.0000000000000257    0.0000000000000099
1277.0    0.0000000000000206    0.0000000000000114    0.0000000000000143    0.0000000000000283    0.0000000000000112
1279.0    0.0000000000000229    0.0000000000000128    0.0000000000000159    0.0000000000000314    0.0000000000000126
1281.0    0.0000000000000253    0.0000000000000143    0.0000000000000177    0.0000000000000347    0.0000000000000141
1283.0    0.0000000000000280    0.0000000000000161    0.0000000000000197    0.0000000000000382    0.0000000000000158
1285.0    0.0000000000000311    0.0000000000000180    0.0000000000000220    0.0000000000000422    0.0000000000000176
1287.0    0.0000000000000344    0.0000000000000201    0.0000000000000244    0.0000000000000466    0.0000000000000197
1289.0    0.0000000000000381    0.0000000000000224    0.0000000000000270    0.0000000000000511    0.0000000000000221
1291.0    0.0000000000000419    0.0000000000000250    0.0000000000000300    0.0000000000000563    0.0000000000000247
1293.0    0.0000000000000462    0.0000000000000279    0.0000000000000333    0.0000000000000620    0.0000000000000275
1295.0    0.0000000000000510    0.0000000000000311    0.0000000000000367    0.0000000000000678    0.0000000000000306
1297.0    0.0000000000000561    0.0000000000000345    0.0000000000000405    0.0000000000000745    0.0000000000000339
1299.0    0.0000000000000618    0.0000000000000383    0.0000000000000448    0.0000000000000817    0.0000000000000377
1301.0    0.0000000000000679    0.0000000000000426    0.0000000000000495    0.0000000000000892    0.0000000000000419
1303.0    0.0000000000000746    0.0000000000000473    0.0000000000000545    0.0000000000000976    0.0000000000000465
1305.0    0.0000000000000816    0.0000000000000524    0.0000000000000599    0.0000000000001068    0.0000000000000513
1307.0    0.0000000000000894    0.0000000000000578    0.0000000000000660    0.0000000000001163    0.0000000000000566
1309.0    0.0000000000000979    0.0000000000000637    0.0000000000000726    0.0000000000001265    0.0000000000000626
1311.0    0.0000000000001072    0.0000000000000705    0.0000000000000796    0.0000000000001380    0.0000000000000692
1313.0    0.0000000000001171    0.0000000000000778    0.0000000000000871    0.0000000000001504    0.0000000000000764
1315.0    0.0000000000001274    0.0000000000000858    0.0000000000000956    0.0000000000001631    0.0000000000000839
1317.0    0.0000000000001391    0.0000000000000942    0.0000000000001048    0.0000000000001774    0.0000000000000921
1319.0    0.0000000000001516    0.0000000000001033    0.0000000000001144    0.0000000000001928    0.0000000000001014
1321.0    0.0000000000001650    0.0000000000001136    0.0000000000001247    0.0000000000002086    0.0000000000001114
1323.0    0.0000000000001795    0.0000000000001247    0.0000000000001363    0.0000000000002263    0.0000000000001224
1325.0    0.0000000000001951    0.0000000000001368    0.0000000000001489    0.0000000000002452    0.0000000000001342
1327.0    0.0000000000002119    0.0000000000001494    0.0000000000001619    0.0000000000002646    0.0000000000001465
1329.0    0.0000000000002291    0.0000000000001630    0.0000000000001759    0.0000000000002863    0.0000000000001598
1331.0    0.0000000000002483    0.0000000000001783    0.0000000000001915    0.0000000000003094    0.0000000000001747
1333.0    0.0000000000002689    0.0000000000001948    0.0000000000002084    0.0000000000003330    0.0000000000001908
1335.0    0.0000000000002909    0.0000000000002125    0.0000000000002257    0.0000000000003592    0.0000000000002082
1337.0    0.0000000000003144    0.0000000000002309    0.0000000000002442    0.0000000000003872    0.0000000000002261
1339.0    0.0000000000003384    0.0000000000002506    0.0000000000002650    0.0000000000004156    0.0000000000002454
1341.0    0.0000000000003651    0.0000000000002726    0.0000000000002862    0.0000000000004472    0.0000000000002669
1343.0    0.0000000000003935    0.0000000000002963    0.0000000000003089    0.0000000000004807    0.0000000000002900
1345.0    0.0000000000004238    0.0000000000003216    0.0000000000003341    0.0000000000005147    0.0000000000003148
1347.0    0.0000000000004559    0.0000000000003477    0.0000000000003611    0.0000000000005523    0.0000000000003414
1349.0    0.0000000000004886    0.0000000000003755    0.0000000000003886    0.0000000000005921    0.0000000000003686
1351.0    0.0000000000005248    0.0000000000004064    0.0000000000004179    0.0000000000006323    0.0000000000003976
1353.0    0.0000000000005630    0.0000000000004393    0.0000000000004504    0.0000000000006747    0.0000000000004298
1355.0    0.0000000000006036    0.0000000000004745    0.0000000000004850    0.0000000000007215    0.0000000000004642
1357.0    0.0000000000006465    0.0000000000005104    0.0000000000005201    0.0000000000007709    0.0000000000005008
1359.0    0.0000000000006918    0.0000000000005486    0.0000000000005573    0.0000000000008205    0.0000000000005381
1361.0    0.0000000000007396    0.0000000000005907    0.0000000000005983    0.0000000000008752    0.0000000000005776
1363.0    0.0000000000007880    0.0000000000006354    0.0000000000006418    0.0000000000009326    0.0000000000006213
1365.0    0.0000000000008410    0.0000000000006828    0.0000000000006859    0.0000000000009903    0.0000000000006677
1367.0    0.0000000000008968    0.0000000000007310    0.0000000000007324    0.0000000000010535    0.0000000000007168
1369.0    0.0000000000009555    0.0000000000007819    0.0000000000007835    0.0000000000011198    0.0000000000007666
1371.0    0.0000000000010171    0.0000000000008377    0.0000000000008374    0.0000000000011861    0.0000000000008190
1373.0    0.0000000000010791    0.0000000000008967    0.0000000000008918    0.0000000000012587    0.0000000000008767
1375.0    0.0000000000011468    0.0000000000009588    0.0000000000009489    0.0000000000013345    0.0000000000009376
1377.0    0.0000000000012176    0.0000000000010217    0.0000000000010115    0.0000000000014102    0.0000000000010017
1379.0    0.0000000000012917    0.0000000000010877    0.0000000000010773    0.0000000000014928    0.0000000000010691
1381.0    0.0000000000013692    0.0000000000011598    0.0000000000011434    0.0000000000015788    0.0000000000011370
1383.0    0.0000000000014468    0.0000000000012355    0.0000000000012125    0.0000000000016645    0.0000000000012081
1385.0    0.0000000000015311    0.0000000000013148    0.0000000000012880    0.0000000000017576    0.0000000000012858
1387.0    0.0000000000016189    0.0000000000013946    0.0000000000013670    0.0000000000018544    0.0000000000013673
1389.0    0.0000000000017103    0.0000000000014780    0.0000000000014460    0.0000000000019505    0.0000000000014525
1391.0    0.0000000000018054    0.0000000000015686    0.0000000000015283    0.0000000000020548    0.0000000000015378
1393.0    0.0000000000019043    0.0000000000016632    0.0000000000016179    0.0000000000021628    0.0000000000016267
1395.0    0.0000000000020069    0.0000000000017618    0.0000000000017112    0.0000000000022697    0.0000000000017234
1397.0    0.0000000000021090    0.0000000000018604    0.0000000000018042    0.0000000000023802    0.0000000000018242
1399.0    0.0000000000022191    0.0000000000019630    0.0000000000019009    0.0000000000024996    0.0000000000019291
1401.0    0.0000000000023332    0.0000000000020738    0.0000000000020055    0.0000000000026229    0.0000000000020335
1403.0    0.0000000000024511    0.0000000000021888    0.0000000000021141    0.0000000000027446    0.0000000000021419
1405.0    0.0000000000025730    0.0000000000023035    0.0000000000022220    0.0000000000028756    0.0000000000022591
1407.0    0.0000000000026937    0.0000000000024222    0.0000000000023336    0.0000000000030106    0.0000000000023806
1409.0    0.0000000000028234    0.0000000000025499    0.0000000000024540    0.0000000000031435    0.0000000000025064
1411.0    0.0000000000029569    0.0000000000026820    0.0000000000025785    0.0000000000032862    0.0000000000026365
1413.0    0.0000000000030945    0.0000000000028184    0.0000000000027017    0.0000000000034328    0.0000000000027653
1415.0    0.0000000000032360    0.0000000000029537    0.0000000000028287    0.0000000000035767    0.0000000000028981
1417.0    0.0000000000033814    0.0000000000030931    0.0000000000029652    0.0000000000037310    0.0000000000030410
1419.0    0.0000000000035307    0.0000000000032423    0.0000000000031058    0.0000000000038890    0.0000000000031881
1421.0    0.0000000000036777    0.0000000000033958    0.0000000000032444    0.0000000000040437    0.0000000000033395
1423.0    0.0000000000038345    0.0000000000035535    0.0000000000033868    0.0000000000042091    0.0000000000034886
1425.0    0.0000000000039951    0.0000000000037092    0.0000000000035393    0.0000000000043781    0.0000000000036417
1427.0    0.0000000000041595    0.0000000000038688    0.0000000000036958    0.0000000000045431    0.0000000000038055
1429.0    0.0000000000043275    0.0000000000040388    0.0000000000038494    0.0000000000047191    0.0000000000039733
1431.0    0.0000000000044922    0.0000000000042128    0.0000000000040068    0.0000000000048985    0.0000000000041453
1433.0    0.0000000000046672    0.0000000000043909    0.0000000000041747    0.0000000000050732    0.0000000000043138
1435.0    0.0000000000048456    0.0000000000045657    0.0000000000043464    0.0000000000052591    0.0000000000044859
1437.0    0.0000000000050274    0.0000000000047441    0.0000000000045144    0.0000000000054482    0.0000000000046693
1439.0    0.0000000000052125    0.0000000000049332    0.0000000000046859    0.0000000000056319    0.0000000000048563
1441.0    0.0000000000053931    0.0000000000051259    0.0000000000048682    0.0000000000058268    0.0000000000050470
1443.0    0.0000000000055843    0.0000000000053221    0.0000000000050540    0.0000000000060246    0.0000000000052412
1445.0    0.0000000000057784    0.0000000000055138    0.0000000000052352    0.0000000000062163    0.0000000000054304
1447.0    0.0000000000059754    0.0000000000057086    0.0000000000054194    0.0000000000064104    0.0000000000056227
1449.0    0.0000000000061751    0.0000000000059142    0.0000000000056147    0.0000000000066158    0.0000000000058264
1451.0    0.0000000000063775    0.0000000000061228    0.0000000000058131    0.0000000000068235    0.0000000000060330
1453.0    0.0000000000065822    0.0000000000063341    0.0000000000060059    0.0000000000070243    0.0000000000062426
1455.0    0.0000000000067811    0.0000000000065398    0.0000000000062013    0.0000000000072363    0.0000000000064459
1457.0    0.0000000000069903    0.0000000000067478    0.0000000000064078    0.0000000000074502    0.0000000000066516
1459.0    0.0000000000072017    0.0000000000069664    0.0000000000066168    0.0000000000076565    0.0000000000068685
1461.0    0.0000000000074150    0.0000000000071872    0.0000000000068194    0.0000000000078738    0.0000000000070878
1463.0    0.0000000000076301    0.0000000000074100    0.0000000000070240    0.0000000000080927    0.0000000000073091
1465.0    0.0000000000078381    0.0000000000076260    0.0000000000072396    0.0000000000083034    0.0000000000075229
1467.0    0.0000000000080564    0.0000000000078436    0.0000000000074572    0.0000000000085249    0.0000000000077384
1469.0    0.0000000000082759    0.0000000000080713    0.0000000000076674    0.0000000000087476    0.0000000000079648
1471.0    0.0000000000084968    0.0000000000083004    0.0000000000078791    0.0000000000089614    0.0000000000081926
1473.0    0.0000000000087187    0.0000000000085306    0.0000000000081015    0.0000000000091859    0.0000000000084217
1475.0    0.0000000000089416    0.0000000000087529    0.0000000000083253    0.0000000000094110    0.0000000000086519
1477.0    0.0000000000091653    0.0000000000089761    0.0000000000085409    0.0000000000096269    0.0000000000088733
1479.0    0.0000000000093807    0.0000000000092088    0.0000000000087575    0.0000000000098530    0.0000000000090954
1481.0    0.0000000000096056    0.0000000000094420    0.0000000000089844    0.0000000000100795    0.0000000000093278
1483.0    0.0000000000098308    0.0000000000096755    0.0000000000092121    0.0000000000102963    0.0000000000095606
1485.0    0.0000000000100564    0.0000000000099003    0.0000000000094309    0.0000000000105229    0.0000000000097937
