9.0    0.0000000000000000    0.0000000000000000    0.0000000000000000    0.0000000000000000    0.0000000000000000
11.0    0.0000000000000000    0.0000000000000000    0.0000000000000000    0.0000000000000000    0.0000000000000000
13.0    0.0000000000000000    0.0000000000000000    0.0000000000000000    0.0000000000000000    0.0000000000000000
15.0    0.0000000000000000    0.0000000000000000    0.0000000000000000    0.0000000000000000    0.0000000000000000
17.0    0.0000000000000000    0.0000000000000000    0.0000000000000000    0.0000000000000000    0.0000000000000000
19.0    0.0000000000000000    0.0000000000000000    0.0000000000000000    0.0000000000000000    0.0000000000000000
21.0    0.0000000000000000    0.0000000000000000    0.0000000000000000    0.0000000000000000    0.0000000000000000
23.0    0.0000000000000000    0.0000000000000000    0.0000000000000000    0.0000000000000000    0.0000000000000000
25.0    0.0000000000000000    0.0000000000000000    0.0000000000000000    0.0000000000000000    0.0000000000000000
27.0    0.0000000000000000    0.0000000000000000    0.0000000000000000    0.0000000000000000    0.0000000000000000
29.0    0.0000000000000000    0.0000000000000000    0.0000000000000000    0.0000000000000000    0.0000000000000000
31.0    0.0000000000000000    0.0000000000000000    0.0000000000000000    0.0000000000000000    0.0000000000000000
33.0    0.0000000000000000    0.0000000000000000    0.0000000000000000    0.0000000000000000    0.0000000000000000
35.0    0.0000000000000000    0.0000000000000000    0.0000000000000000    0.0000000000000000    0.0000000000000000
37.0    0.0000000000000000    0.0000000000000000    0.0000000000000000    0.0000000000000000    0.0000000000000000
39.0    0.0000000000000000    0.0000000000000000    0.0000000000000000    0.0000000000000000    0.0000000000000000
41.0    0.0000000000000000    0.0000000000000000    0.0000000000000000    0.0000000000000000    0.0000000000000000
43.0    0.0000000000000000    0.0000000000000000    0.0000000000000000    0.0000000000000000    0.0000000000000000
45.0    0.0000000000000000    0.0000000000000000    0.0000000000000000    0.0000000000000000    0.0000000000000000
47.0    0.0000000000000000    0.0000000000000000    0.0000000000000000    0.0000000000000000    0.0000000000000000
49.0    0.0000000000000000    0.0000000000000000    0.0000000000000000    0.0000000000000000    0.0000000000000000
51.0    0.0000000000000000    0.0000000000000000    0.0000000000000000    0.0000000000000000    0.0000000000000000
53.0    0.0000000000000000    0.0000000000000000    0.0000000000000000    0.0000000000000000    0.0000000000000000
55.0    0.0000000000000000    0.0000000000000000    0.0000000000000000    0.0000000000000000    0.0000000000000000
57.0    0.0000000000000000    0.0000000000000000    0.0000000000000000    0.0000000000000000    0.0000000000000000
59.0    0.0000000000000000    0.0000000000000000    0.0000000000000000    0.0000000000000000    0.0000000000000000
61.0    0.0000000000000000    0.0000000000000000    0.0000000000000000    0.0000000000000000    0.0000000000000000
63.0    0.0000000000000000    0.0000000000000000    0.0000000000000000    0.0000000000000000    0.0000000000000000
65.0    0.0000000000000000    0.0000000000000000    0.0000000000000000    0.0000000000000000    0.0000000000000000
67.0    0.0000000000000000    0.0000000000000000    0.0000000000000000    0.0000000000000000    0.0000000000000000
69.0    0.0000000000000000    0.0000000000000000    0.0000000000000000    0.0000000000000000    0.0000000000000000
71.0    0.0000000000000000    0.0000000000000000    0.0000000000000000    0.0000000000000000    0.0000000000000000
73.0    0.0000000000000000    0.0000000000000000    0.0000000000000000    0.0000000000000000    0.0000000000000000
75.0    0.0000000000000000    0.0000000000000000    0.0000000000000000    0.0000000000000000    0.0000000000000000
77.0    0.0000000000000000    0.0000000000000000    0.0000000000000000    0.0000000000000000    0.0000000000000000
79.0    0.0000000000000000    0.0000000000000000    0.0000000000000000    0.0000000000000000    0.0000000000000000
81.0    0.0000000000000000    0.0000000000000000    0.0000000000000000    0.0000000000000000    0.0000000000000000
83.0    0.0000000000000000    0.0000000000000000    0.0000000000000000    0.0000000000000000    0.0000000000000000
85.0    0.0000000000000000    0.0000000000000000    0.0000000000000000    0.0000000000000000    0.0000000000000000
87.0    0.0000000000000000    0.0000000000000000    0.0000000000000000    0.0000000000000000    0.0000000000000000
89.0    0.0000000000000000    0.0000000000000000    0.0000000000000000    0.0000000000000000    0.0000000000000000
91.0    0.0000000000000000    0.0000000000000000    0.0000000000000000    0.0000000000000000    0.0000000000000000
93.0    0.0000000000000000    0.0000000000000000    0.0000000000000000    0.0000000000000000    0.0000000000000000
95.0    0.0000000000000000    0.0000000000000000    0.0000000000000000    0.0000000000000000    0.0000000000000000
97.0    0.0000000000000000    0.0000000000000000    0.0000000000000000    0.0000000000000000    0.0000000000000000
99.0    0.0000000000000000    0.0000000000000000    0.0000000000000000    0.0000000000000000    0.0000000000000000
101.0    0.0000000000000000    0.0000000000000000    0.0000000000000000    0.0000000000000000    0.0000000000000000
103.0    0.0000000000000000    0.0000000000000000    0.0000000000000000    0.0000000000000000    0.0000000000000000
105.0    0.0000000000000000    0.0000000000000000    0.0000000000000000    0.0000000000000000    0.0000000000000000
107.0    0.0000000000000000    0.0000000000000000    0.0000000000000000    0.0000000000000000    0.0000000000000000
109.0    0.0000000000000000    0.0000000000000000    0.0000000000000000    0.0000000000000000    0.0000000000000000
111.0    0.0000000000000000    0.0000000000000000    0.0000000000000000    0.0000000000000000    0.0000000000000000
113.0    0.0000000000000000    0.0000000000000000    0.0000000000000000    0.0000000000000000    0.0000000000000000
115.0    0.0000000000000000    0.0000000000000000    0.0000000000000000    0.0000000000000000    0.0000000000000000
117.0    0.0000000000000000    0.0000000000000000    0.0000000000000000    0.0000000000000000    0.0000000000000000
119.0    0.0000000000000000    0.0000000000000000    0.0000000000000000    0.0000000000000000    0.0000000000000000
121.0    0.0000000000000000    0.0000000000000000    0.0000000000000000    0.0000000000000000    0.0000000000000000
123.0    0.0000000000000000    0.0000000000000000    0.0000000000000000    0.0000000000000000    0.0000000000000000
125.0    0.0000000000000000    0.0000000000000000    0.0000000000000000    0.0000000000000000    0.0000000000000000
127.0    0.0000000000000000    0.0000000000000000    0.0000000000000000    0.0000000000000000    0.0000000000000000
129.0    0.0000000000000000    0.0000000000000000    0.0000000000000000    0.0000000000000000    0.0000000000000000
131.0    0.0000000000000000    0.0000000000000000    0.0000000000000000    0.0000000000000000    0.0000000000000000
133.0    0.0000000000000000    0.0000000000000000    0.0000000000000000    0.0000000000000000    0.0000000000000000
135.0    0.0000000000000000    0.0000000000000000    0.0000000000000001    0.0000000000000000    0.0000000000000001
137.0    0.0000000000000001    0.0000000000000000    0.0000000000000001    0.0000000000000001    0.0000000000000001
139.0    0.0000000000000001    0.0000000000000001    0.0000000000000001    0.0000000000000001    0.0000000000000001
141.0    0.0000000000000001    0.0000000000000001    0.0000000000000001    0.0000000000000001    0.0000000000000001
143.0    0.0000000000000002    0.0000000000000001    0.0000000000000002    0.0000000000000002    0.0000000000000002
145.0    0.0000000000000002    0.0000000000000002    0.0000000000000002    0.0000000000000002    0.0000000000000002
147.0    0.0000000000000003    0.0000000000000002    0.0000000000000003    0.0000000000000003    0.0000000000000003
149.0    0.0000000000000004    0.0000000000000003    0.0000000000000004    0.0000000000000004    0.0000000000000004
151.0    0.0000000000000005    0.0000000000000004    0.0000000000000005    0.0000000000000005    0.0000000000000005
153.0    0.0000000000000006    0.0000000000000005    0.0000000000000006    0.0000000000000006    0.0000000000000007
155.0    0.0000000000000008    0.0000000000000007    0.0000000000000008    0.0000000000000008    0.0000000000000008
157.0    0.0000000000000010    0.0000000000000009    0.0000000000000010    0.0000000000000010    0.0000000000000010
159.0    0.0000000000000012    0.0000000000000011    0.0000000000000012    0.0000000000000012    0.0000000000000013
161.0    0.0000000000000015    0.0000000000000013    0.0000000000000015    0.0000000000000015    0.0000000000000016
163.0    0.0000000000000018    0.0000000000000016    0.0000000000000018    0.0000000000000018    0.0000000000000019
165.0    0.0000000000000022    0.0000000000000020    0.0000000000000022    0.0000000000000022    0.0000000000000023
167.0    0.0000000000000026    0.0000000000000024    0.0000000000000026    0.0000000000000027    0.0000000000000027
169.0    0.0000000000000031    0.0000000000000028    0.0000000000000031    0.0000000000000032    0.0000000000000032
171.0    0.0000000000000037    0.0000000000000034    0.0000000000000037    0.0000000000000038    0.0000000000000038
173.0    0.0000000000000044    0.0000000000000040    0.0000000000000044    0.0000000000000044    0.0000000000000045
175.0    0.0000000000000052    0.0000000000000047    0.0000000000000051    0.0000000000000052    0.0000000000000053
177.0    0.0000000000000061    0.0000000000000055    0.0000000000000060    0.0000000000000062    0.0000000000000062
179.0    0.0000000000000071    0.0000000000000065    0.0000000000000070    0.0000000000000072    0.0000000000000072
181.0    0.0000000000000082    0.0000000000000076    0.0000000000000082    0.0000000000000084    0.0000000000000083
183.0    0.0000000000000095    0.0000000000000088    0.0000000000000094    0.0000000000000097    0.0000000000000096
185.0    0.0000000000000110    0.0000000000000102    0.0000000000000108    0.0000000000000112    0.0000000000000111
187.0    0.0000000000000126    0.0000000000000118    0.0000000000000124    0.0000000000000128    0.0000000000000127
189.0    0.0000000000000144    0.0000000000000135    0.0000000000000142    0.0000000000000147    0.0000000000000145
191.0    0.0000000000000164    0.0000000000000155    0.0000000000000161    0.0000000000000167    0.0000000000000166
193.0    0.0000000000000186    0.0000000000000177    0.0000000000000182    0.0000000000000189    0.0000000000000186
195.0    0.0000000000000210    0.0000000000000201    0.0000000000000205    0.0000000000000213    0.0000000000000209
197.0    0.0000000000000234    0.0000000000000225    0.0000000000000230    0.0000000000000240    0.0000000000000234
199.0    0.0000000000000261    0.0000000000000252    0.0000000000000256    0.0000000000000266    0.0000000000000261
201.0    0.0000000000000290    0.0000000000000281    0.0000000000000283    0.0000000000000296    0.0000000000000290
203.0    0.0000000000000321    0.0000000000000311    0.0000000000000313    0.0000000000000327    0.0000000000000320
205.0    0.0000000000000353    0.0000000000000343    0.0000000000000345    0.0000000000000359    0.0000000000000350
207.0    0.0000000000000385    0.0000000000000376    0.0000000000000377    0.0000000000000393    0.0000000000000384
209.0    0.0000000000000420    0.0000000000000409    0.0000000000000411    0.0000000000000429    0.0000000000000419
211.0    0.0000000000000457    0.0000000000000445    0.0000000000000448    0.0000000000000465    0.0000000000000456
213.0    0.0000000000000496    0.0000000000000483    0.0000000000000487    0.0000000000000504    0.0000000000000494
215.0    0.0000000000000536    0.0000000000000522    0.0000000000000525    0.0000000000000546    0.0000000000000533
217.0    0.0000000000000578    0.0000000000000562    0.0000000000000566    0.0000000000000587    0.0000000000000575
219.0    0.0000000000000623    0.0000000000000604    0.0000000000000611    0.0000000000000633    0.0000000000000621
221.0    0.0000000000000669    0.0000000000000650    0.0000000000000659    0.0000000000000681    0.0000000000000668
223.0    0.0000000000000719    0.0000000000000700    0.0000000000000707    0.0000000000000730    0.0000000000000719
225.0    0.0000000000000772    0.0000000000000752    0.0000000000000758    0.0000000000000785    0.0000000000000770
227.0    0.0000000000000829    0.0000000000000805    0.0000000000000814    0.0000000000000843    0.0000000000000825
229.0    0.0000000000000889    0.0000000000000862    0.0000000000000873    0.0000000000000902    0.0000000000000885
231.0    0.0000000000000950    0.0000000000000925    0.0000000000000934    0.0000000000000967    0.0000000000000949
233.0    0.0000000000001017    0.0000000000000992    0.0000000000000998    0.0000000000001037    0.0000000000001016
235.0    0.0000000000001088    0.0000000000001060    0.0000000000001068    0.0000000000001106    0.0000000000001084
237.0    0.0000000000001163    0.0000000000001132    0.0000000000001143    0.0000000000001180    0.0000000000001156
239.0    0.0000000000001242    0.0000000000001210    0.0000000000001218    0.0000000000001261    0.0000000000001235
241.0    0.0000000000001325    0.0000000000001293    0.0000000000001297    0.0000000000001346    0.0000000000001318
243.0    0.0000000000001412    0.0000000000001379    0.0000000000001383    0.0000000000001431    0.0000000000001405
245.0    0.0000000000001499    0.0000000000001466    0.0000000000001473    0.0000000000001525    0.0000000000001496
247.0    0.0000000000001594    0.0000000000001557    0.0000000000001564    0.0000000000001622    0.0000000000001587
249.0    0.0000000000001693    0.0000000000001656    0.0000000000001658    0.0000000000001719    0.0000000000001682
251.0    0.0000000000001797    0.0000000000001759    0.0000000000001761    0.0000000000001825    0.0000000000001786
253.0    0.0000000000001905    0.0000000000001867    0.0000000000001869    0.0000000000001936    0.0000000000001894
255.0    0.0000000000002013    0.0000000000001975    0.0000000000001975    0.0000000000002046    0.0000000000002006
257.0    0.0000000000002129    0.0000000000002087    0.0000000000002086    0.0000000000002166    0.0000000000002118
259.0    0.0000000000002250    0.0000000000002209    0.0000000000002206    0.0000000000002289    0.0000000000002234
261.0    0.0000000000002375    0.0000000000002335    0.0000000000002331    0.0000000000002412    0.0000000000002359
263.0    0.0000000000002504    0.0000000000002466    0.0000000000002453    0.0000000000002544    0.0000000000002488
265.0    0.0000000000002631    0.0000000000002596    0.0000000000002580    0.0000000000002680    0.0000000000002620
267.0    0.0000000000002767    0.0000000000002729    0.0000000000002715    0.0000000000002814    0.0000000000002750
269.0    0.0000000000002907    0.0000000000002870    0.0000000000002853    0.0000000000002956    0.0000000000002884
271.0    0.0000000000003048    0.0000000000003015    0.0000000000002989    0.0000000000003101    0.0000000000003025
273.0    0.0000000000003193    0.0000000000003161    0.0000000000003127    0.0000000000003242    0.0000000000003169
275.0    0.0000000000003339    0.0000000000003304    0.0000000000003273    0.0000000000003390    0.0000000000003316
277.0    0.0000000000003486    0.0000000000003448    0.0000000000003414    0.0000000000003541    0.0000000000003464
279.0    0.0000000000003630    0.0000000000003599    0.0000000000003558    0.0000000000003686    0.0000000000003607
281.0    0.0000000000003780    0.0000000000003750    0.0000000000003708    0.0000000000003832    0.0000000000003751
283.0    0.0000000000003931    0.0000000000003903    0.0000000000003860    0.0000000000003985    0.0000000000003903
285.0    0.0000000000004083    0.0000000000004050    0.0000000000004007    0.0000000000004139    0.0000000000004056
287.0    0.0000000000004236    0.0000000000004198    0.0000000000004154    0.0000000000004287    0.0000000000004209
289.0    0.0000000000004383    0.0000000000004352    0.0000000000004309    0.0000000000004443    0.0000000000004357
291.0    0.0000000000004537    0.0000000000004508    0.0000000000004464    0.0000000000004599    0.0000000000004506
293.0    0.0000000000004692    0.0000000000004664    0.0000000000004613    0.0000000000004749    0.0000000000004661
295.0    0.0000000000004847    0.0000000000004816    0.0000000000004763    0.0000000000004907    0.0000000000004817
297.0    0.0000000000005003    0.0000000000004968    0.0000000000004920    0.0000000000005065    0.0000000000004974
299.0    0.0000000000005152    0.0000000000005126    0.0000000000005077    0.0000000000005216    0.0000000000005124
301.0    0.0000000000005308    0.0000000000005285    0.0000000000005227    0.0000000000005374    0.0000000000005274
303.0    0.0000000000005464    0.0000000000005444    0.0000000000005377    0.0000000000005531    0.0000000000005430
305.0    0.0000000000005619    0.0000000000005596    0.0000000000005533    0.0000000000005681    0.0000000000005586
307.0    0.0000000000005773    0.0000000000005747    0.0000000000005689    0.0000000000005837    0.0000000000005741
309.0    0.0000000000005926    0.0000000000005903    0.0000000000005837    0.0000000000005992    0.0000000000005895
311.0    0.0000000000006078    0.0000000000006057    0.0000000000005985    0.0000000000006138    0.0000000000006041
313.0    0.0000000000006222    0.0000000000006209    0.0000000000006137    0.0000000000006290    0.0000000000006186
315.0    0.0000000000006371    0.0000000000006353    0.0000000000006288    0.0000000000006440    0.0000000000006336
317.0    0.0000000000006518    0.0000000000006495    0.0000000000006432    0.0000000000006582    0.0000000000006485
319.0    0.0000000000006664    0.0000000000006641    0.0000000000006574    0.0000000000006728    0.0000000000006632
321.0    0.0000000000006808    0.0000000000006785    0.0000000000006721    0.0000000000006874    0.0000000000006772
323.0    0.0000000000006946    0.0000000000006927    0.0000000000006868    0.0000000000007012    0.0000000000006911
325.0    0.0000000000007089    0.0000000000007063    0.0000000000007007    0.0000000000007155    0.0000000000007055
327.0    0.0000000000007231    0.0000000000007199    0.0000000000007145    0.0000000000007299    0.0000000000007199
329.0    0.0000000000007373    0.0000000000007340    0.0000000000007290    0.0000000000007436    0.0000000000007342
331.0    0.0000000000007515    0.0000000000007481    0.0000000000007434    0.0000000000007573    0.0000000000007480
333.0    0.0000000000007658    0.0000000000007624    0.0000000000007573    0.0000000000007718    0.0000000000007618
335.0    0.0000000000007802    0.0000000000007761    0.0000000000007712    0.0000000000007863    0.0000000000007763
337.0    0.0000000000007940    0.0000000000007900    0.0000000000007858    0.0000000000008003    0.0000000000007908
339.0    0.0000000000008086    0.0000000000008046    0.0000000000008005    0.0000000000008151    0.0000000000008055
341.0    0.0000000000008233    0.0000000000008193    0.0000000000008147    0.0000000000008301    0.0000000000008203
343.0    0.0000000000008382    0.0000000000008343    0.0000000000008291    0.0000000000008446    0.0000000000008347
345.0    0.0000000000008533    0.0000000000008488    0.0000000000008442    0.0000000000008599    0.0000000000008491
347.0    0.0000000000008679    0.0000000000008634    0.0000000000008595    0.0000000000008754    0.0000000000008644
349.0    0.0000000000008833    0.0000000000008789    0.0000000000008743    0.0000000000008903    0.0000000000008799
351.0    0.0000000000008989    0.0000000000008945    0.0000000000008893    0.0000000000009062    0.0000000000008956
353.0    0.0000000000009147    0.0000000000009097    0.0000000000009052    0.0000000000009223    0.0000000000009108
355.0    0.0000000000009307    0.0000000000009251    0.0000000000009212    0.0000000000009378    0.0000000000009261
357.0    0.0000000000009462    0.0000000000009413    0.0000000000009368    0.0000000000009543    0.0000000000009424
359.0    0.0000000000009626    0.0000000000009577    0.0000000000009526    0.0000000000009711    0.0000000000009589
361.0    0.0000000000009793    0.0000000000009743    0.0000000000009693    0.0000000000009873    0.0000000000009756
363.0    0.0000000000009962    0.0000000000009906    0.0000000000009862    0.0000000000010045    0.0000000000009919
365.0    0.0000000000010134    0.0000000000010070    0.0000000000010027    0.0000000000010220    0.0000000000010084
367.0    0.0000000000010308    0.0000000000010244    0.0000000000010195    0.0000000000010390    0.0000000000010258
369.0    0.0000000000010485    0.0000000000010421    0.0000000000010372    0.0000000000010570    0.0000000000010436
371.0    0.0000000000010658    0.0000000000010601    0.0000000000010552    0.0000000000010754    0.0000000000010616
373.0    0.0000000000010841    0.0000000000010776    0.0000000000010728    0.0000000000010933    0.0000000000010800
375.0    0.0000000000011027    0.0000000000010955    0.0000000000010907    0.0000000000011115    0.0000000000010979
377.0    0.0000000000011218    0.0000000000011144    0.0000000000011097    0.0000000000011309    0.0000000000011161
379.0    0.0000000000011411    0.0000000000011336    0.0000000000011291    0.0000000000011506    0.0000000000011355
381.0    0.0000000000011601    0.0000000000011531    0.0000000000011481    0.0000000000011700    0.0000000000011553
383.0    0.0000000000011803    0.0000000000011723    0.0000000000011675    0.0000000000011906    0.0000000000011755
385.0    0.0000000000012010    0.0000000000011918    0.0000000000011882    0.0000000000012118    0.0000000000011954
387.0    0.0000000000012223    0.0000000000012125    0.0000000000012095    0.0000000000012326    0.0000000000012157
389.0    0.0000000000012441    0.0000000000012338    0.0000000000012304    0.0000000000012550    0.0000000000012375
391.0    0.0000000000012666    0.0000000000012556    0.0000000000012519    0.0000000000012781    0.0000000000012600
393.0    0.0000000000012899    0.0000000000012771    0.0000000000012752    0.0000000000013009    0.0000000000012832
395.0    0.0000000000013131    0.0000000000012993    0.0000000000012993    0.0000000000013258    0.0000000000013062
397.0    0.0000000000013383    0.0000000000013231    0.0000000000013233    0.0000000000013517    0.0000000000013302
399.0    0.0000000000013645    0.0000000000013479    0.0000000000013483    0.0000000000013776    0.0000000000013563
401.0    0.0000000000013921    0.0000000000013738    0.0000000000013757    0.0000000000014061    0.0000000000013836
403.0    0.0000000000014212    0.0000000000013998    0.0000000000014045    0.0000000000014362    0.0000000000014124
405.0    0.0000000000014507    0.0000000000014271    0.0000000000014336    0.0000000000014667    0.0000000000014429
407.0    0.0000000000014834    0.0000000000014572    0.0000000000014645    0.0000000000015007    0.0000000000014739
409.0    0.0000000000015182    0.0000000000014891    0.0000000000014988    0.0000000000015370    0.0000000000015068
411.0    0.0000000000015555    0.0000000000015232    0.0000000000015355    0.0000000000015743    0.0000000000015436
413.0    0.0000000000015956    0.0000000000015584    0.0000000000015732    0.0000000000016163    0.0000000000015832
415.0    0.0000000000016371    0.0000000000015961    0.0000000000016137    0.0000000000016617    0.0000000000016258
417.0    0.0000000000016838    0.0000000000016385    0.0000000000016593    0.0000000000017087    0.0000000000016699
419.0    0.0000000000017344    0.0000000000016846    0.0000000000017086    0.0000000000017620    0.0000000000017176
421.0    0.0000000000017894    0.0000000000017347    0.0000000000017598    0.0000000000018200    0.0000000000017716
423.0    0.0000000000018491    0.0000000000017873    0.0000000000018153    0.0000000000018803    0.0000000000018302
425.0    0.0000000000019142    0.0000000000018445    0.0000000000018781    0.0000000000019458    0.0000000000018941
427.0    0.0000000000019849    0.0000000000019096    0.0000000000019464    0.0000000000020203    0.0000000000019637
429.0    0.0000000000020587    0.0000000000019809    0.0000000000020174    0.0000000000021013    0.0000000000020361
431.0    0.0000000000021421    0.0000000000020589    0.0000000000020944    0.0000000000021855    0.0000000000021148
433.0    0.0000000000022325    0.0000000000021407    0.0000000000021814    0.0000000000022810    0.0000000000022037
435.0    0.0000000000023306    0.0000000000022300    0.0000000000022758    0.0000000000023845    0.0000000000023002
437.0    0.0000000000024366    0.0000000000023310    0.0000000000023734    0.0000000000024913    0.0000000000024047
439.0    0.0000000000025463    0.0000000000024408    0.0000000000024786    0.0000000000026117    0.0000000000025126
441.0    0.0000000000026690    0.0000000000025600    0.0000000000025965    0.0000000000027411    0.0000000000026287
443.0    0.0000000000028006    0.0000000000026837    0.0000000000027232    0.0000000000028736    0.0000000000027585
445.0    0.0000000000029414    0.0000000000028167    0.0000000000028530    0.0000000000030216    0.0000000000028975
447.0    0.0000000000030912    0.0000000000029651    0.0000000000029912    0.0000000000031789    0.0000000000030458
449.0    0.0000000000032439    0.0000000000031238    0.0000000000031444    0.0000000000033384    0.0000000000031968
451.0    0.0000000000034120    0.0000000000032929    0.0000000000033068    0.0000000000035144    0.0000000000033564
453.0    0.0000000000035889    0.0000000000034651    0.0000000000034709    0.0000000000036994    0.0000000000035320
455.0    0.0000000000037748    0.0000000000036467    0.0000000000036433    0.0000000000038848    0.0000000000037165
457.0    0.0000000000039690    0.0000000000038450    0.0000000000038315    0.0000000000040869    0.0000000000039097
459.0    0.0000000000041712    0.0000000000040526    0.0000000000040280    0.0000000000042967    0.0000000000041111
461.0    0.0000000000043807    0.0000000000042688    0.0000000000042236    0.0000000000045043    0.0000000000043113
463.0    0.0000000000045883    0.0000000000044841    0.0000000000044258    0.0000000000047278    0.0000000000045180
465.0    0.0000000000048104    0.0000000000047060    0.0000000000046432    0.0000000000049568    0.0000000000047399
467.0    0.0000000000050377    0.0000000000049428    0.0000000000048664    0.0000000000051805    0.0000000000049673
469.0    0.0000000000052694    0.0000000000051848    0.0000000000050851    0.0000000000054078    0.0000000000051995
471.0    0.0000000000055045    0.0000000000054213    0.0000000000053076    0.0000000000056483    0.0000000000054254
473.0    0.0000000000057326    0.0000000000056607    0.0000000000055429    0.0000000000058908    0.0000000000056541
475.0    0.0000000000059716    0.0000000000059114    0.0000000000057807    0.0000000000061236    0.0000000000058944
477.0    0.0000000000062113    0.0000000000061627    0.0000000000060098    0.0000000000063668    0.0000000000061356
479.0    0.0000000000064505    0.0000000000064136    0.0000000000062393    0.0000000000066091    0.0000000000063767
481.0    0.0000000000066884    0.0000000000066533    0.0000000000064784    0.0000000000068389    0.0000000000066068
483.0    0.0000000000069241    0.0000000000068905    0.0000000000067161    0.0000000000070763    0.0000000000068350
485.0    0.0000000000071567    0.0000000000071337    0.0000000000069419    0.0000000000073100    0.0000000000070704
487.0    0.0000000000073764    0.0000000000073723    0.0000000000071647    0.0000000000075293    0.0000000000073021
489.0    0.0000000000076007    0.0000000000076054    0.0000000000073936    0.0000000000077535    0.0000000000075294
491.0    0.0000000000078200    0.0000000000078239    0.0000000000076180    0.0000000000079721    0.0000000000077517
493.0    0.0000000000080335    0.0000000000080361    0.0000000000078283    0.0000000000081754    0.0000000000079595
495.0    0.0000000000082411    0.0000000000082499    0.0000000000080334    0.0000000000083814    0.0000000000081617
497.0    0.0000000000084342    0.0000000000084561    0.0000000000082416    0.0000000000085807    0.0000000000083664
499.0    0.0000000000086289    0.0000000000086547    0.0000000000084435    0.0000000000087647    0.0000000000085645
501.0    0.0000000000088169    0.0000000000088383    0.0000000000086310    0.0000000000089502    0.0000000000087557
503.0    0.0000000000089980    0.0000000000090145    0.0000000000088122    0.0000000000091287    0.0000000000089326
505.0    0.0000000000091724    0.0000000000091904    0.0000000000089947    0.0000000000092929    0.0000000000091030
507.0    0.0000000000093336    0.0000000000093588    0.0000000000091706    0.0000000000094580    0.0000000000092742
509.0    0.0000000000094950    0.0000000000095200    0.0000000000093329    0.0000000000096166    0.0000000000094389
511.0    0.0000000000096504    0.0000000000096685    0.0000000000094893    0.0000000000097625    0.0000000000095971
513.0    0.0000000000097997    0.0000000000098111    0.0000000000096465    0.0000000000099030    0.0000000000097430
515.0    0.0000000000099434    0.0000000000099534    0.0000000000097977    0.0000000000100444    0.0000000000098836
517.0    0.0000000000100819    0.0000000000100902    0.0000000000099374    0.0000000000101808    0.0000000000100249
519.0    0.0000000000102155    0.0000000000102220    0.0000000000100721    0.0000000000103067    0.0000000000101612
521.0    0.0000000000103395    0.0000000000103443    0.0000000000102080    0.0000000000104341    0.0000000000102928
523.0    0.0000000000104646    0.0000000000104628    0.0000000000103391    0.0000000000105576    0.0000000000104201
525.0    0.0000000000105859    0.0000000000105824    0.0000000000104610    0.0000000000106723    0.0000000000105384
527.0    0.0000000000107038    0.0000000000106988    0.0000000000105792    0.0000000000107891    0.0000000000106534
529.0    0.0000000000108187    0.0000000000108122    0.0000000000106991    0.0000000000109030    0.0000000000107702
531.0    0.0000000000109263    0.0000000000109189    0.0000000000108159    0.0000000000110095    0.0000000000108841
533.0    0.0000000000110360    0.0000000000110235    0.0000000000109251    0.0000000000111186    0.0000000000109955
535.0    0.0000000000111435    0.0000000000111304    0.0000000000110318    0.0000000000112256    0.0000000000111000
537.0    0.0000000000112489    0.0000000000112355    0.0000000000111410    0.0000000000113262    0.0000000000112026
539.0    0.0000000000113525    0.0000000000113391    0.0000000000112480    0.0000000000114296    0.0000000000113077
541.0    0.0000000000114545    0.0000000000114374    0.0000000000113487    0.0000000000115315    0.0000000000114112
543.0    0.0000000000115549    0.0000000000115344    0.0000000000114478    0.0000000000116276    0.0000000000115130
545.0    0.0000000000116500    0.0000000000116342    0.0000000000115496    0.0000000000117267    0.0000000000116093
547.0    0.0000000000117478    0.0000000000117329    0.0000000000116458    0.0000000000118246    0.0000000000117042
549.0    0.0000000000118442    0.0000000000118304    0.0000000000117406    0.0000000000119170    0.0000000000118020
551.0    0.0000000000119395    0.0000000000119231    0.0000000000118382    0.0000000000120123    0.0000000000118986
553.0    0.0000000000120334    0.0000000000120149    0.0000000000119345    0.0000000000121065    0.0000000000119938
555.0    0.0000000000121225    0.0000000000121092    0.0000000000120256    0.0000000000121954    0.0000000000120879
557.0    0.0000000000122141    0.0000000000122023    0.0000000000121155    0.0000000000122871    0.0000000000121769
559.0    0.0000000000123045    0.0000000000122942    0.0000000000122080    0.0000000000123775    0.0000000000122646
561.0    0.0000000000123935    0.0000000000123815    0.0000000000122993    0.0000000000124627    0.0000000000123550
563.0    0.0000000000124813    0.0000000000124675    0.0000000000123855    0.0000000000125467    0.0000000000124441
565.0    0.0000000000125644    0.0000000000125556    0.0000000000124705    0.0000000000126332    0.0000000000125318
567.0    0.0000000000126495    0.0000000000126424    0.0000000000125579    0.0000000000127183    0.0000000000126146
569.0    0.0000000000127333    0.0000000000127277    0.0000000000126438    0.0000000000127983    0.0000000000126961
571.0    0.0000000000128156    0.0000000000128084    0.0000000000127249    0.0000000000128804    0.0000000000127797
573.0    0.0000000000128964    0.0000000000128876    0.0000000000128046    0.0000000000129611    0.0000000000128618
575.0    0.0000000000129758    0.0000000000129684    0.0000000000128863    0.0000000000130368    0.0000000000129424
577.0    0.0000000000130537    0.0000000000130477    0.0000000000129665    0.0000000000131143    0.0000000000130183
579.0    0.0000000000131269    0.0000000000131253    0.0000000000130420    0.0000000000131904    0.0000000000130926
581.0    0.0000000000132017    0.0000000000131984    0.0000000000131160    0.0000000000132615    0.0000000000131687
583.0    0.0000000000132750    0.0000000000132700    0.0000000000131916    0.0000000000133344    0.0000000000132432
585.0    0.0000000000133467    0.0000000000133428    0.0000000000132657    0.0000000000134056    0.0000000000133160
587.0    0.0000000000134168    0.0000000000134139    0.0000000000133353    0.0000000000134723    0.0000000000133873
589.0    0.0000000000134826    0.0000000000134808    0.0000000000134033    0.0000000000135404    0.0000000000134541
591.0    0.0000000000135496    0.0000000000135461    0.0000000000134728    0.0000000000136069    0.0000000000135194
593.0    0.0000000000136151    0.0000000000136124    0.0000000000135406    0.0000000000136691    0.0000000000135861
595.0    0.0000000000136791    0.0000000000136770    0.0000000000136042    0.0000000000137325    0.0000000000136511
597.0    0.0000000000137416    0.0000000000137401    0.0000000000136663    0.0000000000137945    0.0000000000137146
599.0    0.0000000000138002    0.0000000000137993    0.0000000000137297    0.0000000000138524    0.0000000000137741
601.0    0.0000000000138598    0.0000000000138571    0.0000000000137916    0.0000000000139115    0.0000000000138321
603.0    0.0000000000139180    0.0000000000139157    0.0000000000138495    0.0000000000139692    0.0000000000138913
605.0    0.0000000000139748    0.0000000000139729    0.0000000000139060    0.0000000000140231    0.0000000000139491
607.0    0.0000000000140303    0.0000000000140287    0.0000000000139637    0.0000000000140757    0.0000000000140054
609.0    0.0000000000140845    0.0000000000140811    0.0000000000140201    0.0000000000141295    0.0000000000140582
611.0    0.0000000000141375    0.0000000000141322    0.0000000000140728    0.0000000000141821    0.0000000000141098
613.0    0.0000000000141872    0.0000000000141842    0.0000000000141244    0.0000000000142313    0.0000000000141624
615.0    0.0000000000142379    0.0000000000142350    0.0000000000141770    0.0000000000142817    0.0000000000142139
617.0    0.0000000000142875    0.0000000000142846    0.0000000000142285    0.0000000000143309    0.0000000000142642
619.0    0.0000000000143360    0.0000000000143313    0.0000000000142767    0.0000000000143770    0.0000000000143134
621.0    0.0000000000143835    0.0000000000143771    0.0000000000143239    0.0000000000144243    0.0000000000143596
623.0    0.0000000000144283    0.0000000000144237    0.0000000000143723    0.0000000000144707    0.0000000000144048
625.0    0.0000000000144740    0.0000000000144694    0.0000000000144196    0.0000000000145142    0.0000000000144512
627.0    0.0000000000145189    0.0000000000145142    0.0000000000144641    0.0000000000145590    0.0000000000144967
629.0    0.0000000000145630    0.0000000000145566    0.0000000000145079    0.0000000000146029    0.0000000000145413
631.0    0.0000000000146064    0.0000000000145982    0.0000000000145526    0.0000000000146443    0.0000000000145834
633.0    0.0000000000146490    0.0000000000146409    0.0000000000145967    0.0000000000146869    0.0000000000146248
635.0    0.0000000000146911    0.0000000000146828    0.0000000000146382    0.0000000000147288    0.0000000000146673
637.0    0.0000000000147308    0.0000000000147242    0.0000000000146791    0.0000000000147684    0.0000000000147092
639.0    0.0000000000147717    0.0000000000147634    0.0000000000147212    0.0000000000148093    0.0000000000147505
641.0    0.0000000000148120    0.0000000000148022    0.0000000000147627    0.0000000000148497    0.0000000000147913
643.0    0.0000000000148519    0.0000000000148421    0.0000000000148019    0.0000000000148879    0.0000000000148298
645.0    0.0000000000148913    0.0000000000148815    0.0000000000148407    0.0000000000149274    0.0000000000148680
647.0    0.0000000000149288    0.0000000000149205    0.0000000000148807    0.0000000000149666    0.0000000000149075
649.0    0.0000000000149674    0.0000000000149577    0.0000000000149203    0.0000000000150036    0.0000000000149465
651.0    0.0000000000150057    0.0000000000149946    0.0000000000149579    0.0000000000150421    0.0000000000149852
653.0    0.0000000000150437    0.0000000000150327    0.0000000000149951    0.0000000000150803    0.0000000000150219
655.0    0.0000000000150814    0.0000000000150705    0.0000000000150336    0.0000000000151165    0.0000000000150584
657.0    0.0000000000151173    0.0000000000151081    0.0000000000150718    0.0000000000151525    0.0000000000150962
659.0    0.0000000000151545    0.0000000000151440    0.0000000000151081    0.0000000000151899    0.0000000000151337
661.0    0.0000000000151915    0.0000000000151797    0.0000000000151442    0.0000000000152270    0.0000000000151710
663.0    0.0000000000152282    0.0000000000152166    0.0000000000151816    0.0000000000152624    0.0000000000152065
665.0    0.0000000000152647    0.0000000000152533    0.0000000000152188    0.0000000000152991    0.0000000000152418
667.0    0.0000000000153010    0.0000000000152899    0.0000000000152543    0.0000000000153357    0.0000000000152785
669.0    0.0000000000153371    0.0000000000153250    0.0000000000152895    0.0000000000153705    0.0000000000153150
671.0    0.0000000000153716    0.0000000000153598    0.0000000000153261    0.0000000000154067    0.0000000000153512
673.0    0.0000000000154074    0.0000000000153959    0.0000000000153624    0.0000000000154427    0.0000000000153874
675.0    0.0000000000154430    0.0000000000154319    0.0000000000153971    0.0000000000154770    0.0000000000154218
677.0    0.0000000000154784    0.0000000000154677    0.0000000000154317    0.0000000000155126    0.0000000000154561
679.0    0.0000000000155137    0.0000000000155020    0.0000000000154675    0.0000000000155482    0.0000000000154918
681.0    0.0000000000155474    0.0000000000155362    0.0000000000155032    0.0000000000155820    0.0000000000155272
683.0    0.0000000000155823    0.0000000000155715    0.0000000000155372    0.0000000000156171    0.0000000000155625
685.0    0.0000000000156170    0.0000000000156067    0.0000000000155710    0.0000000000156520    0.0000000000155962
687.0    0.0000000000156515    0.0000000000156417    0.0000000000156062    0.0000000000156853    0.0000000000156296
689.0    0.0000000000156859    0.0000000000156752    0.0000000000156410    0.0000000000157198    0.0000000000156644
691.0    0.0000000000157200    0.0000000000157086    0.0000000000156744    0.0000000000157541    0.0000000000156989
693.0    0.0000000000157539    0.0000000000157430    0.0000000000157075    0.0000000000157867    0.0000000000157333
695.0    0.0000000000157863    0.0000000000157773    0.0000000000157418    0.0000000000158206    0.0000000000157660
697.0    0.0000000000158197    0.0000000000158113    0.0000000000157759    0.0000000000158542    0.0000000000157985
699.0    0.0000000000158529    0.0000000000158438    0.0000000000158083    0.0000000000158861    0.0000000000158322
701.0    0.0000000000158859    0.0000000000158761    0.0000000000158406    0.0000000000159177    0.0000000000158656
703.0    0.0000000000159186    0.0000000000159094    0.0000000000158739    0.0000000000159505    0.0000000000158987
705.0    0.0000000000159497    0.0000000000159424    0.0000000000159070    0.0000000000159830    0.0000000000159316
707.0    0.0000000000159818    0.0000000000159739    0.0000000000159384    0.0000000000160137    0.0000000000159628
709.0    0.0000000000160136    0.0000000000160051    0.0000000000159696    0.0000000000160455    0.0000000000159938
711.0    0.0000000000160451    0.0000000000160372    0.0000000000160018    0.0000000000160770    0.0000000000160257
713.0    0.0000000000160762    0.0000000000160690    0.0000000000160337    0.0000000000161068    0.0000000000160574
715.0    0.0000000000161057    0.0000000000161004    0.0000000000160639    0.0000000000161376    0.0000000000160887
717.0    0.0000000000161361    0.0000000000161302    0.0000000000160938    0.0000000000161679    0.0000000000161183
719.0    0.0000000000161662    0.0000000000161597    0.0000000000161246    0.0000000000161966    0.0000000000161476
721.0    0.0000000000161958    0.0000000000161900    0.0000000000161551    0.0000000000162262    0.0000000000161777
723.0    0.0000000000162251    0.0000000000162199    0.0000000000161839    0.0000000000162553    0.0000000000162075
725.0    0.0000000000162538    0.0000000000162493    0.0000000000162123    0.0000000000162827    0.0000000000162368
727.0    0.0000000000162822    0.0000000000162772    0.0000000000162415    0.0000000000163110    0.0000000000162645
729.0    0.0000000000163090    0.0000000000163047    0.0000000000162703    0.0000000000163387    0.0000000000162918
731.0    0.0000000000163365    0.0000000000163327    0.0000000000162975    0.0000000000163649    0.0000000000163198
733.0    0.0000000000163635    0.0000000000163603    0.0000000000163242    0.0000000000163916    0.0000000000163473
735.0    0.0000000000163900    0.0000000000163874    0.0000000000163516    0.0000000000164180    0.0000000000163744
737.0    0.0000000000164160    0.0000000000164130    0.0000000000163786    0.0000000000164427    0.0000000000164009
739.0    0.0000000000164405    0.0000000000164381    0.0000000000164039    0.0000000000164679    0.0000000000164259
741.0    0.0000000000164656    0.0000000000164637    0.0000000000164288    0.0000000000164927    0.0000000000164504
743.0    0.0000000000164901    0.0000000000164887    0.0000000000164543    0.0000000000165160    0.0000000000164754
745.0    0.0000000000165141    0.0000000000165132    0.0000000000164793    0.0000000000165397    0.0000000000164999
747.0    0.0000000000165376    0.0000000000165362    0.0000000000165027    0.0000000000165629    0.0000000000165239
749.0    0.0000000000165596    0.0000000000165587    0.0000000000165256    0.0000000000165846    0.0000000000165464
751.0    0.0000000000165821    0.0000000000165816    0.0000000000165490    0.0000000000166058    0.0000000000165684
753.0    0.0000000000166040    0.0000000000166039    0.0000000000165719    0.0000000000166274    0.0000000000165908
755.0    0.0000000000166254    0.0000000000166257    0.0000000000165933    0.0000000000166485    0.0000000000166127
757.0    0.0000000000166463    0.0000000000166461    0.0000000000166142    0.0000000000166681    0.0000000000166340
759.0    0.0000000000166666    0.0000000000166660    0.0000000000166355    0.0000000000166881    0.0000000000166539
761.0    0.0000000000166864    0.0000000000166861    0.0000000000166562    0.0000000000167076    0.0000000000166733
763.0    0.0000000000167049    0.0000000000167057    0.0000000000166756    0.0000000000167257    0.0000000000166930
765.0    0.0000000000167237    0.0000000000167247    0.0000000000166945    0.0000000000167442    0.0000000000167122
767.0    0.0000000000167419    0.0000000000167425    0.0000000000167137    0.0000000000167621    0.0000000000167309
769.0    0.0000000000167597    0.0000000000167598    0.0000000000167324    0.0000000000167788    0.0000000000167490
771.0    0.0000000000167769    0.0000000000167773    0.0000000000167498    0.0000000000167957    0.0000000000167659
773.0    0.0000000000167930    0.0000000000167943    0.0000000000167667    0.0000000000168121    0.0000000000167823
775.0    0.0000000000168093    0.0000000000168107    0.0000000000167839    0.0000000000168274    0.0000000000167990
777.0    0.0000000000168251    0.0000000000168261    0.0000000000168005    0.0000000000168428    0.0000000000168151
779.0    0.0000000000168404    0.0000000000168409    0.0000000000168160    0.0000000000168578    0.0000000000168308
781.0    0.0000000000168553    0.0000000000168559    0.0000000000168311    0.0000000000168717    0.0000000000168453
783.0    0.0000000000168696    0.0000000000168705    0.0000000000168463    0.0000000000168858    0.0000000000168595
785.0    0.0000000000168836    0.0000000000168846    0.0000000000168611    0.0000000000168994    0.0000000000168737
787.0    0.0000000000168966    0.0000000000168977    0.0000000000168748    0.0000000000169121    0.0000000000168876
789.0    0.0000000000169097    0.0000000000169104    0.0000000000168881    0.0000000000169248    0.0000000000169010
791.0    0.0000000000169224    0.0000000000169232    0.0000000000169015    0.0000000000169372    0.0000000000169134
793.0    0.0000000000169346    0.0000000000169355    0.0000000000169145    0.0000000000169487    0.0000000000169254
795.0    0.0000000000169465    0.0000000000169475    0.0000000000169266    0.0000000000169598    0.0000000000169376
797.0    0.0000000000169575    0.0000000000169586    0.0000000000169383    0.0000000000169710    0.0000000000169494
799.0    0.0000000000169686    0.0000000000169694    0.0000000000169501    0.0000000000169818    0.0000000000169607
801.0    0.0000000000169794    0.0000000000169802    0.0000000000169615    0.0000000000169918    0.0000000000169717
803.0    0.0000000000169897    0.0000000000169907    0.0000000000169721    0.0000000000170019    0.0000000000169819
805.0    0.0000000000169998    0.0000000000170008    0.0000000000169823    0.0000000000170117    0.0000000000169917
807.0    0.0000000000170091    0.0000000000170102    0.0000000000169927    0.0000000000170207    0.0000000000170017
809.0    0.0000000000170184    0.0000000000170192    0.0000000000170026    0.0000000000170298    0.0000000000170113
811.0    0.0000000000170274    0.0000000000170283    0.0000000000170119    0.0000000000170386    0.0000000000170205
813.0    0.0000000000170361    0.0000000000170371    0.0000000000170207    0.0000000000170466    0.0000000000170291
815.0    0.0000000000170445    0.0000000000170455    0.0000000000170297    0.0000000000170548    0.0000000000170373
817.0    0.0000000000170526    0.0000000000170534    0.0000000000170384    0.0000000000170626    0.0000000000170456
819.0    0.0000000000170604    0.0000000000170610    0.0000000000170463    0.0000000000170698    0.0000000000170536
821.0    0.0000000000170676    0.0000000000170685    0.0000000000170540    0.0000000000170770    0.0000000000170613
823.0    0.0000000000170747    0.0000000000170758    0.0000000000170618    0.0000000000170840    0.0000000000170684
825.0    0.0000000000170817    0.0000000000170825    0.0000000000170689    0.0000000000170904    0.0000000000170752
827.0    0.0000000000170883    0.0000000000170890    0.0000000000170757    0.0000000000170968    0.0000000000170821
829.0    0.0000000000170946    0.0000000000170955    0.0000000000170826    0.0000000000171029    0.0000000000170886
831.0    0.0000000000171005    0.0000000000171017    0.0000000000170892    0.0000000000171085    0.0000000000170949
833.0    0.0000000000171064    0.0000000000171076    0.0000000000170953    0.0000000000171141    0.0000000000171009
835.0    0.0000000000171119    0.0000000000171130    0.0000000000171010    0.0000000000171195    0.0000000000171065
837.0    0.0000000000171173    0.0000000000171183    0.0000000000171068    0.0000000000171243    0.0000000000171117
839.0    0.0000000000171223    0.0000000000171234    0.0000000000171124    0.0000000000171292    0.0000000000171170
841.0    0.0000000000171272    0.0000000000171284    0.0000000000171174    0.0000000000171337    0.0000000000171220
843.0    0.0000000000171317    0.0000000000171330    0.0000000000171223    0.0000000000171379    0.0000000000171268
845.0    0.0000000000171359    0.0000000000171373    0.0000000000171270    0.0000000000171418    0.0000000000171311
847.0    0.0000000000171400    0.0000000000171413    0.0000000000171316    0.0000000000171457    0.0000000000171352
849.0    0.0000000000171439    0.0000000000171453    0.0000000000171357    0.0000000000171494    0.0000000000171393
851.0    0.0000000000171475    0.0000000000171490    0.0000000000171396    0.0000000000171526    0.0000000000171431
853.0    0.0000000000171509    0.0000000000171525    0.0000000000171434    0.0000000000171558    0.0000000000171467
855.0    0.0000000000171540    0.0000000000171556    0.0000000000171470    0.0000000000171588    0.0000000000171500
857.0    0.0000000000171570    0.0000000000171586    0.0000000000171502    0.0000000000171614    0.0000000000171530
859.0    0.0000000000171597    0.0000000000171614    0.0000000000171532    0.0000000000171639    0.0000000000171558
861.0    0.0000000000171622    0.0000000000171640    0.0000000000171561    0.0000000000171662    0.0000000000171585
863.0    0.0000000000171645    0.0000000000171664    0.0000000000171588    0.0000000000171682    0.0000000000171609
865.0    0.0000000000171666    0.0000000000171685    0.0000000000171612    0.0000000000171700    0.0000000000171632
867.0    0.0000000000171684    0.0000000000171704    0.0000000000171633    0.0000000000171717    0.0000000000171651
869.0    0.0000000000171701    0.0000000000171721    0.0000000000171654    0.0000000000171731    0.0000000000171669
871.0    0.0000000000171716    0.0000000000171737    0.0000000000171672    0.0000000000171743    0.0000000000171685
873.0    0.0000000000171729    0.0000000000171750    0.0000000000171688    0.0000000000171754    0.0000000000171699
875.0    0.0000000000171740    0.0000000000171761    0.0000000000171701    0.0000000000171762    0.0000000000171711
877.0    0.0000000000171748    0.0000000000171770    0.0000000000171713    0.0000000000171768    0.0000000000171721
879.0    0.0000000000171755    0.0000000000171777    0.0000000000171724    0.0000000000171773    0.0000000000171729
881.0    0.0000000000171760    0.0000000000171783    0.0000000000171731    0.0000000000171775    0.0000000000171735
883.0    0.0000000000171763    0.0000000000171786    0.0000000000171738    0.0000000000171776    0.0000000000171739
885.0    0.0000000000171764    0.0000000000171788    0.0000000000171742    0.0000000000171774    0.0000000000171741
887.0    0.0000000000171763    0.0000000000171787    0.0000000000171744    0.0000000000171771    0.0000000000171742
889.0    0.0000000000171760    0.0000000000171785    0.0000000000171745    0.0000000000171766    0.0000000000171740
891.0    0.0000000000171756    0.0000000000171781    0.0000000000171743    0.0000000000171760    0.0000000000171737
893.0    0.0000000000171749    0.0000000000171775    0.0000000000171740    0.0000000000171751    0.0000000000171732
895.0    0.0000000000171741    0.0000000000171768    0.0000000000171735    0.0000000000171741    0.0000000000171725
897.0    0.0000000000171731    0.0000000000171759    0.0000000000171728    0.0000000000171729    0.0000000000171716
899.0    0.0000000000171720    0.0000000000171748    0.0000000000171720    0.0000000000171715    0.0000000000171706
901.0    0.0000000000171707    0.0000000000171735    0.0000000000171709    0.0000000000171699    0.0000000000171694
903.0    0.0000000000171692    0.0000000000171720    0.0000000000171697    0.0000000000171682    0.0000000000171681
905.0    0.0000000000171675    0.0000000000171704    0.0000000000171684    0.0000000000171663    0.0000000000171665
907.0    0.0000000000171656    0.0000000000171687    0.0000000000171668    0.0000000000171642    0.0000000000171647
909.0    0.0000000000171636    0.0000000000171667    0.0000000000171651    0.0000000000171620    0.0000000000171629
911.0    0.0000000000171614    0.0000000000171646    0.0000000000171632    0.0000000000171595    0.0000000000171609
913.0    0.0000000000171591    0.0000000000171623    0.0000000000171611    0.0000000000171570    0.0000000000171587
915.0    0.0000000000171566    0.0000000000171599    0.0000000000171590    0.0000000000171543    0.0000000000171562
917.0    0.0000000000171539    0.0000000000171574    0.0000000000171565    0.0000000000171513    0.0000000000171536
919.0    0.0000000000171510    0.0000000000171545    0.0000000000171539    0.0000000000171483    0.0000000000171509
921.0    0.0000000000171480    0.0000000000171516    0.0000000000171513    0.0000000000171450    0.0000000000171481
923.0    0.0000000000171449    0.0000000000171484    0.0000000000171485    0.0000000000171416    0.0000000000171451
925.0    0.0000000000171416    0.0000000000171452    0.0000000000171454    0.0000000000171381    0.0000000000171419
927.0    0.0000000000171381    0.0000000000171419    0.0000000000171421    0.0000000000171343    0.0000000000171385
929.0    0.0000000000171344    0.0000000000171383    0.0000000000171388    0.0000000000171303    0.0000000000171349
931.0    0.0000000000171305    0.0000000000171345    0.0000000000171353    0.0000000000171264    0.0000000000171313
933.0    0.0000000000171265    0.0000000000171305    0.0000000000171316    0.0000000000171223    0.0000000000171276
935.0    0.0000000000171223    0.0000000000171266    0.0000000000171277    0.0000000000171179    0.0000000000171235
937.0    0.0000000000171181    0.0000000000171224    0.0000000000171237    0.0000000000171132    0.0000000000171193
939.0    0.0000000000171136    0.0000000000171180    0.0000000000171196    0.0000000000171087    0.0000000000171149
941.0    0.0000000000171090    0.0000000000171134    0.0000000000171152    0.0000000000171037    0.0000000000171105
943.0    0.0000000000171041    0.0000000000171088    0.0000000000171106    0.0000000000170986    0.0000000000171060
945.0    0.0000000000170992    0.0000000000171041    0.0000000000171061    0.0000000000170936    0.0000000000171011
947.0    0.0000000000170942    0.0000000000170990    0.0000000000171014    0.0000000000170881    0.0000000000170960
949.0    0.0000000000170889    0.0000000000170937    0.0000000000170963    0.0000000000170825    0.0000000000170908
951.0    0.0000000000170834    0.0000000000170883    0.0000000000170910    0.0000000000170770    0.0000000000170854
953.0    0.0000000000170777    0.0000000000170829    0.0000000000170858    0.0000000000170710    0.0000000000170801
955.0    0.0000000000170719    0.0000000000170773    0.0000000000170805    0.0000000000170649    0.0000000000170746
957.0    0.0000000000170662    0.0000000000170714    0.0000000000170748    0.0000000000170589    0.0000000000170687
959.0    0.0000000000170600    0.0000000000170653    0.0000000000170688    0.0000000000170524    0.0000000000170627
961.0    0.0000000000170537    0.0000000000170591    0.0000000000170630    0.0000000000170458    0.0000000000170565
963.0    0.0000000000170472    0.0000000000170528    0.0000000000170570    0.0000000000170393    0.0000000000170504
965.0    0.0000000000170406    0.0000000000170465    0.0000000000170506    0.0000000000170323    0.0000000000170441
967.0    0.0000000000170337    0.0000000000170398    0.0000000000170440    0.0000000000170251    0.0000000000170374
969.0    0.0000000000170267    0.0000000000170328    0.0000000000170376    0.0000000000170181    0.0000000000170305
971.0    0.0000000000170199    0.0000000000170257    0.0000000000170309    0.0000000000170106    0.0000000000170235
973.0    0.0000000000170125    0.0000000000170187    0.0000000000170239    0.0000000000170030    0.0000000000170166
975.0    0.0000000000170050    0.0000000000170116    0.0000000000170166    0.0000000000169955    0.0000000000170095
977.0    0.0000000000169974    0.0000000000170040    0.0000000000170095    0.0000000000169874    0.0000000000170019
979.0    0.0000000000169895    0.0000000000169962    0.0000000000170022    0.0000000000169793    0.0000000000169942
981.0    0.0000000000169818    0.0000000000169882    0.0000000000169944    0.0000000000169713    0.0000000000169863
983.0    0.0000000000169736    0.0000000000169804    0.0000000000169865    0.0000000000169631    0.0000000000169782
985.0    0.0000000000169653    0.0000000000169724    0.0000000000169787    0.0000000000169544    0.0000000000169703
987.0    0.0000000000169567    0.0000000000169639    0.0000000000169708    0.0000000000169455    0.0000000000169622
989.0    0.0000000000169480    0.0000000000169553    0.0000000000169623    0.0000000000169368    0.0000000000169537
991.0    0.0000000000169391    0.0000000000169464    0.0000000000169536    0.0000000000169276    0.0000000000169449
993.0    0.0000000000169301    0.0000000000169377    0.0000000000169451    0.0000000000169181    0.0000000000169359
995.0    0.0000000000169212    0.0000000000169290    0.0000000000169365    0.0000000000169089    0.0000000000169272
997.0    0.0000000000169118    0.0000000000169196    0.0000000000169273    0.0000000000168991    0.0000000000169182
999.0    0.0000000000169021    0.0000000000169100    0.0000000000169180    0.0000000000168891    0.0000000000169088
1001.0    0.0000000000168924    0.0000000000169003    0.0000000000169088    0.0000000000168794    0.0000000000168991
1003.0    0.0000000000168824    0.0000000000168908    0.0000000000168995    0.0000000000168690    0.0000000000168892
1005.0    0.0000000000168726    0.0000000000168811    0.0000000000168896    0.0000000000168585    0.0000000000168796
1007.0    0.0000000000168623    0.0000000000168708    0.0000000000168795    0.0000000000168482    0.0000000000168698
1009.0    0.0000000000168518    0.0000000000168603    0.0000000000168697    0.0000000000168372    0.0000000000168594
1011.0    0.0000000000168411    0.0000000000168497    0.0000000000168596    0.0000000000168261    0.0000000000168488
1013.0    0.0000000000168302    0.0000000000168392    0.0000000000168490    0.0000000000168153    0.0000000000168380
1015.0    0.0000000000168195    0.0000000000168286    0.0000000000168381    0.0000000000168038    0.0000000000168271
1017.0    0.0000000000168082    0.0000000000168174    0.0000000000168276    0.0000000000167921    0.0000000000168164
1019.0    0.0000000000167967    0.0000000000168060    0.0000000000168168    0.0000000000167807    0.0000000000168055
1021.0    0.0000000000167851    0.0000000000167944    0.0000000000168054    0.0000000000167685    0.0000000000167940
1023.0    0.0000000000167732    0.0000000000167830    0.0000000000167938    0.0000000000167562    0.0000000000167822
1025.0    0.0000000000167611    0.0000000000167715    0.0000000000167825    0.0000000000167443    0.0000000000167703
1027.0    0.0000000000167489    0.0000000000167593    0.0000000000167710    0.0000000000167321    0.0000000000167586
1029.0    0.0000000000167369    0.0000000000167469    0.0000000000167588    0.0000000000167192    0.0000000000167468
1031.0    0.0000000000167242    0.0000000000167343    0.0000000000167464    0.0000000000167060    0.0000000000167343
1033.0    0.0000000000167114    0.0000000000167220    0.0000000000167343    0.0000000000166933    0.0000000000167216
1035.0    0.0000000000166983    0.0000000000167095    0.0000000000167220    0.0000000000166797    0.0000000000167086
1037.0    0.0000000000166850    0.0000000000166963    0.0000000000167090    0.0000000000166660    0.0000000000166960
1039.0    0.0000000000166721    0.0000000000166828    0.0000000000166958    0.0000000000166526    0.0000000000166832
1041.0    0.0000000000166584    0.0000000000166692    0.0000000000166830    0.0000000000166384    0.0000000000166697
1043.0    0.0000000000166445    0.0000000000166559    0.0000000000166699    0.0000000000166240    0.0000000000166559
1045.0    0.0000000000166304    0.0000000000166424    0.0000000000166561    0.0000000000166101    0.0000000000166419
1047.0    0.0000000000166160    0.0000000000166281    0.0000000000166420    0.0000000000165953    0.0000000000166277
1049.0    0.0000000000166021    0.0000000000166136    0.0000000000166283    0.0000000000165802    0.0000000000166139
1051.0    0.0000000000165874    0.0000000000165995    0.0000000000166145    0.0000000000165656    0.0000000000165999
1053.0    0.0000000000165724    0.0000000000165851    0.0000000000165998    0.0000000000165501    0.0000000000165850
1055.0    0.0000000000165572    0.0000000000165700    0.0000000000165849    0.0000000000165344    0.0000000000165700
1057.0    0.0000000000165418    0.0000000000165547    0.0000000000165704    0.0000000000165192    0.0000000000165547
1059.0    0.0000000000165261    0.0000000000165391    0.0000000000165557    0.0000000000165030    0.0000000000165399
1061.0    0.0000000000165103    0.0000000000165239    0.0000000000165401    0.0000000000164866    0.0000000000165248
1063.0    0.0000000000164949    0.0000000000165084    0.0000000000165250    0.0000000000164707    0.0000000000165088
1065.0    0.0000000000164786    0.0000000000164922    0.0000000000165096    0.0000000000164539    0.0000000000164927
1067.0    0.0000000000164621    0.0000000000164757    0.0000000000164934    0.0000000000164368    0.0000000000164763
1069.0    0.0000000000164453    0.0000000000164590    0.0000000000164769    0.0000000000164203    0.0000000000164603
1071.0    0.0000000000164284    0.0000000000164427    0.0000000000164610    0.0000000000164035    0.0000000000164442
1073.0    0.0000000000164119    0.0000000000164262    0.0000000000164448    0.0000000000163858    0.0000000000164271
1075.0    0.0000000000163945    0.0000000000164088    0.0000000000164276    0.0000000000163678    0.0000000000164098
1077.0    0.0000000000163768    0.0000000000163911    0.0000000000164103    0.0000000000163504    0.0000000000163922
1079.0    0.0000000000163590    0.0000000000163732    0.0000000000163934    0.0000000000163320    0.0000000000163745
1081.0    0.0000000000163409    0.0000000000163559    0.0000000000163763    0.0000000000163134    0.0000000000163572
1083.0    0.0000000000163233    0.0000000000163382    0.0000000000163583    0.0000000000162953    0.0000000000163397
1085.0    0.0000000000163048    0.0000000000163197    0.0000000000163401    0.0000000000162762    0.0000000000163213
1087.0    0.0000000000162860    0.0000000000163009    0.0000000000163223    0.0000000000162569    0.0000000000163026
1089.0    0.0000000000162670    0.0000000000162818    0.0000000000163044    0.0000000000162382    0.0000000000162837
1091.0    0.0000000000162478    0.0000000000162633    0.0000000000162855    0.0000000000162185    0.0000000000162653
1093.0    0.0000000000162284    0.0000000000162446    0.0000000000162663    0.0000000000161985    0.0000000000162467
1095.0    0.0000000000162088    0.0000000000162248    0.0000000000162477    0.0000000000161792    0.0000000000162271
1097.0    0.0000000000161897    0.0000000000162049    0.0000000000162289    0.0000000000161588    0.0000000000162073
1099.0    0.0000000000161697    0.0000000000161847    0.0000000000162091    0.0000000000161382    0.0000000000161872
1101.0    0.0000000000161494    0.0000000000161651    0.0000000000161890    0.0000000000161182    0.0000000000161678
1103.0    0.0000000000161289    0.0000000000161453    0.0000000000161696    0.0000000000160972    0.0000000000161482
1105.0    0.0000000000161082    0.0000000000161245    0.0000000000161500    0.0000000000160760    0.0000000000161275
1107.0    0.0000000000160882    0.0000000000161034    0.0000000000161293    0.0000000000160555    0.0000000000161065
1109.0    0.0000000000160671    0.0000000000160822    0.0000000000161084    0.0000000000160339    0.0000000000160854
1111.0    0.0000000000160458    0.0000000000160615    0.0000000000160882    0.0000000000160121    0.0000000000160641
1113.0    0.0000000000160244    0.0000000000160407    0.0000000000160678    0.0000000000159911    0.0000000000160434
1115.0    0.0000000000160027    0.0000000000160188    0.0000000000160463    0.0000000000159689    0.0000000000160226
1117.0    0.0000000000159809    0.0000000000159967    0.0000000000160246    0.0000000000159466    0.0000000000160006
1119.0    0.0000000000159589    0.0000000000159745    0.0000000000160037    0.0000000000159251    0.0000000000159785
1121.0    0.0000000000159376    0.0000000000159529    0.0000000000159825    0.0000000000159035    0.0000000000159562
1123.0    0.0000000000159153    0.0000000000159312    0.0000000000159603    0.0000000000158807    0.0000000000159347
1125.0    0.0000000000158928    0.0000000000159083    0.0000000000159379    0.0000000000158577    0.0000000000159129
1127.0    0.0000000000158701    0.0000000000158854    0.0000000000159162    0.0000000000158356    0.0000000000158901
1129.0    0.0000000000158474    0.0000000000158623    0.0000000000158944    0.0000000000158124    0.0000000000158672
1131.0    0.0000000000158254    0.0000000000158399    0.0000000000158716    0.0000000000157891    0.0000000000158440
1133.0    0.0000000000158023    0.0000000000158174    0.0000000000158485    0.0000000000157667    0.0000000000158207
1135.0    0.0000000000157792    0.0000000000157938    0.0000000000158263    0.0000000000157431    0.0000000000157983
1137.0    0.0000000000157559    0.0000000000157702    0.0000000000158040    0.0000000000157194    0.0000000000157758
1139.0    0.0000000000157325    0.0000000000157464    0.0000000000157806    0.0000000000156967    0.0000000000157521
1141.0    0.0000000000157100    0.0000000000157234    0.0000000000157570    0.0000000000156729    0.0000000000157283
1143.0    0.0000000000156864    0.0000000000157003    0.0000000000157344    0.0000000000156490    0.0000000000157044
1145.0    0.0000000000156628    0.0000000000156762    0.0000000000157116    0.0000000000156261    0.0000000000156815
1147.0    0.0000000000156390    0.0000000000156520    0.0000000000156878    0.0000000000156020    0.0000000000156584
1149.0    0.0000000000156153    0.0000000000156277    0.0000000000156639    0.0000000000155780    0.0000000000156343
1151.0    0.0000000000155914    0.0000000000156043    0.0000000000156409    0.0000000000155549    0.0000000000156101
1153.0    0.0000000000155675    0.0000000000155809    0.0000000000156178    0.0000000000155308    0.0000000000155859
1155.0    0.0000000000155446    0.0000000000155565    0.0000000000155937    0.0000000000155066    0.0000000000155626
1157.0    0.0000000000155207    0.0000000000155321    0.0000000000155696    0.0000000000154835    0.0000000000155393
1159.0    0.0000000000154967    0.0000000000155076    0.0000000000155464    0.0000000000154593    0.0000000000155149
1161.0    0.0000000000154728    0.0000000000154841    0.0000000000155232    0.0000000000154351    0.0000000000154906
1163.0    0.0000000000154488    0.0000000000154605    0.0000000000154989    0.0000000000154120    0.0000000000154662
1165.0    0.0000000000154258    0.0000000000154361    0.0000000000154747    0.0000000000153890    0.0000000000154419
1167.0    0.0000000000154019    0.0000000000154116    0.0000000000154515    0.0000000000153649    0.0000000000154185
1169.0    0.0000000000153780    0.0000000000153882    0.0000000000154283    0.0000000000153409    0.0000000000153952
1171.0    0.0000000000153542    0.0000000000153647    0.0000000000154041    0.0000000000153179    0.0000000000153710
1173.0    0.0000000000153303    0.0000000000153404    0.0000000000153799    0.0000000000152940    0.0000000000153467
1175.0    0.0000000000153066    0.0000000000153162    0.0000000000153568    0.0000000000152701    0.0000000000153225
1177.0    0.0000000000152830    0.0000000000152920    0.0000000000153337    0.0000000000152474    0.0000000000152994
1179.0    0.0000000000152603    0.0000000000152688    0.0000000000153097    0.0000000000152237    0.0000000000152764
1181.0    0.0000000000152368    0.0000000000152457    0.0000000000152857    0.0000000000152001    0.0000000000152524
1183.0    0.0000000000152133    0.0000000000152218    0.0000000000152628    0.0000000000151776    0.0000000000152286
1185.0    0.0000000000151900    0.0000000000151980    0.0000000000152400    0.0000000000151542    0.0000000000152048
1187.0    0.0000000000151668    0.0000000000151743    0.0000000000152162    0.0000000000151309    0.0000000000151821
1189.0    0.0000000000151445    0.0000000000151516    0.0000000000151926    0.0000000000151087    0.0000000000151596
1191.0    0.0000000000151215    0.0000000000151290    0.0000000000151701    0.0000000000150856    0.0000000000151362
1193.0    0.0000000000150986    0.0000000000151057    0.0000000000151476    0.0000000000150626    0.0000000000151128
1195.0    0.0000000000150758    0.0000000000150825    0.0000000000151243    0.0000000000150408    0.0000000000150897
1197.0    0.0000000000150531    0.0000000000150595    0.0000000000151011    0.0000000000150181    0.0000000000150666
1199.0    0.0000000000150315    0.0000000000150375    0.0000000000150790    0.0000000000149956    0.0000000000150447
1201.0    0.0000000000150091    0.0000000000150156    0.0000000000150570    0.0000000000149741    0.0000000000150229
1203.0    0.0000000000149868    0.0000000000149930    0.0000000000150342    0.0000000000149518    0.0000000000150003
1205.0    0.0000000000149647    0.0000000000149705    0.0000000000150115    0.0000000000149297    0.0000000000149778
1207.0    0.0000000000149427    0.0000000000149482    0.0000000000149899    0.0000000000149086    0.0000000000149555
1209.0    0.0000000000149208    0.0000000000149270    0.0000000000149684    0.0000000000148867    0.0000000000149343
1211.0    0.0000000000148991    0.0000000000149059    0.0000000000149462    0.0000000000148650    0.0000000000149132
1213.0    0.0000000000148784    0.0000000000148840    0.0000000000149241    0.0000000000148443    0.0000000000148914
1215.0    0.0000000000148570    0.0000000000148624    0.0000000000149030    0.0000000000148238    0.0000000000148697
1217.0    0.0000000000148357    0.0000000000148409    0.0000000000148821    0.0000000000148024    0.0000000000148482
1219.0    0.0000000000148145    0.0000000000148204    0.0000000000148604    0.0000000000147812    0.0000000000148277
1221.0    0.0000000000147935    0.0000000000148000    0.0000000000148389    0.0000000000147611    0.0000000000148073
1223.0    0.0000000000147735    0.0000000000147790    0.0000000000148184    0.0000000000147402    0.0000000000147863
1225.0    0.0000000000147527    0.0000000000147582    0.0000000000147980    0.0000000000147194    0.0000000000147653
1227.0    0.0000000000147321    0.0000000000147374    0.0000000000147769    0.0000000000146996    0.0000000000147446
1229.0    0.0000000000147116    0.0000000000147177    0.0000000000147559    0.0000000000146790    0.0000000000147239
1231.0    0.0000000000146913    0.0000000000146980    0.0000000000147359    0.0000000000146586    0.0000000000147043
1233.0    0.0000000000146718    0.0000000000146777    0.0000000000147161    0.0000000000146391    0.0000000000146848
1235.0    0.0000000000146517    0.0000000000146575    0.0000000000146955    0.0000000000146189    0.0000000000146645
1237.0    0.0000000000146317    0.0000000000146375    0.0000000000146751    0.0000000000145987    0.0000000000146444
1239.0    0.0000000000146117    0.0000000000146183    0.0000000000146555    0.0000000000145796    0.0000000000146244
1241.0    0.0000000000145919    0.0000000000145992    0.0000000000146361    0.0000000000145596    0.0000000000146053
1243.0    0.0000000000145722    0.0000000000145795    0.0000000000146160    0.0000000000145398    0.0000000000145864
1245.0    0.0000000000145526    0.0000000000145599    0.0000000000145960    0.0000000000145209    0.0000000000145667
1247.0    0.0000000000145338    0.0000000000145404    0.0000000000145769    0.0000000000145012    0.0000000000145471
1249.0    0.0000000000145143    0.0000000000145217    0.0000000000145579    0.0000000000144816    0.0000000000145276
1251.0    0.0000000000144949    0.0000000000145031    0.0000000000145381    0.0000000000144628    0.0000000000145090
1253.0    0.0000000000144756    0.0000000000144838    0.0000000000145185    0.0000000000144434    0.0000000000144905
1255.0    0.0000000000144564    0.0000000000144646    0.0000000000144997    0.0000000000144239    0.0000000000144712
1257.0    0.0000000000144379    0.0000000000144454    0.0000000000144810    0.0000000000144053    0.0000000000144520
1259.0    0.0000000000144188    0.0000000000144271    0.0000000000144616    0.0000000000143868    0.0000000000144329
1261.0    0.0000000000143997    0.0000000000144088    0.0000000000144422    0.0000000000143675    0.0000000000144138
1263.0    0.0000000000143806    0.0000000000143898    0.0000000000144236    0.0000000000143482    0.0000000000143956
1265.0    0.0000000000143615    0.0000000000143708    0.0000000000144051    0.0000000000143297    0.0000000000143773
1267.0    0.0000000000143425    0.0000000000143518    0.0000000000143859    0.0000000000143105    0.0000000000143583
1269.0    0.0000000000143235    0.0000000000143336    0.0000000000143667    0.0000000000142912    0.0000000000143394
1271.0    0.0000000000143053    0.0000000000143154    0.0000000000143483    0.0000000000142728    0.0000000000143205
1273.0    0.0000000000142863    0.0000000000142965    0.0000000000143299    0.0000000000142535    0.0000000000143023
1275.0    0.0000000000142673    0.0000000000142776    0.0000000000143108    0.0000000000142343    0.0000000000142842
1277.0    0.0000000000142484    0.0000000000142587    0.0000000000142916    0.0000000000142159    0.0000000000142652
1279.0    0.0000000000142294    0.0000000000142405    0.0000000000142733    0.0000000000141966    0.0000000000142463
1281.0    0.0000000000142112    0.0000000000142223    0.0000000000142550    0.0000000000141773    0.0000000000142274
1283.0    0.0000000000141922    0.0000000000142034    0.0000000000142358    0.0000000000141588    0.0000000000142092
1285.0    0.0000000000141731    0.0000000000141844    0.0000000000142167    0.0000000000141394    0.0000000000141910
1287.0    0.0000000000141541    0.0000000000141661    0.0000000000141983    0.0000000000141201    0.0000000000141720
1289.0    0.0000000000141350    0.0000000000141478    0.0000000000141799    0.0000000000141015    0.0000000000141530
1291.0    0.0000000000141166    0.0000000000141287    0.0000000000141607    0.0000000000140820    0.0000000000141339
1293.0    0.0000000000140975    0.0000000000141096    0.0000000000141414    0.0000000000140625    0.0000000000141148
1295.0    0.0000000000140783    0.0000000000140904    0.0000000000141230    0.0000000000140438    0.0000000000140964
1297.0    0.0000000000140590    0.0000000000140719    0.0000000000141044    0.0000000000140242    0.0000000000140780
1299.0    0.0000000000140397    0.0000000000140533    0.0000000000140851    0.0000000000140045    0.0000000000140587
1301.0    0.0000000000140203    0.0000000000140340    0.0000000000140657    0.0000000000139856    0.0000000000140394
1303.0    0.0000000000140009    0.0000000000140146    0.0000000000140470    0.0000000000139658    0.0000000000140200
1305.0    0.0000000000139822    0.0000000000139951    0.0000000000140283    0.0000000000139460    0.0000000000140014
1307.0    0.0000000000139627    0.0000000000139763    0.0000000000140087    0.0000000000139269    0.0000000000139826
1309.0    0.0000000000139431    0.0000000000139574    0.0000000000139891    0.0000000000139078    0.0000000000139631
1311.0    0.0000000000139234    0.0000000000139377    0.0000000000139702    0.0000000000138877    0.0000000000139434
1313.0    0.0000000000139036    0.0000000000139180    0.0000000000139513    0.0000000000138676    0.0000000000139237
1315.0    0.0000000000138846    0.0000000000138981    0.0000000000139314    0.0000000000138483    0.0000000000139047
1317.0    0.0000000000138647    0.0000000000138790    0.0000000000139115    0.0000000000138280    0.0000000000138856
1319.0    0.0000000000138448    0.0000000000138597    0.0000000000138924    0.0000000000138076    0.0000000000138657
1321.0    0.0000000000138247    0.0000000000138396    0.0000000000138732    0.0000000000137881    0.0000000000138456
1323.0    0.0000000000138046    0.0000000000138194    0.0000000000138530    0.0000000000137675    0.0000000000138255
1325.0    0.0000000000137844    0.0000000000137992    0.0000000000138328    0.0000000000137469    0.0000000000138053
1327.0    0.0000000000137641    0.0000000000137796    0.0000000000138134    0.0000000000137271    0.0000000000137858
1329.0    0.0000000000137445    0.0000000000137599    0.0000000000137938    0.0000000000137064    0.0000000000137663
1331.0    0.0000000000137241    0.0000000000137394    0.0000000000137734    0.0000000000136855    0.0000000000137458
1333.0    0.0000000000137035    0.0000000000137188    0.0000000000137529    0.0000000000136655    0.0000000000137252
1335.0    0.0000000000136829    0.0000000000136980    0.0000000000137331    0.0000000000136444    0.0000000000137046
1337.0    0.0000000000136622    0.0000000000136780    0.0000000000137133    0.0000000000136233    0.0000000000136847
1339.0    0.0000000000136422    0.0000000000136579    0.0000000000136925    0.0000000000136031    0.0000000000136647
1341.0    0.0000000000136214    0.0000000000136369    0.0000000000136725    0.0000000000135818    0.0000000000136438
1343.0    0.0000000000136004    0.0000000000136158    0.0000000000136524    0.0000000000135604    0.0000000000136227
1345.0    0.0000000000135794    0.0000000000135947    0.0000000000136313    0.0000000000135399    0.0000000000136016
1347.0    0.0000000000135583    0.0000000000135742    0.0000000000136102    0.0000000000135184    0.0000000000135804
1349.0    0.0000000000135378    0.0000000000135537    0.0000000000135899    0.0000000000134968    0.0000000000135600
1351.0    0.0000000000135166    0.0000000000135322    0.0000000000135694    0.0000000000134761    0.0000000000135395
1353.0    0.0000000000134952    0.0000000000135107    0.0000000000135480    0.0000000000134553    0.0000000000135181
1355.0    0.0000000000134738    0.0000000000134891    0.0000000000135266    0.0000000000134334    0.0000000000134965
1357.0    0.0000000000134523    0.0000000000134682    0.0000000000135059    0.0000000000134116    0.0000000000134749
1359.0    0.0000000000134307    0.0000000000134472    0.0000000000134852    0.0000000000133905    0.0000000000134540
1361.0    0.0000000000134090    0.0000000000134254    0.0000000000134634    0.0000000000133685    0.0000000000134331
1363.0    0.0000000000133881    0.0000000000134034    0.0000000000134417    0.0000000000133464    0.0000000000134112
1365.0    0.0000000000133663    0.0000000000133814    0.0000000000134207    0.0000000000133252    0.0000000000133893
1367.0    0.0000000000133444    0.0000000000133601    0.0000000000133996    0.0000000000133030    0.0000000000133672
1369.0    0.0000000000133225    0.0000000000133388    0.0000000000133776    0.0000000000132807    0.0000000000133460
1371.0    0.0000000000133005    0.0000000000133165    0.0000000000133555    0.0000000000132593    0.0000000000133247
1373.0    0.0000000000132793    0.0000000000132942    0.0000000000133343    0.0000000000132369    0.0000000000133025
1375.0    0.0000000000132572    0.0000000000132718    0.0000000000133130    0.0000000000132145    0.0000000000132801
1377.0    0.0000000000132350    0.0000000000132502    0.0000000000132907    0.0000000000131930    0.0000000000132577
1379.0    0.0000000000132128    0.0000000000132285    0.0000000000132684    0.0000000000131705    0.0000000000132352
1381.0    0.0000000000131905    0.0000000000132059    0.0000000000132469    0.0000000000131479    0.0000000000132136
1383.0    0.0000000000131691    0.0000000000131833    0.0000000000132253    0.0000000000131263    0.0000000000131920
1385.0    0.0000000000131467    0.0000000000131606    0.0000000000132028    0.0000000000131037    0.0000000000131694
1387.0    0.0000000000131244    0.0000000000131387    0.0000000000131803    0.0000000000130811    0.0000000000131467
1389.0    0.0000000000131019    0.0000000000131168    0.0000000000131586    0.0000000000130594    0.0000000000131240
1391.0    0.0000000000130795    0.0000000000130940    0.0000000000131369    0.0000000000130367    0.0000000000131021
1393.0    0.0000000000130570    0.0000000000130711    0.0000000000131142    0.0000000000130140    0.0000000000130803
1395.0    0.0000000000130345    0.0000000000130482    0.0000000000130915    0.0000000000129923    0.0000000000130574
1397.0    0.0000000000130130    0.0000000000130262    0.0000000000130697    0.0000000000129706    0.0000000000130346
1399.0    0.0000000000129905    0.0000000000130042    0.0000000000130479    0.0000000000129479    0.0000000000130117
1401.0    0.0000000000129680    0.0000000000129812    0.0000000000130251    0.0000000000129253    0.0000000000129897
1403.0    0.0000000000129455    0.0000000000129583    0.0000000000130024    0.0000000000129036    0.0000000000129678
1405.0    0.0000000000129230    0.0000000000129362    0.0000000000129805    0.0000000000128810    0.0000000000129449
1407.0    0.0000000000129014    0.0000000000129142    0.0000000000129587    0.0000000000128584    0.0000000000129220
1409.0    0.0000000000128790    0.0000000000128912    0.0000000000129359    0.0000000000128368    0.0000000000128991
1411.0    0.0000000000128565    0.0000000000128683    0.0000000000129132    0.0000000000128143    0.0000000000128762
1413.0    0.0000000000128341    0.0000000000128454    0.0000000000128913    0.0000000000127918    0.0000000000128543
1415.0    0.0000000000128118    0.0000000000128234    0.0000000000128695    0.0000000000127704    0.0000000000128324
1417.0    0.0000000000127895    0.0000000000128015    0.0000000000128468    0.0000000000127480    0.0000000000128095
1419.0    0.0000000000127672    0.0000000000127787    0.0000000000128241    0.0000000000127257    0.0000000000127868
1421.0    0.0000000000127459    0.0000000000127560    0.0000000000128024    0.0000000000127044    0.0000000000127641
1423.0    0.0000000000127238    0.0000000000127333    0.0000000000127808    0.0000000000126823    0.0000000000127424
1425.0    0.0000000000127018    0.0000000000127115    0.0000000000127583    0.0000000000126602    0.0000000000127207
1427.0    0.0000000000126798    0.0000000000126899    0.0000000000127358    0.0000000000126392    0.0000000000126981
1429.0    0.0000000000126579    0.0000000000126674    0.0000000000127143    0.0000000000126173    0.0000000000126757
1431.0    0.0000000000126370    0.0000000000126450    0.0000000000126929    0.0000000000125956    0.0000000000126533
1433.0    0.0000000000126152    0.0000000000126227    0.0000000000126706    0.0000000000125749    0.0000000000126319
1435.0    0.0000000000125936    0.0000000000126014    0.0000000000126485    0.0000000000125534    0.0000000000126107
1437.0    0.0000000000125721    0.0000000000125802    0.0000000000126273    0.0000000000125320    0.0000000000125886
1439.0    0.0000000000125508    0.0000000000125582    0.0000000000126062    0.0000000000125116    0.0000000000125666
1441.0    0.0000000000125304    0.0000000000125364    0.0000000000125844    0.0000000000124905    0.0000000000125447
1443.0    0.0000000000125092    0.0000000000125147    0.0000000000125626    0.0000000000124695    0.0000000000125230
1445.0    0.0000000000124883    0.0000000000124940    0.0000000000125419    0.0000000000124495    0.0000000000125023
1447.0    0.0000000000124674    0.0000000000124734    0.0000000000125213    0.0000000000124297    0.0000000000124818
1449.0    0.0000000000124467    0.0000000000124521    0.0000000000124999    0.0000000000124092    0.0000000000124604
1451.0    0.0000000000124262    0.0000000000124310    0.0000000000124787    0.0000000000123888    0.0000000000124393
1453.0    0.0000000000124058    0.0000000000124100    0.0000000000124585    0.0000000000123695    0.0000000000124183
1455.0    0.0000000000123864    0.0000000000123901    0.0000000000124384    0.0000000000123495    0.0000000000123983
1457.0    0.0000000000123663    0.0000000000123703    0.0000000000124176    0.0000000000123296    0.0000000000123786
1459.0    0.0000000000123465    0.0000000000123498    0.0000000000123970    0.0000000000123108    0.0000000000123581
1461.0    0.0000000000123268    0.0000000000123296    0.0000000000123774    0.0000000000122913    0.0000000000123378
1463.0    0.0000000000123072    0.0000000000123096    0.0000000000123580    0.0000000000122720    0.0000000000123177
1465.0    0.0000000000122887    0.0000000000122905    0.0000000000123379    0.0000000000122538    0.0000000000122986
1467.0    0.0000000000122696    0.0000000000122717    0.0000000000123180    0.0000000000122349    0.0000000000122798
1469.0    0.0000000000122507    0.0000000000122523    0.0000000000122991    0.0000000000122162    0.0000000000122603
1471.0    0.0000000000122319    0.0000000000122331    0.0000000000122804    0.0000000000121985    0.0000000000122410
1473.0    0.0000000000122134    0.0000000000122141    0.0000000000122611    0.0000000000121802    0.0000000000122219
1475.0    0.0000000000121951    0.0000000000121960    0.0000000000122420    0.0000000000121622    0.0000000000122031
1477.0    0.0000000000121770    0.0000000000121782    0.0000000000122238    0.0000000000121451    0.0000000000121853
1479.0    0.0000000000121598    0.0000000000121599    0.0000000000122059    0.0000000000121275    0.0000000000121676
1481.0    0.0000000000121421    0.0000000000121418    0.0000000000121874    0.0000000000121101    0.0000000000121495
1483.0    0.0000000000121246    0.0000000000121240    0.0000000000121692    0.0000000000120936    0.0000000000121315
1485.0    0.0000000000121074    0.0000000000121071    0.0000000000121518    0.0000000000120766    0.0000000000121138
