9.0    0.0000000000000000    0.0000000000000000    0.0000000000000000    0.0000000000000000    0.0000000000000000
11.0    0.0000000000000000    0.0000000000000000    0.0000000000000000    0.0000000000000000    0.0000000000000000
13.0    0.0000000000000000    0.0000000000000000    0.0000000000000000    0.0000000000000000    0.0000000000000000
15.0    0.0000000000000000    0.0000000000000000    0.0000000000000000    0.0000000000000000    0.0000000000000000
17.0    0.0000000000000000    0.0000000000000000    0.0000000000000000    0.0000000000000000    0.0000000000000000
19.0    0.0000000000000000    0.0000000000000000    0.0000000000000000    0.0000000000000000    0.0000000000000000
21.0    0.0000000000000000    0.0000000000000000    0.0000000000000000    0.0000000000000000    0.0000000000000000
23.0    0.0000000000000000    0.0000000000000000    0.0000000000000000    0.0000000000000000    0.0000000000000000
25.0    0.0000000000000000    0.0000000000000000    0.0000000000000000    0.0000000000000000    0.0000000000000000
27.0    0.0000000000000000    0.0000000000000000    0.0000000000000000    0.0000000000000000    0.0000000000000000
29.0    0.0000000000000000    0.0000000000000000    0.0000000000000000    0.0000000000000000    0.0000000000000000
31.0    0.0000000000000000    0.0000000000000000    0.0000000000000000    0.0000000000000000    0.0000000000000000
33.0    0.0000000000000000    0.0000000000000000    0.0000000000000000    0.0000000000000000    0.0000000000000000
35.0    0.0000000000000000    0.0000000000000000    0.0000000000000000    0.0000000000000000    0.0000000000000000
37.0    0.0000000000000000    0.0000000000000000    0.0000000000000000    0.0000000000000000    0.0000000000000000
39.0    0.0000000000000000    0.0000000000000000    0.0000000000000000    0.0000000000000000    0.0000000000000000
41.0    0.0000000000000000    0.0000000000000000    0.0000000000000000    0.0000000000000000    0.0000000000000000
43.0    0.0000000000000000    0.0000000000000000    0.0000000000000000    0.0000000000000000    0.0000000000000000
45.0    0.0000000000000000    0.0000000000000000    0.0000000000000000    0.0000000000000000    0.0000000000000000
47.0    0.0000000000000000    0.0000000000000000    0.0000000000000000    0.0000000000000000    0.0000000000000000
49.0    0.0000000000000000    0.0000000000000000    0.0000000000000000    0.0000000000000000    0.0000000000000000
51.0    0.0000000000000000    0.0000000000000000    0.0000000000000000    0.0000000000000000    0.0000000000000000
53.0    0.0000000000000000    0.0000000000000000    0.0000000000000000    0.0000000000000000    0.0000000000000000
55.0    0.0000000000000000    0.0000000000000000    0.0000000000000000    0.0000000000000000    0.0000000000000000
57.0    0.0000000000000000    0.0000000000000000    0.0000000000000000    0.0000000000000000    0.0000000000000000
59.0    0.0000000000000000    0.0000000000000000    0.0000000000000000    0.0000000000000000    0.0000000000000000
61.0    0.0000000000000000    0.0000000000000000    0.0000000000000000    0.0000000000000000    0.0000000000000000
63.0    0.0000000000000000    0.0000000000000000    0.0000000000000000    0.0000000000000000    0.0000000000000000
65.0    0.0000000000000000    0.0000000000000000    0.0000000000000000    0.0000000000000000    0.0000000000000000
67.0    0.0000000000000000    0.0000000000000000    0.0000000000000000    0.0000000000000000    0.0000000000000000
69.0    0.0000000000000000    0.0000000000000000    0.0000000000000000    0.0000000000000000    0.0000000000000000
71.0    0.0000000000000000    0.0000000000000000    0.0000000000000000    0.0000000000000000    0.0000000000000000
73.0    0.0000000000000000    0.0000000000000000    0.0000000000000000    0.0000000000000000    0.0000000000000000
75.0    0.0000000000000000    0.0000000000000000    0.0000000000000000    0.0000000000000000    0.0000000000000000
77.0    0.0000000000000000    0.0000000000000000    0.0000000000000000    0.0000000000000000    0.0000000000000000
79.0    0.0000000000000000    0.0000000000000000    0.0000000000000000    0.0000000000000000    0.0000000000000000
81.0    0.0000000000000000    0.0000000000000000    0.0000000000000000    0.0000000000000000    0.0000000000000000
83.0    0.0000000000000000    0.0000000000000000    0.0000000000000000    0.0000000000000000    0.0000000000000000
85.0    0.0000000000000000    0.0000000000000000    0.0000000000000000    0.0000000000000000    0.0000000000000000
87.0    0.0000000000000000    0.0000000000000000    0.0000000000000000    0.0000000000000000    0.0000000000000000
89.0    0.0000000000000000    0.0000000000000000    0.0000000000000000    0.0000000000000000    0.0000000000000000
91.0    0.0000000000000000    0.0000000000000000    0.0000000000000000    0.0000000000000000    0.0000000000000000
93.0    0.0000000000000000    0.0000000000000000    0.0000000000000000    0.0000000000000000    0.0000000000000000
95.0    0.0000000000000000    0.0000000000000000    0.0000000000000000    0.0000000000000000    0.0000000000000000
97.0    0.0000000000000000    0.0000000000000000    0.0000000000000000    0.0000000000000000    0.0000000000000000
99.0    0.0000000000000000    0.0000000000000000    0.0000000000000000    0.0000000000000000    0.0000000000000000
101.0    0.0000000000000000    0.0000000000000000    0.0000000000000000    0.0000000000000000    0.0000000000000000
103.0    0.0000000000000000    0.0000000000000000    0.0000000000000000    0.0000000000000000    0.0000000000000000
105.0    0.0000000000000000    0.0000000000000000    0.0000000000000000    0.0000000000000000    0.0000000000000000
107.0    0.0000000000000000    0.0000000000000000    0.0000000000000000    0.0000000000000000    0.0000000000000000
109.0    0.0000000000000000    0.0000000000000000    0.0000000000000000    0.0000000000000000    0.0000000000000000
111.0    0.0000000000000000    0.0000000000000000    0.0000000000000000    0.0000000000000000    0.0000000000000000
113.0    0.0000000000000000    0.0000000000000000    0.0000000000000000    0.0000000000000000    0.0000000000000000
115.0    0.0000000000000000    0.0000000000000000    0.0000000000000000    0.0000000000000000    0.0000000000000000
117.0    0.0000000000000000    0.0000000000000000    0.0000000000000000    0.0000000000000000    0.0000000000000000
119.0    0.0000000000000000    0.0000000000000000    0.0000000000000000    0.0000000000000000    0.0000000000000000
121.0    0.0000000000000000    0.0000000000000000    0.0000000000000000    0.0000000000000000    0.0000000000000000
123.0    0.0000000000000000    0.0000000000000000    0.0000000000000000    0.0000000000000000    0.0000000000000000
125.0    0.0000000000000000    0.0000000000000000    0.0000000000000000    0.0000000000000000    0.0000000000000000
127.0    0.0000000000000000    0.0000000000000000    0.0000000000000000    0.0000000000000000    0.0000000000000000
129.0    0.0000000000000000    0.0000000000000000    0.0000000000000000    0.0000000000000000    0.0000000000000000
131.0    0.0000000000000000    0.0000000000000000    0.0000000000000000    0.0000000000000000    0.0000000000000000
133.0    0.0000000000000000    0.0000000000000000    0.0000000000000000    0.0000000000000000    0.0000000000000000
135.0    0.0000000000000000    0.0000000000000000    0.0000000000000000    0.0000000000000000    0.0000000000000000
137.0    0.0000000000000000    0.0000000000000000    0.0000000000000000    0.0000000000000000    0.0000000000000000
139.0    0.0000000000000000    0.0000000000000000    0.0000000000000000    0.0000000000000000    0.0000000000000000
141.0    0.0000000000000000    0.0000000000000000    0.0000000000000000    0.0000000000000000    0.0000000000000000
143.0    0.0000000000000000    0.0000000000000000    0.0000000000000000    0.0000000000000000    0.0000000000000000
145.0    0.0000000000000000    0.0000000000000000    0.0000000000000000    0.0000000000000000    0.0000000000000000
147.0    0.0000000000000000    0.0000000000000000    0.0000000000000000    0.0000000000000000    0.0000000000000000
149.0    0.0000000000000000    0.0000000000000000    0.0000000000000000    0.0000000000000000    0.0000000000000000
151.0    0.0000000000000000    0.0000000000000000    0.0000000000000000    0.0000000000000000    0.0000000000000000
153.0    0.0000000000000000    0.0000000000000000    0.0000000000000000    0.0000000000000000    0.0000000000000000
155.0    0.0000000000000000    0.0000000000000000    0.0000000000000000    0.0000000000000000    0.0000000000000000
157.0    0.0000000000000000    0.0000000000000000    0.0000000000000000    0.0000000000000000    0.0000000000000000
159.0    0.0000000000000000    0.0000000000000000    0.0000000000000000    0.0000000000000000    0.0000000000000000
161.0    0.0000000000000000    0.0000000000000000    0.0000000000000000    0.0000000000000000    0.0000000000000000
163.0    0.0000000000000000    0.0000000000000000    0.0000000000000000    0.0000000000000000    0.0000000000000000
165.0    0.0000000000000000    0.0000000000000000    0.0000000000000000    0.0000000000000000    0.0000000000000000
167.0    0.0000000000000000    0.0000000000000000    0.0000000000000000    0.0000000000000000    0.0000000000000000
169.0    0.0000000000000000    0.0000000000000000    0.0000000000000000    0.0000000000000000    0.0000000000000000
171.0    0.0000000000000000    0.0000000000000000    0.0000000000000000    0.0000000000000000    0.0000000000000000
173.0    0.0000000000000000    0.0000000000000000    0.0000000000000000    0.0000000000000000    0.0000000000000000
175.0    0.0000000000000000    0.0000000000000000    0.0000000000000000    0.0000000000000000    0.0000000000000000
177.0    0.0000000000000000    0.0000000000000000    0.0000000000000000    0.0000000000000000    0.0000000000000000
179.0    0.0000000000000001    0.0000000000000000    0.0000000000000001    0.0000000000000000    0.0000000000000001
181.0    0.0000000000000001    0.0000000000000000    0.0000000000000001    0.0000000000000001    0.0000000000000001
183.0    0.0000000000000001    0.0000000000000001    0.0000000000000001    0.0000000000000001    0.0000000000000001
185.0    0.0000000000000001    0.0000000000000001    0.0000000000000002    0.0000000000000001    0.0000000000000002
187.0    0.0000000000000002    0.0000000000000001    0.0000000000000002    0.0000000000000002    0.0000000000000002
189.0    0.0000000000000003    0.0000000000000002    0.0000000000000003    0.0000000000000003    0.0000000000000003
191.0    0.0000000000000003    0.0000000000000002    0.0000000000000004    0.0000000000000003    0.0000000000000004
193.0    0.0000000000000005    0.0000000000000003    0.0000000000000005    0.0000000000000005    0.0000000000000005
195.0    0.0000000000000006    0.0000000000000004    0.0000000000000007    0.0000000000000006    0.0000000000000007
197.0    0.0000000000000008    0.0000000000000006    0.0000000000000009    0.0000000000000008    0.0000000000000009
199.0    0.0000000000000011    0.0000000000000008    0.0000000000000012    0.0000000000000011    0.0000000000000012
201.0    0.0000000000000014    0.0000000000000010    0.0000000000000015    0.0000000000000014    0.0000000000000015
203.0    0.0000000000000018    0.0000000000000014    0.0000000000000019    0.0000000000000018    0.0000000000000020
205.0    0.0000000000000024    0.0000000000000018    0.0000000000000025    0.0000000000000024    0.0000000000000025
207.0    0.0000000000000030    0.0000000000000023    0.0000000000000032    0.0000000000000031    0.0000000000000032
209.0    0.0000000000000039    0.0000000000000029    0.0000000000000040    0.0000000000000039    0.0000000000000041
211.0    0.0000000000000049    0.0000000000000038    0.0000000000000051    0.0000000000000049    0.0000000000000052
213.0    0.0000000000000062    0.0000000000000048    0.0000000000000064    0.0000000000000063    0.0000000000000066
215.0    0.0000000000000078    0.0000000000000062    0.0000000000000080    0.0000000000000079    0.0000000000000082
217.0    0.0000000000000098    0.0000000000000077    0.0000000000000099    0.0000000000000099    0.0000000000000102
219.0    0.0000000000000122    0.0000000000000096    0.0000000000000124    0.0000000000000123    0.0000000000000127
221.0    0.0000000000000150    0.0000000000000121    0.0000000000000153    0.0000000000000153    0.0000000000000157
223.0    0.0000000000000186    0.0000000000000151    0.0000000000000188    0.0000000000000188    0.0000000000000194
225.0    0.0000000000000228    0.0000000000000187    0.0000000000000229    0.0000000000000232    0.0000000000000236
227.0    0.0000000000000279    0.0000000000000229    0.0000000000000280    0.0000000000000285    0.0000000000000286
229.0    0.0000000000000340    0.0000000000000280    0.0000000000000341    0.0000000000000345    0.0000000000000348
231.0    0.0000000000000409    0.0000000000000342    0.0000000000000409    0.0000000000000420    0.0000000000000422
233.0    0.0000000000000494    0.0000000000000417    0.0000000000000490    0.0000000000000508    0.0000000000000508
235.0    0.0000000000000593    0.0000000000000502    0.0000000000000589    0.0000000000000607    0.0000000000000605
237.0    0.0000000000000709    0.0000000000000603    0.0000000000000705    0.0000000000000722    0.0000000000000718
239.0    0.0000000000000844    0.0000000000000724    0.0000000000000833    0.0000000000000862    0.0000000000000855
241.0    0.0000000000001001    0.0000000000000866    0.0000000000000981    0.0000000000001024    0.0000000000001012
243.0    0.0000000000001180    0.0000000000001031    0.0000000000001158    0.0000000000001202    0.0000000000001194
245.0    0.0000000000001378    0.0000000000001214    0.0000000000001360    0.0000000000001415    0.0000000000001401
247.0    0.0000000000001611    0.0000000000001422    0.0000000000001581    0.0000000000001657    0.0000000000001627
249.0    0.0000000000001876    0.0000000000001669    0.0000000000001831    0.0000000000001921    0.0000000000001882
251.0    0.0000000000002175    0.0000000000001949    0.0000000000002124    0.0000000000002231    0.0000000000002181
253.0    0.0000000000002510    0.0000000000002266    0.0000000000002454    0.0000000000002579    0.0000000000002518
255.0    0.0000000000002870    0.0000000000002607    0.0000000000002808    0.0000000000002952    0.0000000000002895
257.0    0.0000000000003288    0.0000000000002989    0.0000000000003201    0.0000000000003386    0.0000000000003296
259.0    0.0000000000003751    0.0000000000003430    0.0000000000003656    0.0000000000003868    0.0000000000003741
261.0    0.0000000000004264    0.0000000000003920    0.0000000000004160    0.0000000000004377    0.0000000000004253
263.0    0.0000000000004828    0.0000000000004463    0.0000000000004691    0.0000000000004964    0.0000000000004817
265.0    0.0000000000005423    0.0000000000005038    0.0000000000005274    0.0000000000005608    0.0000000000005437
267.0    0.0000000000006100    0.0000000000005669    0.0000000000005938    0.0000000000006281    0.0000000000006085
269.0    0.0000000000006837    0.0000000000006386    0.0000000000006662    0.0000000000007048    0.0000000000006791
271.0    0.0000000000007639    0.0000000000007169    0.0000000000007416    0.0000000000007880    0.0000000000007589
273.0    0.0000000000008506    0.0000000000008022    0.0000000000008230    0.0000000000008742    0.0000000000008453
275.0    0.0000000000009441    0.0000000000008909    0.0000000000009145    0.0000000000009712    0.0000000000009385
277.0    0.0000000000010445    0.0000000000009864    0.0000000000010085    0.0000000000010752    0.0000000000010385
279.0    0.0000000000011474    0.0000000000010931    0.0000000000011090    0.0000000000011816    0.0000000000011408
281.0    0.0000000000012614    0.0000000000012074    0.0000000000012205    0.0000000000012945    0.0000000000012495
283.0    0.0000000000013821    0.0000000000013290    0.0000000000013389    0.0000000000014194    0.0000000000013695
285.0    0.0000000000015096    0.0000000000014528    0.0000000000014586    0.0000000000015511    0.0000000000014963
287.0    0.0000000000016434    0.0000000000015831    0.0000000000015844    0.0000000000016832    0.0000000000016294
289.0    0.0000000000017776    0.0000000000017250    0.0000000000017217    0.0000000000018274    0.0000000000017626
291.0    0.0000000000019230    0.0000000000018731    0.0000000000018648    0.0000000000019771    0.0000000000019012
293.0    0.0000000000020735    0.0000000000020267    0.0000000000020071    0.0000000000021253    0.0000000000020510
295.0    0.0000000000022289    0.0000000000021790    0.0000000000021542    0.0000000000022849    0.0000000000022058
297.0    0.0000000000023885    0.0000000000023353    0.0000000000023122    0.0000000000024485    0.0000000000023649
299.0    0.0000000000025454    0.0000000000025015    0.0000000000024744    0.0000000000026086    0.0000000000025211
301.0    0.0000000000027121    0.0000000000026708    0.0000000000026334    0.0000000000027790    0.0000000000026807
303.0    0.0000000000028818    0.0000000000028427    0.0000000000027956    0.0000000000029523    0.0000000000028504
305.0    0.0000000000030543    0.0000000000030100    0.0000000000029679    0.0000000000031205    0.0000000000030230
307.0    0.0000000000032293    0.0000000000031792    0.0000000000031431    0.0000000000032986    0.0000000000031984
309.0    0.0000000000034067    0.0000000000033568    0.0000000000033136    0.0000000000034791    0.0000000000033764
311.0    0.0000000000035865    0.0000000000035362    0.0000000000034866    0.0000000000036539    0.0000000000035494
313.0    0.0000000000037615    0.0000000000037175    0.0000000000036697    0.0000000000038391    0.0000000000037248
315.0    0.0000000000039465    0.0000000000038939    0.0000000000038558    0.0000000000040272    0.0000000000039107
317.0    0.0000000000041344    0.0000000000040727    0.0000000000040370    0.0000000000042100    0.0000000000040997
319.0    0.0000000000043258    0.0000000000042616    0.0000000000042214    0.0000000000044046    0.0000000000042922
321.0    0.0000000000045209    0.0000000000044541    0.0000000000044174    0.0000000000046033    0.0000000000044802
323.0    0.0000000000047123    0.0000000000046508    0.0000000000046176    0.0000000000047977    0.0000000000046722
325.0    0.0000000000049164    0.0000000000048444    0.0000000000048139    0.0000000000050060    0.0000000000048772
327.0    0.0000000000051258    0.0000000000050431    0.0000000000050149    0.0000000000052199    0.0000000000050875
329.0    0.0000000000053410    0.0000000000052554    0.0000000000052301    0.0000000000054303    0.0000000000053035
331.0    0.0000000000055625    0.0000000000054742    0.0000000000054515    0.0000000000056470    0.0000000000055164
333.0    0.0000000000057909    0.0000000000057000    0.0000000000056698    0.0000000000058805    0.0000000000057356
335.0    0.0000000000060265    0.0000000000059240    0.0000000000058947    0.0000000000061217    0.0000000000059713
337.0    0.0000000000062599    0.0000000000061553    0.0000000000061368    0.0000000000063600    0.0000000000062147
339.0    0.0000000000065111    0.0000000000064038    0.0000000000063868    0.0000000000066175    0.0000000000064662
341.0    0.0000000000067707    0.0000000000066609    0.0000000000066344    0.0000000000068839    0.0000000000067262
343.0    0.0000000000070394    0.0000000000069270    0.0000000000068902    0.0000000000071475    0.0000000000069838
345.0    0.0000000000073174    0.0000000000071916    0.0000000000071661    0.0000000000074326    0.0000000000072500
347.0    0.0000000000075934    0.0000000000074653    0.0000000000074517    0.0000000000077278    0.0000000000075374
349.0    0.0000000000078909    0.0000000000077598    0.0000000000077348    0.0000000000080201    0.0000000000078348
351.0    0.0000000000081987    0.0000000000080649    0.0000000000080277    0.0000000000083364    0.0000000000081429
353.0    0.0000000000085176    0.0000000000083684    0.0000000000083439    0.0000000000086640    0.0000000000084483
355.0    0.0000000000088477    0.0000000000086827    0.0000000000086714    0.0000000000089884    0.0000000000087643
357.0    0.0000000000091757    0.0000000000090210    0.0000000000089962    0.0000000000093396    0.0000000000091054
359.0    0.0000000000095293    0.0000000000093716    0.0000000000093322    0.0000000000097032    0.0000000000094587
361.0    0.0000000000098951    0.0000000000097348    0.0000000000096950    0.0000000000100632    0.0000000000098246
363.0    0.0000000000102741    0.0000000000100963    0.0000000000100706    0.0000000000104529    0.0000000000101872
365.0    0.0000000000106661    0.0000000000104704    0.0000000000104429    0.0000000000108560    0.0000000000105623
367.0    0.0000000000110718    0.0000000000108729    0.0000000000108279    0.0000000000112550    0.0000000000109669
369.0    0.0000000000114913    0.0000000000112895    0.0000000000112432    0.0000000000116863    0.0000000000113856
371.0    0.0000000000119076    0.0000000000117207    0.0000000000116728    0.0000000000121322    0.0000000000118185
373.0    0.0000000000123555    0.0000000000121491    0.0000000000120981    0.0000000000125728    0.0000000000122661
375.0    0.0000000000128180    0.0000000000125916    0.0000000000125372    0.0000000000130276    0.0000000000127090
377.0    0.0000000000132959    0.0000000000130669    0.0000000000130103    0.0000000000135184    0.0000000000131661
379.0    0.0000000000137890    0.0000000000135578    0.0000000000134989    0.0000000000140249    0.0000000000136581
381.0    0.0000000000142770    0.0000000000140647    0.0000000000139817    0.0000000000145246    0.0000000000141659
383.0    0.0000000000148011    0.0000000000145672    0.0000000000144794    0.0000000000150631    0.0000000000146896
385.0    0.0000000000153410    0.0000000000150851    0.0000000000150144    0.0000000000156178    0.0000000000152065
387.0    0.0000000000158972    0.0000000000156399    0.0000000000155658    0.0000000000161642    0.0000000000157387
389.0    0.0000000000164697    0.0000000000162115    0.0000000000161097    0.0000000000167521    0.0000000000163100
391.0    0.0000000000170588    0.0000000000168001    0.0000000000166690    0.0000000000173566    0.0000000000168980
393.0    0.0000000000176643    0.0000000000173819    0.0000000000172691    0.0000000000179510    0.0000000000175027
395.0    0.0000000000182614    0.0000000000179797    0.0000000000178861    0.0000000000185894    0.0000000000180979
397.0    0.0000000000188999    0.0000000000186181    0.0000000000184933    0.0000000000192447    0.0000000000187088
399.0    0.0000000000195551    0.0000000000192734    0.0000000000191164    0.0000000000198879    0.0000000000193628
401.0    0.0000000000202275    0.0000000000199457    0.0000000000197836    0.0000000000205774    0.0000000000200339
403.0    0.0000000000209167    0.0000000000206080    0.0000000000204681    0.0000000000212843    0.0000000000207222
405.0    0.0000000000215947    0.0000000000212861    0.0000000000211407    0.0000000000219772    0.0000000000214279
407.0    0.0000000000223183    0.0000000000220076    0.0000000000218299    0.0000000000227194    0.0000000000221205
409.0    0.0000000000230595    0.0000000000227460    0.0000000000225668    0.0000000000234797    0.0000000000228299
411.0    0.0000000000238193    0.0000000000235014    0.0000000000233225    0.0000000000242249    0.0000000000235879
413.0    0.0000000000245978    0.0000000000242439    0.0000000000240648    0.0000000000250233    0.0000000000243648
415.0    0.0000000000253640    0.0000000000250029    0.0000000000248258    0.0000000000258422    0.0000000000251615
417.0    0.0000000000261826    0.0000000000258102    0.0000000000256404    0.0000000000266459    0.0000000000259443
419.0    0.0000000000270231    0.0000000000266367    0.0000000000264774    0.0000000000275092    0.0000000000267475
421.0    0.0000000000278876    0.0000000000274837    0.0000000000273017    0.0000000000283973    0.0000000000276085
423.0    0.0000000000287774    0.0000000000283187    0.0000000000281498    0.0000000000292724    0.0000000000284947
425.0    0.0000000000296956    0.0000000000291762    0.0000000000290618    0.0000000000301748    0.0000000000294086
427.0    0.0000000000306441    0.0000000000300936    0.0000000000300040    0.0000000000311503    0.0000000000303526
429.0    0.0000000000315864    0.0000000000310400    0.0000000000309378    0.0000000000321614    0.0000000000312881
431.0    0.0000000000326046    0.0000000000320189    0.0000000000319053    0.0000000000331660    0.0000000000322577
433.0    0.0000000000336632    0.0000000000329940    0.0000000000329536    0.0000000000342597    0.0000000000333086
435.0    0.0000000000347677    0.0000000000340072    0.0000000000340457    0.0000000000354013    0.0000000000344040
437.0    0.0000000000359215    0.0000000000351051    0.0000000000351374    0.0000000000365439    0.0000000000355486
439.0    0.0000000000370811    0.0000000000362537    0.0000000000362785    0.0000000000377968    0.0000000000366960
441.0    0.0000000000383487    0.0000000000374591    0.0000000000375257    0.0000000000391137    0.0000000000378989
443.0    0.0000000000396813    0.0000000000386771    0.0000000000388365    0.0000000000404403    0.0000000000392176
445.0    0.0000000000410868    0.0000000000399603    0.0000000000401572    0.0000000000419033    0.0000000000406073
447.0    0.0000000000425693    0.0000000000413696    0.0000000000415478    0.0000000000434487    0.0000000000420745
449.0    0.0000000000440721    0.0000000000428626    0.0000000000430776    0.0000000000450118    0.0000000000435584
451.0    0.0000000000457266    0.0000000000444470    0.0000000000446945    0.0000000000467409    0.0000000000451259
453.0    0.0000000000474761    0.0000000000460627    0.0000000000463307    0.0000000000485712    0.0000000000468549
455.0    0.0000000000493290    0.0000000000477774    0.0000000000480589    0.0000000000504240    0.0000000000486857
457.0    0.0000000000512880    0.0000000000496704    0.0000000000499637    0.0000000000524733    0.0000000000506242
459.0    0.0000000000533611    0.0000000000516824    0.0000000000519780    0.0000000000546397    0.0000000000526756
461.0    0.0000000000555498    0.0000000000538193    0.0000000000540148    0.0000000000568278    0.0000000000547512
463.0    0.0000000000577653    0.0000000000559958    0.0000000000561618    0.0000000000592402    0.0000000000569402
465.0    0.0000000000601955    0.0000000000582983    0.0000000000585208    0.0000000000617800    0.0000000000593459
467.0    0.0000000000627502    0.0000000000608269    0.0000000000610043    0.0000000000643329    0.0000000000618792
469.0    0.0000000000654339    0.0000000000634955    0.0000000000635022    0.0000000000670062    0.0000000000645418
471.0    0.0000000000682437    0.0000000000661934    0.0000000000661190    0.0000000000699306    0.0000000000672143
473.0    0.0000000000710614    0.0000000000690233    0.0000000000689735    0.0000000000729831    0.0000000000700074
475.0    0.0000000000741201    0.0000000000721021    0.0000000000719546    0.0000000000760232    0.0000000000730464
477.0    0.0000000000772996    0.0000000000753175    0.0000000000749276    0.0000000000793235    0.0000000000762109
479.0    0.0000000000805994    0.0000000000786654    0.0000000000780141    0.0000000000827414    0.0000000000794973
481.0    0.0000000000840114    0.0000000000820039    0.0000000000813492    0.0000000000861178    0.0000000000827561
483.0    0.0000000000875327    0.0000000000854555    0.0000000000847971    0.0000000000897530    0.0000000000861189
485.0    0.0000000000911539    0.0000000000891557    0.0000000000882011    0.0000000000934864    0.0000000000897305
487.0    0.0000000000947192    0.0000000000929608    0.0000000000916986    0.0000000000971435    0.0000000000934401
489.0    0.0000000000985175    0.0000000000968612    0.0000000000954386    0.0000000001010480    0.0000000000972396
491.0    0.0000000001023921    0.0000000001006917    0.0000000000992636    0.0000000001050246    0.0000000001011204
493.0    0.0000000001063354    0.0000000001045922    0.0000000001030005    0.0000000001088882    0.0000000001049063
495.0    0.0000000001103362    0.0000000001087112    0.0000000001067999    0.0000000001129795    0.0000000001087507
497.0    0.0000000001142233    0.0000000001128830    0.0000000001108214    0.0000000001171135    0.0000000001128142
499.0    0.0000000001183109    0.0000000001170962    0.0000000001148913    0.0000000001210990    0.0000000001169202
501.0    0.0000000001224278    0.0000000001211758    0.0000000001188280    0.0000000001252884    0.0000000001210597
503.0    0.0000000001265647    0.0000000001252740    0.0000000001227920    0.0000000001294911    0.0000000001250483
505.0    0.0000000001307120    0.0000000001295449    0.0000000001269481    0.0000000001335150    0.0000000001290502
507.0    0.0000000001346954    0.0000000001338152    0.0000000001311151    0.0000000001377170    0.0000000001332309
509.0    0.0000000001388381    0.0000000001380752    0.0000000001351107    0.0000000001419060    0.0000000001374078
511.0    0.0000000001429662    0.0000000001421538    0.0000000001391004    0.0000000001458931    0.0000000001415726
513.0    0.0000000001470722    0.0000000001462071    0.0000000001432498    0.0000000001498545    0.0000000001455455
515.0    0.0000000001511495    0.0000000001503893    0.0000000001473777    0.0000000001539614    0.0000000001494931
517.0    0.0000000001551913    0.0000000001545310    0.0000000001513071    0.0000000001580284    0.0000000001535800
519.0    0.0000000001591928    0.0000000001586262    0.0000000001552043    0.0000000001618753    0.0000000001576278
521.0    0.0000000001629906    0.0000000001625159    0.0000000001592318    0.0000000001658470    0.0000000001616309
523.0    0.0000000001668974    0.0000000001663532    0.0000000001632138    0.0000000001697650    0.0000000001655844
525.0    0.0000000001707511    0.0000000001702860    0.0000000001669835    0.0000000001734574    0.0000000001693237
527.0    0.0000000001745465    0.0000000001741565    0.0000000001707031    0.0000000001772577    0.0000000001730100
529.0    0.0000000001782827    0.0000000001779616    0.0000000001745286    0.0000000001809950    0.0000000001767981
531.0    0.0000000001818106    0.0000000001815579    0.0000000001782940    0.0000000001845081    0.0000000001805241
533.0    0.0000000001854218    0.0000000001850896    0.0000000001818445    0.0000000001881146    0.0000000001841854
535.0    0.0000000001889687    0.0000000001886949    0.0000000001853351    0.0000000001916538    0.0000000001876328
537.0    0.0000000001924478    0.0000000001922294    0.0000000001889129    0.0000000001949739    0.0000000001910174
539.0    0.0000000001958605    0.0000000001956928    0.0000000001924235    0.0000000001983763    0.0000000001944829
541.0    0.0000000001992043    0.0000000001989565    0.0000000001957245    0.0000000002017097    0.0000000001978797
543.0    0.0000000002024807    0.0000000002021531    0.0000000001989616    0.0000000002048324    0.0000000002012073
545.0    0.0000000002055614    0.0000000002054084    0.0000000002022722    0.0000000002080275    0.0000000002043319
547.0    0.0000000002087035    0.0000000002085931    0.0000000002053804    0.0000000002111545    0.0000000002073919
549.0    0.0000000002117785    0.0000000002117075    0.0000000002084242    0.0000000002140801    0.0000000002105181
551.0    0.0000000002147852    0.0000000002146367    0.0000000002115332    0.0000000002170711    0.0000000002135755
553.0    0.0000000002177261    0.0000000002175016    0.0000000002145742    0.0000000002199947    0.0000000002165651
555.0    0.0000000002204864    0.0000000002204146    0.0000000002174249    0.0000000002227281    0.0000000002194868
557.0    0.0000000002232972    0.0000000002232604    0.0000000002202127    0.0000000002255200    0.0000000002222250
559.0    0.0000000002260439    0.0000000002260395    0.0000000002230568    0.0000000002282473    0.0000000002249013
561.0    0.0000000002287259    0.0000000002286508    0.0000000002258347    0.0000000002307944    0.0000000002276308
563.0    0.0000000002313453    0.0000000002312010    0.0000000002284363    0.0000000002332831    0.0000000002302955
565.0    0.0000000002338012    0.0000000002337912    0.0000000002309776    0.0000000002358226    0.0000000002328967
567.0    0.0000000002362985    0.0000000002363185    0.0000000002335675    0.0000000002383008    0.0000000002353311
569.0    0.0000000002387359    0.0000000002387840    0.0000000002360948    0.0000000002406133    0.0000000002377075
571.0    0.0000000002411127    0.0000000002410972    0.0000000002384588    0.0000000002429715    0.0000000002401281
573.0    0.0000000002434314    0.0000000002433542    0.0000000002407658    0.0000000002452707    0.0000000002424885
575.0    0.0000000002456914    0.0000000002456435    0.0000000002431149    0.0000000002474149    0.0000000002447893
577.0    0.0000000002478952    0.0000000002478742    0.0000000002454047    0.0000000002495996    0.0000000002469399
579.0    0.0000000002499574    0.0000000002500473    0.0000000002475447    0.0000000002517286    0.0000000002490370
581.0    0.0000000002520509    0.0000000002520837    0.0000000002496311    0.0000000002537120    0.0000000002511703
583.0    0.0000000002540912    0.0000000002540675    0.0000000002517536    0.0000000002557318    0.0000000002532478
585.0    0.0000000002560772    0.0000000002560775    0.0000000002538205    0.0000000002576987    0.0000000002552706
587.0    0.0000000002580115    0.0000000002580329    0.0000000002557505    0.0000000002595305    0.0000000002572398
589.0    0.0000000002598198    0.0000000002598635    0.0000000002576304    0.0000000002613943    0.0000000002590775
591.0    0.0000000002616539    0.0000000002616452    0.0000000002595415    0.0000000002632084    0.0000000002608673
593.0    0.0000000002634396    0.0000000002634484    0.0000000002614009    0.0000000002648971    0.0000000002626857
595.0    0.0000000002651762    0.0000000002652015    0.0000000002631363    0.0000000002666149    0.0000000002644545
597.0    0.0000000002668668    0.0000000002669058    0.0000000002648257    0.0000000002682865    0.0000000002661749
599.0    0.0000000002684464    0.0000000002685000    0.0000000002665418    0.0000000002698423    0.0000000002677798
601.0    0.0000000002700479    0.0000000002700504    0.0000000002682115    0.0000000002714252    0.0000000002693420
603.0    0.0000000002716069    0.0000000002716191    0.0000000002697694    0.0000000002729657    0.0000000002709288
605.0    0.0000000002731239    0.0000000002731438    0.0000000002712860    0.0000000002744003    0.0000000002724722
607.0    0.0000000002746007    0.0000000002746265    0.0000000002728273    0.0000000002757982    0.0000000002739738
609.0    0.0000000002760382    0.0000000002760140    0.0000000002743273    0.0000000002772216    0.0000000002753757
611.0    0.0000000002774390    0.0000000002773645    0.0000000002757277    0.0000000002786086    0.0000000002767411
613.0    0.0000000002787497    0.0000000002787326    0.0000000002770923    0.0000000002799020    0.0000000002781297
615.0    0.0000000002800812    0.0000000002800647    0.0000000002784808    0.0000000002812209    0.0000000002794827
617.0    0.0000000002813804    0.0000000002813625    0.0000000002798339    0.0000000002825083    0.0000000002808015
619.0    0.0000000002826483    0.0000000002825800    0.0000000002810995    0.0000000002837110    0.0000000002820881
621.0    0.0000000002838870    0.0000000002837690    0.0000000002823353    0.0000000002849402    0.0000000002832925
623.0    0.0000000002850499    0.0000000002849772    0.0000000002835957    0.0000000002861425    0.0000000002844697
625.0    0.0000000002862354    0.0000000002861582    0.0000000002848270    0.0000000002872690    0.0000000002856717
627.0    0.0000000002873966    0.0000000002873140    0.0000000002859821    0.0000000002884231    0.0000000002868478
629.0    0.0000000002885347    0.0000000002884032    0.0000000002871136    0.0000000002895557    0.0000000002880004
631.0    0.0000000002896519    0.0000000002894722    0.0000000002882712    0.0000000002906196    0.0000000002890840
633.0    0.0000000002907488    0.0000000002905642    0.0000000002894068    0.0000000002917136    0.0000000002901482
635.0    0.0000000002918278    0.0000000002916382    0.0000000002904759    0.0000000002927904    0.0000000002912402
637.0    0.0000000002928478    0.0000000002926951    0.0000000002915273    0.0000000002938051    0.0000000002923146
639.0    0.0000000002938952    0.0000000002936974    0.0000000002926074    0.0000000002948519    0.0000000002933727
641.0    0.0000000002949286    0.0000000002946867    0.0000000002936714    0.0000000002958857    0.0000000002944164
643.0    0.0000000002959492    0.0000000002957035    0.0000000002946774    0.0000000002968634    0.0000000002954040
645.0    0.0000000002969582    0.0000000002967095    0.0000000002956707    0.0000000002978747    0.0000000002963805
647.0    0.0000000002979172    0.0000000002977056    0.0000000002966955    0.0000000002988765    0.0000000002973889
649.0    0.0000000002989069    0.0000000002986553    0.0000000002977093    0.0000000002998267    0.0000000002983876
651.0    0.0000000002998883    0.0000000002995980    0.0000000002986716    0.0000000003008122    0.0000000002993775
653.0    0.0000000003008619    0.0000000003005717    0.0000000002996253    0.0000000003017912    0.0000000003003189
655.0    0.0000000003018292    0.0000000003015397    0.0000000003006129    0.0000000003027214    0.0000000003012537
657.0    0.0000000003027518    0.0000000003025025    0.0000000003015932    0.0000000003036467    0.0000000003022233
659.0    0.0000000003037076    0.0000000003034241    0.0000000003025267    0.0000000003046091    0.0000000003031874
661.0    0.0000000003046587    0.0000000003043419    0.0000000003034544    0.0000000003055668    0.0000000003041466
663.0    0.0000000003056050    0.0000000003052930    0.0000000003044177    0.0000000003064793    0.0000000003050615
665.0    0.0000000003065477    0.0000000003062413    0.0000000003053760    0.0000000003074292    0.0000000003059730
667.0    0.0000000003074864    0.0000000003071867    0.0000000003062904    0.0000000003083756    0.0000000003069201
669.0    0.0000000003084217    0.0000000003080932    0.0000000003072012    0.0000000003092777    0.0000000003078642
671.0    0.0000000003093164    0.0000000003089975    0.0000000003081475    0.0000000003102174    0.0000000003088049
673.0    0.0000000003102453    0.0000000003099358    0.0000000003090905    0.0000000003111539    0.0000000003097428
675.0    0.0000000003111708    0.0000000003108716    0.0000000003099909    0.0000000003120468    0.0000000003106384
677.0    0.0000000003120932    0.0000000003118049    0.0000000003108882    0.0000000003129765    0.0000000003115314
679.0    0.0000000003130123    0.0000000003127000    0.0000000003118212    0.0000000003139028    0.0000000003124602
681.0    0.0000000003138913    0.0000000003135928    0.0000000003127505    0.0000000003147850    0.0000000003133855
683.0    0.0000000003148034    0.0000000003145184    0.0000000003136380    0.0000000003157038    0.0000000003143081
685.0    0.0000000003157115    0.0000000003154405    0.0000000003145216    0.0000000003166182    0.0000000003151885
687.0    0.0000000003166154    0.0000000003163595    0.0000000003154398    0.0000000003174886    0.0000000003160649
689.0    0.0000000003175147    0.0000000003172393    0.0000000003163539    0.0000000003183932    0.0000000003169758
691.0    0.0000000003184092    0.0000000003181154    0.0000000003172255    0.0000000003192928    0.0000000003178821
693.0    0.0000000003192982    0.0000000003190215    0.0000000003180921    0.0000000003201474    0.0000000003187833
695.0    0.0000000003201462    0.0000000003199228    0.0000000003189917    0.0000000003210348    0.0000000003196418
697.0    0.0000000003210237    0.0000000003208183    0.0000000003198853    0.0000000003219154    0.0000000003204948
699.0    0.0000000003218942    0.0000000003216736    0.0000000003207357    0.0000000003227505    0.0000000003213788
701.0    0.0000000003227575    0.0000000003225225    0.0000000003215800    0.0000000003235787    0.0000000003222559
703.0    0.0000000003236134    0.0000000003233982    0.0000000003224538    0.0000000003244357    0.0000000003231256
705.0    0.0000000003244268    0.0000000003242660    0.0000000003233197    0.0000000003252842    0.0000000003239870
707.0    0.0000000003252656    0.0000000003250922    0.0000000003241420    0.0000000003260864    0.0000000003248046
709.0    0.0000000003260948    0.0000000003259098    0.0000000003249559    0.0000000003269152    0.0000000003256138
711.0    0.0000000003269142    0.0000000003267508    0.0000000003257961    0.0000000003277329    0.0000000003264482
713.0    0.0000000003277229    0.0000000003275809    0.0000000003266258    0.0000000003285047    0.0000000003272725
715.0    0.0000000003284884    0.0000000003284000    0.0000000003274114    0.0000000003292991    0.0000000003280857
717.0    0.0000000003292745    0.0000000003291766    0.0000000003281862    0.0000000003300814    0.0000000003288542
719.0    0.0000000003300483    0.0000000003299412    0.0000000003289834    0.0000000003308171    0.0000000003296113
721.0    0.0000000003308088    0.0000000003307238    0.0000000003297679    0.0000000003315724    0.0000000003303884
723.0    0.0000000003315560    0.0000000003314925    0.0000000003305076    0.0000000003323136    0.0000000003311522
725.0    0.0000000003322891    0.0000000003322466    0.0000000003312347    0.0000000003330085    0.0000000003319021
727.0    0.0000000003330076    0.0000000003329579    0.0000000003319797    0.0000000003337198    0.0000000003326070
729.0    0.0000000003336829    0.0000000003336545    0.0000000003327099    0.0000000003344154    0.0000000003332978
731.0    0.0000000003343712    0.0000000003343632    0.0000000003333955    0.0000000003350650    0.0000000003340032
733.0    0.0000000003350436    0.0000000003350553    0.0000000003340663    0.0000000003357278    0.0000000003346924
735.0    0.0000000003356992    0.0000000003357300    0.0000000003347509    0.0000000003363735    0.0000000003353648
737.0    0.0000000003363382    0.0000000003363624    0.0000000003354185    0.0000000003369745    0.0000000003360203
739.0    0.0000000003369351    0.0000000003369778    0.0000000003360425    0.0000000003375851    0.0000000003366324
741.0    0.0000000003375400    0.0000000003376001    0.0000000003366503    0.0000000003381780    0.0000000003372275
743.0    0.0000000003381271    0.0000000003382032    0.0000000003372674    0.0000000003387274    0.0000000003378307
745.0    0.0000000003386958    0.0000000003387874    0.0000000003378665    0.0000000003392837    0.0000000003384156
747.0    0.0000000003392466    0.0000000003393313    0.0000000003384233    0.0000000003398211    0.0000000003389818
749.0    0.0000000003397577    0.0000000003398567    0.0000000003389631    0.0000000003403175    0.0000000003395070
751.0    0.0000000003402721    0.0000000003403841    0.0000000003395081    0.0000000003407964    0.0000000003400143
753.0    0.0000000003407680    0.0000000003408918    0.0000000003400342    0.0000000003412783    0.0000000003405249
755.0    0.0000000003412451    0.0000000003413797    0.0000000003405209    0.0000000003417415    0.0000000003410164
757.0    0.0000000003417037    0.0000000003418303    0.0000000003409900    0.0000000003421665    0.0000000003414890
759.0    0.0000000003421436    0.0000000003422624    0.0000000003414607    0.0000000003425927    0.0000000003419237
761.0    0.0000000003425652    0.0000000003426928    0.0000000003419128    0.0000000003430000    0.0000000003423408
763.0    0.0000000003429527    0.0000000003431040    0.0000000003423286    0.0000000003433725    0.0000000003427575
765.0    0.0000000003433383    0.0000000003434956    0.0000000003427268    0.0000000003437435    0.0000000003431557
767.0    0.0000000003437063    0.0000000003438547    0.0000000003431241    0.0000000003440966    0.0000000003435350
769.0    0.0000000003440562    0.0000000003441958    0.0000000003435034    0.0000000003444179    0.0000000003438963
771.0    0.0000000003443890    0.0000000003445330    0.0000000003438498    0.0000000003447367    0.0000000003442255
773.0    0.0000000003446923    0.0000000003448521    0.0000000003441795    0.0000000003450384    0.0000000003445381
775.0    0.0000000003449917    0.0000000003451533    0.0000000003445067    0.0000000003453112    0.0000000003448474
777.0    0.0000000003452747    0.0000000003454269    0.0000000003448165    0.0000000003455802    0.0000000003451399
779.0    0.0000000003455417    0.0000000003456847    0.0000000003450975    0.0000000003458333    0.0000000003454153
781.0    0.0000000003457930    0.0000000003459371    0.0000000003453635    0.0000000003460612    0.0000000003456646
783.0    0.0000000003460290    0.0000000003461733    0.0000000003456249    0.0000000003462841    0.0000000003458989
785.0    0.0000000003462505    0.0000000003463942    0.0000000003458709    0.0000000003464927    0.0000000003461284
787.0    0.0000000003464495    0.0000000003465926    0.0000000003460922    0.0000000003466791    0.0000000003463432
789.0    0.0000000003466428    0.0000000003467775    0.0000000003463000    0.0000000003468601    0.0000000003465434
791.0    0.0000000003468232    0.0000000003469563    0.0000000003465027    0.0000000003470283    0.0000000003467225
793.0    0.0000000003469901    0.0000000003471218    0.0000000003466912    0.0000000003471767    0.0000000003468887
795.0    0.0000000003471447    0.0000000003472742    0.0000000003468595    0.0000000003473142    0.0000000003470498
797.0    0.0000000003472817    0.0000000003474094    0.0000000003470156    0.0000000003474460    0.0000000003471983
799.0    0.0000000003474128    0.0000000003475332    0.0000000003471662    0.0000000003475665    0.0000000003473345
801.0    0.0000000003475328    0.0000000003476511    0.0000000003473047    0.0000000003476712    0.0000000003474593
803.0    0.0000000003476417    0.0000000003477579    0.0000000003474265    0.0000000003477703    0.0000000003475685
805.0    0.0000000003477406    0.0000000003478545    0.0000000003475377    0.0000000003478592    0.0000000003476675
807.0    0.0000000003478257    0.0000000003479376    0.0000000003476431    0.0000000003479350    0.0000000003477611
809.0    0.0000000003479049    0.0000000003480119    0.0000000003477382    0.0000000003480048    0.0000000003478447
811.0    0.0000000003479752    0.0000000003480801    0.0000000003478201    0.0000000003480657    0.0000000003479185
813.0    0.0000000003480362    0.0000000003481395    0.0000000003478928    0.0000000003481155    0.0000000003479809
815.0    0.0000000003480888    0.0000000003481905    0.0000000003479598    0.0000000003481596    0.0000000003480353
817.0    0.0000000003481331    0.0000000003482318    0.0000000003480173    0.0000000003481952    0.0000000003480838
819.0    0.0000000003481692    0.0000000003482658    0.0000000003480649    0.0000000003482218    0.0000000003481241
821.0    0.0000000003481967    0.0000000003482936    0.0000000003481042    0.0000000003482423    0.0000000003481563
823.0    0.0000000003482179    0.0000000003483145    0.0000000003481378    0.0000000003482554    0.0000000003481804
825.0    0.0000000003482319    0.0000000003483277    0.0000000003481625    0.0000000003482610    0.0000000003481973
827.0    0.0000000003482388    0.0000000003483345    0.0000000003481804    0.0000000003482599    0.0000000003482082
829.0    0.0000000003482388    0.0000000003483350    0.0000000003481917    0.0000000003482520    0.0000000003482119
831.0    0.0000000003482325    0.0000000003483290    0.0000000003481958    0.0000000003482382    0.0000000003482093
833.0    0.0000000003482195    0.0000000003483165    0.0000000003481933    0.0000000003482174    0.0000000003482000
835.0    0.0000000003482002    0.0000000003482990    0.0000000003481844    0.0000000003481899    0.0000000003481849
837.0    0.0000000003481742    0.0000000003482757    0.0000000003481688    0.0000000003481577    0.0000000003481638
839.0    0.0000000003481422    0.0000000003482454    0.0000000003481467    0.0000000003481180    0.0000000003481360
841.0    0.0000000003481040    0.0000000003482090    0.0000000003481194    0.0000000003480721    0.0000000003481020
843.0    0.0000000003480601    0.0000000003481670    0.0000000003480861    0.0000000003480224    0.0000000003480618
845.0    0.0000000003480119    0.0000000003481208    0.0000000003480454    0.0000000003479669    0.0000000003480177
847.0    0.0000000003479559    0.0000000003480695    0.0000000003479985    0.0000000003479031    0.0000000003479678
849.0    0.0000000003478940    0.0000000003480103    0.0000000003479478    0.0000000003478331    0.0000000003479103
851.0    0.0000000003478262    0.0000000003479452    0.0000000003478913    0.0000000003477605    0.0000000003478467
853.0    0.0000000003477525    0.0000000003478743    0.0000000003478266    0.0000000003476785    0.0000000003477770
855.0    0.0000000003476761    0.0000000003478007    0.0000000003477557    0.0000000003475907    0.0000000003477017
857.0    0.0000000003475907    0.0000000003477214    0.0000000003476824    0.0000000003475005    0.0000000003476239
859.0    0.0000000003474992    0.0000000003476330    0.0000000003476032    0.0000000003474004    0.0000000003475403
861.0    0.0000000003474018    0.0000000003475390    0.0000000003475146    0.0000000003472945    0.0000000003474473
863.0    0.0000000003472984    0.0000000003474388    0.0000000003474197    0.0000000003471870    0.0000000003473483
865.0    0.0000000003471934    0.0000000003473368    0.0000000003473235    0.0000000003470687    0.0000000003472433
867.0    0.0000000003470780    0.0000000003472292    0.0000000003472212    0.0000000003469438    0.0000000003471368
869.0    0.0000000003469567    0.0000000003471109    0.0000000003471086    0.0000000003468188    0.0000000003470247
871.0    0.0000000003468289    0.0000000003469865    0.0000000003469896    0.0000000003466814    0.0000000003469014
873.0    0.0000000003466950    0.0000000003468560    0.0000000003468698    0.0000000003465381    0.0000000003467722
875.0    0.0000000003465548    0.0000000003467244    0.0000000003467441    0.0000000003463947    0.0000000003466362
877.0    0.0000000003464082    0.0000000003465868    0.0000000003466068    0.0000000003462385    0.0000000003465000
879.0    0.0000000003462617    0.0000000003464372    0.0000000003464630    0.0000000003460755    0.0000000003463581
881.0    0.0000000003461027    0.0000000003462812    0.0000000003463191    0.0000000003459136    0.0000000003462035
883.0    0.0000000003459372    0.0000000003461188    0.0000000003461692    0.0000000003457377    0.0000000003460424
885.0    0.0000000003457650    0.0000000003459562    0.0000000003460063    0.0000000003455554    0.0000000003458747
887.0    0.0000000003455868    0.0000000003457872    0.0000000003458367    0.0000000003453744    0.0000000003457001
889.0    0.0000000003454093    0.0000000003456050    0.0000000003456680    0.0000000003451874    0.0000000003455269
891.0    0.0000000003452178    0.0000000003454161    0.0000000003454934    0.0000000003449854    0.0000000003453475
893.0    0.0000000003450198    0.0000000003452202    0.0000000003453046    0.0000000003447765    0.0000000003451532
895.0    0.0000000003448153    0.0000000003450255    0.0000000003451088    0.0000000003445704    0.0000000003449525
897.0    0.0000000003446040    0.0000000003448243    0.0000000003449148    0.0000000003443482    0.0000000003447452
899.0    0.0000000003443949    0.0000000003446085    0.0000000003447149    0.0000000003441193    0.0000000003445397
901.0    0.0000000003441705    0.0000000003443855    0.0000000003444994    0.0000000003438939    0.0000000003443282
903.0    0.0000000003439397    0.0000000003441558    0.0000000003442771    0.0000000003436517    0.0000000003441007
905.0    0.0000000003437021    0.0000000003439283    0.0000000003440579    0.0000000003434028    0.0000000003438664
907.0    0.0000000003434580    0.0000000003436944    0.0000000003438325    0.0000000003431581    0.0000000003436252
909.0    0.0000000003432071    0.0000000003434445    0.0000000003435902    0.0000000003428962    0.0000000003433878
911.0    0.0000000003429498    0.0000000003431876    0.0000000003433415    0.0000000003426274    0.0000000003431442
913.0    0.0000000003426965    0.0000000003429239    0.0000000003430970    0.0000000003423641    0.0000000003428830
915.0    0.0000000003424264    0.0000000003426640    0.0000000003428458    0.0000000003420823    0.0000000003426157
917.0    0.0000000003421496    0.0000000003423976    0.0000000003425777    0.0000000003417941    0.0000000003423413
919.0    0.0000000003418667    0.0000000003421143    0.0000000003423028    0.0000000003415125    0.0000000003420603
921.0    0.0000000003415772    0.0000000003418242    0.0000000003420331    0.0000000003412118    0.0000000003417851
923.0    0.0000000003412937    0.0000000003415278    0.0000000003417574    0.0000000003409047    0.0000000003415037
925.0    0.0000000003409919    0.0000000003412364    0.0000000003414634    0.0000000003406051    0.0000000003412037
927.0    0.0000000003406843    0.0000000003409390    0.0000000003411632    0.0000000003402859    0.0000000003408975
929.0    0.0000000003403705    0.0000000003406238    0.0000000003408694    0.0000000003399607    0.0000000003405852
931.0    0.0000000003400509    0.0000000003403024    0.0000000003405699    0.0000000003396440    0.0000000003402801
933.0    0.0000000003397253    0.0000000003399746    0.0000000003402513    0.0000000003393221    0.0000000003399692
935.0    0.0000000003393941    0.0000000003396538    0.0000000003399267    0.0000000003389799    0.0000000003396390
937.0    0.0000000003390708    0.0000000003393278    0.0000000003396103    0.0000000003386321    0.0000000003393030
939.0    0.0000000003387284    0.0000000003389831    0.0000000003392882    0.0000000003382940    0.0000000003389612
941.0    0.0000000003383807    0.0000000003386325    0.0000000003389465    0.0000000003379353    0.0000000003386285
943.0    0.0000000003380275    0.0000000003382903    0.0000000003385991    0.0000000003375716    0.0000000003382903
945.0    0.0000000003376692    0.0000000003379430    0.0000000003382615    0.0000000003372185    0.0000000003379326
947.0    0.0000000003373204    0.0000000003375768    0.0000000003379183    0.0000000003368445    0.0000000003375693
949.0    0.0000000003369522    0.0000000003372052    0.0000000003375552    0.0000000003364656    0.0000000003372010
951.0    0.0000000003365790    0.0000000003368287    0.0000000003371871    0.0000000003360986    0.0000000003368274
953.0    0.0000000003362010    0.0000000003364622    0.0000000003368292    0.0000000003357100    0.0000000003364649
955.0    0.0000000003358187    0.0000000003360912    0.0000000003364669    0.0000000003353174    0.0000000003360978
957.0    0.0000000003354472    0.0000000003357006    0.0000000003360841    0.0000000003349373    0.0000000003357106
959.0    0.0000000003350557    0.0000000003353056    0.0000000003356967    0.0000000003345353    0.0000000003353187
961.0    0.0000000003346601    0.0000000003349065    0.0000000003353211    0.0000000003341297    0.0000000003349222
963.0    0.0000000003342603    0.0000000003345184    0.0000000003349412    0.0000000003337375    0.0000000003345382
965.0    0.0000000003338563    0.0000000003341265    0.0000000003345407    0.0000000003333235    0.0000000003341504
967.0    0.0000000003334482    0.0000000003337152    0.0000000003341357    0.0000000003329056    0.0000000003337417
969.0    0.0000000003330363    0.0000000003332997    0.0000000003337438    0.0000000003325022    0.0000000003333289
971.0    0.0000000003326375    0.0000000003328805    0.0000000003333482    0.0000000003320768    0.0000000003329122
973.0    0.0000000003322182    0.0000000003324739    0.0000000003329313    0.0000000003316476    0.0000000003325096
975.0    0.0000000003317950    0.0000000003320638    0.0000000003325108    0.0000000003312337    0.0000000003321034
977.0    0.0000000003313690    0.0000000003316342    0.0000000003321043    0.0000000003307977    0.0000000003316763
979.0    0.0000000003309390    0.0000000003312011    0.0000000003316943    0.0000000003303582    0.0000000003312455
981.0    0.0000000003305233    0.0000000003307645    0.0000000003312628    0.0000000003299345    0.0000000003308113
983.0    0.0000000003300869    0.0000000003303418    0.0000000003308281    0.0000000003295079    0.0000000003303737
985.0    0.0000000003296472    0.0000000003299159    0.0000000003304082    0.0000000003290587    0.0000000003299514
987.0    0.0000000003292045    0.0000000003294700    0.0000000003299852    0.0000000003286064    0.0000000003295261
989.0    0.0000000003287585    0.0000000003290211    0.0000000003295406    0.0000000003281708    0.0000000003290791
991.0    0.0000000003283097    0.0000000003285691    0.0000000003290926    0.0000000003277120    0.0000000003286291
993.0    0.0000000003278577    0.0000000003281318    0.0000000003286605    0.0000000003272508    0.0000000003281762
995.0    0.0000000003274210    0.0000000003276916    0.0000000003282256    0.0000000003268067    0.0000000003277394
997.0    0.0000000003269632    0.0000000003272312    0.0000000003277685    0.0000000003263394    0.0000000003272997
999.0    0.0000000003265025    0.0000000003267678    0.0000000003273085    0.0000000003258690    0.0000000003268382
1001.0    0.0000000003260390    0.0000000003263018    0.0000000003268649    0.0000000003254167    0.0000000003263737
1003.0    0.0000000003255727    0.0000000003258510    0.0000000003264185    0.0000000003249408    0.0000000003259065
1005.0    0.0000000003251224    0.0000000003253975    0.0000000003259502    0.0000000003244621    0.0000000003254562
1007.0    0.0000000003246506    0.0000000003249234    0.0000000003254787    0.0000000003240015    0.0000000003250032
1009.0    0.0000000003241759    0.0000000003244465    0.0000000003250243    0.0000000003235172    0.0000000003245279
1011.0    0.0000000003236988    0.0000000003239670    0.0000000003245673    0.0000000003230302    0.0000000003240499
1013.0    0.0000000003232187    0.0000000003235031    0.0000000003240877    0.0000000003225615    0.0000000003235691
1015.0    0.0000000003227552    0.0000000003230368    0.0000000003236051    0.0000000003220692    0.0000000003230856
1017.0    0.0000000003222698    0.0000000003225492    0.0000000003231401    0.0000000003215735    0.0000000003226195
1019.0    0.0000000003217818    0.0000000003220590    0.0000000003226725    0.0000000003210971    0.0000000003221511
1021.0    0.0000000003212908    0.0000000003215660    0.0000000003221815    0.0000000003205962    0.0000000003216594
1023.0    0.0000000003207972    0.0000000003210894    0.0000000003216884    0.0000000003200926    0.0000000003211652
1025.0    0.0000000003203007    0.0000000003206104    0.0000000003212129    0.0000000003196081    0.0000000003206684
1027.0    0.0000000003198018    0.0000000003201095    0.0000000003207348    0.0000000003191209    0.0000000003201895
1029.0    0.0000000003193199    0.0000000003196056    0.0000000003202331    0.0000000003186089    0.0000000003197080
1031.0    0.0000000003188152    0.0000000003190990    0.0000000003197287    0.0000000003180939    0.0000000003192029
1033.0    0.0000000003183080    0.0000000003186095    0.0000000003192428    0.0000000003175987    0.0000000003186950
1035.0    0.0000000003177978    0.0000000003181172    0.0000000003187542    0.0000000003170784    0.0000000003181842
1037.0    0.0000000003172849    0.0000000003176025    0.0000000003182415    0.0000000003165549    0.0000000003176925
1039.0    0.0000000003167898    0.0000000003170849    0.0000000003177260    0.0000000003160516    0.0000000003171977
1041.0    0.0000000003162712    0.0000000003165645    0.0000000003172292    0.0000000003155224    0.0000000003166786
1043.0    0.0000000003157497    0.0000000003160614    0.0000000003167298    0.0000000003149902    0.0000000003161567
1045.0    0.0000000003152255    0.0000000003155555    0.0000000003162058    0.0000000003144783    0.0000000003156321
1047.0    0.0000000003146982    0.0000000003150265    0.0000000003156789    0.0000000003139403    0.0000000003151044
1049.0    0.0000000003141894    0.0000000003144948    0.0000000003151712    0.0000000003133994    0.0000000003145958
1051.0    0.0000000003136565    0.0000000003139804    0.0000000003146607    0.0000000003128791    0.0000000003140847
1053.0    0.0000000003131205    0.0000000003134632    0.0000000003141251    0.0000000003123321    0.0000000003135482
1055.0    0.0000000003125815    0.0000000003129225    0.0000000003135865    0.0000000003117820    0.0000000003130088
1057.0    0.0000000003120398    0.0000000003123788    0.0000000003130675    0.0000000003112531    0.0000000003124663
1059.0    0.0000000003114948    0.0000000003118319    0.0000000003125458    0.0000000003106969    0.0000000003119436
1061.0    0.0000000003109469    0.0000000003113032    0.0000000003119983    0.0000000003101378    0.0000000003114181
1063.0    0.0000000003104181    0.0000000003107715    0.0000000003114710    0.0000000003096000    0.0000000003108667
1065.0    0.0000000003098640    0.0000000003102155    0.0000000003109404    0.0000000003090347    0.0000000003103121
1067.0    0.0000000003093073    0.0000000003096564    0.0000000003103839    0.0000000003084662    0.0000000003097545
1069.0    0.0000000003087469    0.0000000003090939    0.0000000003098243    0.0000000003079196    0.0000000003092170
1071.0    0.0000000003081840    0.0000000003085503    0.0000000003092850    0.0000000003073699    0.0000000003086767
1073.0    0.0000000003076406    0.0000000003080036    0.0000000003087429    0.0000000003067924    0.0000000003081098
1075.0    0.0000000003070713    0.0000000003074318    0.0000000003081742    0.0000000003062118    0.0000000003075397
1077.0    0.0000000003064989    0.0000000003068571    0.0000000003076022    0.0000000003056535    0.0000000003069665
1079.0    0.0000000003059237    0.0000000003062789    0.0000000003070510    0.0000000003050665    0.0000000003063900
1081.0    0.0000000003053452    0.0000000003057200    0.0000000003064971    0.0000000003044765    0.0000000003058345
1083.0    0.0000000003047871    0.0000000003051579    0.0000000003059159    0.0000000003039093    0.0000000003052761
1085.0    0.0000000003042027    0.0000000003045705    0.0000000003053318    0.0000000003033130    0.0000000003046903
1087.0    0.0000000003036152    0.0000000003039796    0.0000000003047687    0.0000000003027141    0.0000000003041012
1089.0    0.0000000003030246    0.0000000003033855    0.0000000003042029    0.0000000003021382    0.0000000003035090
1091.0    0.0000000003024311    0.0000000003028116    0.0000000003036092    0.0000000003015331    0.0000000003029385
1093.0    0.0000000003018345    0.0000000003022342    0.0000000003030127    0.0000000003009250    0.0000000003023650
1095.0    0.0000000003012349    0.0000000003016308    0.0000000003024379    0.0000000003003407    0.0000000003017636
1097.0    0.0000000003006567    0.0000000003010244    0.0000000003018604    0.0000000002997269    0.0000000003011590
1099.0    0.0000000003000515    0.0000000003004149    0.0000000003012549    0.0000000002991102    0.0000000003005514
1101.0    0.0000000002994433    0.0000000002998257    0.0000000003006462    0.0000000002985179    0.0000000002999660
1103.0    0.0000000002988321    0.0000000002992337    0.0000000003000603    0.0000000002978957    0.0000000002993783
1105.0    0.0000000002982187    0.0000000002986152    0.0000000002994715    0.0000000002972708    0.0000000002987618
1107.0    0.0000000002976271    0.0000000002979938    0.0000000002988543    0.0000000002966706    0.0000000002981424
1109.0    0.0000000002970082    0.0000000002973693    0.0000000002982342    0.0000000002960408    0.0000000002975200
1111.0    0.0000000002963865    0.0000000002967662    0.0000000002976374    0.0000000002954085    0.0000000002968951
1113.0    0.0000000002957625    0.0000000002961606    0.0000000002970381    0.0000000002948013    0.0000000002962935
1115.0    0.0000000002951360    0.0000000002955280    0.0000000002964099    0.0000000002941640    0.0000000002956894
1117.0    0.0000000002945071    0.0000000002948929    0.0000000002957795    0.0000000002935249    0.0000000002950565
1119.0    0.0000000002938760    0.0000000002942552    0.0000000002951727    0.0000000002929115    0.0000000002944212
1121.0    0.0000000002932680    0.0000000002936397    0.0000000002945635    0.0000000002922960    0.0000000002937832
1123.0    0.0000000002926326    0.0000000002930218    0.0000000002939260    0.0000000002916506    0.0000000002931696
1125.0    0.0000000002919953    0.0000000002923772    0.0000000002932859    0.0000000002910035    0.0000000002925541
1127.0    0.0000000002913560    0.0000000002917303    0.0000000002926705    0.0000000002903827    0.0000000002919095
1129.0    0.0000000002907149    0.0000000002910815    0.0000000002920532    0.0000000002897323    0.0000000002912630
1131.0    0.0000000002900980    0.0000000002904557    0.0000000002914070    0.0000000002890804    0.0000000002906145
1133.0    0.0000000002894536    0.0000000002898282    0.0000000002907590    0.0000000002884555    0.0000000002899643
1135.0    0.0000000002888079    0.0000000002891740    0.0000000002901365    0.0000000002878012    0.0000000002893394
1137.0    0.0000000002881609    0.0000000002885182    0.0000000002895125    0.0000000002871454    0.0000000002887130
1139.0    0.0000000002875127    0.0000000002878610    0.0000000002888597    0.0000000002865174    0.0000000002880583
1141.0    0.0000000002868890    0.0000000002872279    0.0000000002882057    0.0000000002858598    0.0000000002874020
1143.0    0.0000000002862390    0.0000000002865938    0.0000000002875776    0.0000000002852018    0.0000000002867448
1145.0    0.0000000002855883    0.0000000002859332    0.0000000002869485    0.0000000002845716    0.0000000002861138
1147.0    0.0000000002849365    0.0000000002852718    0.0000000002862912    0.0000000002839127    0.0000000002854823
1149.0    0.0000000002842844    0.0000000002846098    0.0000000002856330    0.0000000002832532    0.0000000002848225
1151.0    0.0000000002836319    0.0000000002839725    0.0000000002850015    0.0000000002826224    0.0000000002841617
1153.0    0.0000000002829791    0.0000000002833350    0.0000000002843695    0.0000000002819627    0.0000000002835010
1155.0    0.0000000002823523    0.0000000002826720    0.0000000002837095    0.0000000002813034    0.0000000002828675
1157.0    0.0000000002816995    0.0000000002820090    0.0000000002830495    0.0000000002806728    0.0000000002822338
1159.0    0.0000000002810469    0.0000000002813460    0.0000000002824170    0.0000000002800143    0.0000000002815727
1161.0    0.0000000002803948    0.0000000002807085    0.0000000002817845    0.0000000002793561    0.0000000002809118
1163.0    0.0000000002797430    0.0000000002800720    0.0000000002811245    0.0000000002787274    0.0000000002802515
1165.0    0.0000000002791180    0.0000000002794103    0.0000000002804645    0.0000000002780991    0.0000000002795915
1167.0    0.0000000002784672    0.0000000002787493    0.0000000002798328    0.0000000002774435    0.0000000002789596
1169.0    0.0000000002778180    0.0000000002781147    0.0000000002792017    0.0000000002767893    0.0000000002783287
1171.0    0.0000000002771695    0.0000000002774811    0.0000000002785438    0.0000000002761643    0.0000000002776713
1173.0    0.0000000002765223    0.0000000002768234    0.0000000002778868    0.0000000002755124    0.0000000002770151
1175.0    0.0000000002758762    0.0000000002761671    0.0000000002772582    0.0000000002748618    0.0000000002763600
1177.0    0.0000000002752317    0.0000000002755124    0.0000000002766308    0.0000000002742414    0.0000000002757336
1179.0    0.0000000002746144    0.0000000002748843    0.0000000002759773    0.0000000002735941    0.0000000002751087
1181.0    0.0000000002739730    0.0000000002742580    0.0000000002753253    0.0000000002729490    0.0000000002744584
1183.0    0.0000000002733333    0.0000000002736085    0.0000000002747018    0.0000000002723334    0.0000000002738100
1185.0    0.0000000002726955    0.0000000002729612    0.0000000002740800    0.0000000002716919    0.0000000002731633
1187.0    0.0000000002720597    0.0000000002723158    0.0000000002734329    0.0000000002710524    0.0000000002725456
1189.0    0.0000000002714512    0.0000000002716974    0.0000000002727877    0.0000000002704430    0.0000000002719301
1191.0    0.0000000002708195    0.0000000002710813    0.0000000002721713    0.0000000002698078    0.0000000002712898
1193.0    0.0000000002701901    0.0000000002704430    0.0000000002715568    0.0000000002691752    0.0000000002706518
1195.0    0.0000000002695628    0.0000000002698073    0.0000000002709178    0.0000000002685722    0.0000000002700165
1197.0    0.0000000002689379    0.0000000002691742    0.0000000002702808    0.0000000002679443    0.0000000002693836
1199.0    0.0000000002683403    0.0000000002685678    0.0000000002696729    0.0000000002673187    0.0000000002687795
1201.0    0.0000000002677202    0.0000000002679641    0.0000000002690672    0.0000000002667230    0.0000000002681779
1203.0    0.0000000002671026    0.0000000002673390    0.0000000002684373    0.0000000002661023    0.0000000002675530
1205.0    0.0000000002664874    0.0000000002667167    0.0000000002678103    0.0000000002654843    0.0000000002669304
1207.0    0.0000000002658748    0.0000000002660973    0.0000000002672114    0.0000000002648956    0.0000000002663108
1209.0    0.0000000002652651    0.0000000002655044    0.0000000002666152    0.0000000002642828    0.0000000002657197
1211.0    0.0000000002646575    0.0000000002649143    0.0000000002659956    0.0000000002636723    0.0000000002651311
1213.0    0.0000000002640770    0.0000000002643033    0.0000000002653787    0.0000000002630912    0.0000000002645198
1215.0    0.0000000002634746    0.0000000002636952    0.0000000002647901    0.0000000002625123    0.0000000002639113
1217.0    0.0000000002628750    0.0000000002630901    0.0000000002642038    0.0000000002619093    0.0000000002633056
1219.0    0.0000000002622778    0.0000000002625108    0.0000000002635945    0.0000000002613092    0.0000000002627277
1221.0    0.0000000002616832    0.0000000002619342    0.0000000002629882    0.0000000002607373    0.0000000002621524
1223.0    0.0000000002611148    0.0000000002613376    0.0000000002624094    0.0000000002601420    0.0000000002615549
1225.0    0.0000000002605252    0.0000000002607433    0.0000000002618330    0.0000000002595489    0.0000000002609601
1227.0    0.0000000002599378    0.0000000002601519    0.0000000002612343    0.0000000002589839    0.0000000002603679
1229.0    0.0000000002593531    0.0000000002595859    0.0000000002606382    0.0000000002583957    0.0000000002597785
1231.0    0.0000000002587705    0.0000000002590220    0.0000000002600691    0.0000000002578095    0.0000000002592158
1233.0    0.0000000002582135    0.0000000002584383    0.0000000002595024    0.0000000002572511    0.0000000002586555
1235.0    0.0000000002576354    0.0000000002578568    0.0000000002589135    0.0000000002566693    0.0000000002580733
1237.0    0.0000000002570593    0.0000000002572779    0.0000000002583268    0.0000000002560895    0.0000000002574936
1239.0    0.0000000002564857    0.0000000002567233    0.0000000002577669    0.0000000002555369    0.0000000002569160
1241.0    0.0000000002559139    0.0000000002561709    0.0000000002572090    0.0000000002549610    0.0000000002563645
1243.0    0.0000000002553442    0.0000000002555983    0.0000000002566290    0.0000000002543870    0.0000000002558153
1245.0    0.0000000002547763    0.0000000002550280    0.0000000002560511    0.0000000002538396    0.0000000002552440
1247.0    0.0000000002542328    0.0000000002544595    0.0000000002554992    0.0000000002532691    0.0000000002546745
1249.0    0.0000000002536684    0.0000000002539146    0.0000000002549491    0.0000000002527000    0.0000000002541072
1251.0    0.0000000002531055    0.0000000002533714    0.0000000002543769    0.0000000002521572    0.0000000002535650
1253.0    0.0000000002525445    0.0000000002528081    0.0000000002538066    0.0000000002515911    0.0000000002530245
1255.0    0.0000000002519847    0.0000000002522463    0.0000000002532615    0.0000000002510263    0.0000000002524619
1257.0    0.0000000002514487    0.0000000002516860    0.0000000002527181    0.0000000002504874    0.0000000002519010
1259.0    0.0000000002508918    0.0000000002511485    0.0000000002521525    0.0000000002499495    0.0000000002513413
1261.0    0.0000000002503358    0.0000000002506124    0.0000000002515885    0.0000000002493885    0.0000000002507832
1263.0    0.0000000002497811    0.0000000002500557    0.0000000002510490    0.0000000002488284    0.0000000002502494
1265.0    0.0000000002492275    0.0000000002495004    0.0000000002505107    0.0000000002482935    0.0000000002497166
1267.0    0.0000000002486749    0.0000000002489459    0.0000000002499504    0.0000000002477350    0.0000000002491617
1269.0    0.0000000002481233    0.0000000002484137    0.0000000002493912    0.0000000002471775    0.0000000002486077
1271.0    0.0000000002475943    0.0000000002478822    0.0000000002488563    0.0000000002466450    0.0000000002480549
1273.0    0.0000000002470440    0.0000000002473303    0.0000000002483221    0.0000000002460888    0.0000000002475252
1275.0    0.0000000002464949    0.0000000002467789    0.0000000002477656    0.0000000002455332    0.0000000002469970
1277.0    0.0000000002459460    0.0000000002462281    0.0000000002472098    0.0000000002450021    0.0000000002464459
1279.0    0.0000000002453977    0.0000000002456991    0.0000000002466780    0.0000000002444475    0.0000000002458955
1281.0    0.0000000002448718    0.0000000002451704    0.0000000002461468    0.0000000002438932    0.0000000002453456
1283.0    0.0000000002443242    0.0000000002446208    0.0000000002455929    0.0000000002433633    0.0000000002448189
1285.0    0.0000000002437770    0.0000000002440716    0.0000000002450396    0.0000000002428095    0.0000000002442925
1287.0    0.0000000002432302    0.0000000002435437    0.0000000002445098    0.0000000002422559    0.0000000002437435
1289.0    0.0000000002426836    0.0000000002430160    0.0000000002439800    0.0000000002417265    0.0000000002431947
1291.0    0.0000000002421588    0.0000000002424672    0.0000000002434280    0.0000000002411732    0.0000000002426462
1293.0    0.0000000002416125    0.0000000002419184    0.0000000002428760    0.0000000002406197    0.0000000002420976
1295.0    0.0000000002410660    0.0000000002413696    0.0000000002423470    0.0000000002400905    0.0000000002415718
1297.0    0.0000000002405196    0.0000000002408419    0.0000000002418180    0.0000000002395370    0.0000000002410462
1299.0    0.0000000002399732    0.0000000002403140    0.0000000002412660    0.0000000002389835    0.0000000002404975
1301.0    0.0000000002394266    0.0000000002397648    0.0000000002407140    0.0000000002384537    0.0000000002399487
1303.0    0.0000000002388799    0.0000000002392155    0.0000000002401855    0.0000000002378998    0.0000000002393997
1305.0    0.0000000002383549    0.0000000002386658    0.0000000002396570    0.0000000002373456    0.0000000002388733
1307.0    0.0000000002378078    0.0000000002381370    0.0000000002391043    0.0000000002368153    0.0000000002383468
1309.0    0.0000000002372603    0.0000000002376080    0.0000000002385520    0.0000000002362847    0.0000000002377970
1311.0    0.0000000002367128    0.0000000002370572    0.0000000002380228    0.0000000002357297    0.0000000002372467
1313.0    0.0000000002361648    0.0000000002365062    0.0000000002374930    0.0000000002351744    0.0000000002366964
1315.0    0.0000000002356384    0.0000000002359547    0.0000000002369398    0.0000000002346426    0.0000000002361685
1317.0    0.0000000002350897    0.0000000002354240    0.0000000002363866    0.0000000002340867    0.0000000002356400
1319.0    0.0000000002345407    0.0000000002348928    0.0000000002358559    0.0000000002335301    0.0000000002350880
1321.0    0.0000000002339910    0.0000000002343401    0.0000000002353249    0.0000000002329974    0.0000000002345360
1323.0    0.0000000002334410    0.0000000002337866    0.0000000002347704    0.0000000002324400    0.0000000002339834
1325.0    0.0000000002328910    0.0000000002332327    0.0000000002342155    0.0000000002318822    0.0000000002334302
1327.0    0.0000000002323400    0.0000000002326997    0.0000000002336833    0.0000000002313481    0.0000000002328995
1329.0    0.0000000002318107    0.0000000002321658    0.0000000002331507    0.0000000002307895    0.0000000002323682
1331.0    0.0000000002312591    0.0000000002316103    0.0000000002325943    0.0000000002302302    0.0000000002318135
1333.0    0.0000000002307068    0.0000000002310542    0.0000000002320376    0.0000000002296948    0.0000000002312581
1335.0    0.0000000002301541    0.0000000002304974    0.0000000002315036    0.0000000002291348    0.0000000002307022
1337.0    0.0000000002296008    0.0000000002299615    0.0000000002309690    0.0000000002285741    0.0000000002301688
1339.0    0.0000000002290693    0.0000000002294250    0.0000000002304108    0.0000000002280374    0.0000000002296348
1341.0    0.0000000002285152    0.0000000002288668    0.0000000002298754    0.0000000002274760    0.0000000002290773
1343.0    0.0000000002279606    0.0000000002283076    0.0000000002293394    0.0000000002269141    0.0000000002285190
1345.0    0.0000000002274055    0.0000000002277478    0.0000000002287797    0.0000000002263762    0.0000000002279602
1347.0    0.0000000002268498    0.0000000002272092    0.0000000002282193    0.0000000002258135    0.0000000002274007
1349.0    0.0000000002263160    0.0000000002266700    0.0000000002276819    0.0000000002252500    0.0000000002268643
1351.0    0.0000000002257597    0.0000000002261088    0.0000000002271442    0.0000000002247110    0.0000000002263271
1353.0    0.0000000002252028    0.0000000002255468    0.0000000002265823    0.0000000002241720    0.0000000002257661
1355.0    0.0000000002246456    0.0000000002249845    0.0000000002260202    0.0000000002236079    0.0000000002252046
1357.0    0.0000000002240880    0.0000000002244433    0.0000000002254810    0.0000000002230435    0.0000000002246426
1359.0    0.0000000002235300    0.0000000002239017    0.0000000002249415    0.0000000002225035    0.0000000002241035
1361.0    0.0000000002229719    0.0000000002233378    0.0000000002243780    0.0000000002219385    0.0000000002235640
1363.0    0.0000000002224357    0.0000000002227736    0.0000000002238145    0.0000000002213735    0.0000000002230005
1365.0    0.0000000002218768    0.0000000002222090    0.0000000002232734    0.0000000002208327    0.0000000002224365
1367.0    0.0000000002213178    0.0000000002216658    0.0000000002227325    0.0000000002202673    0.0000000002218725
1369.0    0.0000000002207586    0.0000000002211222    0.0000000002221676    0.0000000002197019    0.0000000002213317
1371.0    0.0000000002201992    0.0000000002205567    0.0000000002216024    0.0000000002191611    0.0000000002207903
1373.0    0.0000000002196623    0.0000000002199907    0.0000000002210606    0.0000000002185957    0.0000000002202252
1375.0    0.0000000002191027    0.0000000002194246    0.0000000002205187    0.0000000002180305    0.0000000002196599
1377.0    0.0000000002185432    0.0000000002188802    0.0000000002199530    0.0000000002174896    0.0000000002190943
1379.0    0.0000000002179838    0.0000000002183355    0.0000000002193872    0.0000000002169248    0.0000000002185288
1381.0    0.0000000002174245    0.0000000002177692    0.0000000002188449    0.0000000002163601    0.0000000002179865
1383.0    0.0000000002168876    0.0000000002172025    0.0000000002183027    0.0000000002158200    0.0000000002174443
1385.0    0.0000000002163285    0.0000000002166362    0.0000000002177367    0.0000000002152561    0.0000000002168786
1387.0    0.0000000002157698    0.0000000002160916    0.0000000002171710    0.0000000002146921    0.0000000002163129
1389.0    0.0000000002152114    0.0000000002155472    0.0000000002166289    0.0000000002141540    0.0000000002157472
1391.0    0.0000000002146534    0.0000000002149812    0.0000000002160871    0.0000000002135912    0.0000000002152055
1393.0    0.0000000002140958    0.0000000002144155    0.0000000002155219    0.0000000002130295    0.0000000002146638
1395.0    0.0000000002135390    0.0000000002138502    0.0000000002149572    0.0000000002124926    0.0000000002140991
1397.0    0.0000000002130047    0.0000000002133071    0.0000000002144160    0.0000000002119566    0.0000000002135345
1399.0    0.0000000002124491    0.0000000002127644    0.0000000002138755    0.0000000002113972    0.0000000002129706
1401.0    0.0000000002118941    0.0000000002122007    0.0000000002133123    0.0000000002108387    0.0000000002124310
1403.0    0.0000000002113401    0.0000000002116375    0.0000000002127495    0.0000000002103054    0.0000000002118917
1405.0    0.0000000002107868    0.0000000002110967    0.0000000002122108    0.0000000002097490    0.0000000002113296
1407.0    0.0000000002102568    0.0000000002105569    0.0000000002116728    0.0000000002091939    0.0000000002107686
1409.0    0.0000000002097060    0.0000000002099963    0.0000000002111123    0.0000000002086642    0.0000000002102082
1411.0    0.0000000002091560    0.0000000002094370    0.0000000002105528    0.0000000002081120    0.0000000002096490
1413.0    0.0000000002086071    0.0000000002088784    0.0000000002100177    0.0000000002075608    0.0000000002091140
1415.0    0.0000000002080598    0.0000000002083426    0.0000000002094834    0.0000000002070354    0.0000000002085803
1417.0    0.0000000002075142    0.0000000002078082    0.0000000002089273    0.0000000002064877    0.0000000002080245
1419.0    0.0000000002069699    0.0000000002072536    0.0000000002083722    0.0000000002059418    0.0000000002074702
1421.0    0.0000000002064490    0.0000000002067008    0.0000000002078420    0.0000000002054215    0.0000000002069170
1423.0    0.0000000002059080    0.0000000002061497    0.0000000002073130    0.0000000002048795    0.0000000002063889
1425.0    0.0000000002053688    0.0000000002056212    0.0000000002067622    0.0000000002043394    0.0000000002058622
1427.0    0.0000000002048318    0.0000000002050945    0.0000000002062135    0.0000000002038248    0.0000000002053142
1429.0    0.0000000002042967    0.0000000002045488    0.0000000002056893    0.0000000002032892    0.0000000002047683
1431.0    0.0000000002037851    0.0000000002040052    0.0000000002051667    0.0000000002027559    0.0000000002042245
1433.0    0.0000000002032542    0.0000000002034637    0.0000000002046234    0.0000000002022481    0.0000000002037052
1435.0    0.0000000002027256    0.0000000002029453    0.0000000002040825    0.0000000002017198    0.0000000002031880
1437.0    0.0000000002021994    0.0000000002024290    0.0000000002035658    0.0000000002011939    0.0000000002026507
1439.0    0.0000000002016758    0.0000000002018950    0.0000000002030514    0.0000000002006937    0.0000000002021161
1441.0    0.0000000002011758    0.0000000002013628    0.0000000002025170    0.0000000002001733    0.0000000002015837
1443.0    0.0000000002006572    0.0000000002008340    0.0000000002019850    0.0000000001996560    0.0000000002010540
1445.0    0.0000000002001417    0.0000000002003279    0.0000000002014780    0.0000000001991638    0.0000000002005492
1447.0    0.0000000001996288    0.0000000001998247    0.0000000002009729    0.0000000001986745    0.0000000002000470
1449.0    0.0000000001991191    0.0000000001993043    0.0000000002004489    0.0000000001981662    0.0000000001995257
1451.0    0.0000000001986122    0.0000000001987870    0.0000000001999277    0.0000000001976609    0.0000000001990076
1453.0    0.0000000001981086    0.0000000001982731    0.0000000001994311    0.0000000001971807    0.0000000001984928
1455.0    0.0000000001976281    0.0000000001977820    0.0000000001989372    0.0000000001966822    0.0000000001980025
1457.0    0.0000000001971308    0.0000000001972942    0.0000000001984251    0.0000000001961870    0.0000000001975152
1459.0    0.0000000001966368    0.0000000001967902    0.0000000001979161    0.0000000001957165    0.0000000001970102
1461.0    0.0000000001961462    0.0000000001962898    0.0000000001974313    0.0000000001952282    0.0000000001965088
1463.0    0.0000000001956591    0.0000000001957932    0.0000000001969500    0.0000000001947433    0.0000000001960110
1465.0    0.0000000001951948    0.0000000001953190    0.0000000001964508    0.0000000001942832    0.0000000001955372
1467.0    0.0000000001947148    0.0000000001948486    0.0000000001959553    0.0000000001938058    0.0000000001950672
1469.0    0.0000000001942381    0.0000000001943631    0.0000000001954839    0.0000000001933320    0.0000000001945803
1471.0    0.0000000001937655    0.0000000001938815    0.0000000001950158    0.0000000001928825    0.0000000001940973
1473.0    0.0000000001932964    0.0000000001934040    0.0000000001945311    0.0000000001924164    0.0000000001936184
1475.0    0.0000000001928312    0.0000000001929487    0.0000000001940501    0.0000000001919540    0.0000000001931435
1477.0    0.0000000001923699    0.0000000001924971    0.0000000001935926    0.0000000001915155    0.0000000001926922
1479.0    0.0000000001919306    0.0000000001920315    0.0000000001931388    0.0000000001910609    0.0000000001922446
1481.0    0.0000000001914767    0.0000000001915702    0.0000000001926695    0.0000000001906100    0.0000000001917817
1483.0    0.0000000001910268    0.0000000001911130    0.0000000001922034    0.0000000001901825    0.0000000001913230
1485.0    0.0000000001905808    0.0000000001906774    0.0000000001917609    0.0000000001897396    0.0000000001908682
