9.0    0.0000000000000000    0.0000000000000000    0.0000000000000000    0.0000000000000000    0.0000000000000000
11.0    0.0000000000000000    0.0000000000000000    0.0000000000000000    0.0000000000000000    0.0000000000000000
13.0    0.0000000000000000    0.0000000000000000    0.0000000000000000    0.0000000000000000    0.0000000000000000
15.0    0.0000000000000000    0.0000000000000000    0.0000000000000000    0.0000000000000000    0.0000000000000000
17.0    0.0000000000000000    0.0000000000000000    0.0000000000000000    0.0000000000000000    0.0000000000000000
19.0    0.0000000000000000    0.0000000000000000    0.0000000000000000    0.0000000000000000    0.0000000000000000
21.0    0.0000000000000000    0.0000000000000000    0.0000000000000000    0.0000000000000000    0.0000000000000000
23.0    0.0000000000000000    0.0000000000000000    0.0000000000000000    0.0000000000000000    0.0000000000000000
25.0    0.0000000000000000    0.0000000000000000    0.0000000000000000    0.0000000000000000    0.0000000000000000
27.0    0.0000000000000000    0.0000000000000000    0.0000000000000000    0.0000000000000000    0.0000000000000000
29.0    0.0000000000000000    0.0000000000000000    0.0000000000000000    0.0000000000000000    0.0000000000000000
31.0    0.0000000000000001    0.0000000000000000    0.0000000000000001    0.0000000000000000    0.0000000000000001
33.0    0.0000000000000001    0.0000000000000001    0.0000000000000001    0.0000000000000001    0.0000000000000002
35.0    0.0000000000000002    0.0000000000000001    0.0000000000000003    0.0000000000000002    0.0000000000000003
37.0    0.0000000000000004    0.0000000000000003    0.0000000000000005    0.0000000000000003    0.0000000000000005
39.0    0.0000000000000007    0.0000000000000005    0.0000000000000008    0.0000000000000006    0.0000000000000008
41.0    0.0000000000000011    0.0000000000000009    0.0000000000000012    0.0000000000000010    0.0000000000000013
43.0    0.0000000000000018    0.0000000000000015    0.0000000000000019    0.0000000000000017    0.0000000000000020
45.0    0.0000000000000028    0.0000000000000024    0.0000000000000029    0.0000000000000027    0.0000000000000030
47.0    0.0000000000000041    0.0000000000000037    0.0000000000000042    0.0000000000000040    0.0000000000000043
49.0    0.0000000000000058    0.0000000000000053    0.0000000000000059    0.0000000000000057    0.0000000000000061
51.0    0.0000000000000079    0.0000000000000074    0.0000000000000079    0.0000000000000078    0.0000000000000081
53.0    0.0000000000000103    0.0000000000000099    0.0000000000000103    0.0000000000000104    0.0000000000000104
55.0    0.0000000000000130    0.0000000000000128    0.0000000000000128    0.0000000000000130    0.0000000000000130
57.0    0.0000000000000157    0.0000000000000157    0.0000000000000155    0.0000000000000160    0.0000000000000157
59.0    0.0000000000000185    0.0000000000000186    0.0000000000000183    0.0000000000000188    0.0000000000000185
61.0    0.0000000000000212    0.0000000000000212    0.0000000000000210    0.0000000000000214    0.0000000000000211
63.0    0.0000000000000237    0.0000000000000236    0.0000000000000234    0.0000000000000239    0.0000000000000237
65.0    0.0000000000000259    0.0000000000000257    0.0000000000000257    0.0000000000000261    0.0000000000000260
67.0    0.0000000000000281    0.0000000000000276    0.0000000000000281    0.0000000000000280    0.0000000000000283
69.0    0.0000000000000304    0.0000000000000296    0.0000000000000306    0.0000000000000303    0.0000000000000308
71.0    0.0000000000000329    0.0000000000000319    0.0000000000000332    0.0000000000000329    0.0000000000000336
73.0    0.0000000000000362    0.0000000000000349    0.0000000000000363    0.0000000000000360    0.0000000000000369
75.0    0.0000000000000401    0.0000000000000389    0.0000000000000402    0.0000000000000401    0.0000000000000407
77.0    0.0000000000000448    0.0000000000000438    0.0000000000000447    0.0000000000000450    0.0000000000000450
79.0    0.0000000000000501    0.0000000000000494    0.0000000000000495    0.0000000000000504    0.0000000000000500
81.0    0.0000000000000555    0.0000000000000554    0.0000000000000547    0.0000000000000563    0.0000000000000553
83.0    0.0000000000000612    0.0000000000000617    0.0000000000000600    0.0000000000000623    0.0000000000000606
85.0    0.0000000000000664    0.0000000000000675    0.0000000000000650    0.0000000000000675    0.0000000000000653
87.0    0.0000000000000707    0.0000000000000723    0.0000000000000691    0.0000000000000719    0.0000000000000693
89.0    0.0000000000000740    0.0000000000000756    0.0000000000000724    0.0000000000000751    0.0000000000000725
91.0    0.0000000000000759    0.0000000000000775    0.0000000000000746    0.0000000000000768    0.0000000000000747
93.0    0.0000000000000766    0.0000000000000779    0.0000000000000757    0.0000000000000772    0.0000000000000756
95.0    0.0000000000000763    0.0000000000000770    0.0000000000000758    0.0000000000000765    0.0000000000000757
97.0    0.0000000000000752    0.0000000000000753    0.0000000000000752    0.0000000000000751    0.0000000000000750
99.0    0.0000000000000738    0.0000000000000733    0.0000000000000742    0.0000000000000734    0.0000000000000741
101.0    0.0000000000000724    0.0000000000000715    0.0000000000000731    0.0000000000000719    0.0000000000000730
103.0    0.0000000000000715    0.0000000000000702    0.0000000000000724    0.0000000000000709    0.0000000000000723
105.0    0.0000000000000713    0.0000000000000698    0.0000000000000721    0.0000000000000707    0.0000000000000721
107.0    0.0000000000000718    0.0000000000000705    0.0000000000000724    0.0000000000000714    0.0000000000000725
109.0    0.0000000000000731    0.0000000000000721    0.0000000000000734    0.0000000000000730    0.0000000000000735
111.0    0.0000000000000749    0.0000000000000744    0.0000000000000749    0.0000000000000750    0.0000000000000751
113.0    0.0000000000000772    0.0000000000000771    0.0000000000000767    0.0000000000000775    0.0000000000000771
115.0    0.0000000000000794    0.0000000000000799    0.0000000000000788    0.0000000000000801    0.0000000000000792
117.0    0.0000000000000816    0.0000000000000823    0.0000000000000809    0.0000000000000823    0.0000000000000811
119.0    0.0000000000000835    0.0000000000000843    0.0000000000000827    0.0000000000000841    0.0000000000000829
121.0    0.0000000000000850    0.0000000000000857    0.0000000000000842    0.0000000000000855    0.0000000000000844
123.0    0.0000000000000859    0.0000000000000864    0.0000000000000854    0.0000000000000863    0.0000000000000855
125.0    0.0000000000000866    0.0000000000000867    0.0000000000000863    0.0000000000000867    0.0000000000000863
127.0    0.0000000000000869    0.0000000000000866    0.0000000000000869    0.0000000000000869    0.0000000000000870
129.0    0.0000000000000873    0.0000000000000866    0.0000000000000874    0.0000000000000871    0.0000000000000875
131.0    0.0000000000000878    0.0000000000000868    0.0000000000000881    0.0000000000000876    0.0000000000000882
133.0    0.0000000000000886    0.0000000000000874    0.0000000000000889    0.0000000000000884    0.0000000000000890
135.0    0.0000000000000898    0.0000000000000886    0.0000000000000900    0.0000000000000896    0.0000000000000902
137.0    0.0000000000000914    0.0000000000000904    0.0000000000000914    0.0000000000000914    0.0000000000000918
139.0    0.0000000000000933    0.0000000000000926    0.0000000000000932    0.0000000000000936    0.0000000000000935
141.0    0.0000000000000956    0.0000000000000953    0.0000000000000953    0.0000000000000960    0.0000000000000956
143.0    0.0000000000000981    0.0000000000000981    0.0000000000000975    0.0000000000000986    0.0000000000000978
145.0    0.0000000000001005    0.0000000000001010    0.0000000000000997    0.0000000000001011    0.0000000000001001
147.0    0.0000000000001028    0.0000000000001034    0.0000000000001019    0.0000000000001035    0.0000000000001022
149.0    0.0000000000001047    0.0000000000001055    0.0000000000001039    0.0000000000001054    0.0000000000001041
151.0    0.0000000000001064    0.0000000000001072    0.0000000000001056    0.0000000000001070    0.0000000000001058
153.0    0.0000000000001077    0.0000000000001084    0.0000000000001070    0.0000000000001082    0.0000000000001072
155.0    0.0000000000001087    0.0000000000001091    0.0000000000001082    0.0000000000001090    0.0000000000001083
157.0    0.0000000000001094    0.0000000000001094    0.0000000000001091    0.0000000000001096    0.0000000000001092
159.0    0.0000000000001100    0.0000000000001096    0.0000000000001098    0.0000000000001100    0.0000000000001099
161.0    0.0000000000001105    0.0000000000001099    0.0000000000001105    0.0000000000001105    0.0000000000001106
163.0    0.0000000000001111    0.0000000000001103    0.0000000000001113    0.0000000000001111    0.0000000000001114
165.0    0.0000000000001120    0.0000000000001110    0.0000000000001122    0.0000000000001119    0.0000000000001123
167.0    0.0000000000001131    0.0000000000001120    0.0000000000001132    0.0000000000001130    0.0000000000001134
169.0    0.0000000000001145    0.0000000000001135    0.0000000000001144    0.0000000000001145    0.0000000000001147
171.0    0.0000000000001161    0.0000000000001153    0.0000000000001160    0.0000000000001163    0.0000000000001162
173.0    0.0000000000001179    0.0000000000001174    0.0000000000001177    0.0000000000001183    0.0000000000001180
175.0    0.0000000000001200    0.0000000000001197    0.0000000000001195    0.0000000000001205    0.0000000000001199
177.0    0.0000000000001221    0.0000000000001220    0.0000000000001215    0.0000000000001227    0.0000000000001219
179.0    0.0000000000001243    0.0000000000001243    0.0000000000001236    0.0000000000001249    0.0000000000001240
181.0    0.0000000000001264    0.0000000000001265    0.0000000000001257    0.0000000000001270    0.0000000000001260
183.0    0.0000000000001285    0.0000000000001285    0.0000000000001277    0.0000000000001290    0.0000000000001280
185.0    0.0000000000001304    0.0000000000001303    0.0000000000001296    0.0000000000001309    0.0000000000001300
187.0    0.0000000000001322    0.0000000000001320    0.0000000000001316    0.0000000000001326    0.0000000000001320
189.0    0.0000000000001340    0.0000000000001335    0.0000000000001336    0.0000000000001344    0.0000000000001339
191.0    0.0000000000001359    0.0000000000001352    0.0000000000001355    0.0000000000001362    0.0000000000001359
193.0    0.0000000000001378    0.0000000000001369    0.0000000000001374    0.0000000000001381    0.0000000000001378
195.0    0.0000000000001399    0.0000000000001388    0.0000000000001396    0.0000000000001402    0.0000000000001399
197.0    0.0000000000001421    0.0000000000001409    0.0000000000001419    0.0000000000001425    0.0000000000001422
199.0    0.0000000000001446    0.0000000000001432    0.0000000000001443    0.0000000000001450    0.0000000000001447
201.0    0.0000000000001474    0.0000000000001460    0.0000000000001469    0.0000000000001478    0.0000000000001475
203.0    0.0000000000001504    0.0000000000001491    0.0000000000001499    0.0000000000001510    0.0000000000001505
205.0    0.0000000000001537    0.0000000000001524    0.0000000000001532    0.0000000000001543    0.0000000000001536
207.0    0.0000000000001572    0.0000000000001559    0.0000000000001566    0.0000000000001580    0.0000000000001572
209.0    0.0000000000001611    0.0000000000001595    0.0000000000001603    0.0000000000001620    0.0000000000001611
211.0    0.0000000000001652    0.0000000000001635    0.0000000000001645    0.0000000000001660    0.0000000000001653
213.0    0.0000000000001697    0.0000000000001677    0.0000000000001690    0.0000000000001706    0.0000000000001697
215.0    0.0000000000001746    0.0000000000001721    0.0000000000001738    0.0000000000001755    0.0000000000001745
217.0    0.0000000000001799    0.0000000000001767    0.0000000000001790    0.0000000000001807    0.0000000000001800
219.0    0.0000000000001858    0.0000000000001816    0.0000000000001851    0.0000000000001866    0.0000000000001861
221.0    0.0000000000001922    0.0000000000001874    0.0000000000001918    0.0000000000001934    0.0000000000001929
223.0    0.0000000000001997    0.0000000000001939    0.0000000000001992    0.0000000000002007    0.0000000000002007
225.0    0.0000000000002083    0.0000000000002014    0.0000000000002075    0.0000000000002095    0.0000000000002092
227.0    0.0000000000002182    0.0000000000002098    0.0000000000002175    0.0000000000002196    0.0000000000002189
229.0    0.0000000000002296    0.0000000000002196    0.0000000000002290    0.0000000000002309    0.0000000000002306
231.0    0.0000000000002423    0.0000000000002314    0.0000000000002417    0.0000000000002446    0.0000000000002441
233.0    0.0000000000002576    0.0000000000002453    0.0000000000002564    0.0000000000002605    0.0000000000002597
235.0    0.0000000000002752    0.0000000000002607    0.0000000000002739    0.0000000000002780    0.0000000000002769
237.0    0.0000000000002955    0.0000000000002786    0.0000000000002940    0.0000000000002981    0.0000000000002965
239.0    0.0000000000003187    0.0000000000002999    0.0000000000003160    0.0000000000003221    0.0000000000003199
241.0    0.0000000000003452    0.0000000000003243    0.0000000000003410    0.0000000000003495    0.0000000000003465
243.0    0.0000000000003752    0.0000000000003523    0.0000000000003706    0.0000000000003793    0.0000000000003768
245.0    0.0000000000004078    0.0000000000003827    0.0000000000004041    0.0000000000004144    0.0000000000004110
247.0    0.0000000000004460    0.0000000000004171    0.0000000000004403    0.0000000000004541    0.0000000000004479
249.0    0.0000000000004889    0.0000000000004573    0.0000000000004808    0.0000000000004966    0.0000000000004893
251.0    0.0000000000005370    0.0000000000005024    0.0000000000005281    0.0000000000005464    0.0000000000005374
253.0    0.0000000000005906    0.0000000000005531    0.0000000000005809    0.0000000000006020    0.0000000000005912
255.0    0.0000000000006477    0.0000000000006073    0.0000000000006371    0.0000000000006610    0.0000000000006510
257.0    0.0000000000007137    0.0000000000006676    0.0000000000006994    0.0000000000007296    0.0000000000007145
259.0    0.0000000000007866    0.0000000000007371    0.0000000000007712    0.0000000000008053    0.0000000000007846
261.0    0.0000000000008671    0.0000000000008141    0.0000000000008504    0.0000000000008852    0.0000000000008650
263.0    0.0000000000009556    0.0000000000008990    0.0000000000009338    0.0000000000009770    0.0000000000009534
265.0    0.0000000000010486    0.0000000000009888    0.0000000000010250    0.0000000000010775    0.0000000000010505
267.0    0.0000000000011544    0.0000000000010872    0.0000000000011289    0.0000000000011827    0.0000000000011519
269.0    0.0000000000012695    0.0000000000011989    0.0000000000012423    0.0000000000013024    0.0000000000012622
271.0    0.0000000000013948    0.0000000000013209    0.0000000000013602    0.0000000000014324    0.0000000000013870
273.0    0.0000000000015303    0.0000000000014537    0.0000000000014876    0.0000000000015670    0.0000000000015222
275.0    0.0000000000016767    0.0000000000015918    0.0000000000016310    0.0000000000017188    0.0000000000016681
277.0    0.0000000000018341    0.0000000000017408    0.0000000000017787    0.0000000000018819    0.0000000000018251
279.0    0.0000000000019958    0.0000000000019074    0.0000000000019368    0.0000000000020490    0.0000000000019860
281.0    0.0000000000021756    0.0000000000020860    0.0000000000021129    0.0000000000022269    0.0000000000021576
283.0    0.0000000000023667    0.0000000000022770    0.0000000000023006    0.0000000000024247    0.0000000000023479
285.0    0.0000000000025695    0.0000000000024720    0.0000000000024912    0.0000000000026342    0.0000000000025497
287.0    0.0000000000027835    0.0000000000026783    0.0000000000026925    0.0000000000028456    0.0000000000027628
289.0    0.0000000000029996    0.0000000000029043    0.0000000000029136    0.0000000000030778    0.0000000000029776
291.0    0.0000000000032354    0.0000000000031417    0.0000000000031459    0.0000000000033211    0.0000000000032027
293.0    0.0000000000034817    0.0000000000033901    0.0000000000033787    0.0000000000035639    0.0000000000034480
295.0    0.0000000000037385    0.0000000000036387    0.0000000000036215    0.0000000000038280    0.0000000000037038
297.0    0.0000000000040050    0.0000000000038966    0.0000000000038849    0.0000000000041019    0.0000000000039697
299.0    0.0000000000042701    0.0000000000041738    0.0000000000041585    0.0000000000043731    0.0000000000042338
301.0    0.0000000000045554    0.0000000000044601    0.0000000000044299    0.0000000000046658    0.0000000000045069
303.0    0.0000000000048499    0.0000000000047549    0.0000000000047104    0.0000000000049678    0.0000000000048012
305.0    0.0000000000051537    0.0000000000050462    0.0000000000050126    0.0000000000052653    0.0000000000051050
307.0    0.0000000000054668    0.0000000000053454    0.0000000000053246    0.0000000000055856    0.0000000000054184
309.0    0.0000000000057895    0.0000000000056650    0.0000000000056328    0.0000000000059155    0.0000000000057416
311.0    0.0000000000061220    0.0000000000059935    0.0000000000059507    0.0000000000062408    0.0000000000060610
313.0    0.0000000000064512    0.0000000000063317    0.0000000000062929    0.0000000000065915    0.0000000000063903
315.0    0.0000000000068052    0.0000000000066666    0.0000000000066465    0.0000000000069538    0.0000000000067451
317.0    0.0000000000071712    0.0000000000070122    0.0000000000069967    0.0000000000073122    0.0000000000071122
319.0    0.0000000000075504    0.0000000000073838    0.0000000000073591    0.0000000000077005    0.0000000000074924
321.0    0.0000000000079436    0.0000000000077691    0.0000000000077509    0.0000000000081035    0.0000000000078701
323.0    0.0000000000083355    0.0000000000081695    0.0000000000081578    0.0000000000085042    0.0000000000082621
325.0    0.0000000000087601    0.0000000000085697    0.0000000000085629    0.0000000000089403    0.0000000000086871
327.0    0.0000000000092021    0.0000000000089865    0.0000000000089843    0.0000000000093948    0.0000000000091298
329.0    0.0000000000096635    0.0000000000094384    0.0000000000094422    0.0000000000098486    0.0000000000095916
331.0    0.0000000000101449    0.0000000000099106    0.0000000000099202    0.0000000000103219    0.0000000000100530
333.0    0.0000000000106482    0.0000000000104044    0.0000000000103981    0.0000000000108392    0.0000000000105345
335.0    0.0000000000111741    0.0000000000109006    0.0000000000108971    0.0000000000113801    0.0000000000110592
337.0    0.0000000000117019    0.0000000000114194    0.0000000000114411    0.0000000000119214    0.0000000000116081
339.0    0.0000000000122770    0.0000000000119837    0.0000000000120104    0.0000000000125137    0.0000000000121826
341.0    0.0000000000128785    0.0000000000125746    0.0000000000125809    0.0000000000131337    0.0000000000127839
343.0    0.0000000000135087    0.0000000000131935    0.0000000000131775    0.0000000000137546    0.0000000000133866
345.0    0.0000000000141680    0.0000000000138162    0.0000000000138287    0.0000000000144341    0.0000000000140169
347.0    0.0000000000148305    0.0000000000144677    0.0000000000145108    0.0000000000151457    0.0000000000147050
349.0    0.0000000000155525    0.0000000000151768    0.0000000000151946    0.0000000000158583    0.0000000000154255
351.0    0.0000000000163081    0.0000000000159197    0.0000000000159099    0.0000000000166382    0.0000000000161802
353.0    0.0000000000170997    0.0000000000166672    0.0000000000166907    0.0000000000174548    0.0000000000169367
355.0    0.0000000000179278    0.0000000000174495    0.0000000000175084    0.0000000000182722    0.0000000000177277
357.0    0.0000000000187593    0.0000000000183007    0.0000000000183279    0.0000000000191666    0.0000000000185908
359.0    0.0000000000196652    0.0000000000191923    0.0000000000191847    0.0000000000201024    0.0000000000194942
361.0    0.0000000000206123    0.0000000000201259    0.0000000000201192    0.0000000000210385    0.0000000000204395
363.0    0.0000000000216032    0.0000000000210646    0.0000000000210969    0.0000000000220618    0.0000000000213859
365.0    0.0000000000226385    0.0000000000220456    0.0000000000220756    0.0000000000231312    0.0000000000223744
367.0    0.0000000000237209    0.0000000000231115    0.0000000000230975    0.0000000000241997    0.0000000000234511
369.0    0.0000000000248507    0.0000000000242260    0.0000000000242104    0.0000000000253661    0.0000000000245760
371.0    0.0000000000259821    0.0000000000253905    0.0000000000253728    0.0000000000265832    0.0000000000257506
373.0    0.0000000000272110    0.0000000000265585    0.0000000000265342    0.0000000000277973    0.0000000000269764
375.0    0.0000000000284915    0.0000000000277764    0.0000000000277444    0.0000000000290612    0.0000000000282002
377.0    0.0000000000298265    0.0000000000290960    0.0000000000290595    0.0000000000304376    0.0000000000294743
379.0    0.0000000000312158    0.0000000000304717    0.0000000000304299    0.0000000000318703    0.0000000000308577
381.0    0.0000000000326030    0.0000000000319047    0.0000000000317958    0.0000000000332958    0.0000000000322977
383.0    0.0000000000341047    0.0000000000333376    0.0000000000332156    0.0000000000348448    0.0000000000337956
385.0    0.0000000000356644    0.0000000000348265    0.0000000000347545    0.0000000000364539    0.0000000000352861
387.0    0.0000000000372849    0.0000000000364343    0.0000000000363537    0.0000000000380514    0.0000000000368327
389.0    0.0000000000389654    0.0000000000381041    0.0000000000379434    0.0000000000397837    0.0000000000385062
391.0    0.0000000000407089    0.0000000000398367    0.0000000000395915    0.0000000000415793    0.0000000000402420
393.0    0.0000000000425147    0.0000000000415622    0.0000000000413732    0.0000000000433583    0.0000000000420412
395.0    0.0000000000443090    0.0000000000433478    0.0000000000432199    0.0000000000452836    0.0000000000438255
397.0    0.0000000000462428    0.0000000000452681    0.0000000000450515    0.0000000000472756    0.0000000000456709
399.0    0.0000000000482425    0.0000000000472538    0.0000000000469462    0.0000000000492462    0.0000000000476617
401.0    0.0000000000503116    0.0000000000493058    0.0000000000489909    0.0000000000513762    0.0000000000497209
403.0    0.0000000000524502    0.0000000000513415    0.0000000000511070    0.0000000000535782    0.0000000000518505
405.0    0.0000000000545723    0.0000000000534410    0.0000000000532039    0.0000000000557557    0.0000000000540528
407.0    0.0000000000568575    0.0000000000556922    0.0000000000553723    0.0000000000581100    0.0000000000562335
409.0    0.0000000000592212    0.0000000000580150    0.0000000000577133    0.0000000000605462    0.0000000000584878
411.0    0.0000000000616699    0.0000000000604121    0.0000000000601392    0.0000000000629595    0.0000000000609211
413.0    0.0000000000642071    0.0000000000627900    0.0000000000625480    0.0000000000655755    0.0000000000634428
415.0    0.0000000000667340    0.0000000000652453    0.0000000000650468    0.0000000000682921    0.0000000000660596
417.0    0.0000000000694693    0.0000000000678852    0.0000000000677558    0.0000000000709950    0.0000000000686633
419.0    0.0000000000723171    0.0000000000706212    0.0000000000705782    0.0000000000739410    0.0000000000713714
421.0    0.0000000000752921    0.0000000000734628    0.0000000000733988    0.0000000000770195    0.0000000000743171
423.0    0.0000000000784042    0.0000000000763046    0.0000000000763468    0.0000000000801048    0.0000000000773988
425.0    0.0000000000816728    0.0000000000792688    0.0000000000795700    0.0000000000833419    0.0000000000806318
427.0    0.0000000000851111    0.0000000000824941    0.0000000000829608    0.0000000000869085    0.0000000000840334
429.0    0.0000000000885934    0.0000000000858845    0.0000000000863837    0.0000000000906785    0.0000000000874683
431.0    0.0000000000924316    0.0000000000894616    0.0000000000899994    0.0000000000945018    0.0000000000910985
433.0    0.0000000000965044    0.0000000000930989    0.0000000000939956    0.0000000000987522    0.0000000000951135
435.0    0.0000000001008455    0.0000000000969593    0.0000000000982469    0.0000000001032843    0.0000000000993884
437.0    0.0000000001054763    0.0000000001012355    0.0000000001025841    0.0000000001079176    0.0000000001039521
439.0    0.0000000001102285    0.0000000001058128    0.0000000001072113    0.0000000001131063    0.0000000001086232
441.0    0.0000000001155308    0.0000000001107275    0.0000000001123726    0.0000000001186739    0.0000000001136222
443.0    0.0000000001212184    0.0000000001158048    0.0000000001179092    0.0000000001243955    0.0000000001192138
445.0    0.0000000001273372    0.0000000001212708    0.0000000001235960    0.0000000001308285    0.0000000001252268
447.0    0.0000000001339118    0.0000000001274003    0.0000000001296959    0.0000000001377490    0.0000000001316976
449.0    0.0000000001406942    0.0000000001340286    0.0000000001365265    0.0000000001448700    0.0000000001383594
451.0    0.0000000001482850    0.0000000001411993    0.0000000001438704    0.0000000001528753    0.0000000001455152
453.0    0.0000000001564352    0.0000000001486421    0.0000000001514190    0.0000000001614760    0.0000000001535327
455.0    0.0000000001651933    0.0000000001566708    0.0000000001595086    0.0000000001703023    0.0000000001621497
457.0    0.0000000001745735    0.0000000001656688    0.0000000001685448    0.0000000001801871    0.0000000001713986
459.0    0.0000000001846212    0.0000000001753672    0.0000000001782217    0.0000000001907553    0.0000000001813089
461.0    0.0000000001953414    0.0000000001857998    0.0000000001881157    0.0000000002015385    0.0000000001914460
463.0    0.0000000002062974    0.0000000001965445    0.0000000001986507    0.0000000002135337    0.0000000002022427
465.0    0.0000000002184156    0.0000000002080230    0.0000000002103287    0.0000000002262626    0.0000000002142122
467.0    0.0000000002312489    0.0000000002207396    0.0000000002227242    0.0000000002391452    0.0000000002269165
469.0    0.0000000002448191    0.0000000002342647    0.0000000002352779    0.0000000002527133    0.0000000002403606
471.0    0.0000000002591036    0.0000000002480282    0.0000000002485070    0.0000000002676291    0.0000000002539325
473.0    0.0000000002734932    0.0000000002625448    0.0000000002630113    0.0000000002832615    0.0000000002681850
475.0    0.0000000002891701    0.0000000002784105    0.0000000002782237    0.0000000002988795    0.0000000002837531
477.0    0.0000000003055118    0.0000000002950421    0.0000000002934451    0.0000000003158737    0.0000000003000150
479.0    0.0000000003225054    0.0000000003124078    0.0000000003092867    0.0000000003334995    0.0000000003169422
481.0    0.0000000003400972    0.0000000003297565    0.0000000003264333    0.0000000003509234    0.0000000003337505
483.0    0.0000000003582593    0.0000000003477122    0.0000000003441765    0.0000000003696808    0.0000000003511073
485.0    0.0000000003769285    0.0000000003669644    0.0000000003616960    0.0000000003889264    0.0000000003697447
487.0    0.0000000003952870    0.0000000003867498    0.0000000003796857    0.0000000004077472    0.0000000003888705
489.0    0.0000000004148070    0.0000000004070008    0.0000000003988960    0.0000000004277906    0.0000000004084257
491.0    0.0000000004346628    0.0000000004268425    0.0000000004184996    0.0000000004481360    0.0000000004283476
493.0    0.0000000004547975    0.0000000004469845    0.0000000004375955    0.0000000004678209    0.0000000004477204
495.0    0.0000000004751363    0.0000000004681688    0.0000000004569407    0.0000000004885640    0.0000000004673123
497.0    0.0000000004947948    0.0000000004895176    0.0000000004773227    0.0000000005094006    0.0000000004879167
499.0    0.0000000005153419    0.0000000005109505    0.0000000004978387    0.0000000005293541    0.0000000005086177
501.0    0.0000000005358918    0.0000000005315647    0.0000000005175620    0.0000000005501681    0.0000000005293444
503.0    0.0000000005563769    0.0000000005521123    0.0000000005372842    0.0000000005708687    0.0000000005491676
505.0    0.0000000005767335    0.0000000005733412    0.0000000005577990    0.0000000005904996    0.0000000005688893
507.0    0.0000000005960945    0.0000000005943554    0.0000000005781825    0.0000000006107830    0.0000000005892998
509.0    0.0000000006160142    0.0000000006150868    0.0000000005975372    0.0000000006307693    0.0000000006094763
511.0    0.0000000006356322    0.0000000006346985    0.0000000006166575    0.0000000006495514    0.0000000006293600
513.0    0.0000000006548879    0.0000000006539351    0.0000000006363115    0.0000000006679629    0.0000000006480927
515.0    0.0000000006737443    0.0000000006735021    0.0000000006556086    0.0000000006867684    0.0000000006664577
517.0    0.0000000006921479    0.0000000006925731    0.0000000006737255    0.0000000007050925    0.0000000006851945
519.0    0.0000000007100737    0.0000000007111082    0.0000000006914273    0.0000000007221265    0.0000000007034530
521.0    0.0000000007267935    0.0000000007283973    0.0000000007094288    0.0000000007393898    0.0000000007211986
523.0    0.0000000007436739    0.0000000007451272    0.0000000007269154    0.0000000007560842    0.0000000007384004
525.0    0.0000000007599962    0.0000000007619233    0.0000000007431673    0.0000000007714904    0.0000000007543568
527.0    0.0000000007757270    0.0000000007780835    0.0000000007588916    0.0000000007869936    0.0000000007697663
529.0    0.0000000007908686    0.0000000007935958    0.0000000007747310    0.0000000008018835    0.0000000007852598
531.0    0.0000000008048299    0.0000000008078975    0.0000000007899718    0.0000000008155335    0.0000000008001398
533.0    0.0000000008187692    0.0000000008215816    0.0000000008040103    0.0000000008291820    0.0000000008143993
535.0    0.0000000008321028    0.0000000008351719    0.0000000008174754    0.0000000008422092    0.0000000008274838
537.0    0.0000000008448158    0.0000000008481082    0.0000000008309258    0.0000000008540795    0.0000000008399875
539.0    0.0000000008569293    0.0000000008603975    0.0000000008437591    0.0000000008658790    0.0000000008524320
541.0    0.0000000008684334    0.0000000008716169    0.0000000008554861    0.0000000008770771    0.0000000008642626
543.0    0.0000000008793541    0.0000000008822506    0.0000000008666474    0.0000000008872236    0.0000000008754881
545.0    0.0000000008892879    0.0000000008927142    0.0000000008777126    0.0000000008972542    0.0000000008856919
547.0    0.0000000008990758    0.0000000009025820    0.0000000008877685    0.0000000009067219    0.0000000008953535
549.0    0.0000000009083179    0.0000000009118720    0.0000000008972883    0.0000000009152546    0.0000000009048829
551.0    0.0000000009170152    0.0000000009202794    0.0000000009066759    0.0000000009236446    0.0000000009138597
553.0    0.0000000009251981    0.0000000009281798    0.0000000009155168    0.0000000009315215    0.0000000009223003
555.0    0.0000000009325761    0.0000000009358876    0.0000000009234951    0.0000000009385819    0.0000000009302223
557.0    0.0000000009397813    0.0000000009430928    0.0000000009309942    0.0000000009454861    0.0000000009373473
559.0    0.0000000009465236    0.0000000009498162    0.0000000009383367    0.0000000009519313    0.0000000009440221
561.0    0.0000000009528086    0.0000000009558473    0.0000000009452003    0.0000000009576743    0.0000000009505348
563.0    0.0000000009586663    0.0000000009614633    0.0000000009513483    0.0000000009630245    0.0000000009566005
565.0    0.0000000009638960    0.0000000009668911    0.0000000009570829    0.0000000009682125    0.0000000009622374
567.0    0.0000000009689502    0.0000000009719133    0.0000000009626528    0.0000000009730119    0.0000000009672563
569.0    0.0000000009736282    0.0000000009765486    0.0000000009678143    0.0000000009772475    0.0000000009719082
571.0    0.0000000009779361    0.0000000009806593    0.0000000009723963    0.0000000009813206    0.0000000009763959
573.0    0.0000000009818999    0.0000000009844395    0.0000000009766290    0.0000000009850546    0.0000000009805229
575.0    0.0000000009855258    0.0000000009880425    0.0000000009806971    0.0000000009883162    0.0000000009843054
577.0    0.0000000009888377    0.0000000009913240    0.0000000009844222    0.0000000009914165    0.0000000009876235
579.0    0.0000000009917287    0.0000000009942986    0.0000000009876868    0.0000000009942213    0.0000000009906484
581.0    0.0000000009944535    0.0000000009968844    0.0000000009906592    0.0000000009966341    0.0000000009935123
583.0    0.0000000009969043    0.0000000009992083    0.0000000009934702    0.0000000009988869    0.0000000009960890
585.0    0.0000000009990858    0.0000000010013638    0.0000000009959948    0.0000000010008827    0.0000000009983911
587.0    0.0000000010010175    0.0000000010032654    0.0000000009981595    0.0000000010025564    0.0000000010004316
589.0    0.0000000010026442    0.0000000010048633    0.0000000010000805    0.0000000010040717    0.0000000010021527
591.0    0.0000000010041085    0.0000000010062431    0.0000000010018433    0.0000000010053618    0.0000000010036525
593.0    0.0000000010053558    0.0000000010074615    0.0000000010033675    0.0000000010063927    0.0000000010049967
595.0    0.0000000010063892    0.0000000010084654    0.0000000010046145    0.0000000010072625    0.0000000010061200
597.0    0.0000000010072225    0.0000000010092662    0.0000000010056600    0.0000000010079373    0.0000000010070342
599.0    0.0000000010078408    0.0000000010098533    0.0000000010065500    0.0000000010084055    0.0000000010077245
601.0    0.0000000010083031    0.0000000010102662    0.0000000010072392    0.0000000010087150    0.0000000010082400
603.0    0.0000000010085892    0.0000000010105215    0.0000000010077227    0.0000000010088555    0.0000000010085983
605.0    0.0000000010087085    0.0000000010106054    0.0000000010080350    0.0000000010088345    0.0000000010087842
607.0    0.0000000010086683    0.0000000010105300    0.0000000010081958    0.0000000010086664    0.0000000010088008
609.0    0.0000000010084715    0.0000000010103092    0.0000000010081900    0.0000000010083433    0.0000000010086718
611.0    0.0000000010081317    0.0000000010099508    0.0000000010080373    0.0000000010078809    0.0000000010084000
613.0    0.0000000010076717    0.0000000010094385    0.0000000010077425    0.0000000010073073    0.0000000010079758
615.0    0.0000000010070631    0.0000000010087931    0.0000000010072975    0.0000000010065792    0.0000000010074158
617.0    0.0000000010063275    0.0000000010080185    0.0000000010067125    0.0000000010057273    0.0000000010067217
619.0    0.0000000010054700    0.0000000010071592    0.0000000010060309    0.0000000010048036    0.0000000010059033
621.0    0.0000000010045017    0.0000000010061900    0.0000000010052325    0.0000000010037233    0.0000000010050091
623.0    0.0000000010034633    0.0000000010050754    0.0000000010042850    0.0000000010025382    0.0000000010040083
625.0    0.0000000010022838    0.0000000010038531    0.0000000010032233    0.0000000010013082    0.0000000010028575
627.0    0.0000000010010017    0.0000000010025323    0.0000000010021055    0.0000000009999260    0.0000000010016042
629.0    0.0000000009996262    0.0000000010011742    0.0000000010008908    0.0000000009984529    0.0000000010002547
631.0    0.0000000009981622    0.0000000009997295    0.0000000009995273    0.0000000009969612    0.0000000009988737
633.0    0.0000000009966110    0.0000000009981445    0.0000000009980723    0.0000000009953193    0.0000000009974107
635.0    0.0000000009949802    0.0000000009964784    0.0000000009965954    0.0000000009935991    0.0000000009958022
637.0    0.0000000009933412    0.0000000009947353    0.0000000009950404    0.0000000009918824    0.0000000009941144
639.0    0.0000000009915615    0.0000000009929911    0.0000000009933396    0.0000000009900169    0.0000000009923504
641.0    0.0000000009897131    0.0000000009911819    0.0000000009915626    0.0000000009880837    0.0000000009905146
643.0    0.0000000009877971    0.0000000009892361    0.0000000009897922    0.0000000009861736    0.0000000009886910
645.0    0.0000000009858183    0.0000000009872278    0.0000000009879573    0.0000000009841153    0.0000000009868066
647.0    0.0000000009838615    0.0000000009851596    0.0000000009859786    0.0000000009819985    0.0000000009847801
649.0    0.0000000009817664    0.0000000009831177    0.0000000009839371    0.0000000009799202    0.0000000009826936
651.0    0.0000000009796164    0.0000000009810249    0.0000000009819247    0.0000000009776936    0.0000000009805505
653.0    0.0000000009774129    0.0000000009787975    0.0000000009798587    0.0000000009754160    0.0000000009784459
655.0    0.0000000009751592    0.0000000009765202    0.0000000009776498    0.0000000009731898    0.0000000009762927
657.0    0.0000000009729493    0.0000000009741947    0.0000000009753875    0.0000000009709200    0.0000000009739972
659.0    0.0000000009706012    0.0000000009719151    0.0000000009731728    0.0000000009685009    0.0000000009716532
661.0    0.0000000009682081    0.0000000009695935    0.0000000009709124    0.0000000009660375    0.0000000009692626
663.0    0.0000000009657705    0.0000000009671366    0.0000000009685081    0.0000000009636400    0.0000000009669296
665.0    0.0000000009632911    0.0000000009646375    0.0000000009660582    0.0000000009610922    0.0000000009645562
667.0    0.0000000009607700    0.0000000009620973    0.0000000009636694    0.0000000009585040    0.0000000009620383
669.0    0.0000000009582094    0.0000000009596175    0.0000000009612411    0.0000000009559906    0.0000000009594797
671.0    0.0000000009557147    0.0000000009571006    0.0000000009586669    0.0000000009533249    0.0000000009568807
673.0    0.0000000009530784    0.0000000009544463    0.0000000009560526    0.0000000009506223    0.0000000009542430
675.0    0.0000000009504058    0.0000000009517544    0.0000000009535108    0.0000000009480023    0.0000000009516802
677.0    0.0000000009476968    0.0000000009490261    0.0000000009509335    0.0000000009452279    0.0000000009490828
679.0    0.0000000009449532    0.0000000009463690    0.0000000009482082    0.0000000009424188    0.0000000009463373
681.0    0.0000000009422870    0.0000000009436792    0.0000000009454470    0.0000000009397001    0.0000000009435565
683.0    0.0000000009394768    0.0000000009408484    0.0000000009427679    0.0000000009368248    0.0000000009407412
685.0    0.0000000009366346    0.0000000009379838    0.0000000009400568    0.0000000009339176    0.0000000009380122
687.0    0.0000000009337602    0.0000000009350866    0.0000000009371952    0.0000000009311068    0.0000000009352526
689.0    0.0000000009308555    0.0000000009322705    0.0000000009343010    0.0000000009281382    0.0000000009323418
691.0    0.0000000009279202    0.0000000009294252    0.0000000009314979    0.0000000009251404    0.0000000009294002
693.0    0.0000000009249563    0.0000000009264364    0.0000000009286661    0.0000000009222457    0.0000000009264280
695.0    0.0000000009220845    0.0000000009234178    0.0000000009256821    0.0000000009191916    0.0000000009235525
697.0    0.0000000009190655    0.0000000009203708    0.0000000009226689    0.0000000009161111    0.0000000009206502
699.0    0.0000000009160210    0.0000000009174147    0.0000000009197551    0.0000000009131400    0.0000000009175952
701.0    0.0000000009129504    0.0000000009144335    0.0000000009168160    0.0000000009101457    0.0000000009145136
703.0    0.0000000009098558    0.0000000009113078    0.0000000009137234    0.0000000009069921    0.0000000009114063
705.0    0.0000000009068628    0.0000000009081575    0.0000000009106058    0.0000000009038155    0.0000000009082746
707.0    0.0000000009037227    0.0000000009051059    0.0000000009075953    0.0000000009007565    0.0000000009052513
709.0    0.0000000009005618    0.0000000009020335    0.0000000009045632    0.0000000008975383    0.0000000009022074
711.0    0.0000000008973801    0.0000000008988169    0.0000000009013780    0.0000000008943000    0.0000000008990102
713.0    0.0000000008941796    0.0000000008955802    0.0000000008981715    0.0000000008911855    0.0000000008957927
715.0    0.0000000008910899    0.0000000008923244    0.0000000008950802    0.0000000008879124    0.0000000008925564
717.0    0.0000000008878546    0.0000000008891772    0.0000000008919715    0.0000000008846232    0.0000000008894380
719.0    0.0000000008846037    0.0000000008860143    0.0000000008887102    0.0000000008814625    0.0000000008863039
721.0    0.0000000008813381    0.0000000008827098    0.0000000008854323    0.0000000008781447    0.0000000008830187
723.0    0.0000000008780587    0.0000000008793912    0.0000000008822766    0.0000000008748136    0.0000000008797188
725.0    0.0000000008747665    0.0000000008760597    0.0000000008791076    0.0000000008716168    0.0000000008764059
727.0    0.0000000008714634    0.0000000008728453    0.0000000008757881    0.0000000008682643    0.0000000008732195
729.0    0.0000000008682826    0.0000000008696210    0.0000000008724564    0.0000000008649021    0.0000000008700227
731.0    0.0000000008649595    0.0000000008662586    0.0000000008692529    0.0000000008616780    0.0000000008666775
733.0    0.0000000008616287    0.0000000008628878    0.0000000008660408    0.0000000008582999    0.0000000008633234
735.0    0.0000000008582901    0.0000000008595098    0.0000000008626797    0.0000000008549155    0.0000000008599612
737.0    0.0000000008549452    0.0000000008562563    0.0000000008593111    0.0000000008516725    0.0000000008565925
739.0    0.0000000008517288    0.0000000008529975    0.0000000008560761    0.0000000008482776    0.0000000008533586
741.0    0.0000000008483737    0.0000000008496045    0.0000000008528354    0.0000000008448785    0.0000000008501202
743.0    0.0000000008450148    0.0000000008462082    0.0000000008494488    0.0000000008416240    0.0000000008467368
745.0    0.0000000008416527    0.0000000008428092    0.0000000008460578    0.0000000008382196    0.0000000008433501
747.0    0.0000000008382880    0.0000000008395394    0.0000000008428050    0.0000000008348129    0.0000000008399609
749.0    0.0000000008350562    0.0000000008362687    0.0000000008395490    0.0000000008315532    0.0000000008367110
751.0    0.0000000008316885    0.0000000008328665    0.0000000008361496    0.0000000008282926    0.0000000008334600
753.0    0.0000000008283200    0.0000000008294647    0.0000000008327484    0.0000000008248836    0.0000000008300669
755.0    0.0000000008249512    0.0000000008260632    0.0000000008294879    0.0000000008214745    0.0000000008266736
757.0    0.0000000008215822    0.0000000008227935    0.0000000008262269    0.0000000008182141    0.0000000008232805
759.0    0.0000000008182139    0.0000000008195252    0.0000000008228239    0.0000000008148062    0.0000000008200294
761.0    0.0000000008148462    0.0000000008161276    0.0000000008194212    0.0000000008113990    0.0000000008167789
763.0    0.0000000008116141    0.0000000008127320    0.0000000008161607    0.0000000008081413    0.0000000008133885
765.0    0.0000000008082485    0.0000000008093382    0.0000000008129008    0.0000000008047361    0.0000000008099992
767.0    0.0000000008048839    0.0000000008060772    0.0000000008095003    0.0000000008013329    0.0000000008066114
769.0    0.0000000008015210    0.0000000008028180    0.0000000008061008    0.0000000007980787    0.0000000008032252
771.0    0.0000000007981590    0.0000000007994304    0.0000000008028442    0.0000000007946778    0.0000000007999820
773.0    0.0000000007949329    0.0000000007960450    0.0000000007995885    0.0000000007912782    0.0000000007967394
775.0    0.0000000007915737    0.0000000007926615    0.0000000007961927    0.0000000007880276    0.0000000007933578
777.0    0.0000000007882156    0.0000000007894100    0.0000000007927983    0.0000000007846303    0.0000000007899777
779.0    0.0000000007848588    0.0000000007861600    0.0000000007895463    0.0000000007812340    0.0000000007865990
781.0    0.0000000007815027    0.0000000007827810    0.0000000007862953    0.0000000007779860    0.0000000007833619
783.0    0.0000000007781475    0.0000000007794033    0.0000000007829040    0.0000000007745911    0.0000000007801257
785.0    0.0000000007747928    0.0000000007760266    0.0000000007795135    0.0000000007711965    0.0000000007767498
787.0    0.0000000007715728    0.0000000007727805    0.0000000007762649    0.0000000007679498    0.0000000007733743
789.0    0.0000000007682188    0.0000000007695347    0.0000000007730167    0.0000000007645557    0.0000000007699992
791.0    0.0000000007648649    0.0000000007661589    0.0000000007696277    0.0000000007611612    0.0000000007667649
793.0    0.0000000007615110    0.0000000007627829    0.0000000007662387    0.0000000007579141    0.0000000007635303
795.0    0.0000000007581563    0.0000000007594065    0.0000000007629909    0.0000000007546664    0.0000000007601549
797.0    0.0000000007549357    0.0000000007561592    0.0000000007597428    0.0000000007512703    0.0000000007567786
799.0    0.0000000007515798    0.0000000007529108    0.0000000007563530    0.0000000007478735    0.0000000007534018
801.0    0.0000000007482232    0.0000000007495310    0.0000000007529623    0.0000000007446236    0.0000000007500237
803.0    0.0000000007448656    0.0000000007461502    0.0000000007497124    0.0000000007412246    0.0000000007467853
805.0    0.0000000007415068    0.0000000007427675    0.0000000007464613    0.0000000007378244    0.0000000007435454
807.0    0.0000000007382811    0.0000000007395128    0.0000000007430679    0.0000000007345709    0.0000000007401634
809.0    0.0000000007349199    0.0000000007362565    0.0000000007396733    0.0000000007311680    0.0000000007367797
811.0    0.0000000007315571    0.0000000007328677    0.0000000007364190    0.0000000007277640    0.0000000007333941
813.0    0.0000000007281930    0.0000000007294768    0.0000000007331631    0.0000000007245072    0.0000000007301479
815.0    0.0000000007248276    0.0000000007260835    0.0000000007297645    0.0000000007211009    0.0000000007269000
817.0    0.0000000007214609    0.0000000007228184    0.0000000007263646    0.0000000007176936    0.0000000007235094
819.0    0.0000000007180933    0.0000000007195515    0.0000000007231053    0.0000000007144337    0.0000000007201169
821.0    0.0000000007148595    0.0000000007161519    0.0000000007198447    0.0000000007110250    0.0000000007167231
823.0    0.0000000007114900    0.0000000007127505    0.0000000007164412    0.0000000007076160    0.0000000007134690
825.0    0.0000000007081202    0.0000000007094782    0.0000000007131789    0.0000000007043551    0.0000000007102142
827.0    0.0000000007047501    0.0000000007062047    0.0000000007099160    0.0000000007009464    0.0000000007068168
829.0    0.0000000007013802    0.0000000007027990    0.0000000007065109    0.0000000006975384    0.0000000007034188
831.0    0.0000000006981455    0.0000000006993928    0.0000000007031057    0.0000000006942796    0.0000000007000205
833.0    0.0000000006947772    0.0000000006959860    0.0000000006998427    0.0000000006908743    0.0000000006966224
835.0    0.0000000006914101    0.0000000006927110    0.0000000006965806    0.0000000006874715    0.0000000006933665
837.0    0.0000000006880452    0.0000000006894360    0.0000000006931776    0.0000000006842192    0.0000000006901115
839.0    0.0000000006846828    0.0000000006860316    0.0000000006897765    0.0000000006808223    0.0000000006867170
841.0    0.0000000006813235    0.0000000006826290    0.0000000006865193    0.0000000006774295    0.0000000006833246
843.0    0.0000000006779680    0.0000000006792292    0.0000000006832647    0.0000000006741890    0.0000000006799351
845.0    0.0000000006747511    0.0000000006759631    0.0000000006798718    0.0000000006709533    0.0000000006766901
847.0    0.0000000006714050    0.0000000006727011    0.0000000006764834    0.0000000006675770    0.0000000006734494
849.0    0.0000000006680648    0.0000000006693133    0.0000000006732406    0.0000000006642075    0.0000000006700729
851.0    0.0000000006647316    0.0000000006659313    0.0000000006700032    0.0000000006609922    0.0000000006667022
853.0    0.0000000006614060    0.0000000006625563    0.0000000006666311    0.0000000006576392    0.0000000006633383
855.0    0.0000000006582212    0.0000000006593181    0.0000000006632662    0.0000000006542959    0.0000000006599820
857.0    0.0000000006549130    0.0000000006560876    0.0000000006600493    0.0000000006511081    0.0000000006567737
859.0    0.0000000006516147    0.0000000006527376    0.0000000006568407    0.0000000006477865    0.0000000006535744
861.0    0.0000000006483276    0.0000000006493981    0.0000000006535019    0.0000000006444773    0.0000000006502459
863.0    0.0000000006450523    0.0000000006460701    0.0000000006501741    0.0000000006413243    0.0000000006469288
865.0    0.0000000006419200    0.0000000006428819    0.0000000006469955    0.0000000006380421    0.0000000006436241
867.0    0.0000000006386708    0.0000000006397062    0.0000000006438288    0.0000000006347746    0.0000000006404696
869.0    0.0000000006354359    0.0000000006364181    0.0000000006405375    0.0000000006316645    0.0000000006373283
871.0    0.0000000006322168    0.0000000006331455    0.0000000006372605    0.0000000006284294    0.0000000006340653
873.0    0.0000000006290137    0.0000000006298893    0.0000000006341341    0.0000000006252118    0.0000000006308185
875.0    0.0000000006258282    0.0000000006267752    0.0000000006310228    0.0000000006221520    0.0000000006275886
877.0    0.0000000006226604    0.0000000006236781    0.0000000006277928    0.0000000006189717    0.0000000006245104
879.0    0.0000000006196372    0.0000000006204765    0.0000000006245808    0.0000000006158115    0.0000000006214495
881.0    0.0000000006165072    0.0000000006172949    0.0000000006215200    0.0000000006128080    0.0000000006182750
883.0    0.0000000006133975    0.0000000006141349    0.0000000006184771    0.0000000006096894    0.0000000006151207
885.0    0.0000000006103088    0.0000000006111168    0.0000000006153219    0.0000000006065928    0.0000000006119877
887.0    0.0000000006072413    0.0000000006081204    0.0000000006121877    0.0000000006036521    0.0000000006088770
889.0    0.0000000006043178    0.0000000006050269    0.0000000006092040    0.0000000006007330    0.0000000006059171
891.0    0.0000000006012951    0.0000000006019577    0.0000000006062414    0.0000000005977045    0.0000000006029788
893.0    0.0000000005982953    0.0000000005989131    0.0000000006031719    0.0000000005946998    0.0000000005999363
895.0    0.0000000005953195    0.0000000005960095    0.0000000006001262    0.0000000005918490    0.0000000005969181
897.0    0.0000000005923675    0.0000000005931300    0.0000000005972295    0.0000000005888935    0.0000000005939248
899.0    0.0000000005895567    0.0000000005901610    0.0000000005943555    0.0000000005859625    0.0000000005910801
901.0    0.0000000005866534    0.0000000005872184    0.0000000005913808    0.0000000005831831    0.0000000005882591
903.0    0.0000000005837746    0.0000000005843025    0.0000000005884312    0.0000000005803025    0.0000000005853407
905.0    0.0000000005809214    0.0000000005815239    0.0000000005856280    0.0000000005774471    0.0000000005824483
907.0    0.0000000005780927    0.0000000005787710    0.0000000005828485    0.0000000005747401    0.0000000005795823
909.0    0.0000000005752900    0.0000000005759342    0.0000000005799732    0.0000000005719354    0.0000000005768603
911.0    0.0000000005725118    0.0000000005731248    0.0000000005771235    0.0000000005691556    0.0000000005741629
913.0    0.0000000005698687    0.0000000005703421    0.0000000005744170    0.0000000005665206    0.0000000005713736
915.0    0.0000000005671403    0.0000000005676916    0.0000000005717341    0.0000000005637908    0.0000000005686107
917.0    0.0000000005644360    0.0000000005650662    0.0000000005689593    0.0000000005610856    0.0000000005658737
919.0    0.0000000005617568    0.0000000005623614    0.0000000005662103    0.0000000005585209    0.0000000005631623
921.0    0.0000000005591015    0.0000000005596827    0.0000000005635992    0.0000000005558638    0.0000000005605877
923.0    0.0000000005565749    0.0000000005570294    0.0000000005610113    0.0000000005532297    0.0000000005580364
925.0    0.0000000005539663    0.0000000005545017    0.0000000005583351    0.0000000005507326    0.0000000005553983
927.0    0.0000000005513805    0.0000000005519971    0.0000000005556828    0.0000000005481443    0.0000000005527843
929.0    0.0000000005488175    0.0000000005494158    0.0000000005531636    0.0000000005455781    0.0000000005501943
931.0    0.0000000005462763    0.0000000005468581    0.0000000005506661    0.0000000005431440    0.0000000005477336
933.0    0.0000000005437569    0.0000000005443231    0.0000000005480823    0.0000000005407291    0.0000000005452942
935.0    0.0000000005412583    0.0000000005419066    0.0000000005455208    0.0000000005382252    0.0000000005427698
937.0    0.0000000005388789    0.0000000005395100    0.0000000005430865    0.0000000005357406    0.0000000005402672
939.0    0.0000000005364198    0.0000000005370382    0.0000000005406718    0.0000000005333822    0.0000000005377852
941.0    0.0000000005339795    0.0000000005345859    0.0000000005381723    0.0000000005309352    0.0000000005354253
943.0    0.0000000005315578    0.0000000005322465    0.0000000005356928    0.0000000005285057    0.0000000005330835
945.0    0.0000000005291540    0.0000000005299243    0.0000000005333346    0.0000000005261985    0.0000000005306581
947.0    0.0000000005268622    0.0000000005275267    0.0000000005309940    0.0000000005238025    0.0000000005282506
949.0    0.0000000005244915    0.0000000005251460    0.0000000005285688    0.0000000005214223    0.0000000005258603
951.0    0.0000000005221360    0.0000000005227818    0.0000000005261613    0.0000000005191597    0.0000000005234865
953.0    0.0000000005197962    0.0000000005205230    0.0000000005238692    0.0000000005168090    0.0000000005212265
955.0    0.0000000005174703    0.0000000005182781    0.0000000005215922    0.0000000005144719    0.0000000005189803
957.0    0.0000000005152507    0.0000000005159572    0.0000000005192311    0.0000000005122487    0.0000000005166505
959.0    0.0000000005129514    0.0000000005136494    0.0000000005168844    0.0000000005099371    0.0000000005143342
961.0    0.0000000005106645    0.0000000005113544    0.0000000005146485    0.0000000005076371    0.0000000005120310
963.0    0.0000000005083895    0.0000000005091589    0.0000000005124250    0.0000000005054478    0.0000000005098351
965.0    0.0000000005061257    0.0000000005069737    0.0000000005101170    0.0000000005031695    0.0000000005076500
967.0    0.0000000005038725    0.0000000005047117    0.0000000005078209    0.0000000005009014    0.0000000005053809
969.0    0.0000000005016293    0.0000000005024594    0.0000000005056312    0.0000000004987406    0.0000000005031220
971.0    0.0000000004994847    0.0000000005002166    0.0000000005034512    0.0000000004964906    0.0000000005008729
973.0    0.0000000004972595    0.0000000004980683    0.0000000005011864    0.0000000004942491    0.0000000004987261
975.0    0.0000000004950428    0.0000000004959281    0.0000000004989313    0.0000000004921123    0.0000000004965874
977.0    0.0000000004928341    0.0000000004937092    0.0000000004967785    0.0000000004898862    0.0000000004943635
979.0    0.0000000004906326    0.0000000004914977    0.0000000004946336    0.0000000004876668    0.0000000004921473
981.0    0.0000000004885257    0.0000000004892932    0.0000000004924032    0.0000000004855498    0.0000000004899380
983.0    0.0000000004863378    0.0000000004871790    0.0000000004901800    0.0000000004834389    0.0000000004877357
985.0    0.0000000004841557    0.0000000004850706    0.0000000004880565    0.0000000004812375    0.0000000004856307
987.0    0.0000000004819795    0.0000000004828832    0.0000000004859387    0.0000000004790416    0.0000000004835314
989.0    0.0000000004798086    0.0000000004807007    0.0000000004837353    0.0000000004769461    0.0000000004813462
991.0    0.0000000004776429    0.0000000004785230    0.0000000004815376    0.0000000004747598    0.0000000004791657
993.0    0.0000000004754817    0.0000000004764335    0.0000000004794361    0.0000000004725780    0.0000000004769901
995.0    0.0000000004734109    0.0000000004743475    0.0000000004773395    0.0000000004704949    0.0000000004749094
997.0    0.0000000004712582    0.0000000004721818    0.0000000004751567    0.0000000004683209    0.0000000004728326
999.0    0.0000000004691092    0.0000000004700198    0.0000000004729781    0.0000000004661508    0.0000000004706692
1001.0    0.0000000004669638    0.0000000004678612    0.0000000004708941    0.0000000004640781    0.0000000004685093
1003.0    0.0000000004648219    0.0000000004657885    0.0000000004688138    0.0000000004619141    0.0000000004663527
1005.0    0.0000000004627685    0.0000000004637185    0.0000000004666466    0.0000000004597535    0.0000000004642891
1007.0    0.0000000004606327    0.0000000004615685    0.0000000004644829    0.0000000004576894    0.0000000004622280
1009.0    0.0000000004584996    0.0000000004594209    0.0000000004624122    0.0000000004555339    0.0000000004600803
1011.0    0.0000000004563689    0.0000000004572758    0.0000000004603443    0.0000000004533811    0.0000000004579351
1013.0    0.0000000004542408    0.0000000004552153    0.0000000004581895    0.0000000004513241    0.0000000004557923
1015.0    0.0000000004522000    0.0000000004531568    0.0000000004560370    0.0000000004491756    0.0000000004536519
1017.0    0.0000000004500765    0.0000000004510179    0.0000000004539770    0.0000000004470294    0.0000000004516025
1019.0    0.0000000004479548    0.0000000004488811    0.0000000004519188    0.0000000004449782    0.0000000004495552
1021.0    0.0000000004458352    0.0000000004467459    0.0000000004497731    0.0000000004428358    0.0000000004474209
1023.0    0.0000000004437176    0.0000000004446947    0.0000000004476297    0.0000000004406952    0.0000000004452882
1025.0    0.0000000004416017    0.0000000004426449    0.0000000004455777    0.0000000004386494    0.0000000004431575
1027.0    0.0000000004394875    0.0000000004405147    0.0000000004435273    0.0000000004366051    0.0000000004411171
1029.0    0.0000000004374595    0.0000000004383859    0.0000000004413894    0.0000000004344696    0.0000000004390781
1031.0    0.0000000004353485    0.0000000004362586    0.0000000004392534    0.0000000004323355    0.0000000004369520
1033.0    0.0000000004332390    0.0000000004342146    0.0000000004372080    0.0000000004302957    0.0000000004348275
1035.0    0.0000000004311311    0.0000000004321718    0.0000000004351642    0.0000000004281647    0.0000000004327044
1037.0    0.0000000004290246    0.0000000004300486    0.0000000004330328    0.0000000004260352    0.0000000004306710
1039.0    0.0000000004270037    0.0000000004279268    0.0000000004309032    0.0000000004239990    0.0000000004286390
1041.0    0.0000000004248999    0.0000000004258062    0.0000000004288635    0.0000000004218727    0.0000000004265199
1043.0    0.0000000004227975    0.0000000004237685    0.0000000004268252    0.0000000004197473    0.0000000004244022
1045.0    0.0000000004206965    0.0000000004217316    0.0000000004246996    0.0000000004177155    0.0000000004222855
1047.0    0.0000000004185969    0.0000000004196148    0.0000000004225755    0.0000000004155930    0.0000000004201703
1049.0    0.0000000004165823    0.0000000004174991    0.0000000004205410    0.0000000004134716    0.0000000004181445
1051.0    0.0000000004144853    0.0000000004154659    0.0000000004185078    0.0000000004114439    0.0000000004161200
1053.0    0.0000000004123896    0.0000000004134338    0.0000000004163877    0.0000000004093254    0.0000000004140082
1055.0    0.0000000004102952    0.0000000004113216    0.0000000004142688    0.0000000004072082    0.0000000004118977
1057.0    0.0000000004082022    0.0000000004092107    0.0000000004122395    0.0000000004051847    0.0000000004097887
1059.0    0.0000000004061105    0.0000000004071011    0.0000000004102113    0.0000000004030706    0.0000000004077687
1061.0    0.0000000004040202    0.0000000004050736    0.0000000004080965    0.0000000004009579    0.0000000004057500
1063.0    0.0000000004020148    0.0000000004030473    0.0000000004060710    0.0000000003989387    0.0000000004036445
1065.0    0.0000000003999274    0.0000000004009413    0.0000000004040470    0.0000000003968291    0.0000000004015406
1067.0    0.0000000003978415    0.0000000003988367    0.0000000004019358    0.0000000003947211    0.0000000003994377
1069.0    0.0000000003957571    0.0000000003967334    0.0000000003998266    0.0000000003927065    0.0000000003974240
1071.0    0.0000000003936743    0.0000000003947122    0.0000000003978065    0.0000000003906935    0.0000000003954115
1073.0    0.0000000003916764    0.0000000003926924    0.0000000003957880    0.0000000003885908    0.0000000003933130
1075.0    0.0000000003895969    0.0000000003905932    0.0000000003936831    0.0000000003864900    0.0000000003912160
1077.0    0.0000000003875193    0.0000000003884956    0.0000000003915800    0.0000000003844826    0.0000000003891205
1079.0    0.0000000003854433    0.0000000003863997    0.0000000003895660    0.0000000003823859    0.0000000003870267
1081.0    0.0000000003833696    0.0000000003843857    0.0000000003875538    0.0000000003802915    0.0000000003850216
1083.0    0.0000000003813808    0.0000000003823735    0.0000000003854559    0.0000000003782904    0.0000000003830183
1085.0    0.0000000003793110    0.0000000003802827    0.0000000003833601    0.0000000003762008    0.0000000003809300
1087.0    0.0000000003772438    0.0000000003781938    0.0000000003813535    0.0000000003741135    0.0000000003788429
1089.0    0.0000000003751785    0.0000000003761069    0.0000000003793488    0.0000000003721197    0.0000000003767583
1091.0    0.0000000003731160    0.0000000003741023    0.0000000003772590    0.0000000003700382    0.0000000003747628
1093.0    0.0000000003710565    0.0000000003720998    0.0000000003751719    0.0000000003679597    0.0000000003727692
1095.0    0.0000000003689993    0.0000000003700195    0.0000000003731741    0.0000000003659746    0.0000000003706915
1097.0    0.0000000003670275    0.0000000003679420    0.0000000003711787    0.0000000003639030    0.0000000003686161
1099.0    0.0000000003649764    0.0000000003658671    0.0000000003690993    0.0000000003618343    0.0000000003665437
1101.0    0.0000000003629288    0.0000000003638746    0.0000000003670228    0.0000000003598594    0.0000000003645602
1103.0    0.0000000003608848    0.0000000003618851    0.0000000003650360    0.0000000003577986    0.0000000003625794
1105.0    0.0000000003588446    0.0000000003598191    0.0000000003630521    0.0000000003557422    0.0000000003605160
1107.0    0.0000000003568893    0.0000000003577566    0.0000000003609853    0.0000000003537793    0.0000000003584561
1109.0    0.0000000003548570    0.0000000003556978    0.0000000003589226    0.0000000003517319    0.0000000003563997
1111.0    0.0000000003528290    0.0000000003537220    0.0000000003569494    0.0000000003496895    0.0000000003543472
1113.0    0.0000000003508055    0.0000000003517497    0.0000000003549798    0.0000000003477410    0.0000000003523843
1115.0    0.0000000003487868    0.0000000003497030    0.0000000003529292    0.0000000003457090    0.0000000003504253
1117.0    0.0000000003467735    0.0000000003476612    0.0000000003508831    0.0000000003436831    0.0000000003483857
1119.0    0.0000000003447658    0.0000000003456239    0.0000000003489271    0.0000000003417507    0.0000000003463510
1121.0    0.0000000003428433    0.0000000003436702    0.0000000003469754    0.0000000003398245    0.0000000003443217
1123.0    0.0000000003408471    0.0000000003417215    0.0000000003449445    0.0000000003378175    0.0000000003423819
1125.0    0.0000000003388571    0.0000000003397008    0.0000000003429194    0.0000000003358173    0.0000000003404477
1127.0    0.0000000003368739    0.0000000003376862    0.0000000003409843    0.0000000003339111    0.0000000003384353
1129.0    0.0000000003348976    0.0000000003356782    0.0000000003390553    0.0000000003319258    0.0000000003364297
1131.0    0.0000000003330073    0.0000000003337541    0.0000000003370487    0.0000000003299486    0.0000000003344306
1133.0    0.0000000003310457    0.0000000003318364    0.0000000003350495    0.0000000003280655    0.0000000003324388
1135.0    0.0000000003290921    0.0000000003298497    0.0000000003331403    0.0000000003261054    0.0000000003305371
1137.0    0.0000000003271470    0.0000000003278712    0.0000000003312386    0.0000000003241545    0.0000000003286428
1139.0    0.0000000003252104    0.0000000003259008    0.0000000003292617    0.0000000003222975    0.0000000003266744
1141.0    0.0000000003233603    0.0000000003240148    0.0000000003272934    0.0000000003203658    0.0000000003247147
1143.0    0.0000000003214422    0.0000000003221375    0.0000000003254154    0.0000000003184444    0.0000000003227642
1145.0    0.0000000003195337    0.0000000003201945    0.0000000003235463    0.0000000003166168    0.0000000003209035
1147.0    0.0000000003176358    0.0000000003182614    0.0000000003216049    0.0000000003147167    0.0000000003190525
1149.0    0.0000000003157482    0.0000000003163392    0.0000000003196737    0.0000000003128282    0.0000000003171310
1151.0    0.0000000003138720    0.0000000003145009    0.0000000003178327    0.0000000003110329    0.0000000003152203
1153.0    0.0000000003120072    0.0000000003126736    0.0000000003160015    0.0000000003091683    0.0000000003133209
1155.0    0.0000000003102276    0.0000000003107845    0.0000000003141018    0.0000000003073158    0.0000000003115114
1157.0    0.0000000003083864    0.0000000003089075    0.0000000003122138    0.0000000003055564    0.0000000003097133
1159.0    0.0000000003065571    0.0000000003070435    0.0000000003104154    0.0000000003037300    0.0000000003078490
1161.0    0.0000000003047410    0.0000000003052634    0.0000000003086288    0.0000000003019173    0.0000000003059976
1163.0    0.0000000003029380    0.0000000003034961    0.0000000003067765    0.0000000003001964    0.0000000003041594
1165.0    0.0000000003012199    0.0000000003016715    0.0000000003049376    0.0000000002984885    0.0000000003023350
1167.0    0.0000000002994440    0.0000000002998612    0.0000000003031876    0.0000000002967176    0.0000000003005996
1169.0    0.0000000002976821    0.0000000002981345    0.0000000003014508    0.0000000002949615    0.0000000002988778
1171.0    0.0000000002959349    0.0000000002964218    0.0000000002996522    0.0000000002932959    0.0000000002970954
1173.0    0.0000000002942023    0.0000000002946557    0.0000000002978680    0.0000000002915701    0.0000000002953283
1175.0    0.0000000002924852    0.0000000002929051    0.0000000002961721    0.0000000002898597    0.0000000002935766
1177.0    0.0000000002907833    0.0000000002911708    0.0000000002944901    0.0000000002882389    0.0000000002919125
1179.0    0.0000000002891641    0.0000000002895185    0.0000000002927501    0.0000000002865603    0.0000000002902638
1181.0    0.0000000002874929    0.0000000002878820    0.0000000002910260    0.0000000002848978    0.0000000002885591
1183.0    0.0000000002858377    0.0000000002861965    0.0000000002893886    0.0000000002833235    0.0000000002868709
1185.0    0.0000000002841993    0.0000000002845280    0.0000000002877663    0.0000000002816939    0.0000000002851998
1187.0    0.0000000002825769    0.0000000002828770    0.0000000002860893    0.0000000002800808    0.0000000002836144
1189.0    0.0000000002810349    0.0000000002813061    0.0000000002844291    0.0000000002785542    0.0000000002820448
1191.0    0.0000000002794454    0.0000000002797518    0.0000000002828538    0.0000000002769748    0.0000000002804242
1193.0    0.0000000002778723    0.0000000002781528    0.0000000002812943    0.0000000002754125    0.0000000002788212
1195.0    0.0000000002763165    0.0000000002765716    0.0000000002796836    0.0000000002739340    0.0000000002772357
1197.0    0.0000000002747775    0.0000000002750087    0.0000000002780904    0.0000000002724057    0.0000000002756684
1199.0    0.0000000002733159    0.0000000002735228    0.0000000002765795    0.0000000002708940    0.0000000002741828
1201.0    0.0000000002718103    0.0000000002720540    0.0000000002750848    0.0000000002694646    0.0000000002727142
1203.0    0.0000000002703215    0.0000000002705444    0.0000000002735423    0.0000000002679868    0.0000000002711989
1205.0    0.0000000002688500    0.0000000002690527    0.0000000002720171    0.0000000002665260    0.0000000002697017
1207.0    0.0000000002673951    0.0000000002675792    0.0000000002705719    0.0000000002651447    0.0000000002682225
1209.0    0.0000000002659573    0.0000000002661794    0.0000000002691430    0.0000000002637172    0.0000000002668215
1211.0    0.0000000002645360    0.0000000002647961    0.0000000002676687    0.0000000002623063    0.0000000002654369
1213.0    0.0000000002631873    0.0000000002633751    0.0000000002662119    0.0000000002609722    0.0000000002640094
1215.0    0.0000000002617986    0.0000000002619718    0.0000000002648318    0.0000000002596534    0.0000000002625993
1217.0    0.0000000002604261    0.0000000002605856    0.0000000002634676    0.0000000002582904    0.0000000002612066
1219.0    0.0000000002590698    0.0000000002592692    0.0000000002620608    0.0000000002569432    0.0000000002598878
1221.0    0.0000000002577296    0.0000000002579685    0.0000000002606705    0.0000000002556695    0.0000000002585847
1223.0    0.0000000002564576    0.0000000002566325    0.0000000002593536    0.0000000002543529    0.0000000002572414
1225.0    0.0000000002551477    0.0000000002553126    0.0000000002580522    0.0000000002530516    0.0000000002559145
1227.0    0.0000000002538530    0.0000000002540091    0.0000000002567101    0.0000000002518210    0.0000000002546038
1229.0    0.0000000002525735    0.0000000002527706    0.0000000002553837    0.0000000002505491    0.0000000002533088
1231.0    0.0000000002513084    0.0000000002515466    0.0000000002541272    0.0000000002492910    0.0000000002520824
1233.0    0.0000000002501075    0.0000000002502887    0.0000000002528850    0.0000000002481012    0.0000000002508701
1235.0    0.0000000002488704    0.0000000002490455    0.0000000002516037    0.0000000002468706    0.0000000002496195
1237.0    0.0000000002476468    0.0000000002478169    0.0000000002503370    0.0000000002456536    0.0000000002483836
1239.0    0.0000000002464370    0.0000000002466489    0.0000000002491368    0.0000000002445015    0.0000000002471621
1241.0    0.0000000002452401    0.0000000002454935    0.0000000002479496    0.0000000002433098    0.0000000002460038
1243.0    0.0000000002440558    0.0000000002443054    0.0000000002467245    0.0000000002421301    0.0000000002448585
1245.0    0.0000000002428842    0.0000000002431298    0.0000000002455127    0.0000000002410131    0.0000000002436762
1247.0    0.0000000002417704    0.0000000002419672    0.0000000002443637    0.0000000002398566    0.0000000002425062
1249.0    0.0000000002406219    0.0000000002408603    0.0000000002432266    0.0000000002387115    0.0000000002413487
1251.0    0.0000000002394847    0.0000000002397647    0.0000000002420521    0.0000000002376265    0.0000000002402504
1253.0    0.0000000002383583    0.0000000002386362    0.0000000002408897    0.0000000002365024    0.0000000002391629
1255.0    0.0000000002372428    0.0000000002375186    0.0000000002397867    0.0000000002353886    0.0000000002380390
1257.0    0.0000000002361813    0.0000000002364117    0.0000000002386942    0.0000000002343325    0.0000000002369256
1259.0    0.0000000002350854    0.0000000002353566    0.0000000002375649    0.0000000002332850    0.0000000002358228
1261.0    0.0000000002339989    0.0000000002343110    0.0000000002364460    0.0000000002321992    0.0000000002347297
1263.0    0.0000000002329217    0.0000000002332324    0.0000000002353833    0.0000000002311218    0.0000000002336911
1265.0    0.0000000002318532    0.0000000002321629    0.0000000002343299    0.0000000002300993    0.0000000002326611
1267.0    0.0000000002307935    0.0000000002311020    0.0000000002332397    0.0000000002290383    0.0000000002315947
1269.0    0.0000000002297416    0.0000000002300896    0.0000000002321587    0.0000000002279850    0.0000000002305367
1271.0    0.0000000002287393    0.0000000002290844    0.0000000002311310    0.0000000002269846    0.0000000002294869
1273.0    0.0000000002277027    0.0000000002280465    0.0000000002301110    0.0000000002259461    0.0000000002284880
1275.0    0.0000000002266732    0.0000000002270157    0.0000000002290546    0.0000000002249142    0.0000000002274961
1277.0    0.0000000002256506    0.0000000002259918    0.0000000002280058    0.0000000002239333    0.0000000002264678
1279.0    0.0000000002246346    0.0000000002250132    0.0000000002270079    0.0000000002229144    0.0000000002254460
1281.0    0.0000000002236653    0.0000000002240407    0.0000000002260164    0.0000000002219013    0.0000000002244310
1283.0    0.0000000002226612    0.0000000002230351    0.0000000002249886    0.0000000002209375    0.0000000002234636
1285.0    0.0000000002216632    0.0000000002220350    0.0000000002239672    0.0000000002199357    0.0000000002225021
1287.0    0.0000000002206706    0.0000000002210783    0.0000000002229942    0.0000000002189386    0.0000000002215039
1289.0    0.0000000002196833    0.0000000002201265    0.0000000002220270    0.0000000002179900    0.0000000002205112
1291.0    0.0000000002187403    0.0000000002191415    0.0000000002210229    0.0000000002170029    0.0000000002195233
1293.0    0.0000000002177630    0.0000000002181610    0.0000000002200245    0.0000000002160206    0.0000000002185404
1295.0    0.0000000002167896    0.0000000002171851    0.0000000002190723    0.0000000002150850    0.0000000002176027
1297.0    0.0000000002158211    0.0000000002162503    0.0000000002181247    0.0000000002141110    0.0000000002166691
1299.0    0.0000000002148565    0.0000000002153195    0.0000000002171407    0.0000000002131409    0.0000000002156988
1301.0    0.0000000002138962    0.0000000002143551    0.0000000002161611    0.0000000002122168    0.0000000002147326
1303.0    0.0000000002129397    0.0000000002133943    0.0000000002152264    0.0000000002112543    0.0000000002137701
1305.0    0.0000000002120247    0.0000000002124371    0.0000000002142956    0.0000000002102955    0.0000000002128510
1307.0    0.0000000002110754    0.0000000002115198    0.0000000002133281    0.0000000002093812    0.0000000002119353
1309.0    0.0000000002101292    0.0000000002106052    0.0000000002123643    0.0000000002084704    0.0000000002109829
1311.0    0.0000000002091862    0.0000000002096573    0.0000000002114442    0.0000000002075211    0.0000000002100335
1313.0    0.0000000002082465    0.0000000002087122    0.0000000002105272    0.0000000002065746    0.0000000002090873
1315.0    0.0000000002073470    0.0000000002077698    0.0000000002095735    0.0000000002056722    0.0000000002081833
1317.0    0.0000000002064130    0.0000000002068663    0.0000000002086229    0.0000000002047316    0.0000000002072816
1319.0    0.0000000002054818    0.0000000002059650    0.0000000002077151    0.0000000002037936    0.0000000002063433
1321.0    0.0000000002045531    0.0000000002050303    0.0000000002068098    0.0000000002028990    0.0000000002054078
1323.0    0.0000000002036270    0.0000000002040978    0.0000000002058679    0.0000000002019665    0.0000000002044747
1325.0    0.0000000002027038    0.0000000002031678    0.0000000002049287    0.0000000002010360    0.0000000002035441
1327.0    0.0000000002017828    0.0000000002022758    0.0000000002040312    0.0000000002001485    0.0000000002026542
1329.0    0.0000000002009008    0.0000000002013855    0.0000000002031361    0.0000000001992230    0.0000000002017667
1331.0    0.0000000001999845    0.0000000002004620    0.0000000002022045    0.0000000001982999    0.0000000002008426
1333.0    0.0000000001990705    0.0000000001995405    0.0000000002012753    0.0000000001974190    0.0000000001999206
1335.0    0.0000000001981584    0.0000000001986210    0.0000000002003870    0.0000000001965007    0.0000000001990007
1337.0    0.0000000001972488    0.0000000001977387    0.0000000001995007    0.0000000001955842    0.0000000001981212
1339.0    0.0000000001963776    0.0000000001968584    0.0000000001985783    0.0000000001947098    0.0000000001972436
1341.0    0.0000000001954721    0.0000000001959448    0.0000000001976965    0.0000000001937979    0.0000000001963296
1343.0    0.0000000001945688    0.0000000001950331    0.0000000001968166    0.0000000001928880    0.0000000001954178
1345.0    0.0000000001936680    0.0000000001941233    0.0000000001959004    0.0000000001920199    0.0000000001945078
1347.0    0.0000000001927686    0.0000000001932503    0.0000000001949864    0.0000000001911146    0.0000000001935998
1349.0    0.0000000001919074    0.0000000001923792    0.0000000001941125    0.0000000001902114    0.0000000001927315
1351.0    0.0000000001910125    0.0000000001914751    0.0000000001932408    0.0000000001893495    0.0000000001918650
1353.0    0.0000000001901197    0.0000000001905730    0.0000000001923331    0.0000000001884899    0.0000000001909628
1355.0    0.0000000001892288    0.0000000001896727    0.0000000001914273    0.0000000001875932    0.0000000001900625
1357.0    0.0000000001883405    0.0000000001888088    0.0000000001905615    0.0000000001866986    0.0000000001891641
1359.0    0.0000000001874538    0.0000000001879471    0.0000000001896975    0.0000000001858454    0.0000000001883048
1361.0    0.0000000001865695    0.0000000001870525    0.0000000001887979    0.0000000001849556    0.0000000001874476
1363.0    0.0000000001857227    0.0000000001861602    0.0000000001879006    0.0000000001840681    0.0000000001865553
1365.0    0.0000000001848428    0.0000000001852698    0.0000000001870427    0.0000000001832215    0.0000000001856646
1367.0    0.0000000001839652    0.0000000001844157    0.0000000001861868    0.0000000001823391    0.0000000001847763
1369.0    0.0000000001830901    0.0000000001835635    0.0000000001852958    0.0000000001814589    0.0000000001839269
1371.0    0.0000000001822171    0.0000000001826795    0.0000000001844071    0.0000000001806195    0.0000000001830798
1373.0    0.0000000001813813    0.0000000001817977    0.0000000001835577    0.0000000001797444    0.0000000001821977
1375.0    0.0000000001805132    0.0000000001809182    0.0000000001827104    0.0000000001788722    0.0000000001813178
1377.0    0.0000000001796477    0.0000000001800748    0.0000000001818287    0.0000000001780405    0.0000000001804405
1379.0    0.0000000001787845    0.0000000001792335    0.0000000001809493    0.0000000001771738    0.0000000001795654
1381.0    0.0000000001779242    0.0000000001783610    0.0000000001801090    0.0000000001763100    0.0000000001787291
1383.0    0.0000000001771010    0.0000000001774910    0.0000000001792711    0.0000000001754865    0.0000000001778953
1385.0    0.0000000001762462    0.0000000001766238    0.0000000001783992    0.0000000001746286    0.0000000001770276
1387.0    0.0000000001753940    0.0000000001757923    0.0000000001775302    0.0000000001737737    0.0000000001761624
1389.0    0.0000000001745448    0.0000000001749635    0.0000000001767000    0.0000000001729592    0.0000000001753003
1391.0    0.0000000001736988    0.0000000001741042    0.0000000001758723    0.0000000001721109    0.0000000001744765
1393.0    0.0000000001728560    0.0000000001732480    0.0000000001750113    0.0000000001712661    0.0000000001736555
1395.0    0.0000000001720165    0.0000000001723948    0.0000000001741536    0.0000000001704610    0.0000000001728015
1397.0    0.0000000001712133    0.0000000001715775    0.0000000001733344    0.0000000001696595    0.0000000001719509
1399.0    0.0000000001703802    0.0000000001707630    0.0000000001725183    0.0000000001688252    0.0000000001711035
1401.0    0.0000000001695506    0.0000000001699193    0.0000000001716698    0.0000000001679946    0.0000000001702944
1403.0    0.0000000001687244    0.0000000001690789    0.0000000001708247    0.0000000001672039    0.0000000001694882
1405.0    0.0000000001679022    0.0000000001682744    0.0000000001700180    0.0000000001663811    0.0000000001686507
1407.0    0.0000000001671163    0.0000000001674732    0.0000000001692148    0.0000000001655625    0.0000000001678168
1409.0    0.0000000001663016    0.0000000001666438    0.0000000001683802    0.0000000001647835    0.0000000001669865
1411.0    0.0000000001654908    0.0000000001658181    0.0000000001675492    0.0000000001639733    0.0000000001661602
1413.0    0.0000000001646842    0.0000000001649963    0.0000000001667567    0.0000000001631675    0.0000000001653718
1415.0    0.0000000001638820    0.0000000001642104    0.0000000001659678    0.0000000001624013    0.0000000001645872
1417.0    0.0000000001630838    0.0000000001634282    0.0000000001651485    0.0000000001616047    0.0000000001637730
1419.0    0.0000000001622904    0.0000000001626192    0.0000000001643337    0.0000000001608127    0.0000000001629627
1421.0    0.0000000001615328    0.0000000001618145    0.0000000001635567    0.0000000001600599    0.0000000001621571
1423.0    0.0000000001607485    0.0000000001610147    0.0000000001627841    0.0000000001592779    0.0000000001613894
1425.0    0.0000000001599688    0.0000000001602499    0.0000000001619822    0.0000000001585012    0.0000000001606258
1427.0    0.0000000001591942    0.0000000001594901    0.0000000001611851    0.0000000001577631    0.0000000001598340
1429.0    0.0000000001584245    0.0000000001587045    0.0000000001604256    0.0000000001569965    0.0000000001590471
1431.0    0.0000000001576906    0.0000000001579242    0.0000000001596709    0.0000000001562353    0.0000000001582656
1433.0    0.0000000001569312    0.0000000001571492    0.0000000001588885    0.0000000001555128    0.0000000001575210
1435.0    0.0000000001561772    0.0000000001564093    0.0000000001581107    0.0000000001547628    0.0000000001567817
1437.0    0.0000000001554287    0.0000000001556744    0.0000000001573705    0.0000000001540188    0.0000000001560157
1439.0    0.0000000001546858    0.0000000001549156    0.0000000001566357    0.0000000001533125    0.0000000001552551
1441.0    0.0000000001539780    0.0000000001541628    0.0000000001558741    0.0000000001525803    0.0000000001545005
1443.0    0.0000000001532464    0.0000000001534160    0.0000000001551181    0.0000000001518541    0.0000000001537517
1445.0    0.0000000001525206    0.0000000001527036    0.0000000001543989    0.0000000001511651    0.0000000001530398
1447.0    0.0000000001518009    0.0000000001519970    0.0000000001536854    0.0000000001504817    0.0000000001523333
1449.0    0.0000000001510873    0.0000000001512684    0.0000000001529466    0.0000000001497738    0.0000000001516026
1451.0    0.0000000001503801    0.0000000001505460    0.0000000001522141    0.0000000001490723    0.0000000001508782
1453.0    0.0000000001496789    0.0000000001498304    0.0000000001515175    0.0000000001484075    0.0000000001501598
1455.0    0.0000000001490119    0.0000000001491482    0.0000000001508271    0.0000000001477188    0.0000000001494780
1457.0    0.0000000001483235    0.0000000001484726    0.0000000001501129    0.0000000001470370    0.0000000001488022
1459.0    0.0000000001476414    0.0000000001477767    0.0000000001494052    0.0000000001463908    0.0000000001481034
1461.0    0.0000000001469661    0.0000000001470876    0.0000000001487331    0.0000000001457223    0.0000000001474119
1463.0    0.0000000001462974    0.0000000001464055    0.0000000001480672    0.0000000001450602    0.0000000001467271
1465.0    0.0000000001456618    0.0000000001457563    0.0000000001473788    0.0000000001444336    0.0000000001460775
1467.0    0.0000000001450064    0.0000000001451137    0.0000000001466974    0.0000000001437853    0.0000000001454344
1469.0    0.0000000001443577    0.0000000001444527    0.0000000001460507    0.0000000001431439    0.0000000001447703
1471.0    0.0000000001437162    0.0000000001437988    0.0000000001454105    0.0000000001425372    0.0000000001441135
1473.0    0.0000000001430811    0.0000000001431521    0.0000000001447492    0.0000000001419092    0.0000000001434638
1475.0    0.0000000001424532    0.0000000001425377    0.0000000001440951    0.0000000001412886    0.0000000001428216
1477.0    0.0000000001418320    0.0000000001419296    0.0000000001434748    0.0000000001407015    0.0000000001422131
1479.0    0.0000000001412425    0.0000000001413046    0.0000000001428612    0.0000000001400948    0.0000000001416112
1481.0    0.0000000001406352    0.0000000001406870    0.0000000001422278    0.0000000001394949    0.0000000001409906
1483.0    0.0000000001400348    0.0000000001400771    0.0000000001416015    0.0000000001389277    0.0000000001403773
1485.0    0.0000000001394415    0.0000000001394973    0.0000000001410082    0.0000000001383417    0.0000000001397714
