9.0    0.0000000000000000    0.0000000000000000    0.0000000000000000    0.0000000000000000    0.0000000000000000
11.0    0.0000000000000000    0.0000000000000000    0.0000000000000000    0.0000000000000000    0.0000000000000000
13.0    0.0000000000000000    0.0000000000000000    0.0000000000000000    0.0000000000000000    0.0000000000000000
15.0    0.0000000000000000    0.0000000000000000    0.0000000000000000    0.0000000000000000    0.0000000000000000
17.0    0.0000000000000000    0.0000000000000000    0.0000000000000000    0.0000000000000000    0.0000000000000000
19.0    0.0000000000000000    0.0000000000000000    0.0000000000000000    0.0000000000000000    0.0000000000000000
21.0    0.0000000000000000    0.0000000000000000    0.0000000000000000    0.0000000000000000    0.0000000000000000
23.0    0.0000000000000000    0.0000000000000000    0.0000000000000000    0.0000000000000000    0.0000000000000000
25.0    0.0000000000000000    0.0000000000000000    0.0000000000000000    0.0000000000000000    0.0000000000000000
27.0    0.0000000000000000    0.0000000000000000    0.0000000000000000    0.0000000000000000    0.0000000000000000
29.0    0.0000000000000000    0.0000000000000000    0.0000000000000000    0.0000000000000000    0.0000000000000000
31.0    0.0000000000000000    0.0000000000000000    0.0000000000000000    0.0000000000000000    0.0000000000000000
33.0    0.0000000000000000    0.0000000000000000    0.0000000000000000    0.0000000000000000    0.0000000000000000
35.0    0.0000000000000000    0.0000000000000000    0.0000000000000000    0.0000000000000000    0.0000000000000000
37.0    0.0000000000000000    0.0000000000000000    0.0000000000000000    0.0000000000000000    0.0000000000000000
39.0    0.0000000000000000    0.0000000000000000    0.0000000000000000    0.0000000000000000    0.0000000000000000
41.0    0.0000000000000000    0.0000000000000000    0.0000000000000000    0.0000000000000000    0.0000000000000000
43.0    0.0000000000000000    0.0000000000000000    0.0000000000000000    0.0000000000000000    0.0000000000000000
45.0    0.0000000000000000    0.0000000000000000    0.0000000000000000    0.0000000000000000    0.0000000000000000
47.0    0.0000000000000000    0.0000000000000000    0.0000000000000000    0.0000000000000000    0.0000000000000000
49.0    0.0000000000000000    0.0000000000000000    0.0000000000000000    0.0000000000000000    0.0000000000000000
51.0    0.0000000000000000    0.0000000000000000    0.0000000000000000    0.0000000000000000    0.0000000000000000
53.0    0.0000000000000000    0.0000000000000000    0.0000000000000000    0.0000000000000000    0.0000000000000000
55.0    0.0000000000000000    0.0000000000000000    0.0000000000000000    0.0000000000000000    0.0000000000000000
57.0    0.0000000000000000    0.0000000000000000    0.0000000000000000    0.0000000000000000    0.0000000000000000
59.0    0.0000000000000000    0.0000000000000000    0.0000000000000000    0.0000000000000000    0.0000000000000000
61.0    0.0000000000000000    0.0000000000000000    0.0000000000000000    0.0000000000000000    0.0000000000000000
63.0    0.0000000000000000    0.0000000000000000    0.0000000000000000    0.0000000000000000    0.0000000000000000
65.0    0.0000000000000000    0.0000000000000000    0.0000000000000000    0.0000000000000000    0.0000000000000000
67.0    0.0000000000000000    0.0000000000000000    0.0000000000000000    0.0000000000000000    0.0000000000000000
69.0    0.0000000000000000    0.0000000000000000    0.0000000000000000    0.0000000000000000    0.0000000000000000
71.0    0.0000000000000000    0.0000000000000000    0.0000000000000000    0.0000000000000000    0.0000000000000000
73.0    0.0000000000000000    0.0000000000000000    0.0000000000000000    0.0000000000000000    0.0000000000000000
75.0    0.0000000000000000    0.0000000000000000    0.0000000000000000    0.0000000000000000    0.0000000000000000
77.0    0.0000000000000000    0.0000000000000000    0.0000000000000000    0.0000000000000000    0.0000000000000000
79.0    0.0000000000000000    0.0000000000000000    0.0000000000000000    0.0000000000000000    0.0000000000000000
81.0    0.0000000000000000    0.0000000000000000    0.0000000000000000    0.0000000000000000    0.0000000000000000
83.0    0.0000000000000000    0.0000000000000000    0.0000000000000000    0.0000000000000000    0.0000000000000000
85.0    0.0000000000000000    0.0000000000000000    0.0000000000000000    0.0000000000000000    0.0000000000000000
87.0    0.0000000000000000    0.0000000000000000    0.0000000000000000    0.0000000000000000    0.0000000000000000
89.0    0.0000000000000000    0.0000000000000000    0.0000000000000000    0.0000000000000000    0.0000000000000000
91.0    0.0000000000000000    0.0000000000000000    0.0000000000000000    0.0000000000000000    0.0000000000000000
93.0    0.0000000000000000    0.0000000000000000    0.0000000000000000    0.0000000000000000    0.0000000000000000
95.0    0.0000000000000000    0.0000000000000000    0.0000000000000000    0.0000000000000000    0.0000000000000000
97.0    0.0000000000000000    0.0000000000000000    0.0000000000000000    0.0000000000000000    0.0000000000000000
99.0    0.0000000000000000    0.0000000000000000    0.0000000000000000    0.0000000000000000    0.0000000000000000
101.0    0.0000000000000000    0.0000000000000000    0.0000000000000000    0.0000000000000000    0.0000000000000000
103.0    0.0000000000000000    0.0000000000000000    0.0000000000000000    0.0000000000000000    0.0000000000000000
105.0    0.0000000000000000    0.0000000000000000    0.0000000000000000    0.0000000000000000    0.0000000000000000
107.0    0.0000000000000000    0.0000000000000000    0.0000000000000000    0.0000000000000000    0.0000000000000000
109.0    0.0000000000000000    0.0000000000000000    0.0000000000000000    0.0000000000000000    0.0000000000000000
111.0    0.0000000000000000    0.0000000000000000    0.0000000000000000    0.0000000000000000    0.0000000000000000
113.0    0.0000000000000000    0.0000000000000000    0.0000000000000000    0.0000000000000000    0.0000000000000000
115.0    0.0000000000000000    0.0000000000000000    0.0000000000000000    0.0000000000000000    0.0000000000000000
117.0    0.0000000000000000    0.0000000000000000    0.0000000000000000    0.0000000000000000    0.0000000000000000
119.0    0.0000000000000000    0.0000000000000000    0.0000000000000000    0.0000000000000000    0.0000000000000000
121.0    0.0000000000000000    0.0000000000000000    0.0000000000000000    0.0000000000000000    0.0000000000000000
123.0    0.0000000000000000    0.0000000000000000    0.0000000000000000    0.0000000000000000    0.0000000000000000
125.0    0.0000000000000000    0.0000000000000000    0.0000000000000000    0.0000000000000000    0.0000000000000000
127.0    0.0000000000000000    0.0000000000000000    0.0000000000000000    0.0000000000000000    0.0000000000000000
129.0    0.0000000000000000    0.0000000000000000    0.0000000000000000    0.0000000000000000    0.0000000000000000
131.0    0.0000000000000000    0.0000000000000000    0.0000000000000000    0.0000000000000000    0.0000000000000000
133.0    0.0000000000000000    0.0000000000000000    0.0000000000000000    0.0000000000000000    0.0000000000000000
135.0    0.0000000000000000    0.0000000000000000    0.0000000000000000    0.0000000000000000    0.0000000000000000
137.0    0.0000000000000000    0.0000000000000000    0.0000000000000000    0.0000000000000000    0.0000000000000000
139.0    0.0000000000000000    0.0000000000000000    0.0000000000000000    0.0000000000000000    0.0000000000000000
141.0    0.0000000000000000    0.0000000000000000    0.0000000000000000    0.0000000000000000    0.0000000000000000
143.0    0.0000000000000000    0.0000000000000000    0.0000000000000000    0.0000000000000000    0.0000000000000000
145.0    0.0000000000000000    0.0000000000000000    0.0000000000000000    0.0000000000000000    0.0000000000000000
147.0    0.0000000000000000    0.0000000000000000    0.0000000000000000    0.0000000000000000    0.0000000000000000
149.0    0.0000000000000000    0.0000000000000000    0.0000000000000000    0.0000000000000000    0.0000000000000000
151.0    0.0000000000000000    0.0000000000000000    0.0000000000000000    0.0000000000000000    0.0000000000000000
153.0    0.0000000000000000    0.0000000000000000    0.0000000000000000    0.0000000000000000    0.0000000000000000
155.0    0.0000000000000000    0.0000000000000000    0.0000000000000000    0.0000000000000000    0.0000000000000000
157.0    0.0000000000000000    0.0000000000000000    0.0000000000000000    0.0000000000000000    0.0000000000000000
159.0    0.0000000000000000    0.0000000000000000    0.0000000000000000    0.0000000000000000    0.0000000000000000
161.0    0.0000000000000000    0.0000000000000000    0.0000000000000000    0.0000000000000000    0.0000000000000000
163.0    0.0000000000000000    0.0000000000000000    0.0000000000000000    0.0000000000000000    0.0000000000000000
165.0    0.0000000000000000    0.0000000000000000    0.0000000000000000    0.0000000000000000    0.0000000000000000
167.0    0.0000000000000000    0.0000000000000000    0.0000000000000000    0.0000000000000000    0.0000000000000000
169.0    0.0000000000000000    0.0000000000000000    0.0000000000000000    0.0000000000000000    0.0000000000000000
171.0    0.0000000000000000    0.0000000000000000    0.0000000000000000    0.0000000000000000    0.0000000000000000
173.0    0.0000000000000000    0.0000000000000000    0.0000000000000000    0.0000000000000000    0.0000000000000000
175.0    0.0000000000000000    0.0000000000000000    0.0000000000000000    0.0000000000000000    0.0000000000000000
177.0    0.0000000000000000    0.0000000000000000    0.0000000000000000    0.0000000000000000    0.0000000000000000
179.0    0.0000000000000000    0.0000000000000000    0.0000000000000000    0.0000000000000000    0.0000000000000000
181.0    0.0000000000000000    0.0000000000000000    0.0000000000000000    0.0000000000000000    0.0000000000000000
183.0    0.0000000000000000    0.0000000000000000    0.0000000000000000    0.0000000000000000    0.0000000000000000
185.0    0.0000000000000000    0.0000000000000000    0.0000000000000000    0.0000000000000000    0.0000000000000000
187.0    0.0000000000000000    0.0000000000000000    0.0000000000000000    0.0000000000000000    0.0000000000000000
189.0    0.0000000000000000    0.0000000000000000    0.0000000000000000    0.0000000000000000    0.0000000000000000
191.0    0.0000000000000000    0.0000000000000000    0.0000000000000000    0.0000000000000000    0.0000000000000000
193.0    0.0000000000000000    0.0000000000000000    0.0000000000000000    0.0000000000000000    0.0000000000000000
195.0    0.0000000000000000    0.0000000000000000    0.0000000000000000    0.0000000000000000    0.0000000000000000
197.0    0.0000000000000000    0.0000000000000000    0.0000000000000000    0.0000000000000000    0.0000000000000000
199.0    0.0000000000000000    0.0000000000000000    0.0000000000000000    0.0000000000000000    0.0000000000000000
201.0    0.0000000000000000    0.0000000000000000    0.0000000000000000    0.0000000000000000    0.0000000000000000
203.0    0.0000000000000000    0.0000000000000000    0.0000000000000000    0.0000000000000000    0.0000000000000000
205.0    0.0000000000000000    0.0000000000000000    0.0000000000000000    0.0000000000000000    0.0000000000000000
207.0    0.0000000000000000    0.0000000000000000    0.0000000000000000    0.0000000000000000    0.0000000000000000
209.0    0.0000000000000000    0.0000000000000000    0.0000000000000000    0.0000000000000000    0.0000000000000000
211.0    0.0000000000000000    0.0000000000000000    0.0000000000000000    0.0000000000000000    0.0000000000000000
213.0    0.0000000000000000    0.0000000000000000    0.0000000000000000    0.0000000000000000    0.0000000000000000
215.0    0.0000000000000000    0.0000000000000000    0.0000000000000000    0.0000000000000000    0.0000000000000000
217.0    0.0000000000000000    0.0000000000000000    0.0000000000000000    0.0000000000000000    0.0000000000000000
219.0    0.0000000000000000    0.0000000000000000    0.0000000000000000    0.0000000000000000    0.0000000000000000
221.0    0.0000000000000000    0.0000000000000000    0.0000000000000000    0.0000000000000000    0.0000000000000000
223.0    0.0000000000000000    0.0000000000000000    0.0000000000000000    0.0000000000000000    0.0000000000000000
225.0    0.0000000000000000    0.0000000000000000    0.0000000000000000    0.0000000000000000    0.0000000000000000
227.0    0.0000000000000000    0.0000000000000000    0.0000000000000000    0.0000000000000000    0.0000000000000000
229.0    0.0000000000000000    0.0000000000000000    0.0000000000000000    0.0000000000000000    0.0000000000000000
231.0    0.0000000000000000    0.0000000000000000    0.0000000000000000    0.0000000000000000    0.0000000000000000
233.0    0.0000000000000000    0.0000000000000000    0.0000000000000000    0.0000000000000000    0.0000000000000000
235.0    0.0000000000000000    0.0000000000000000    0.0000000000000000    0.0000000000000000    0.0000000000000000
237.0    0.0000000000000000    0.0000000000000000    0.0000000000000000    0.0000000000000000    0.0000000000000000
239.0    0.0000000000000000    0.0000000000000000    0.0000000000000000    0.0000000000000000    0.0000000000000000
241.0    0.0000000000000000    0.0000000000000000    0.0000000000000000    0.0000000000000000    0.0000000000000000
243.0    0.0000000000000000    0.0000000000000000    0.0000000000000000    0.0000000000000000    0.0000000000000000
245.0    0.0000000000000000    0.0000000000000000    0.0000000000000000    0.0000000000000000    0.0000000000000000
247.0    0.0000000000000000    0.0000000000000000    0.0000000000000000    0.0000000000000000    0.0000000000000000
249.0    0.0000000000000000    0.0000000000000000    0.0000000000000000    0.0000000000000000    0.0000000000000000
251.0    0.0000000000000000    0.0000000000000000    0.0000000000000000    0.0000000000000000    0.0000000000000000
253.0    0.0000000000000000    0.0000000000000000    0.0000000000000000    0.0000000000000000    0.0000000000000000
255.0    0.0000000000000000    0.0000000000000000    0.0000000000000000    0.0000000000000000    0.0000000000000000
257.0    0.0000000000000000    0.0000000000000000    0.0000000000000000    0.0000000000000000    0.0000000000000000
259.0    0.0000000000000000    0.0000000000000000    0.0000000000000000    0.0000000000000000    0.0000000000000000
261.0    0.0000000000000000    0.0000000000000000    0.0000000000000000    0.0000000000000000    0.0000000000000000
263.0    0.0000000000000000    0.0000000000000000    0.0000000000000000    0.0000000000000000    0.0000000000000000
265.0    0.0000000000000000    0.0000000000000000    0.0000000000000000    0.0000000000000000    0.0000000000000000
267.0    0.0000000000000000    0.0000000000000000    0.0000000000000000    0.0000000000000000    0.0000000000000000
269.0    0.0000000000000000    0.0000000000000000    0.0000000000000000    0.0000000000000000    0.0000000000000000
271.0    0.0000000000000000    0.0000000000000000    0.0000000000000000    0.0000000000000000    0.0000000000000000
273.0    0.0000000000000000    0.0000000000000000    0.0000000000000000    0.0000000000000000    0.0000000000000000
275.0    0.0000000000000000    0.0000000000000000    0.0000000000000000    0.0000000000000000    0.0000000000000000
277.0    0.0000000000000000    0.0000000000000000    0.0000000000000000    0.0000000000000000    0.0000000000000000
279.0    0.0000000000000000    0.0000000000000000    0.0000000000000000    0.0000000000000000    0.0000000000000000
281.0    0.0000000000000000    0.0000000000000000    0.0000000000000000    0.0000000000000000    0.0000000000000000
283.0    0.0000000000000000    0.0000000000000000    0.0000000000000000    0.0000000000000000    0.0000000000000000
285.0    0.0000000000000000    0.0000000000000000    0.0000000000000000    0.0000000000000000    0.0000000000000000
287.0    0.0000000000000000    0.0000000000000000    0.0000000000000000    0.0000000000000000    0.0000000000000000
289.0    0.0000000000000000    0.0000000000000000    0.0000000000000000    0.0000000000000000    0.0000000000000000
291.0    0.0000000000000000    0.0000000000000000    0.0000000000000000    0.0000000000000000    0.0000000000000000
293.0    0.0000000000000000    0.0000000000000000    0.0000000000000000    0.0000000000000000    0.0000000000000000
295.0    0.0000000000000000    0.0000000000000000    0.0000000000000000    0.0000000000000000    0.0000000000000000
297.0    0.0000000000000000    0.0000000000000000    0.0000000000000000    0.0000000000000000    0.0000000000000000
299.0    0.0000000000000000    0.0000000000000000    0.0000000000000000    0.0000000000000000    0.0000000000000000
301.0    0.0000000000000000    0.0000000000000000    0.0000000000000000    0.0000000000000000    0.0000000000000000
303.0    0.0000000000000000    0.0000000000000000    0.0000000000000000    0.0000000000000000    0.0000000000000000
305.0    0.0000000000000000    0.0000000000000000    0.0000000000000000    0.0000000000000000    0.0000000000000000
307.0    0.0000000000000000    0.0000000000000000    0.0000000000000000    0.0000000000000000    0.0000000000000000
309.0    0.0000000000000000    0.0000000000000000    0.0000000000000000    0.0000000000000000    0.0000000000000000
311.0    0.0000000000000000    0.0000000000000000    0.0000000000000000    0.0000000000000000    0.0000000000000000
313.0    0.0000000000000000    0.0000000000000000    0.0000000000000000    0.0000000000000000    0.0000000000000000
315.0    0.0000000000000000    0.0000000000000000    0.0000000000000000    0.0000000000000000    0.0000000000000000
317.0    0.0000000000000000    0.0000000000000000    0.0000000000000000    0.0000000000000000    0.0000000000000000
319.0    0.0000000000000000    0.0000000000000000    0.0000000000000000    0.0000000000000000    0.0000000000000000
321.0    0.0000000000000000    0.0000000000000000    0.0000000000000000    0.0000000000000000    0.0000000000000000
323.0    0.0000000000000000    0.0000000000000000    0.0000000000000000    0.0000000000000000    0.0000000000000000
325.0    0.0000000000000000    0.0000000000000000    0.0000000000000000    0.0000000000000000    0.0000000000000000
327.0    0.0000000000000000    0.0000000000000000    0.0000000000000000    0.0000000000000000    0.0000000000000000
329.0    0.0000000000000000    0.0000000000000000    0.0000000000000000    0.0000000000000000    0.0000000000000000
331.0    0.0000000000000000    0.0000000000000000    0.0000000000000000    0.0000000000000000    0.0000000000000000
333.0    0.0000000000000000    0.0000000000000000    0.0000000000000000    0.0000000000000000    0.0000000000000000
335.0    0.0000000000000000    0.0000000000000000    0.0000000000000000    0.0000000000000000    0.0000000000000000
337.0    0.0000000000000000    0.0000000000000000    0.0000000000000000    0.0000000000000000    0.0000000000000000
339.0    0.0000000000000000    0.0000000000000000    0.0000000000000000    0.0000000000000000    0.0000000000000000
341.0    0.0000000000000000    0.0000000000000000    0.0000000000000000    0.0000000000000000    0.0000000000000000
343.0    0.0000000000000000    0.0000000000000000    0.0000000000000000    0.0000000000000000    0.0000000000000000
345.0    0.0000000000000000    0.0000000000000000    0.0000000000000000    0.0000000000000000    0.0000000000000000
347.0    0.0000000000000000    0.0000000000000000    0.0000000000000000    0.0000000000000000    0.0000000000000000
349.0    0.0000000000000000    0.0000000000000000    0.0000000000000000    0.0000000000000000    0.0000000000000000
351.0    0.0000000000000000    0.0000000000000000    0.0000000000000000    0.0000000000000000    0.0000000000000000
353.0    0.0000000000000000    0.0000000000000000    0.0000000000000000    0.0000000000000000    0.0000000000000000
355.0    0.0000000000000000    0.0000000000000000    0.0000000000000000    0.0000000000000000    0.0000000000000000
357.0    0.0000000000000000    0.0000000000000000    0.0000000000000000    0.0000000000000000    0.0000000000000000
359.0    0.0000000000000000    0.0000000000000000    0.0000000000000000    0.0000000000000000    0.0000000000000000
361.0    0.0000000000000000    0.0000000000000000    0.0000000000000000    0.0000000000000000    0.0000000000000000
363.0    0.0000000000000000    0.0000000000000000    0.0000000000000000    0.0000000000000000    0.0000000000000000
365.0    0.0000000000000000    0.0000000000000000    0.0000000000000000    0.0000000000000000    0.0000000000000000
367.0    0.0000000000000000    0.0000000000000000    0.0000000000000000    0.0000000000000000    0.0000000000000000
369.0    0.0000000000000000    0.0000000000000000    0.0000000000000000    0.0000000000000000    0.0000000000000000
371.0    0.0000000000000000    0.0000000000000000    0.0000000000000000    0.0000000000000000    0.0000000000000000
373.0    0.0000000000000000    0.0000000000000000    0.0000000000000000    0.0000000000000000    0.0000000000000000
375.0    0.0000000000000000    0.0000000000000000    0.0000000000000000    0.0000000000000000    0.0000000000000000
377.0    0.0000000000000000    0.0000000000000000    0.0000000000000000    0.0000000000000000    0.0000000000000000
379.0    0.0000000000000000    0.0000000000000000    0.0000000000000000    0.0000000000000000    0.0000000000000000
381.0    0.0000000000000000    0.0000000000000000    0.0000000000000000    0.0000000000000000    0.0000000000000000
383.0    0.0000000000000000    0.0000000000000000    0.0000000000000000    0.0000000000000000    0.0000000000000000
385.0    0.0000000000000000    0.0000000000000000    0.0000000000000000    0.0000000000000000    0.0000000000000000
387.0    0.0000000000000000    0.0000000000000000    0.0000000000000000    0.0000000000000000    0.0000000000000000
389.0    0.0000000000000000    0.0000000000000000    0.0000000000000000    0.0000000000000000    0.0000000000000000
391.0    0.0000000000000000    0.0000000000000000    0.0000000000000000    0.0000000000000000    0.0000000000000000
393.0    0.0000000000000000    0.0000000000000000    0.0000000000000000    0.0000000000000000    0.0000000000000000
395.0    0.0000000000000000    0.0000000000000000    0.0000000000000000    0.0000000000000000    0.0000000000000000
397.0    0.0000000000000000    0.0000000000000000    0.0000000000000000    0.0000000000000000    0.0000000000000000
399.0    0.0000000000000000    0.0000000000000000    0.0000000000000000    0.0000000000000000    0.0000000000000000
401.0    0.0000000000000000    0.0000000000000000    0.0000000000000000    0.0000000000000000    0.0000000000000000
403.0    0.0000000000000000    0.0000000000000000    0.0000000000000000    0.0000000000000000    0.0000000000000000
405.0    0.0000000000000000    0.0000000000000000    0.0000000000000000    0.0000000000000000    0.0000000000000000
407.0    0.0000000000000000    0.0000000000000000    0.0000000000000000    0.0000000000000000    0.0000000000000000
409.0    0.0000000000000000    0.0000000000000000    0.0000000000000000    0.0000000000000000    0.0000000000000000
411.0    0.0000000000000000    0.0000000000000000    0.0000000000000000    0.0000000000000000    0.0000000000000000
413.0    0.0000000000000000    0.0000000000000000    0.0000000000000000    0.0000000000000000    0.0000000000000000
415.0    0.0000000000000000    0.0000000000000000    0.0000000000000000    0.0000000000000000    0.0000000000000000
417.0    0.0000000000000000    0.0000000000000000    0.0000000000000000    0.0000000000000000    0.0000000000000000
419.0    0.0000000000000000    0.0000000000000000    0.0000000000000000    0.0000000000000000    0.0000000000000000
421.0    0.0000000000000000    0.0000000000000000    0.0000000000000000    0.0000000000000000    0.0000000000000000
423.0    0.0000000000000000    0.0000000000000000    0.0000000000000000    0.0000000000000000    0.0000000000000000
425.0    0.0000000000000000    0.0000000000000000    0.0000000000000000    0.0000000000000000    0.0000000000000000
427.0    0.0000000000000000    0.0000000000000000    0.0000000000000000    0.0000000000000000    0.0000000000000000
429.0    0.0000000000000000    0.0000000000000000    0.0000000000000000    0.0000000000000000    0.0000000000000000
431.0    0.0000000000000000    0.0000000000000000    0.0000000000000000    0.0000000000000000    0.0000000000000000
433.0    0.0000000000000000    0.0000000000000000    0.0000000000000000    0.0000000000000000    0.0000000000000000
435.0    0.0000000000000000    0.0000000000000000    0.0000000000000000    0.0000000000000000    0.0000000000000000
437.0    0.0000000000000000    0.0000000000000000    0.0000000000000000    0.0000000000000000    0.0000000000000000
439.0    0.0000000000000000    0.0000000000000000    0.0000000000000000    0.0000000000000000    0.0000000000000000
441.0    0.0000000000000000    0.0000000000000000    0.0000000000000000    0.0000000000000000    0.0000000000000000
443.0    0.0000000000000000    0.0000000000000000    0.0000000000000000    0.0000000000000000    0.0000000000000000
445.0    0.0000000000000000    0.0000000000000000    0.0000000000000000    0.0000000000000000    0.0000000000000000
447.0    0.0000000000000000    0.0000000000000000    0.0000000000000000    0.0000000000000000    0.0000000000000000
449.0    0.0000000000000000    0.0000000000000000    0.0000000000000000    0.0000000000000000    0.0000000000000000
451.0    0.0000000000000000    0.0000000000000000    0.0000000000000000    0.0000000000000000    0.0000000000000000
453.0    0.0000000000000000    0.0000000000000000    0.0000000000000000    0.0000000000000000    0.0000000000000000
455.0    0.0000000000000000    0.0000000000000000    0.0000000000000000    0.0000000000000000    0.0000000000000000
457.0    0.0000000000000000    0.0000000000000000    0.0000000000000000    0.0000000000000000    0.0000000000000000
459.0    0.0000000000000000    0.0000000000000000    0.0000000000000000    0.0000000000000000    0.0000000000000000
461.0    0.0000000000000000    0.0000000000000000    0.0000000000000000    0.0000000000000001    0.0000000000000000
463.0    0.0000000000000001    0.0000000000000000    0.0000000000000001    0.0000000000000001    0.0000000000000001
465.0    0.0000000000000001    0.0000000000000001    0.0000000000000001    0.0000000000000001    0.0000000000000001
467.0    0.0000000000000001    0.0000000000000001    0.0000000000000001    0.0000000000000001    0.0000000000000001
469.0    0.0000000000000001    0.0000000000000001    0.0000000000000001    0.0000000000000001    0.0000000000000001
471.0    0.0000000000000001    0.0000000000000001    0.0000000000000001    0.0000000000000001    0.0000000000000001
473.0    0.0000000000000001    0.0000000000000001    0.0000000000000001    0.0000000000000001    0.0000000000000001
475.0    0.0000000000000001    0.0000000000000001    0.0000000000000001    0.0000000000000001    0.0000000000000001
477.0    0.0000000000000001    0.0000000000000001    0.0000000000000001    0.0000000000000002    0.0000000000000001
479.0    0.0000000000000002    0.0000000000000001    0.0000000000000002    0.0000000000000002    0.0000000000000002
481.0    0.0000000000000002    0.0000000000000002    0.0000000000000002    0.0000000000000002    0.0000000000000002
483.0    0.0000000000000002    0.0000000000000002    0.0000000000000002    0.0000000000000002    0.0000000000000002
485.0    0.0000000000000002    0.0000000000000002    0.0000000000000002    0.0000000000000003    0.0000000000000002
487.0    0.0000000000000003    0.0000000000000002    0.0000000000000002    0.0000000000000003    0.0000000000000002
489.0    0.0000000000000003    0.0000000000000003    0.0000000000000003    0.0000000000000003    0.0000000000000003
491.0    0.0000000000000003    0.0000000000000003    0.0000000000000003    0.0000000000000003    0.0000000000000003
493.0    0.0000000000000004    0.0000000000000003    0.0000000000000003    0.0000000000000004    0.0000000000000003
495.0    0.0000000000000004    0.0000000000000004    0.0000000000000004    0.0000000000000004    0.0000000000000004
497.0    0.0000000000000004    0.0000000000000004    0.0000000000000004    0.0000000000000005    0.0000000000000004
499.0    0.0000000000000005    0.0000000000000004    0.0000000000000004    0.0000000000000005    0.0000000000000005
501.0    0.0000000000000005    0.0000000000000005    0.0000000000000005    0.0000000000000005    0.0000000000000005
503.0    0.0000000000000006    0.0000000000000005    0.0000000000000005    0.0000000000000006    0.0000000000000005
505.0    0.0000000000000006    0.0000000000000006    0.0000000000000006    0.0000000000000006    0.0000000000000006
507.0    0.0000000000000007    0.0000000000000006    0.0000000000000006    0.0000000000000007    0.0000000000000006
509.0    0.0000000000000007    0.0000000000000007    0.0000000000000007    0.0000000000000008    0.0000000000000007
511.0    0.0000000000000008    0.0000000000000007    0.0000000000000007    0.0000000000000008    0.0000000000000007
513.0    0.0000000000000008    0.0000000000000008    0.0000000000000008    0.0000000000000009    0.0000000000000008
515.0    0.0000000000000009    0.0000000000000008    0.0000000000000008    0.0000000000000009    0.0000000000000009
517.0    0.0000000000000009    0.0000000000000009    0.0000000000000009    0.0000000000000010    0.0000000000000009
519.0    0.0000000000000010    0.0000000000000010    0.0000000000000009    0.0000000000000010    0.0000000000000010
521.0    0.0000000000000011    0.0000000000000010    0.0000000000000010    0.0000000000000011    0.0000000000000010
523.0    0.0000000000000011    0.0000000000000011    0.0000000000000011    0.0000000000000012    0.0000000000000011
525.0    0.0000000000000012    0.0000000000000012    0.0000000000000011    0.0000000000000012    0.0000000000000012
527.0    0.0000000000000013    0.0000000000000012    0.0000000000000012    0.0000000000000013    0.0000000000000012
529.0    0.0000000000000013    0.0000000000000013    0.0000000000000013    0.0000000000000014    0.0000000000000013
531.0    0.0000000000000014    0.0000000000000014    0.0000000000000013    0.0000000000000014    0.0000000000000014
533.0    0.0000000000000014    0.0000000000000014    0.0000000000000014    0.0000000000000015    0.0000000000000014
535.0    0.0000000000000015    0.0000000000000015    0.0000000000000014    0.0000000000000016    0.0000000000000015
537.0    0.0000000000000016    0.0000000000000016    0.0000000000000015    0.0000000000000016    0.0000000000000016
539.0    0.0000000000000016    0.0000000000000016    0.0000000000000016    0.0000000000000017    0.0000000000000016
541.0    0.0000000000000017    0.0000000000000017    0.0000000000000016    0.0000000000000017    0.0000000000000017
543.0    0.0000000000000018    0.0000000000000018    0.0000000000000017    0.0000000000000018    0.0000000000000017
545.0    0.0000000000000018    0.0000000000000018    0.0000000000000018    0.0000000000000019    0.0000000000000018
547.0    0.0000000000000019    0.0000000000000019    0.0000000000000018    0.0000000000000019    0.0000000000000018
549.0    0.0000000000000019    0.0000000000000019    0.0000000000000019    0.0000000000000020    0.0000000000000019
551.0    0.0000000000000020    0.0000000000000020    0.0000000000000019    0.0000000000000020    0.0000000000000020
553.0    0.0000000000000020    0.0000000000000020    0.0000000000000020    0.0000000000000021    0.0000000000000020
555.0    0.0000000000000021    0.0000000000000021    0.0000000000000020    0.0000000000000021    0.0000000000000021
557.0    0.0000000000000021    0.0000000000000021    0.0000000000000021    0.0000000000000021    0.0000000000000021
559.0    0.0000000000000022    0.0000000000000022    0.0000000000000021    0.0000000000000022    0.0000000000000021
561.0    0.0000000000000022    0.0000000000000022    0.0000000000000021    0.0000000000000022    0.0000000000000022
563.0    0.0000000000000022    0.0000000000000023    0.0000000000000022    0.0000000000000023    0.0000000000000022
565.0    0.0000000000000023    0.0000000000000023    0.0000000000000022    0.0000000000000023    0.0000000000000023
567.0    0.0000000000000023    0.0000000000000023    0.0000000000000023    0.0000000000000023    0.0000000000000023
569.0    0.0000000000000023    0.0000000000000023    0.0000000000000023    0.0000000000000024    0.0000000000000023
571.0    0.0000000000000024    0.0000000000000024    0.0000000000000023    0.0000000000000024    0.0000000000000023
573.0    0.0000000000000024    0.0000000000000024    0.0000000000000023    0.0000000000000024    0.0000000000000024
575.0    0.0000000000000024    0.0000000000000024    0.0000000000000024    0.0000000000000024    0.0000000000000024
577.0    0.0000000000000024    0.0000000000000024    0.0000000000000024    0.0000000000000024    0.0000000000000024
579.0    0.0000000000000024    0.0000000000000025    0.0000000000000024    0.0000000000000025    0.0000000000000024
581.0    0.0000000000000025    0.0000000000000025    0.0000000000000024    0.0000000000000025    0.0000000000000025
583.0    0.0000000000000025    0.0000000000000025    0.0000000000000025    0.0000000000000025    0.0000000000000025
585.0    0.0000000000000025    0.0000000000000025    0.0000000000000025    0.0000000000000025    0.0000000000000025
587.0    0.0000000000000025    0.0000000000000025    0.0000000000000025    0.0000000000000025    0.0000000000000025
589.0    0.0000000000000025    0.0000000000000025    0.0000000000000025    0.0000000000000025    0.0000000000000025
591.0    0.0000000000000025    0.0000000000000025    0.0000000000000025    0.0000000000000025    0.0000000000000025
593.0    0.0000000000000025    0.0000000000000025    0.0000000000000025    0.0000000000000025    0.0000000000000025
595.0    0.0000000000000025    0.0000000000000025    0.0000000000000025    0.0000000000000025    0.0000000000000025
597.0    0.0000000000000025    0.0000000000000025    0.0000000000000025    0.0000000000000025    0.0000000000000025
599.0    0.0000000000000025    0.0000000000000025    0.0000000000000025    0.0000000000000026    0.0000000000000025
601.0    0.0000000000000026    0.0000000000000025    0.0000000000000025    0.0000000000000026    0.0000000000000025
603.0    0.0000000000000026    0.0000000000000026    0.0000000000000025    0.0000000000000026    0.0000000000000026
605.0    0.0000000000000026    0.0000000000000026    0.0000000000000026    0.0000000000000026    0.0000000000000026
607.0    0.0000000000000026    0.0000000000000026    0.0000000000000026    0.0000000000000026    0.0000000000000026
609.0    0.0000000000000026    0.0000000000000026    0.0000000000000026    0.0000000000000026    0.0000000000000026
611.0    0.0000000000000026    0.0000000000000026    0.0000000000000026    0.0000000000000026    0.0000000000000026
613.0    0.0000000000000026    0.0000000000000026    0.0000000000000026    0.0000000000000026    0.0000000000000026
615.0    0.0000000000000026    0.0000000000000026    0.0000000000000026    0.0000000000000026    0.0000000000000026
617.0    0.0000000000000026    0.0000000000000026    0.0000000000000026    0.0000000000000026    0.0000000000000026
619.0    0.0000000000000026    0.0000000000000026    0.0000000000000026    0.0000000000000026    0.0000000000000026
621.0    0.0000000000000026    0.0000000000000026    0.0000000000000026    0.0000000000000026    0.0000000000000026
623.0    0.0000000000000026    0.0000000000000026    0.0000000000000026    0.0000000000000027    0.0000000000000026
625.0    0.0000000000000027    0.0000000000000026    0.0000000000000026    0.0000000000000027    0.0000000000000026
627.0    0.0000000000000027    0.0000000000000026    0.0000000000000027    0.0000000000000027    0.0000000000000027
629.0    0.0000000000000027    0.0000000000000027    0.0000000000000027    0.0000000000000027    0.0000000000000027
631.0    0.0000000000000027    0.0000000000000027    0.0000000000000027    0.0000000000000027    0.0000000000000027
633.0    0.0000000000000027    0.0000000000000027    0.0000000000000027    0.0000000000000027    0.0000000000000027
635.0    0.0000000000000027    0.0000000000000027    0.0000000000000027    0.0000000000000028    0.0000000000000027
637.0    0.0000000000000028    0.0000000000000027    0.0000000000000027    0.0000000000000028    0.0000000000000027
639.0    0.0000000000000028    0.0000000000000028    0.0000000000000028    0.0000000000000028    0.0000000000000028
641.0    0.0000000000000028    0.0000000000000028    0.0000000000000028    0.0000000000000028    0.0000000000000028
643.0    0.0000000000000028    0.0000000000000028    0.0000000000000028    0.0000000000000029    0.0000000000000028
645.0    0.0000000000000029    0.0000000000000028    0.0000000000000028    0.0000000000000029    0.0000000000000028
647.0    0.0000000000000029    0.0000000000000029    0.0000000000000029    0.0000000000000029    0.0000000000000029
649.0    0.0000000000000029    0.0000000000000029    0.0000000000000029    0.0000000000000030    0.0000000000000029
651.0    0.0000000000000030    0.0000000000000029    0.0000000000000029    0.0000000000000030    0.0000000000000029
653.0    0.0000000000000030    0.0000000000000029    0.0000000000000030    0.0000000000000030    0.0000000000000030
655.0    0.0000000000000030    0.0000000000000030    0.0000000000000030    0.0000000000000031    0.0000000000000030
657.0    0.0000000000000031    0.0000000000000030    0.0000000000000030    0.0000000000000031    0.0000000000000030
659.0    0.0000000000000031    0.0000000000000031    0.0000000000000031    0.0000000000000032    0.0000000000000031
661.0    0.0000000000000032    0.0000000000000031    0.0000000000000031    0.0000000000000032    0.0000000000000031
663.0    0.0000000000000032    0.0000000000000031    0.0000000000000032    0.0000000000000033    0.0000000000000032
665.0    0.0000000000000033    0.0000000000000032    0.0000000000000032    0.0000000000000033    0.0000000000000032
667.0    0.0000000000000033    0.0000000000000032    0.0000000000000032    0.0000000000000034    0.0000000000000033
669.0    0.0000000000000034    0.0000000000000033    0.0000000000000033    0.0000000000000034    0.0000000000000033
671.0    0.0000000000000034    0.0000000000000033    0.0000000000000034    0.0000000000000035    0.0000000000000034
673.0    0.0000000000000035    0.0000000000000034    0.0000000000000034    0.0000000000000035    0.0000000000000034
675.0    0.0000000000000035    0.0000000000000035    0.0000000000000035    0.0000000000000036    0.0000000000000035
677.0    0.0000000000000036    0.0000000000000035    0.0000000000000035    0.0000000000000037    0.0000000000000036
679.0    0.0000000000000037    0.0000000000000036    0.0000000000000036    0.0000000000000038    0.0000000000000036
681.0    0.0000000000000038    0.0000000000000037    0.0000000000000037    0.0000000000000038    0.0000000000000037
683.0    0.0000000000000038    0.0000000000000037    0.0000000000000038    0.0000000000000039    0.0000000000000038
685.0    0.0000000000000039    0.0000000000000038    0.0000000000000038    0.0000000000000040    0.0000000000000039
687.0    0.0000000000000040    0.0000000000000039    0.0000000000000039    0.0000000000000041    0.0000000000000039
689.0    0.0000000000000041    0.0000000000000040    0.0000000000000040    0.0000000000000042    0.0000000000000040
691.0    0.0000000000000042    0.0000000000000041    0.0000000000000041    0.0000000000000043    0.0000000000000041
693.0    0.0000000000000043    0.0000000000000042    0.0000000000000042    0.0000000000000044    0.0000000000000042
695.0    0.0000000000000044    0.0000000000000043    0.0000000000000043    0.0000000000000046    0.0000000000000043
697.0    0.0000000000000046    0.0000000000000044    0.0000000000000044    0.0000000000000047    0.0000000000000045
699.0    0.0000000000000047    0.0000000000000045    0.0000000000000045    0.0000000000000048    0.0000000000000046
701.0    0.0000000000000048    0.0000000000000046    0.0000000000000046    0.0000000000000049    0.0000000000000047
703.0    0.0000000000000049    0.0000000000000048    0.0000000000000048    0.0000000000000051    0.0000000000000048
705.0    0.0000000000000051    0.0000000000000049    0.0000000000000049    0.0000000000000052    0.0000000000000050
707.0    0.0000000000000052    0.0000000000000051    0.0000000000000050    0.0000000000000054    0.0000000000000051
709.0    0.0000000000000054    0.0000000000000052    0.0000000000000052    0.0000000000000055    0.0000000000000052
711.0    0.0000000000000055    0.0000000000000054    0.0000000000000053    0.0000000000000057    0.0000000000000054
713.0    0.0000000000000057    0.0000000000000055    0.0000000000000055    0.0000000000000059    0.0000000000000056
715.0    0.0000000000000059    0.0000000000000057    0.0000000000000057    0.0000000000000061    0.0000000000000057
717.0    0.0000000000000061    0.0000000000000059    0.0000000000000058    0.0000000000000063    0.0000000000000059
719.0    0.0000000000000063    0.0000000000000060    0.0000000000000060    0.0000000000000065    0.0000000000000061
721.0    0.0000000000000065    0.0000000000000062    0.0000000000000062    0.0000000000000067    0.0000000000000063
723.0    0.0000000000000067    0.0000000000000064    0.0000000000000064    0.0000000000000069    0.0000000000000065
725.0    0.0000000000000069    0.0000000000000066    0.0000000000000066    0.0000000000000071    0.0000000000000067
727.0    0.0000000000000071    0.0000000000000069    0.0000000000000068    0.0000000000000074    0.0000000000000069
729.0    0.0000000000000073    0.0000000000000071    0.0000000000000070    0.0000000000000076    0.0000000000000071
731.0    0.0000000000000076    0.0000000000000073    0.0000000000000073    0.0000000000000079    0.0000000000000074
733.0    0.0000000000000078    0.0000000000000076    0.0000000000000075    0.0000000000000081    0.0000000000000076
735.0    0.0000000000000081    0.0000000000000078    0.0000000000000078    0.0000000000000084    0.0000000000000079
737.0    0.0000000000000084    0.0000000000000081    0.0000000000000080    0.0000000000000087    0.0000000000000082
739.0    0.0000000000000087    0.0000000000000083    0.0000000000000083    0.0000000000000090    0.0000000000000084
741.0    0.0000000000000090    0.0000000000000086    0.0000000000000086    0.0000000000000093    0.0000000000000087
743.0    0.0000000000000093    0.0000000000000089    0.0000000000000089    0.0000000000000096    0.0000000000000090
745.0    0.0000000000000096    0.0000000000000092    0.0000000000000092    0.0000000000000100    0.0000000000000093
747.0    0.0000000000000099    0.0000000000000096    0.0000000000000095    0.0000000000000103    0.0000000000000096
749.0    0.0000000000000103    0.0000000000000099    0.0000000000000098    0.0000000000000107    0.0000000000000100
751.0    0.0000000000000106    0.0000000000000102    0.0000000000000101    0.0000000000000110    0.0000000000000103
753.0    0.0000000000000110    0.0000000000000106    0.0000000000000105    0.0000000000000114    0.0000000000000107
755.0    0.0000000000000114    0.0000000000000110    0.0000000000000109    0.0000000000000118    0.0000000000000110
757.0    0.0000000000000118    0.0000000000000113    0.0000000000000112    0.0000000000000122    0.0000000000000114
759.0    0.0000000000000122    0.0000000000000117    0.0000000000000116    0.0000000000000127    0.0000000000000118
761.0    0.0000000000000126    0.0000000000000121    0.0000000000000120    0.0000000000000131    0.0000000000000122
763.0    0.0000000000000130    0.0000000000000126    0.0000000000000124    0.0000000000000136    0.0000000000000126
765.0    0.0000000000000135    0.0000000000000130    0.0000000000000129    0.0000000000000141    0.0000000000000131
767.0    0.0000000000000140    0.0000000000000135    0.0000000000000133    0.0000000000000146    0.0000000000000136
769.0    0.0000000000000145    0.0000000000000139    0.0000000000000138    0.0000000000000151    0.0000000000000140
771.0    0.0000000000000150    0.0000000000000144    0.0000000000000143    0.0000000000000156    0.0000000000000145
773.0    0.0000000000000155    0.0000000000000149    0.0000000000000148    0.0000000000000162    0.0000000000000150
775.0    0.0000000000000161    0.0000000000000155    0.0000000000000153    0.0000000000000167    0.0000000000000156
777.0    0.0000000000000166    0.0000000000000160    0.0000000000000159    0.0000000000000173    0.0000000000000161
779.0    0.0000000000000172    0.0000000000000166    0.0000000000000164    0.0000000000000180    0.0000000000000167
781.0    0.0000000000000179    0.0000000000000172    0.0000000000000170    0.0000000000000186    0.0000000000000173
783.0    0.0000000000000185    0.0000000000000178    0.0000000000000176    0.0000000000000193    0.0000000000000179
785.0    0.0000000000000192    0.0000000000000184    0.0000000000000182    0.0000000000000200    0.0000000000000185
787.0    0.0000000000000198    0.0000000000000191    0.0000000000000189    0.0000000000000207    0.0000000000000192
789.0    0.0000000000000206    0.0000000000000197    0.0000000000000195    0.0000000000000214    0.0000000000000199
791.0    0.0000000000000213    0.0000000000000205    0.0000000000000203    0.0000000000000222    0.0000000000000206
793.0    0.0000000000000221    0.0000000000000212    0.0000000000000210    0.0000000000000230    0.0000000000000213
795.0    0.0000000000000229    0.0000000000000220    0.0000000000000217    0.0000000000000238    0.0000000000000221
797.0    0.0000000000000237    0.0000000000000227    0.0000000000000225    0.0000000000000247    0.0000000000000229
799.0    0.0000000000000245    0.0000000000000235    0.0000000000000233    0.0000000000000256    0.0000000000000237
801.0    0.0000000000000254    0.0000000000000244    0.0000000000000242    0.0000000000000265    0.0000000000000246
803.0    0.0000000000000263    0.0000000000000253    0.0000000000000250    0.0000000000000274    0.0000000000000254
805.0    0.0000000000000273    0.0000000000000262    0.0000000000000259    0.0000000000000284    0.0000000000000263
807.0    0.0000000000000282    0.0000000000000271    0.0000000000000268    0.0000000000000294    0.0000000000000273
809.0    0.0000000000000292    0.0000000000000281    0.0000000000000278    0.0000000000000305    0.0000000000000283
811.0    0.0000000000000303    0.0000000000000291    0.0000000000000288    0.0000000000000316    0.0000000000000293
813.0    0.0000000000000314    0.0000000000000302    0.0000000000000298    0.0000000000000327    0.0000000000000303
815.0    0.0000000000000325    0.0000000000000313    0.0000000000000308    0.0000000000000339    0.0000000000000314
817.0    0.0000000000000336    0.0000000000000324    0.0000000000000320    0.0000000000000351    0.0000000000000325
819.0    0.0000000000000348    0.0000000000000335    0.0000000000000331    0.0000000000000363    0.0000000000000337
821.0    0.0000000000000360    0.0000000000000347    0.0000000000000342    0.0000000000000376    0.0000000000000349
823.0    0.0000000000000373    0.0000000000000360    0.0000000000000354    0.0000000000000389    0.0000000000000361
825.0    0.0000000000000386    0.0000000000000372    0.0000000000000366    0.0000000000000403    0.0000000000000373
827.0    0.0000000000000400    0.0000000000000385    0.0000000000000379    0.0000000000000417    0.0000000000000386
829.0    0.0000000000000414    0.0000000000000399    0.0000000000000392    0.0000000000000431    0.0000000000000400
831.0    0.0000000000000427    0.0000000000000413    0.0000000000000406    0.0000000000000446    0.0000000000000414
833.0    0.0000000000000442    0.0000000000000427    0.0000000000000420    0.0000000000000461    0.0000000000000429
835.0    0.0000000000000458    0.0000000000000442    0.0000000000000434    0.0000000000000477    0.0000000000000443
837.0    0.0000000000000473    0.0000000000000457    0.0000000000000449    0.0000000000000493    0.0000000000000458
839.0    0.0000000000000489    0.0000000000000473    0.0000000000000465    0.0000000000000510    0.0000000000000474
841.0    0.0000000000000506    0.0000000000000489    0.0000000000000480    0.0000000000000527    0.0000000000000490
843.0    0.0000000000000523    0.0000000000000506    0.0000000000000496    0.0000000000000544    0.0000000000000507
845.0    0.0000000000000539    0.0000000000000523    0.0000000000000513    0.0000000000000561    0.0000000000000523
847.0    0.0000000000000557    0.0000000000000540    0.0000000000000530    0.0000000000000580    0.0000000000000540
849.0    0.0000000000000576    0.0000000000000558    0.0000000000000547    0.0000000000000599    0.0000000000000558
851.0    0.0000000000000594    0.0000000000000577    0.0000000000000565    0.0000000000000617    0.0000000000000577
853.0    0.0000000000000613    0.0000000000000596    0.0000000000000583    0.0000000000000637    0.0000000000000596
855.0    0.0000000000000632    0.0000000000000615    0.0000000000000602    0.0000000000000658    0.0000000000000615
857.0    0.0000000000000652    0.0000000000000634    0.0000000000000621    0.0000000000000678    0.0000000000000634
859.0    0.0000000000000673    0.0000000000000654    0.0000000000000640    0.0000000000000699    0.0000000000000654
861.0    0.0000000000000694    0.0000000000000675    0.0000000000000661    0.0000000000000720    0.0000000000000675
863.0    0.0000000000000715    0.0000000000000697    0.0000000000000681    0.0000000000000741    0.0000000000000696
865.0    0.0000000000000736    0.0000000000000717    0.0000000000000702    0.0000000000000764    0.0000000000000717
867.0    0.0000000000000758    0.0000000000000739    0.0000000000000723    0.0000000000000787    0.0000000000000738
869.0    0.0000000000000780    0.0000000000000761    0.0000000000000745    0.0000000000000809    0.0000000000000760
871.0    0.0000000000000803    0.0000000000000785    0.0000000000000767    0.0000000000000833    0.0000000000000783
873.0    0.0000000000000827    0.0000000000000808    0.0000000000000789    0.0000000000000857    0.0000000000000806
875.0    0.0000000000000850    0.0000000000000831    0.0000000000000811    0.0000000000000880    0.0000000000000830
877.0    0.0000000000000874    0.0000000000000854    0.0000000000000835    0.0000000000000905    0.0000000000000853
879.0    0.0000000000000898    0.0000000000000879    0.0000000000000859    0.0000000000000930    0.0000000000000876
881.0    0.0000000000000923    0.0000000000000904    0.0000000000000883    0.0000000000000955    0.0000000000000901
883.0    0.0000000000000948    0.0000000000000929    0.0000000000000907    0.0000000000000981    0.0000000000000926
885.0    0.0000000000000974    0.0000000000000954    0.0000000000000932    0.0000000000001007    0.0000000000000952
887.0    0.0000000000001000    0.0000000000000979    0.0000000000000957    0.0000000000001033    0.0000000000000978
889.0    0.0000000000001025    0.0000000000001006    0.0000000000000982    0.0000000000001059    0.0000000000001003
891.0    0.0000000000001051    0.0000000000001032    0.0000000000001007    0.0000000000001086    0.0000000000001028
893.0    0.0000000000001078    0.0000000000001060    0.0000000000001034    0.0000000000001114    0.0000000000001055
895.0    0.0000000000001106    0.0000000000001086    0.0000000000001061    0.0000000000001141    0.0000000000001083
897.0    0.0000000000001133    0.0000000000001113    0.0000000000001087    0.0000000000001169    0.0000000000001110
899.0    0.0000000000001160    0.0000000000001141    0.0000000000001114    0.0000000000001198    0.0000000000001137
901.0    0.0000000000001188    0.0000000000001169    0.0000000000001142    0.0000000000001225    0.0000000000001164
903.0    0.0000000000001217    0.0000000000001198    0.0000000000001170    0.0000000000001255    0.0000000000001193
905.0    0.0000000000001246    0.0000000000001226    0.0000000000001198    0.0000000000001284    0.0000000000001221
907.0    0.0000000000001275    0.0000000000001254    0.0000000000001226    0.0000000000001313    0.0000000000001251
909.0    0.0000000000001305    0.0000000000001284    0.0000000000001255    0.0000000000001343    0.0000000000001279
911.0    0.0000000000001335    0.0000000000001314    0.0000000000001284    0.0000000000001374    0.0000000000001307
913.0    0.0000000000001363    0.0000000000001344    0.0000000000001313    0.0000000000001404    0.0000000000001337
915.0    0.0000000000001394    0.0000000000001373    0.0000000000001342    0.0000000000001435    0.0000000000001368
917.0    0.0000000000001425    0.0000000000001403    0.0000000000001373    0.0000000000001466    0.0000000000001398
919.0    0.0000000000001456    0.0000000000001434    0.0000000000001403    0.0000000000001497    0.0000000000001429
921.0    0.0000000000001487    0.0000000000001465    0.0000000000001433    0.0000000000001529    0.0000000000001459
923.0    0.0000000000001518    0.0000000000001497    0.0000000000001463    0.0000000000001562    0.0000000000001490
925.0    0.0000000000001550    0.0000000000001527    0.0000000000001495    0.0000000000001593    0.0000000000001522
927.0    0.0000000000001582    0.0000000000001558    0.0000000000001527    0.0000000000001626    0.0000000000001554
929.0    0.0000000000001615    0.0000000000001591    0.0000000000001558    0.0000000000001660    0.0000000000001586
931.0    0.0000000000001648    0.0000000000001624    0.0000000000001590    0.0000000000001693    0.0000000000001618
933.0    0.0000000000001681    0.0000000000001657    0.0000000000001623    0.0000000000001725    0.0000000000001650
935.0    0.0000000000001715    0.0000000000001690    0.0000000000001656    0.0000000000001760    0.0000000000001683
937.0    0.0000000000001748    0.0000000000001722    0.0000000000001689    0.0000000000001795    0.0000000000001717
939.0    0.0000000000001782    0.0000000000001756    0.0000000000001722    0.0000000000001829    0.0000000000001751
941.0    0.0000000000001817    0.0000000000001791    0.0000000000001756    0.0000000000001865    0.0000000000001784
943.0    0.0000000000001852    0.0000000000001825    0.0000000000001791    0.0000000000001901    0.0000000000001818
945.0    0.0000000000001888    0.0000000000001859    0.0000000000001825    0.0000000000001937    0.0000000000001853
947.0    0.0000000000001923    0.0000000000001895    0.0000000000001859    0.0000000000001974    0.0000000000001889
949.0    0.0000000000001959    0.0000000000001931    0.0000000000001895    0.0000000000002011    0.0000000000001925
951.0    0.0000000000001996    0.0000000000001968    0.0000000000001932    0.0000000000002048    0.0000000000001962
953.0    0.0000000000002034    0.0000000000002003    0.0000000000001967    0.0000000000002086    0.0000000000001998
955.0    0.0000000000002072    0.0000000000002039    0.0000000000002003    0.0000000000002126    0.0000000000002034
957.0    0.0000000000002108    0.0000000000002077    0.0000000000002041    0.0000000000002163    0.0000000000002072
959.0    0.0000000000002147    0.0000000000002116    0.0000000000002079    0.0000000000002204    0.0000000000002110
961.0    0.0000000000002187    0.0000000000002155    0.0000000000002117    0.0000000000002244    0.0000000000002149
963.0    0.0000000000002227    0.0000000000002193    0.0000000000002154    0.0000000000002284    0.0000000000002187
965.0    0.0000000000002267    0.0000000000002232    0.0000000000002194    0.0000000000002326    0.0000000000002225
967.0    0.0000000000002308    0.0000000000002272    0.0000000000002235    0.0000000000002368    0.0000000000002266
969.0    0.0000000000002350    0.0000000000002314    0.0000000000002274    0.0000000000002409    0.0000000000002307
971.0    0.0000000000002390    0.0000000000002355    0.0000000000002314    0.0000000000002453    0.0000000000002349
973.0    0.0000000000002433    0.0000000000002396    0.0000000000002356    0.0000000000002497    0.0000000000002389
975.0    0.0000000000002477    0.0000000000002437    0.0000000000002399    0.0000000000002540    0.0000000000002431
977.0    0.0000000000002521    0.0000000000002481    0.0000000000002440    0.0000000000002586    0.0000000000002474
979.0    0.0000000000002565    0.0000000000002525    0.0000000000002482    0.0000000000002632    0.0000000000002518
981.0    0.0000000000002609    0.0000000000002570    0.0000000000002527    0.0000000000002677    0.0000000000002563
983.0    0.0000000000002655    0.0000000000002614    0.0000000000002572    0.0000000000002722    0.0000000000002609
985.0    0.0000000000002702    0.0000000000002659    0.0000000000002616    0.0000000000002771    0.0000000000002653
987.0    0.0000000000002749    0.0000000000002706    0.0000000000002661    0.0000000000002820    0.0000000000002698
989.0    0.0000000000002797    0.0000000000002753    0.0000000000002708    0.0000000000002868    0.0000000000002745
991.0    0.0000000000002846    0.0000000000002802    0.0000000000002756    0.0000000000002918    0.0000000000002794
993.0    0.0000000000002896    0.0000000000002849    0.0000000000002803    0.0000000000002970    0.0000000000002843
995.0    0.0000000000002944    0.0000000000002897    0.0000000000002850    0.0000000000003020    0.0000000000002891
997.0    0.0000000000002995    0.0000000000002948    0.0000000000002901    0.0000000000003073    0.0000000000002939
999.0    0.0000000000003047    0.0000000000003000    0.0000000000002952    0.0000000000003126    0.0000000000002990
1001.0    0.0000000000003100    0.0000000000003052    0.0000000000003001    0.0000000000003179    0.0000000000003043
1003.0    0.0000000000003154    0.0000000000003103    0.0000000000003052    0.0000000000003234    0.0000000000003096
1005.0    0.0000000000003206    0.0000000000003155    0.0000000000003105    0.0000000000003291    0.0000000000003147
1007.0    0.0000000000003261    0.0000000000003210    0.0000000000003159    0.0000000000003345    0.0000000000003199
1009.0    0.0000000000003318    0.0000000000003265    0.0000000000003212    0.0000000000003404    0.0000000000003255
1011.0    0.0000000000003375    0.0000000000003322    0.0000000000003266    0.0000000000003463    0.0000000000003311
1013.0    0.0000000000003432    0.0000000000003377    0.0000000000003322    0.0000000000003520    0.0000000000003369
1015.0    0.0000000000003489    0.0000000000003433    0.0000000000003380    0.0000000000003581    0.0000000000003427
1017.0    0.0000000000003549    0.0000000000003493    0.0000000000003436    0.0000000000003643    0.0000000000003483
1019.0    0.0000000000003609    0.0000000000003553    0.0000000000003493    0.0000000000003703    0.0000000000003541
1021.0    0.0000000000003671    0.0000000000003614    0.0000000000003554    0.0000000000003767    0.0000000000003602
1023.0    0.0000000000003733    0.0000000000003674    0.0000000000003615    0.0000000000003832    0.0000000000003664
1025.0    0.0000000000003797    0.0000000000003734    0.0000000000003675    0.0000000000003895    0.0000000000003726
1027.0    0.0000000000003862    0.0000000000003799    0.0000000000003735    0.0000000000003959    0.0000000000003787
1029.0    0.0000000000003924    0.0000000000003864    0.0000000000003799    0.0000000000004027    0.0000000000003850
1031.0    0.0000000000003991    0.0000000000003930    0.0000000000003865    0.0000000000004096    0.0000000000003915
1033.0    0.0000000000004059    0.0000000000003994    0.0000000000003928    0.0000000000004162    0.0000000000003982
1035.0    0.0000000000004127    0.0000000000004060    0.0000000000003993    0.0000000000004234    0.0000000000004050
1037.0    0.0000000000004197    0.0000000000004129    0.0000000000004061    0.0000000000004306    0.0000000000004116
1039.0    0.0000000000004265    0.0000000000004199    0.0000000000004130    0.0000000000004376    0.0000000000004183
1041.0    0.0000000000004336    0.0000000000004270    0.0000000000004198    0.0000000000004450    0.0000000000004254
1043.0    0.0000000000004409    0.0000000000004340    0.0000000000004266    0.0000000000004526    0.0000000000004326
1045.0    0.0000000000004483    0.0000000000004411    0.0000000000004339    0.0000000000004599    0.0000000000004399
1047.0    0.0000000000004558    0.0000000000004485    0.0000000000004412    0.0000000000004677    0.0000000000004474
1049.0    0.0000000000004631    0.0000000000004561    0.0000000000004484    0.0000000000004756    0.0000000000004546
1051.0    0.0000000000004709    0.0000000000004635    0.0000000000004557    0.0000000000004832    0.0000000000004619
1053.0    0.0000000000004787    0.0000000000004710    0.0000000000004634    0.0000000000004913    0.0000000000004697
1055.0    0.0000000000004867    0.0000000000004789    0.0000000000004712    0.0000000000004996    0.0000000000004776
1057.0    0.0000000000004948    0.0000000000004870    0.0000000000004788    0.0000000000005076    0.0000000000004856
1059.0    0.0000000000005030    0.0000000000004951    0.0000000000004865    0.0000000000005161    0.0000000000004934
1061.0    0.0000000000005113    0.0000000000005031    0.0000000000004946    0.0000000000005247    0.0000000000005013
1063.0    0.0000000000005194    0.0000000000005112    0.0000000000005026    0.0000000000005330    0.0000000000005096
1065.0    0.0000000000005279    0.0000000000005197    0.0000000000005106    0.0000000000005419    0.0000000000005181
1067.0    0.0000000000005366    0.0000000000005283    0.0000000000005191    0.0000000000005509    0.0000000000005267
1069.0    0.0000000000005454    0.0000000000005371    0.0000000000005278    0.0000000000005596    0.0000000000005351
1071.0    0.0000000000005544    0.0000000000005457    0.0000000000005362    0.0000000000005684    0.0000000000005436
1073.0    0.0000000000005631    0.0000000000005544    0.0000000000005447    0.0000000000005778    0.0000000000005525
1075.0    0.0000000000005722    0.0000000000005635    0.0000000000005537    0.0000000000005873    0.0000000000005616
1077.0    0.0000000000005815    0.0000000000005728    0.0000000000005629    0.0000000000005965    0.0000000000005709
1079.0    0.0000000000005910    0.0000000000005822    0.0000000000005717    0.0000000000006062    0.0000000000005802
1081.0    0.0000000000006005    0.0000000000005914    0.0000000000005807    0.0000000000006161    0.0000000000005893
1083.0    0.0000000000006098    0.0000000000006007    0.0000000000005903    0.0000000000006256    0.0000000000005985
1085.0    0.0000000000006196    0.0000000000006105    0.0000000000005999    0.0000000000006358    0.0000000000006083
1087.0    0.0000000000006296    0.0000000000006204    0.0000000000006093    0.0000000000006460    0.0000000000006182
1089.0    0.0000000000006396    0.0000000000006305    0.0000000000006188    0.0000000000006559    0.0000000000006282
1091.0    0.0000000000006498    0.0000000000006403    0.0000000000006288    0.0000000000006665    0.0000000000006379
1093.0    0.0000000000006601    0.0000000000006502    0.0000000000006390    0.0000000000006771    0.0000000000006478
1095.0    0.0000000000006706    0.0000000000006607    0.0000000000006488    0.0000000000006874    0.0000000000006582
1097.0    0.0000000000006807    0.0000000000006713    0.0000000000006588    0.0000000000006983    0.0000000000006687
1099.0    0.0000000000006914    0.0000000000006820    0.0000000000006694    0.0000000000007093    0.0000000000006794
1101.0    0.0000000000007023    0.0000000000006924    0.0000000000006800    0.0000000000007200    0.0000000000006897
1103.0    0.0000000000007132    0.0000000000007030    0.0000000000006904    0.0000000000007313    0.0000000000007002
1105.0    0.0000000000007243    0.0000000000007141    0.0000000000007009    0.0000000000007427    0.0000000000007112
1107.0    0.0000000000007351    0.0000000000007254    0.0000000000007119    0.0000000000007537    0.0000000000007224
1109.0    0.0000000000007464    0.0000000000007368    0.0000000000007231    0.0000000000007654    0.0000000000007337
1111.0    0.0000000000007578    0.0000000000007478    0.0000000000007340    0.0000000000007771    0.0000000000007452
1113.0    0.0000000000007694    0.0000000000007590    0.0000000000007449    0.0000000000007885    0.0000000000007563
1115.0    0.0000000000007811    0.0000000000007708    0.0000000000007565    0.0000000000008005    0.0000000000007675
1117.0    0.0000000000007929    0.0000000000007827    0.0000000000007682    0.0000000000008126    0.0000000000007793
1119.0    0.0000000000008048    0.0000000000007947    0.0000000000007795    0.0000000000008243    0.0000000000007912
1121.0    0.0000000000008164    0.0000000000008064    0.0000000000007909    0.0000000000008361    0.0000000000008033
1123.0    0.0000000000008285    0.0000000000008181    0.0000000000008030    0.0000000000008485    0.0000000000008150
1125.0    0.0000000000008408    0.0000000000008305    0.0000000000008151    0.0000000000008611    0.0000000000008267
1127.0    0.0000000000008531    0.0000000000008430    0.0000000000008269    0.0000000000008732    0.0000000000008391
1129.0    0.0000000000008656    0.0000000000008556    0.0000000000008387    0.0000000000008859    0.0000000000008517
1131.0    0.0000000000008776    0.0000000000008678    0.0000000000008512    0.0000000000008988    0.0000000000008643
1133.0    0.0000000000008903    0.0000000000008801    0.0000000000008638    0.0000000000009111    0.0000000000008770
1135.0    0.0000000000009031    0.0000000000008930    0.0000000000008760    0.0000000000009242    0.0000000000008893
1137.0    0.0000000000009159    0.0000000000009060    0.0000000000008882    0.0000000000009373    0.0000000000009017
1139.0    0.0000000000009288    0.0000000000009191    0.0000000000009011    0.0000000000009499    0.0000000000009147
1141.0    0.0000000000009413    0.0000000000009318    0.0000000000009141    0.0000000000009632    0.0000000000009278
1143.0    0.0000000000009544    0.0000000000009446    0.0000000000009266    0.0000000000009765    0.0000000000009411
1145.0    0.0000000000009676    0.0000000000009579    0.0000000000009392    0.0000000000009893    0.0000000000009538
1147.0    0.0000000000009808    0.0000000000009714    0.0000000000009524    0.0000000000010028    0.0000000000009666
1149.0    0.0000000000009941    0.0000000000009849    0.0000000000009657    0.0000000000010164    0.0000000000009800
1151.0    0.0000000000010075    0.0000000000009980    0.0000000000009786    0.0000000000010294    0.0000000000009936
1153.0    0.0000000000010210    0.0000000000010111    0.0000000000009915    0.0000000000010431    0.0000000000010071
1155.0    0.0000000000010339    0.0000000000010248    0.0000000000010050    0.0000000000010568    0.0000000000010202
1157.0    0.0000000000010475    0.0000000000010386    0.0000000000010186    0.0000000000010699    0.0000000000010334
1159.0    0.0000000000010611    0.0000000000010524    0.0000000000010317    0.0000000000010837    0.0000000000010471
1161.0    0.0000000000010747    0.0000000000010658    0.0000000000010448    0.0000000000010976    0.0000000000010609
1163.0    0.0000000000010884    0.0000000000010792    0.0000000000010585    0.0000000000011108    0.0000000000010748
1165.0    0.0000000000011016    0.0000000000010931    0.0000000000010723    0.0000000000011241    0.0000000000010887
1167.0    0.0000000000011153    0.0000000000011071    0.0000000000010856    0.0000000000011380    0.0000000000011020
1169.0    0.0000000000011291    0.0000000000011206    0.0000000000010989    0.0000000000011520    0.0000000000011154
1171.0    0.0000000000011429    0.0000000000011341    0.0000000000011128    0.0000000000011653    0.0000000000011294
1173.0    0.0000000000011567    0.0000000000011482    0.0000000000011267    0.0000000000011793    0.0000000000011434
1175.0    0.0000000000011705    0.0000000000011622    0.0000000000011401    0.0000000000011933    0.0000000000011574
1177.0    0.0000000000011843    0.0000000000011763    0.0000000000011535    0.0000000000012066    0.0000000000011708
1179.0    0.0000000000011976    0.0000000000011899    0.0000000000011674    0.0000000000012206    0.0000000000011843
1181.0    0.0000000000012115    0.0000000000012034    0.0000000000011814    0.0000000000012346    0.0000000000011983
1183.0    0.0000000000012253    0.0000000000012175    0.0000000000011948    0.0000000000012479    0.0000000000012123
1185.0    0.0000000000012391    0.0000000000012316    0.0000000000012083    0.0000000000012619    0.0000000000012264
1187.0    0.0000000000012530    0.0000000000012456    0.0000000000012222    0.0000000000012758    0.0000000000012398
1189.0    0.0000000000012662    0.0000000000012591    0.0000000000012362    0.0000000000012892    0.0000000000012532
1191.0    0.0000000000012800    0.0000000000012726    0.0000000000012496    0.0000000000013031    0.0000000000012672
1193.0    0.0000000000012938    0.0000000000012866    0.0000000000012630    0.0000000000013169    0.0000000000012812
1195.0    0.0000000000013075    0.0000000000013006    0.0000000000012770    0.0000000000013302    0.0000000000012951
1197.0    0.0000000000013213    0.0000000000013145    0.0000000000012909    0.0000000000013440    0.0000000000013090
1199.0    0.0000000000013344    0.0000000000013279    0.0000000000013042    0.0000000000013578    0.0000000000013223
1201.0    0.0000000000013481    0.0000000000013412    0.0000000000013175    0.0000000000013710    0.0000000000013356
1203.0    0.0000000000013617    0.0000000000013550    0.0000000000013314    0.0000000000013847    0.0000000000013494
1205.0    0.0000000000013753    0.0000000000013688    0.0000000000013452    0.0000000000013984    0.0000000000013632
1207.0    0.0000000000013889    0.0000000000013826    0.0000000000013584    0.0000000000014115    0.0000000000013769
1209.0    0.0000000000014024    0.0000000000013958    0.0000000000013716    0.0000000000014251    0.0000000000013900
1211.0    0.0000000000014159    0.0000000000014089    0.0000000000013854    0.0000000000014387    0.0000000000014031
1213.0    0.0000000000014288    0.0000000000014225    0.0000000000013990    0.0000000000014517    0.0000000000014167
1215.0    0.0000000000014423    0.0000000000014361    0.0000000000014121    0.0000000000014646    0.0000000000014302
1217.0    0.0000000000014556    0.0000000000014496    0.0000000000014252    0.0000000000014781    0.0000000000014438
1219.0    0.0000000000014690    0.0000000000014625    0.0000000000014387    0.0000000000014915    0.0000000000014567
1221.0    0.0000000000014823    0.0000000000014754    0.0000000000014522    0.0000000000015043    0.0000000000014695
1223.0    0.0000000000014950    0.0000000000014888    0.0000000000014652    0.0000000000015176    0.0000000000014829
1225.0    0.0000000000015082    0.0000000000015021    0.0000000000014781    0.0000000000015310    0.0000000000014962
1227.0    0.0000000000015214    0.0000000000015154    0.0000000000014914    0.0000000000015437    0.0000000000015095
1229.0    0.0000000000015345    0.0000000000015281    0.0000000000015048    0.0000000000015569    0.0000000000015227
1231.0    0.0000000000015476    0.0000000000015407    0.0000000000015176    0.0000000000015701    0.0000000000015353
1233.0    0.0000000000015601    0.0000000000015539    0.0000000000015303    0.0000000000015827    0.0000000000015479
1235.0    0.0000000000015732    0.0000000000015670    0.0000000000015435    0.0000000000015958    0.0000000000015610
1237.0    0.0000000000015861    0.0000000000015800    0.0000000000015567    0.0000000000016089    0.0000000000015741
1239.0    0.0000000000015991    0.0000000000015925    0.0000000000015693    0.0000000000016214    0.0000000000015871
1241.0    0.0000000000016120    0.0000000000016050    0.0000000000015819    0.0000000000016344    0.0000000000015996
1243.0    0.0000000000016249    0.0000000000016179    0.0000000000015950    0.0000000000016475    0.0000000000016120
1245.0    0.0000000000016378    0.0000000000016308    0.0000000000016080    0.0000000000016599    0.0000000000016249
1247.0    0.0000000000016501    0.0000000000016437    0.0000000000016205    0.0000000000016728    0.0000000000016378
1249.0    0.0000000000016629    0.0000000000016560    0.0000000000016330    0.0000000000016858    0.0000000000016506
1251.0    0.0000000000016757    0.0000000000016683    0.0000000000016459    0.0000000000016981    0.0000000000016629
1253.0    0.0000000000016884    0.0000000000016811    0.0000000000016589    0.0000000000017110    0.0000000000016752
1255.0    0.0000000000017012    0.0000000000016939    0.0000000000016712    0.0000000000017239    0.0000000000016879
1257.0    0.0000000000017134    0.0000000000017066    0.0000000000016836    0.0000000000017362    0.0000000000017007
1259.0    0.0000000000017261    0.0000000000017189    0.0000000000016964    0.0000000000017485    0.0000000000017134
1261.0    0.0000000000017388    0.0000000000017311    0.0000000000017093    0.0000000000017614    0.0000000000017261
1263.0    0.0000000000017515    0.0000000000017438    0.0000000000017216    0.0000000000017743    0.0000000000017383
1265.0    0.0000000000017642    0.0000000000017565    0.0000000000017339    0.0000000000017865    0.0000000000017505
1267.0    0.0000000000017768    0.0000000000017692    0.0000000000017467    0.0000000000017994    0.0000000000017632
1269.0    0.0000000000017895    0.0000000000017814    0.0000000000017595    0.0000000000018122    0.0000000000017759
1271.0    0.0000000000018017    0.0000000000017936    0.0000000000017717    0.0000000000018245    0.0000000000017886
1273.0    0.0000000000018143    0.0000000000018062    0.0000000000017840    0.0000000000018374    0.0000000000018007
1275.0    0.0000000000018270    0.0000000000018189    0.0000000000017968    0.0000000000018502    0.0000000000018129
1277.0    0.0000000000018397    0.0000000000018316    0.0000000000018096    0.0000000000018625    0.0000000000018256
1279.0    0.0000000000018524    0.0000000000018438    0.0000000000018218    0.0000000000018754    0.0000000000018383
1281.0    0.0000000000018646    0.0000000000018561    0.0000000000018341    0.0000000000018883    0.0000000000018510
1283.0    0.0000000000018773    0.0000000000018688    0.0000000000018469    0.0000000000019006    0.0000000000018632
1285.0    0.0000000000018900    0.0000000000018815    0.0000000000018597    0.0000000000019135    0.0000000000018754
1287.0    0.0000000000019027    0.0000000000018938    0.0000000000018720    0.0000000000019265    0.0000000000018881
1289.0    0.0000000000019155    0.0000000000019061    0.0000000000018843    0.0000000000019388    0.0000000000019009
1291.0    0.0000000000019277    0.0000000000019189    0.0000000000018972    0.0000000000019518    0.0000000000019137
1293.0    0.0000000000019405    0.0000000000019317    0.0000000000019100    0.0000000000019648    0.0000000000019265
1295.0    0.0000000000019533    0.0000000000019445    0.0000000000019224    0.0000000000019772    0.0000000000019388
1297.0    0.0000000000019662    0.0000000000019569    0.0000000000019347    0.0000000000019903    0.0000000000019511
1299.0    0.0000000000019790    0.0000000000019693    0.0000000000019476    0.0000000000020033    0.0000000000019639
1301.0    0.0000000000019919    0.0000000000019822    0.0000000000019606    0.0000000000020159    0.0000000000019768
1303.0    0.0000000000020048    0.0000000000019951    0.0000000000019730    0.0000000000020290    0.0000000000019898
1305.0    0.0000000000020172    0.0000000000020081    0.0000000000019855    0.0000000000020421    0.0000000000020022
1307.0    0.0000000000020302    0.0000000000020206    0.0000000000019985    0.0000000000020547    0.0000000000020146
1309.0    0.0000000000020431    0.0000000000020332    0.0000000000020115    0.0000000000020673    0.0000000000020277
1311.0    0.0000000000020561    0.0000000000020462    0.0000000000020241    0.0000000000020806    0.0000000000020407
1313.0    0.0000000000020692    0.0000000000020593    0.0000000000020366    0.0000000000020938    0.0000000000020538
1315.0    0.0000000000020817    0.0000000000020725    0.0000000000020497    0.0000000000021066    0.0000000000020663
1317.0    0.0000000000020949    0.0000000000020851    0.0000000000020629    0.0000000000021199    0.0000000000020789
1319.0    0.0000000000021080    0.0000000000020978    0.0000000000020756    0.0000000000021332    0.0000000000020921
1321.0    0.0000000000021212    0.0000000000021111    0.0000000000020882    0.0000000000021460    0.0000000000021053
1323.0    0.0000000000021344    0.0000000000021244    0.0000000000021015    0.0000000000021595    0.0000000000021186
1325.0    0.0000000000021476    0.0000000000021377    0.0000000000021148    0.0000000000021729    0.0000000000021319
1327.0    0.0000000000021609    0.0000000000021505    0.0000000000021275    0.0000000000021858    0.0000000000021446
1329.0    0.0000000000021736    0.0000000000021634    0.0000000000021403    0.0000000000021993    0.0000000000021574
1331.0    0.0000000000021870    0.0000000000021768    0.0000000000021537    0.0000000000022129    0.0000000000021708
1333.0    0.0000000000022003    0.0000000000021902    0.0000000000021672    0.0000000000022259    0.0000000000021842
1335.0    0.0000000000022137    0.0000000000022037    0.0000000000021800    0.0000000000022395    0.0000000000021977
1337.0    0.0000000000022272    0.0000000000022167    0.0000000000021930    0.0000000000022531    0.0000000000022106
1339.0    0.0000000000022401    0.0000000000022298    0.0000000000022065    0.0000000000022662    0.0000000000022236
1341.0    0.0000000000022536    0.0000000000022434    0.0000000000022195    0.0000000000022799    0.0000000000022372
1343.0    0.0000000000022671    0.0000000000022570    0.0000000000022325    0.0000000000022937    0.0000000000022508
1345.0    0.0000000000022807    0.0000000000022707    0.0000000000022461    0.0000000000023068    0.0000000000022644
1347.0    0.0000000000022942    0.0000000000022838    0.0000000000022598    0.0000000000023206    0.0000000000022781
1349.0    0.0000000000023073    0.0000000000022970    0.0000000000022729    0.0000000000023345    0.0000000000022912
1351.0    0.0000000000023210    0.0000000000023108    0.0000000000022860    0.0000000000023477    0.0000000000023044
1353.0    0.0000000000023346    0.0000000000023246    0.0000000000022998    0.0000000000023610    0.0000000000023181
1355.0    0.0000000000023483    0.0000000000023384    0.0000000000023136    0.0000000000023749    0.0000000000023319
1357.0    0.0000000000023621    0.0000000000023518    0.0000000000023268    0.0000000000023888    0.0000000000023457
1359.0    0.0000000000023758    0.0000000000023651    0.0000000000023401    0.0000000000024022    0.0000000000023590
1361.0    0.0000000000023896    0.0000000000023790    0.0000000000023539    0.0000000000024162    0.0000000000023723
1363.0    0.0000000000024029    0.0000000000023930    0.0000000000023678    0.0000000000024302    0.0000000000023862
1365.0    0.0000000000024167    0.0000000000024069    0.0000000000023812    0.0000000000024436    0.0000000000024002
1367.0    0.0000000000024306    0.0000000000024204    0.0000000000023945    0.0000000000024576    0.0000000000024141
1369.0    0.0000000000024444    0.0000000000024339    0.0000000000024085    0.0000000000024717    0.0000000000024276
1371.0    0.0000000000024583    0.0000000000024479    0.0000000000024225    0.0000000000024852    0.0000000000024410
1373.0    0.0000000000024717    0.0000000000024620    0.0000000000024359    0.0000000000024993    0.0000000000024550
1375.0    0.0000000000024856    0.0000000000024761    0.0000000000024494    0.0000000000025134    0.0000000000024691
1377.0    0.0000000000024996    0.0000000000024896    0.0000000000024634    0.0000000000025269    0.0000000000024832
1379.0    0.0000000000025135    0.0000000000025032    0.0000000000024775    0.0000000000025410    0.0000000000024973
1381.0    0.0000000000025275    0.0000000000025174    0.0000000000024910    0.0000000000025552    0.0000000000025108
1383.0    0.0000000000025410    0.0000000000025315    0.0000000000025046    0.0000000000025687    0.0000000000025243
1385.0    0.0000000000025550    0.0000000000025457    0.0000000000025187    0.0000000000025829    0.0000000000025385
1387.0    0.0000000000025690    0.0000000000025593    0.0000000000025328    0.0000000000025971    0.0000000000025526
1389.0    0.0000000000025830    0.0000000000025730    0.0000000000025464    0.0000000000026107    0.0000000000025668
1391.0    0.0000000000025970    0.0000000000025872    0.0000000000025600    0.0000000000026248    0.0000000000025804
1393.0    0.0000000000026111    0.0000000000026014    0.0000000000025742    0.0000000000026390    0.0000000000025940
1395.0    0.0000000000026251    0.0000000000026157    0.0000000000025884    0.0000000000026526    0.0000000000026082
1397.0    0.0000000000026386    0.0000000000026293    0.0000000000026020    0.0000000000026662    0.0000000000026224
1399.0    0.0000000000026526    0.0000000000026430    0.0000000000026156    0.0000000000026803    0.0000000000026367
1401.0    0.0000000000026667    0.0000000000026573    0.0000000000026298    0.0000000000026945    0.0000000000026503
1403.0    0.0000000000026807    0.0000000000026715    0.0000000000026440    0.0000000000027081    0.0000000000026639
1405.0    0.0000000000026948    0.0000000000026852    0.0000000000026576    0.0000000000027222    0.0000000000026781
1407.0    0.0000000000027082    0.0000000000026989    0.0000000000026712    0.0000000000027364    0.0000000000026923
1409.0    0.0000000000027223    0.0000000000027131    0.0000000000026854    0.0000000000027499    0.0000000000027065
1411.0    0.0000000000027363    0.0000000000027273    0.0000000000026996    0.0000000000027640    0.0000000000027208
1413.0    0.0000000000027503    0.0000000000027415    0.0000000000027132    0.0000000000027782    0.0000000000027344
1415.0    0.0000000000027642    0.0000000000027552    0.0000000000027268    0.0000000000027916    0.0000000000027479
1417.0    0.0000000000027782    0.0000000000027688    0.0000000000027410    0.0000000000028057    0.0000000000027621
1419.0    0.0000000000027922    0.0000000000027830    0.0000000000027552    0.0000000000028198    0.0000000000027763
1421.0    0.0000000000028055    0.0000000000027972    0.0000000000027687    0.0000000000028332    0.0000000000027904
1423.0    0.0000000000028195    0.0000000000028113    0.0000000000027823    0.0000000000028472    0.0000000000028040
1425.0    0.0000000000028333    0.0000000000028249    0.0000000000027964    0.0000000000028611    0.0000000000028175
1427.0    0.0000000000028472    0.0000000000028384    0.0000000000028105    0.0000000000028745    0.0000000000028316
1429.0    0.0000000000028610    0.0000000000028525    0.0000000000028239    0.0000000000028884    0.0000000000028456
1431.0    0.0000000000028743    0.0000000000028665    0.0000000000028374    0.0000000000029023    0.0000000000028596
1433.0    0.0000000000028881    0.0000000000028805    0.0000000000028514    0.0000000000029155    0.0000000000028731
1435.0    0.0000000000029018    0.0000000000028939    0.0000000000028654    0.0000000000029293    0.0000000000028864
1437.0    0.0000000000029155    0.0000000000029073    0.0000000000028788    0.0000000000029431    0.0000000000029004
1439.0    0.0000000000029292    0.0000000000029212    0.0000000000028921    0.0000000000029562    0.0000000000029143
1441.0    0.0000000000029423    0.0000000000029351    0.0000000000029060    0.0000000000029699    0.0000000000029281
1443.0    0.0000000000029559    0.0000000000029489    0.0000000000029199    0.0000000000029835    0.0000000000029420
1445.0    0.0000000000029694    0.0000000000029622    0.0000000000029332    0.0000000000029965    0.0000000000029552
1447.0    0.0000000000029829    0.0000000000029754    0.0000000000029464    0.0000000000030095    0.0000000000029683
1449.0    0.0000000000029964    0.0000000000029891    0.0000000000029601    0.0000000000030230    0.0000000000029820
1451.0    0.0000000000030098    0.0000000000030027    0.0000000000029738    0.0000000000030365    0.0000000000029957
1453.0    0.0000000000030232    0.0000000000030163    0.0000000000029869    0.0000000000030493    0.0000000000030093
1455.0    0.0000000000030360    0.0000000000030293    0.0000000000029999    0.0000000000030626    0.0000000000030223
1457.0    0.0000000000030492    0.0000000000030423    0.0000000000030135    0.0000000000030759    0.0000000000030352
1459.0    0.0000000000030625    0.0000000000030557    0.0000000000030270    0.0000000000030886    0.0000000000030486
1461.0    0.0000000000030756    0.0000000000030691    0.0000000000030399    0.0000000000031017    0.0000000000030620
1463.0    0.0000000000030887    0.0000000000030824    0.0000000000030528    0.0000000000031149    0.0000000000030753
1465.0    0.0000000000031012    0.0000000000030951    0.0000000000030661    0.0000000000031273    0.0000000000030880
1467.0    0.0000000000031142    0.0000000000031078    0.0000000000030794    0.0000000000031403    0.0000000000031007
1469.0    0.0000000000031271    0.0000000000031209    0.0000000000030921    0.0000000000031533    0.0000000000031138
1471.0    0.0000000000031400    0.0000000000031340    0.0000000000031047    0.0000000000031656    0.0000000000031269
1473.0    0.0000000000031528    0.0000000000031470    0.0000000000031178    0.0000000000031784    0.0000000000031399
1475.0    0.0000000000031655    0.0000000000031594    0.0000000000031309    0.0000000000031911    0.0000000000031529
1477.0    0.0000000000031782    0.0000000000031718    0.0000000000031433    0.0000000000032033    0.0000000000031652
1479.0    0.0000000000031903    0.0000000000031846    0.0000000000031557    0.0000000000032159    0.0000000000031775
1481.0    0.0000000000032029    0.0000000000031973    0.0000000000031686    0.0000000000032284    0.0000000000031903
1483.0    0.0000000000032153    0.0000000000032100    0.0000000000031814    0.0000000000032403    0.0000000000032029
1485.0    0.0000000000032277    0.0000000000032221    0.0000000000031936    0.0000000000032528    0.0000000000032155
