9.0    0.0000000000000000    0.0000000000000000    0.0000000000000000    0.0000000000000000    0.0000000000000000
11.0    0.0000000000000000    0.0000000000000000    0.0000000000000000    0.0000000000000000    0.0000000000000000
13.0    0.0000000000000000    0.0000000000000000    0.0000000000000000    0.0000000000000000    0.0000000000000000
15.0    0.0000000000000000    0.0000000000000000    0.0000000000000001    0.0000000000000000    0.0000000000000001
17.0    0.0000000000000001    0.0000000000000001    0.0000000000000001    0.0000000000000001    0.0000000000000001
19.0    0.0000000000000002    0.0000000000000002    0.0000000000000003    0.0000000000000002    0.0000000000000003
21.0    0.0000000000000004    0.0000000000000003    0.0000000000000005    0.0000000000000004    0.0000000000000005
23.0    0.0000000000000008    0.0000000000000007    0.0000000000000009    0.0000000000000007    0.0000000000000009
25.0    0.0000000000000013    0.0000000000000012    0.0000000000000014    0.0000000000000013    0.0000000000000015
27.0    0.0000000000000022    0.0000000000000020    0.0000000000000023    0.0000000000000021    0.0000000000000024
29.0    0.0000000000000033    0.0000000000000031    0.0000000000000034    0.0000000000000032    0.0000000000000035
31.0    0.0000000000000048    0.0000000000000045    0.0000000000000048    0.0000000000000047    0.0000000000000050
33.0    0.0000000000000065    0.0000000000000062    0.0000000000000065    0.0000000000000064    0.0000000000000067
35.0    0.0000000000000085    0.0000000000000081    0.0000000000000086    0.0000000000000083    0.0000000000000087
37.0    0.0000000000000107    0.0000000000000102    0.0000000000000111    0.0000000000000106    0.0000000000000112
39.0    0.0000000000000135    0.0000000000000125    0.0000000000000140    0.0000000000000132    0.0000000000000143
41.0    0.0000000000000171    0.0000000000000155    0.0000000000000178    0.0000000000000166    0.0000000000000184
43.0    0.0000000000000221    0.0000000000000198    0.0000000000000231    0.0000000000000214    0.0000000000000236
45.0    0.0000000000000291    0.0000000000000262    0.0000000000000304    0.0000000000000284    0.0000000000000308
47.0    0.0000000000000384    0.0000000000000355    0.0000000000000398    0.0000000000000379    0.0000000000000407
49.0    0.0000000000000512    0.0000000000000478    0.0000000000000520    0.0000000000000504    0.0000000000000536
51.0    0.0000000000000672    0.0000000000000636    0.0000000000000676    0.0000000000000670    0.0000000000000693
53.0    0.0000000000000860    0.0000000000000834    0.0000000000000857    0.0000000000000866    0.0000000000000867
55.0    0.0000000000001066    0.0000000000001055    0.0000000000001047    0.0000000000001072    0.0000000000001056
57.0    0.0000000000001268    0.0000000000001283    0.0000000000001241    0.0000000000001292    0.0000000000001256
59.0    0.0000000000001467    0.0000000000001490    0.0000000000001433    0.0000000000001498    0.0000000000001445
61.0    0.0000000000001638    0.0000000000001667    0.0000000000001602    0.0000000000001665    0.0000000000001609
63.0    0.0000000000001768    0.0000000000001804    0.0000000000001730    0.0000000000001795    0.0000000000001739
65.0    0.0000000000001854    0.0000000000001886    0.0000000000001821    0.0000000000001876    0.0000000000001826
67.0    0.0000000000001898    0.0000000000001918    0.0000000000001879    0.0000000000001910    0.0000000000001879
69.0    0.0000000000001911    0.0000000000001912    0.0000000000001907    0.0000000000001912    0.0000000000001907
71.0    0.0000000000001910    0.0000000000001892    0.0000000000001919    0.0000000000001902    0.0000000000001920
73.0    0.0000000000001912    0.0000000000001876    0.0000000000001930    0.0000000000001898    0.0000000000001933
75.0    0.0000000000001933    0.0000000000001888    0.0000000000001954    0.0000000000001918    0.0000000000001959
77.0    0.0000000000001984    0.0000000000001941    0.0000000000002001    0.0000000000001974    0.0000000000002007
79.0    0.0000000000002067    0.0000000000002032    0.0000000000002072    0.0000000000002063    0.0000000000002082
81.0    0.0000000000002173    0.0000000000002157    0.0000000000002164    0.0000000000002185    0.0000000000002179
83.0    0.0000000000002297    0.0000000000002306    0.0000000000002274    0.0000000000002322    0.0000000000002288
85.0    0.0000000000002419    0.0000000000002454    0.0000000000002384    0.0000000000002448    0.0000000000002391
87.0    0.0000000000002522    0.0000000000002577    0.0000000000002476    0.0000000000002557    0.0000000000002479
89.0    0.0000000000002592    0.0000000000002656    0.0000000000002542    0.0000000000002627    0.0000000000002544
91.0    0.0000000000002618    0.0000000000002684    0.0000000000002574    0.0000000000002647    0.0000000000002571
93.0    0.0000000000002598    0.0000000000002658    0.0000000000002566    0.0000000000002620    0.0000000000002559
95.0    0.0000000000002539    0.0000000000002581    0.0000000000002522    0.0000000000002546    0.0000000000002509
97.0    0.0000000000002446    0.0000000000002465    0.0000000000002448    0.0000000000002440    0.0000000000002432
99.0    0.0000000000002333    0.0000000000002334    0.0000000000002350    0.0000000000002320    0.0000000000002338
101.0    0.0000000000002214    0.0000000000002201    0.0000000000002242    0.0000000000002193    0.0000000000002232
103.0    0.0000000000002104    0.0000000000002075    0.0000000000002142    0.0000000000002077    0.0000000000002130
105.0    0.0000000000002015    0.0000000000001975    0.0000000000002054    0.0000000000001988    0.0000000000002042
107.0    0.0000000000001947    0.0000000000001907    0.0000000000001981    0.0000000000001923    0.0000000000001974
109.0    0.0000000000001902    0.0000000000001873    0.0000000000001928    0.0000000000001885    0.0000000000001927
111.0    0.0000000000001881    0.0000000000001863    0.0000000000001898    0.0000000000001872    0.0000000000001896
113.0    0.0000000000001875    0.0000000000001872    0.0000000000001882    0.0000000000001874    0.0000000000001881
115.0    0.0000000000001878    0.0000000000001888    0.0000000000001875    0.0000000000001882    0.0000000000001875
117.0    0.0000000000001881    0.0000000000001902    0.0000000000001871    0.0000000000001889    0.0000000000001871
119.0    0.0000000000001878    0.0000000000001906    0.0000000000001866    0.0000000000001887    0.0000000000001864
121.0    0.0000000000001864    0.0000000000001894    0.0000000000001853    0.0000000000001872    0.0000000000001850
123.0    0.0000000000001838    0.0000000000001865    0.0000000000001830    0.0000000000001843    0.0000000000001825
125.0    0.0000000000001799    0.0000000000001819    0.0000000000001796    0.0000000000001799    0.0000000000001790
127.0    0.0000000000001750    0.0000000000001762    0.0000000000001755    0.0000000000001744    0.0000000000001746
129.0    0.0000000000001697    0.0000000000001700    0.0000000000001708    0.0000000000001687    0.0000000000001698
131.0    0.0000000000001640    0.0000000000001633    0.0000000000001656    0.0000000000001626    0.0000000000001649
133.0    0.0000000000001586    0.0000000000001572    0.0000000000001604    0.0000000000001570    0.0000000000001598
135.0    0.0000000000001538    0.0000000000001521    0.0000000000001559    0.0000000000001524    0.0000000000001552
137.0    0.0000000000001499    0.0000000000001482    0.0000000000001519    0.0000000000001486    0.0000000000001512
139.0    0.0000000000001470    0.0000000000001455    0.0000000000001486    0.0000000000001458    0.0000000000001481
141.0    0.0000000000001448    0.0000000000001438    0.0000000000001459    0.0000000000001440    0.0000000000001457
143.0    0.0000000000001433    0.0000000000001429    0.0000000000001440    0.0000000000001429    0.0000000000001438
145.0    0.0000000000001422    0.0000000000001425    0.0000000000001425    0.0000000000001421    0.0000000000001423
147.0    0.0000000000001412    0.0000000000001422    0.0000000000001412    0.0000000000001413    0.0000000000001410
149.0    0.0000000000001402    0.0000000000001416    0.0000000000001400    0.0000000000001404    0.0000000000001398
151.0    0.0000000000001389    0.0000000000001404    0.0000000000001386    0.0000000000001391    0.0000000000001384
153.0    0.0000000000001371    0.0000000000001386    0.0000000000001369    0.0000000000001372    0.0000000000001366
155.0    0.0000000000001349    0.0000000000001361    0.0000000000001348    0.0000000000001348    0.0000000000001344
157.0    0.0000000000001321    0.0000000000001332    0.0000000000001323    0.0000000000001319    0.0000000000001319
159.0    0.0000000000001291    0.0000000000001298    0.0000000000001297    0.0000000000001286    0.0000000000001290
161.0    0.0000000000001258    0.0000000000001261    0.0000000000001267    0.0000000000001252    0.0000000000001261
163.0    0.0000000000001226    0.0000000000001223    0.0000000000001236    0.0000000000001218    0.0000000000001231
165.0    0.0000000000001194    0.0000000000001188    0.0000000000001205    0.0000000000001184    0.0000000000001200
167.0    0.0000000000001164    0.0000000000001158    0.0000000000001176    0.0000000000001155    0.0000000000001170
169.0    0.0000000000001137    0.0000000000001132    0.0000000000001149    0.0000000000001128    0.0000000000001142
171.0    0.0000000000001112    0.0000000000001109    0.0000000000001123    0.0000000000001105    0.0000000000001118
173.0    0.0000000000001092    0.0000000000001089    0.0000000000001099    0.0000000000001086    0.0000000000001096
175.0    0.0000000000001072    0.0000000000001073    0.0000000000001079    0.0000000000001067    0.0000000000001075
177.0    0.0000000000001054    0.0000000000001058    0.0000000000001059    0.0000000000001050    0.0000000000001055
179.0    0.0000000000001036    0.0000000000001043    0.0000000000001040    0.0000000000001033    0.0000000000001036
181.0    0.0000000000001017    0.0000000000001027    0.0000000000001020    0.0000000000001015    0.0000000000001017
183.0    0.0000000000000997    0.0000000000001008    0.0000000000001001    0.0000000000000995    0.0000000000000997
185.0    0.0000000000000975    0.0000000000000985    0.0000000000000980    0.0000000000000973    0.0000000000000975
187.0    0.0000000000000952    0.0000000000000961    0.0000000000000956    0.0000000000000949    0.0000000000000952
189.0    0.0000000000000927    0.0000000000000935    0.0000000000000932    0.0000000000000922    0.0000000000000926
191.0    0.0000000000000899    0.0000000000000905    0.0000000000000906    0.0000000000000893    0.0000000000000900
193.0    0.0000000000000871    0.0000000000000874    0.0000000000000880    0.0000000000000865    0.0000000000000873
195.0    0.0000000000000842    0.0000000000000842    0.0000000000000852    0.0000000000000835    0.0000000000000847
197.0    0.0000000000000815    0.0000000000000813    0.0000000000000825    0.0000000000000806    0.0000000000000819
199.0    0.0000000000000787    0.0000000000000785    0.0000000000000798    0.0000000000000779    0.0000000000000792
201.0    0.0000000000000761    0.0000000000000758    0.0000000000000773    0.0000000000000753    0.0000000000000766
203.0    0.0000000000000737    0.0000000000000733    0.0000000000000749    0.0000000000000729    0.0000000000000743
205.0    0.0000000000000715    0.0000000000000711    0.0000000000000726    0.0000000000000708    0.0000000000000722
207.0    0.0000000000000696    0.0000000000000692    0.0000000000000705    0.0000000000000689    0.0000000000000701
209.0    0.0000000000000678    0.0000000000000675    0.0000000000000687    0.0000000000000671    0.0000000000000682
211.0    0.0000000000000661    0.0000000000000659    0.0000000000000669    0.0000000000000656    0.0000000000000665
213.0    0.0000000000000646    0.0000000000000645    0.0000000000000653    0.0000000000000641    0.0000000000000650
215.0    0.0000000000000632    0.0000000000000632    0.0000000000000638    0.0000000000000627    0.0000000000000635
217.0    0.0000000000000619    0.0000000000000619    0.0000000000000625    0.0000000000000615    0.0000000000000622
219.0    0.0000000000000606    0.0000000000000607    0.0000000000000612    0.0000000000000602    0.0000000000000609
221.0    0.0000000000000594    0.0000000000000595    0.0000000000000599    0.0000000000000590    0.0000000000000596
223.0    0.0000000000000583    0.0000000000000583    0.0000000000000588    0.0000000000000579    0.0000000000000584
225.0    0.0000000000000571    0.0000000000000571    0.0000000000000576    0.0000000000000567    0.0000000000000573
227.0    0.0000000000000560    0.0000000000000560    0.0000000000000565    0.0000000000000556    0.0000000000000562
229.0    0.0000000000000549    0.0000000000000549    0.0000000000000554    0.0000000000000546    0.0000000000000552
231.0    0.0000000000000539    0.0000000000000539    0.0000000000000544    0.0000000000000536    0.0000000000000541
233.0    0.0000000000000530    0.0000000000000529    0.0000000000000534    0.0000000000000526    0.0000000000000531
235.0    0.0000000000000520    0.0000000000000520    0.0000000000000524    0.0000000000000517    0.0000000000000522
237.0    0.0000000000000511    0.0000000000000511    0.0000000000000515    0.0000000000000508    0.0000000000000513
239.0    0.0000000000000502    0.0000000000000503    0.0000000000000506    0.0000000000000500    0.0000000000000504
241.0    0.0000000000000494    0.0000000000000495    0.0000000000000498    0.0000000000000492    0.0000000000000496
243.0    0.0000000000000486    0.0000000000000487    0.0000000000000490    0.0000000000000484    0.0000000000000487
245.0    0.0000000000000478    0.0000000000000480    0.0000000000000481    0.0000000000000476    0.0000000000000479
247.0    0.0000000000000470    0.0000000000000472    0.0000000000000473    0.0000000000000468    0.0000000000000471
249.0    0.0000000000000462    0.0000000000000464    0.0000000000000466    0.0000000000000460    0.0000000000000463
251.0    0.0000000000000454    0.0000000000000456    0.0000000000000457    0.0000000000000452    0.0000000000000455
253.0    0.0000000000000446    0.0000000000000448    0.0000000000000449    0.0000000000000443    0.0000000000000447
255.0    0.0000000000000438    0.0000000000000440    0.0000000000000441    0.0000000000000435    0.0000000000000439
257.0    0.0000000000000430    0.0000000000000431    0.0000000000000433    0.0000000000000427    0.0000000000000431
259.0    0.0000000000000421    0.0000000000000422    0.0000000000000425    0.0000000000000418    0.0000000000000423
261.0    0.0000000000000413    0.0000000000000413    0.0000000000000416    0.0000000000000410    0.0000000000000414
263.0    0.0000000000000404    0.0000000000000405    0.0000000000000408    0.0000000000000401    0.0000000000000406
265.0    0.0000000000000396    0.0000000000000396    0.0000000000000400    0.0000000000000393    0.0000000000000398
267.0    0.0000000000000388    0.0000000000000388    0.0000000000000392    0.0000000000000385    0.0000000000000390
269.0    0.0000000000000381    0.0000000000000380    0.0000000000000384    0.0000000000000377    0.0000000000000382
271.0    0.0000000000000373    0.0000000000000373    0.0000000000000377    0.0000000000000370    0.0000000000000375
273.0    0.0000000000000366    0.0000000000000366    0.0000000000000370    0.0000000000000363    0.0000000000000367
275.0    0.0000000000000359    0.0000000000000359    0.0000000000000363    0.0000000000000356    0.0000000000000360
277.0    0.0000000000000352    0.0000000000000352    0.0000000000000356    0.0000000000000349    0.0000000000000353
279.0    0.0000000000000346    0.0000000000000346    0.0000000000000349    0.0000000000000343    0.0000000000000347
281.0    0.0000000000000339    0.0000000000000340    0.0000000000000343    0.0000000000000337    0.0000000000000341
283.0    0.0000000000000333    0.0000000000000333    0.0000000000000337    0.0000000000000331    0.0000000000000335
285.0    0.0000000000000327    0.0000000000000328    0.0000000000000331    0.0000000000000325    0.0000000000000328
287.0    0.0000000000000321    0.0000000000000322    0.0000000000000325    0.0000000000000319    0.0000000000000323
289.0    0.0000000000000316    0.0000000000000316    0.0000000000000319    0.0000000000000314    0.0000000000000317
291.0    0.0000000000000310    0.0000000000000311    0.0000000000000313    0.0000000000000308    0.0000000000000312
293.0    0.0000000000000305    0.0000000000000305    0.0000000000000308    0.0000000000000303    0.0000000000000306
295.0    0.0000000000000300    0.0000000000000300    0.0000000000000303    0.0000000000000298    0.0000000000000301
297.0    0.0000000000000295    0.0000000000000295    0.0000000000000298    0.0000000000000292    0.0000000000000296
299.0    0.0000000000000290    0.0000000000000290    0.0000000000000293    0.0000000000000288    0.0000000000000291
301.0    0.0000000000000285    0.0000000000000285    0.0000000000000288    0.0000000000000283    0.0000000000000286
303.0    0.0000000000000281    0.0000000000000280    0.0000000000000283    0.0000000000000278    0.0000000000000282
305.0    0.0000000000000276    0.0000000000000276    0.0000000000000279    0.0000000000000274    0.0000000000000277
307.0    0.0000000000000272    0.0000000000000272    0.0000000000000274    0.0000000000000270    0.0000000000000273
309.0    0.0000000000000268    0.0000000000000268    0.0000000000000270    0.0000000000000266    0.0000000000000269
311.0    0.0000000000000264    0.0000000000000264    0.0000000000000267    0.0000000000000262    0.0000000000000265
313.0    0.0000000000000260    0.0000000000000260    0.0000000000000263    0.0000000000000259    0.0000000000000261
315.0    0.0000000000000257    0.0000000000000257    0.0000000000000259    0.0000000000000255    0.0000000000000258
317.0    0.0000000000000253    0.0000000000000253    0.0000000000000256    0.0000000000000252    0.0000000000000254
319.0    0.0000000000000250    0.0000000000000250    0.0000000000000252    0.0000000000000249    0.0000000000000251
321.0    0.0000000000000247    0.0000000000000247    0.0000000000000249    0.0000000000000245    0.0000000000000248
323.0    0.0000000000000244    0.0000000000000244    0.0000000000000246    0.0000000000000242    0.0000000000000245
325.0    0.0000000000000241    0.0000000000000241    0.0000000000000243    0.0000000000000239    0.0000000000000242
327.0    0.0000000000000238    0.0000000000000238    0.0000000000000240    0.0000000000000237    0.0000000000000239
329.0    0.0000000000000235    0.0000000000000235    0.0000000000000238    0.0000000000000234    0.0000000000000236
331.0    0.0000000000000233    0.0000000000000232    0.0000000000000235    0.0000000000000232    0.0000000000000234
333.0    0.0000000000000231    0.0000000000000229    0.0000000000000233    0.0000000000000230    0.0000000000000231
335.0    0.0000000000000229    0.0000000000000227    0.0000000000000232    0.0000000000000228    0.0000000000000230
337.0    0.0000000000000228    0.0000000000000224    0.0000000000000231    0.0000000000000227    0.0000000000000228
339.0    0.0000000000000228    0.0000000000000222    0.0000000000000231    0.0000000000000227    0.0000000000000228
341.0    0.0000000000000229    0.0000000000000220    0.0000000000000232    0.0000000000000228    0.0000000000000228
343.0    0.0000000000000231    0.0000000000000219    0.0000000000000234    0.0000000000000230    0.0000000000000230
345.0    0.0000000000000235    0.0000000000000218    0.0000000000000239    0.0000000000000235    0.0000000000000233
347.0    0.0000000000000241    0.0000000000000219    0.0000000000000246    0.0000000000000242    0.0000000000000239
349.0    0.0000000000000252    0.0000000000000220    0.0000000000000257    0.0000000000000253    0.0000000000000248
351.0    0.0000000000000267    0.0000000000000223    0.0000000000000273    0.0000000000000270    0.0000000000000261
353.0    0.0000000000000289    0.0000000000000229    0.0000000000000297    0.0000000000000294    0.0000000000000280
355.0    0.0000000000000320    0.0000000000000237    0.0000000000000331    0.0000000000000326    0.0000000000000307
357.0    0.0000000000000362    0.0000000000000251    0.0000000000000375    0.0000000000000374    0.0000000000000346
359.0    0.0000000000000421    0.0000000000000271    0.0000000000000435    0.0000000000000439    0.0000000000000401
361.0    0.0000000000000502    0.0000000000000301    0.0000000000000520    0.0000000000000523    0.0000000000000475
363.0    0.0000000000000613    0.0000000000000341    0.0000000000000635    0.0000000000000644    0.0000000000000572
365.0    0.0000000000000761    0.0000000000000397    0.0000000000000783    0.0000000000000805    0.0000000000000701
367.0    0.0000000000000959    0.0000000000000477    0.0000000000000978    0.0000000000001011    0.0000000000000881
369.0    0.0000000000001222    0.0000000000000588    0.0000000000001246    0.0000000000001298    0.0000000000001122
371.0    0.0000000000001555    0.0000000000000741    0.0000000000001601    0.0000000000001677    0.0000000000001442
373.0    0.0000000000002010    0.0000000000000939    0.0000000000002044    0.0000000000002154    0.0000000000001865
375.0    0.0000000000002603    0.0000000000001204    0.0000000000002619    0.0000000000002771    0.0000000000002393
377.0    0.0000000000003377    0.0000000000001573    0.0000000000003394    0.0000000000003612    0.0000000000003079
379.0    0.0000000000004378    0.0000000000002067    0.0000000000004399    0.0000000000004700    0.0000000000004003
381.0    0.0000000000005612    0.0000000000002722    0.0000000000005629    0.0000000000006040    0.0000000000005199
383.0    0.0000000000007256    0.0000000000003549    0.0000000000007197    0.0000000000007836    0.0000000000006740
385.0    0.0000000000009348    0.0000000000004628    0.0000000000009271    0.0000000000010127    0.0000000000008619
387.0    0.0000000000012016    0.0000000000006086    0.0000000000011906    0.0000000000012908    0.0000000000011000
389.0    0.0000000000015379    0.0000000000007982    0.0000000000015076    0.0000000000016581    0.0000000000014133
391.0    0.0000000000019624    0.0000000000010434    0.0000000000019040    0.0000000000021197    0.0000000000018091
393.0    0.0000000000024924    0.0000000000013445    0.0000000000024189    0.0000000000026719    0.0000000000023067
395.0    0.0000000000031246    0.0000000000017274    0.0000000000030607    0.0000000000033907    0.0000000000028992
397.0    0.0000000000039393    0.0000000000022313    0.0000000000038189    0.0000000000042812    0.0000000000036324
399.0    0.0000000000049423    0.0000000000028692    0.0000000000047495    0.0000000000053310    0.0000000000045750
401.0    0.0000000000061779    0.0000000000036724    0.0000000000059364    0.0000000000066777    0.0000000000057371
403.0    0.0000000000076845    0.0000000000046337    0.0000000000073881    0.0000000000083219    0.0000000000071628
405.0    0.0000000000094395    0.0000000000058246    0.0000000000090719    0.0000000000102322    0.0000000000089034
407.0    0.0000000000116481    0.0000000000073514    0.0000000000111011    0.0000000000126473    0.0000000000109185
409.0    0.0000000000143032    0.0000000000092333    0.0000000000136417    0.0000000000155530    0.0000000000133420
411.0    0.0000000000174951    0.0000000000115401    0.0000000000166905    0.0000000000188799    0.0000000000163698
413.0    0.0000000000212956    0.0000000000142305    0.0000000000201623    0.0000000000230247    0.0000000000199950
415.0    0.0000000000256183    0.0000000000174772    0.0000000000242696    0.0000000000279388    0.0000000000243141
417.0    0.0000000000309296    0.0000000000215319    0.0000000000293173    0.0000000000334833    0.0000000000291972
419.0    0.0000000000371637    0.0000000000263969    0.0000000000352605    0.0000000000402895    0.0000000000349321
421.0    0.0000000000444762    0.0000000000322023    0.0000000000419039    0.0000000000482406    0.0000000000419277
423.0    0.0000000000529761    0.0000000000387971    0.0000000000496184    0.0000000000570804    0.0000000000501005
425.0    0.0000000000628474    0.0000000000465491    0.0000000000589238    0.0000000000672629    0.0000000000596009
427.0    0.0000000000742104    0.0000000000559773    0.0000000000696715    0.0000000000795188    0.0000000000705891
429.0    0.0000000000867060    0.0000000000669865    0.0000000000814634    0.0000000000935574    0.0000000000826596
431.0    0.0000000001015469    0.0000000000797710    0.0000000000949021    0.0000000001088613    0.0000000000964312
433.0    0.0000000001183847    0.0000000000939138    0.0000000001108101    0.0000000001270080    0.0000000001127497
435.0    0.0000000001374570    0.0000000001101009    0.0000000001288317    0.0000000001474855    0.0000000001312533
437.0    0.0000000001588839    0.0000000001292682    0.0000000001482355    0.0000000001694765    0.0000000001521283
439.0    0.0000000001818795    0.0000000001510429    0.0000000001699353    0.0000000001951628    0.0000000001745110
441.0    0.0000000002085308    0.0000000001756412    0.0000000001951402    0.0000000002237148    0.0000000001994347
443.0    0.0000000002380364    0.0000000002021318    0.0000000002231422    0.0000000002539185    0.0000000002282558
445.0    0.0000000002706260    0.0000000002316432    0.0000000002527260    0.0000000002886668    0.0000000002601260
447.0    0.0000000003063497    0.0000000002656527    0.0000000002851863    0.0000000003267108    0.0000000002951872
449.0    0.0000000003437569    0.0000000003032272    0.0000000003221769    0.0000000003663500    0.0000000003318716
451.0    0.0000000003860521    0.0000000003445041    0.0000000003624738    0.0000000004112639    0.0000000003717298
453.0    0.0000000004317347    0.0000000003877596    0.0000000004042415    0.0000000004596945    0.0000000004166995
455.0    0.0000000004809250    0.0000000004346467    0.0000000004492021    0.0000000005093933    0.0000000004651822
457.0    0.0000000005335258    0.0000000004872152    0.0000000004994640    0.0000000005648514    0.0000000005171832
459.0    0.0000000005895868    0.0000000005436763    0.0000000005531503    0.0000000006237462    0.0000000005726697
461.0    0.0000000006489377    0.0000000006039694    0.0000000006077407    0.0000000006832687    0.0000000006290276
463.0    0.0000000007089634    0.0000000006654321    0.0000000006653896    0.0000000007486842    0.0000000006884676
465.0    0.0000000007745105    0.0000000007302358    0.0000000007286142    0.0000000008171045    0.0000000007535653
467.0    0.0000000008428897    0.0000000008009052    0.0000000007948331    0.0000000008852145    0.0000000008216384
469.0    0.0000000009139444    0.0000000008746792    0.0000000008608991    0.0000000009556745    0.0000000008924606
471.0    0.0000000009873435    0.0000000009482443    0.0000000009293571    0.0000000010315830    0.0000000009626540
473.0    0.0000000010597875    0.0000000010241186    0.0000000010030350    0.0000000011094264    0.0000000010349033
475.0    0.0000000011369977    0.0000000011050669    0.0000000010787325    0.0000000011854136    0.0000000011121342
477.0    0.0000000012156350    0.0000000011876992    0.0000000011528700    0.0000000012660983    0.0000000011909258
479.0    0.0000000012953846    0.0000000012715854    0.0000000012283033    0.0000000013476636    0.0000000012709242
481.0    0.0000000013758642    0.0000000013530100    0.0000000013080375    0.0000000014261855    0.0000000013483782
483.0    0.0000000014567415    0.0000000014347877    0.0000000013884883    0.0000000015084383    0.0000000014262958
485.0    0.0000000015376633    0.0000000015197792    0.0000000014659364    0.0000000015905109    0.0000000015077375
487.0    0.0000000016150858    0.0000000016042992    0.0000000015434350    0.0000000016685382    0.0000000015889892
489.0    0.0000000016951615    0.0000000016879485    0.0000000016240500    0.0000000017493117    0.0000000016697258
491.0    0.0000000017743967    0.0000000017672350    0.0000000017041167    0.0000000018290282    0.0000000017496550
493.0    0.0000000018525223    0.0000000018450862    0.0000000017800945    0.0000000019040555    0.0000000018252664
495.0    0.0000000019293692    0.0000000019243069    0.0000000018551108    0.0000000019810367    0.0000000018996883
497.0    0.0000000020017708    0.0000000020015362    0.0000000019321992    0.0000000020564318    0.0000000019759425
499.0    0.0000000020756492    0.0000000020766308    0.0000000020079192    0.0000000021269582    0.0000000020506283
501.0    0.0000000021479283    0.0000000021467700    0.0000000020791155    0.0000000021989925    0.0000000021236667
503.0    0.0000000022185538    0.0000000022148315    0.0000000021488900    0.0000000022693573    0.0000000021921045
505.0    0.0000000022876017    0.0000000022835054    0.0000000022202000    0.0000000023351245    0.0000000022590058
507.0    0.0000000023524442    0.0000000023501331    0.0000000022900083    0.0000000024023925    0.0000000023272833
509.0    0.0000000024186123    0.0000000024148846    0.0000000023555773    0.0000000024683236    0.0000000023940925
511.0    0.0000000024835550    0.0000000024756008    0.0000000024199250    0.0000000025302909    0.0000000024595967
513.0    0.0000000025474354    0.0000000025350177    0.0000000024859408    0.0000000025913945    0.0000000025213273
515.0    0.0000000026104992    0.0000000025957508    0.0000000025509767    0.0000000026545842    0.0000000025822117
517.0    0.0000000026729646    0.0000000026557223    0.0000000026125836    0.0000000027173300    0.0000000026450958
519.0    0.0000000027350950    0.0000000027152738    0.0000000026736733    0.0000000027771818    0.0000000027075650
521.0    0.0000000027946567    0.0000000027724692    0.0000000027371133    0.0000000028398408    0.0000000027698842
523.0    0.0000000028568623    0.0000000028299138    0.0000000028004775    0.0000000029028418    0.0000000028323150
525.0    0.0000000029194675    0.0000000028902315    0.0000000028613482    0.0000000029636591    0.0000000028924855
527.0    0.0000000029827154    0.0000000029514431    0.0000000029225867    0.0000000030280475    0.0000000029532192
529.0    0.0000000030467958    0.0000000030138262    0.0000000029870742    0.0000000030934355    0.0000000030173867
531.0    0.0000000031092808    0.0000000030751292    0.0000000030523642    0.0000000031570973    0.0000000030825700
533.0    0.0000000031755262    0.0000000031379254    0.0000000031158418    0.0000000032249517    0.0000000031489292
535.0    0.0000000032430475    0.0000000032049369    0.0000000031803633    0.0000000032942036    0.0000000032137436
537.0    0.0000000033119646    0.0000000032737915    0.0000000032488867    0.0000000033618364    0.0000000032798658
539.0    0.0000000033822892    0.0000000033445331    0.0000000033187267    0.0000000034340250    0.0000000033502833
541.0    0.0000000034540738    0.0000000034143275    0.0000000033869273    0.0000000035076864    0.0000000034221875
543.0    0.0000000035272592    0.0000000034858515    0.0000000034564142    0.0000000035795064    0.0000000034955633
545.0    0.0000000035988167    0.0000000035619477    0.0000000035302475    0.0000000036559383    0.0000000035672091
547.0    0.0000000036746254    0.0000000036396754    0.0000000036022327    0.0000000037336173    0.0000000036401158
549.0    0.0000000037516050    0.0000000037188685    0.0000000036753825    0.0000000038089909    0.0000000037174017
551.0    0.0000000038296546    0.0000000037962133    0.0000000037528325    0.0000000038887658    0.0000000037958083
553.0    0.0000000039086092    0.0000000038745662    0.0000000038313175    0.0000000039693636    0.0000000038751908
555.0    0.0000000039851250    0.0000000039568823    0.0000000039073736    0.0000000040470818    0.0000000039553867
557.0    0.0000000040654269    0.0000000040398231    0.0000000039841367    0.0000000041288217    0.0000000040328445
559.0    0.0000000041461650    0.0000000041231592    0.0000000040648342    0.0000000042108818    0.0000000041107500
561.0    0.0000000042271869    0.0000000042034583    0.0000000041459883    0.0000000042895355    0.0000000041923500
563.0    0.0000000043083400    0.0000000042837300    0.0000000042240482    0.0000000043682055    0.0000000042741075
565.0    0.0000000043862400    0.0000000043670054    0.0000000043022617    0.0000000044503400    0.0000000043558708
567.0    0.0000000044672531    0.0000000044499008    0.0000000043839042    0.0000000045322445    0.0000000044341064
569.0    0.0000000045480283    0.0000000045322808    0.0000000044654600    0.0000000046102818    0.0000000045121192
571.0    0.0000000046284731    0.0000000046109058    0.0000000045434400    0.0000000046914650    0.0000000045931933
573.0    0.0000000047085267    0.0000000046888715    0.0000000046211575    0.0000000047721991    0.0000000046738558
575.0    0.0000000047881323    0.0000000047692308    0.0000000047019183    0.0000000048489636    0.0000000047540525
577.0    0.0000000048672775    0.0000000048488285    0.0000000047822892    0.0000000049287292    0.0000000048304500
579.0    0.0000000049428183    0.0000000049276838    0.0000000048589191    0.0000000050080209    0.0000000049063800
581.0    0.0000000050210569    0.0000000050028508    0.0000000049351533    0.0000000050834427    0.0000000049851467
583.0    0.0000000050988850    0.0000000050774246    0.0000000050142975    0.0000000051618983    0.0000000050634608
585.0    0.0000000051763438    0.0000000051544538    0.0000000050930608    0.0000000052400218    0.0000000051413750
587.0    0.0000000052535025    0.0000000052310485    0.0000000051682227    0.0000000053145045    0.0000000052189567
589.0    0.0000000053273583    0.0000000053043975    0.0000000052431200    0.0000000053921992    0.0000000052930682
591.0    0.0000000054041469    0.0000000053775692    0.0000000053210617    0.0000000054698036    0.0000000053670200
593.0    0.0000000054808675    0.0000000054536077    0.0000000053988583    0.0000000055440336    0.0000000054441067
595.0    0.0000000055576100    0.0000000055297131    0.0000000054733545    0.0000000056217300    0.0000000055212025
597.0    0.0000000056344592    0.0000000056060100    0.0000000055478633    0.0000000056995964    0.0000000055983950
599.0    0.0000000057084083    0.0000000056796583    0.0000000056256975    0.0000000057743155    0.0000000056725418
601.0    0.0000000057856915    0.0000000057536869    0.0000000057037025    0.0000000058527442    0.0000000057469350
603.0    0.0000000058632917    0.0000000058311546    0.0000000057786773    0.0000000059315491    0.0000000058248808
605.0    0.0000000059412746    0.0000000059091831    0.0000000058539275    0.0000000060073309    0.0000000059032133
607.0    0.0000000060196700    0.0000000059878192    0.0000000059327950    0.0000000060835373    0.0000000059819825
609.0    0.0000000060985223    0.0000000060640300    0.0000000060120575    0.0000000061636875    0.0000000060579055
611.0    0.0000000061778383    0.0000000061408492    0.0000000060884145    0.0000000062443300    0.0000000061342825
613.0    0.0000000062544392    0.0000000062213654    0.0000000061651908    0.0000000063219345    0.0000000062144633
615.0    0.0000000063347023    0.0000000063025023    0.0000000062457533    0.0000000064035525    0.0000000062951400
617.0    0.0000000064154267    0.0000000063842177    0.0000000063267792    0.0000000064856355    0.0000000063762942
619.0    0.0000000064966085    0.0000000064632858    0.0000000064048527    0.0000000065645718    0.0000000064579067
621.0    0.0000000065782083    0.0000000065427938    0.0000000064833425    0.0000000066475125    0.0000000065365182
623.0    0.0000000066569225    0.0000000066258777    0.0000000065656558    0.0000000067308373    0.0000000066155000
625.0    0.0000000067392815    0.0000000067093015    0.0000000066483700    0.0000000068108791    0.0000000066982658
627.0    0.0000000068219767    0.0000000067929985    0.0000000067279918    0.0000000068948892    0.0000000067813567
629.0    0.0000000069049931    0.0000000068736750    0.0000000068079417    0.0000000069792045    0.0000000068647417
631.0    0.0000000069882958    0.0000000069545023    0.0000000068916883    0.0000000070601282    0.0000000069448973
633.0    0.0000000070718838    0.0000000070386754    0.0000000069757508    0.0000000071450083    0.0000000070252825
635.0    0.0000000071557417    0.0000000071229408    0.0000000070565936    0.0000000072301700    0.0000000071093875
637.0    0.0000000072365075    0.0000000072072823    0.0000000071377117    0.0000000073119073    0.0000000071937242
639.0    0.0000000073209215    0.0000000072884542    0.0000000072226533    0.0000000073976725    0.0000000072783025
641.0    0.0000000074056467    0.0000000073697238    0.0000000073079117    0.0000000074837855    0.0000000073631425
643.0    0.0000000074907262    0.0000000074543769    0.0000000073899327    0.0000000075665282    0.0000000074447245
645.0    0.0000000075761967    0.0000000075392323    0.0000000074723042    0.0000000076534775    0.0000000075266308
647.0    0.0000000076586767    0.0000000076243600    0.0000000075586667    0.0000000077409418    0.0000000076124883
649.0    0.0000000077451062    0.0000000077065517    0.0000000076455042    0.0000000078251618    0.0000000076988233
651.0    0.0000000078321217    0.0000000077891862    0.0000000077292264    0.0000000079138800    0.0000000077857142
653.0    0.0000000079198185    0.0000000078756915    0.0000000078135183    0.0000000080033536    0.0000000078695855
655.0    0.0000000080082725    0.0000000079629046    0.0000000079021442    0.0000000080897418    0.0000000079541450
657.0    0.0000000080939942    0.0000000080509577    0.0000000079915450    0.0000000081769991    0.0000000080431975
659.0    0.0000000081842162    0.0000000081365342    0.0000000080780236    0.0000000082692458    0.0000000081331925
661.0    0.0000000082754567    0.0000000082231438    0.0000000081653808    0.0000000083626036    0.0000000082242258
663.0    0.0000000083678292    0.0000000083144215    0.0000000082575433    0.0000000084530427    0.0000000083125327
665.0    0.0000000084613842    0.0000000084070508    0.0000000083508242    0.0000000085488575    0.0000000084019850
667.0    0.0000000085562277    0.0000000085011454    0.0000000084413291    0.0000000086460055    0.0000000084966083
669.0    0.0000000086523867    0.0000000085930892    0.0000000085330167    0.0000000087402500    0.0000000085926225
671.0    0.0000000087460075    0.0000000086865746    0.0000000086299800    0.0000000088402000    0.0000000086900950
673.0    0.0000000088449338    0.0000000087854654    0.0000000087283233    0.0000000089415982    0.0000000087890692
675.0    0.0000000089452817    0.0000000088861123    0.0000000088238855    0.0000000090399791    0.0000000088853545
677.0    0.0000000090471015    0.0000000089885377    0.0000000089207900    0.0000000091442800    0.0000000089830900
679.0    0.0000000091503408    0.0000000090886917    0.0000000090233175    0.0000000092500045    0.0000000090865800
681.0    0.0000000092507933    0.0000000091904908    0.0000000091272858    0.0000000093524545    0.0000000091916075
683.0    0.0000000093567846    0.0000000092980315    0.0000000092282436    0.0000000094608867    0.0000000092981292
685.0    0.0000000094640717    0.0000000094072185    0.0000000093304858    0.0000000095705673    0.0000000094015518
687.0    0.0000000095726162    0.0000000095179600    0.0000000094384617    0.0000000096765882    0.0000000095062517
689.0    0.0000000096822883    0.0000000096257967    0.0000000095476900    0.0000000097884842    0.0000000096167383
691.0    0.0000000097930185    0.0000000097348700    0.0000000096534509    0.0000000099013173    0.0000000097283967
693.0    0.0000000099046617    0.0000000098494523    0.0000000097602067    0.0000000100100227    0.0000000098411000
695.0    0.0000000100126008    0.0000000099650508    0.0000000098725300    0.0000000101243417    0.0000000099499600
697.0    0.0000000101256769    0.0000000100814692    0.0000000099856858    0.0000000102392000    0.0000000100595333
699.0    0.0000000102392583    0.0000000101940500    0.0000000100947455    0.0000000103494000    0.0000000101745000
701.0    0.0000000103532231    0.0000000103070692    0.0000000102043583    0.0000000104598091    0.0000000102898667
703.0    0.0000000104673833    0.0000000104248692    0.0000000103191167    0.0000000105753167    0.0000000104055500
705.0    0.0000000105770333    0.0000000105427615    0.0000000104341250    0.0000000106907364    0.0000000105213500
707.0    0.0000000106911692    0.0000000106560000    0.0000000105444364    0.0000000108009000    0.0000000106323000
709.0    0.0000000108050417    0.0000000107689692    0.0000000106547000    0.0000000109157000    0.0000000107430333
711.0    0.0000000109185077    0.0000000108859923    0.0000000107695583    0.0000000110299727    0.0000000108582333
713.0    0.0000000110314667    0.0000000110023462    0.0000000108840583    0.0000000111386091    0.0000000109728917
715.0    0.0000000111392417    0.0000000111178769    0.0000000109933273    0.0000000112514167    0.0000000110868917
717.0    0.0000000112507462    0.0000000112280333    0.0000000111020083    0.0000000113633000    0.0000000111953727
719.0    0.0000000113613500    0.0000000113371615    0.0000000112146667    0.0000000114693727    0.0000000113029917
721.0    0.0000000114709231    0.0000000114494462    0.0000000113264667    0.0000000115791583    0.0000000114142417
723.0    0.0000000115794000    0.0000000115604154    0.0000000114326727    0.0000000116877545    0.0000000115243750
725.0    0.0000000116867000    0.0000000116699000    0.0000000115379000    0.0000000117904636    0.0000000116332583
727.0    0.0000000117927917    0.0000000117738000    0.0000000116465750    0.0000000118965750    0.0000000117364182
729.0    0.0000000118934083    0.0000000118762231    0.0000000117540250    0.0000000120013364    0.0000000118382750
731.0    0.0000000119969154    0.0000000119812077    0.0000000118558636    0.0000000121002727    0.0000000119432167
733.0    0.0000000120991000    0.0000000120845615    0.0000000119564250    0.0000000122023333    0.0000000120467500
735.0    0.0000000121999462    0.0000000121863462    0.0000000120601000    0.0000000123030818    0.0000000121488417
737.0    0.0000000122994667    0.0000000122827083    0.0000000121624250    0.0000000123981818    0.0000000122494750
739.0    0.0000000123937583    0.0000000123776308    0.0000000122592091    0.0000000124963000    0.0000000123446455
741.0    0.0000000124907231    0.0000000124748615    0.0000000123547917    0.0000000125932000    0.0000000124385083
743.0    0.0000000125864417    0.0000000125706538    0.0000000124532333    0.0000000126847182    0.0000000125351667
745.0    0.0000000126809538    0.0000000126650692    0.0000000125504250    0.0000000127792750    0.0000000126305250
747.0    0.0000000127743500    0.0000000127546417    0.0000000126424273    0.0000000128727545    0.0000000127246750
749.0    0.0000000128630167    0.0000000128430769    0.0000000127333417    0.0000000129611909    0.0000000128138364
751.0    0.0000000129543923    0.0000000129339769    0.0000000128271333    0.0000000130488091    0.0000000129019917
753.0    0.0000000130448583    0.0000000130238462    0.0000000129199250    0.0000000131395667    0.0000000129930250
755.0    0.0000000131344692    0.0000000131128538    0.0000000130079545    0.0000000132295727    0.0000000130831667
757.0    0.0000000132233583    0.0000000131976583    0.0000000130951417    0.0000000133150091    0.0000000131724750
759.0    0.0000000133115615    0.0000000132818000    0.0000000131853750    0.0000000134037417    0.0000000132574091
761.0    0.0000000133991833    0.0000000133687538    0.0000000132748833    0.0000000134920000    0.0000000133417333
763.0    0.0000000134828667    0.0000000134552231    0.0000000133600727    0.0000000135760273    0.0000000134292417
765.0    0.0000000135696000    0.0000000135412769    0.0000000134447833    0.0000000136635000    0.0000000135162833
767.0    0.0000000136560500    0.0000000136237583    0.0000000135327250    0.0000000137507818    0.0000000136029667
769.0    0.0000000137422000    0.0000000137060308    0.0000000136202917    0.0000000138340909    0.0000000136893583
771.0    0.0000000138282000    0.0000000137914846    0.0000000137039273    0.0000000139210750    0.0000000137719818
773.0    0.0000000139106583    0.0000000138768769    0.0000000137873917    0.0000000140080273    0.0000000138544667
775.0    0.0000000139965385    0.0000000139622923    0.0000000138743167    0.0000000140912364    0.0000000139405083
777.0    0.0000000140824333    0.0000000140445083    0.0000000139612000    0.0000000141783417    0.0000000140265583
779.0    0.0000000141684308    0.0000000141268538    0.0000000140444455    0.0000000142656000    0.0000000141127000
781.0    0.0000000142545500    0.0000000142127000    0.0000000141277500    0.0000000143492455    0.0000000141954000
783.0    0.0000000143409231    0.0000000142987846    0.0000000142147917    0.0000000144369750    0.0000000142782250
785.0    0.0000000144275250    0.0000000143851538    0.0000000143020333    0.0000000145249909    0.0000000143649000
787.0    0.0000000145109583    0.0000000144685250    0.0000000143858091    0.0000000146095000    0.0000000144518833
789.0    0.0000000145982077    0.0000000145522385    0.0000000144699000    0.0000000146982917    0.0000000145391750
791.0    0.0000000146858000    0.0000000146397000    0.0000000145579250    0.0000000147874727    0.0000000146231909
793.0    0.0000000147738462    0.0000000147276000    0.0000000146463333    0.0000000148732364    0.0000000147075917
795.0    0.0000000148623500    0.0000000148159615    0.0000000147314273    0.0000000149594545    0.0000000147961083
797.0    0.0000000149477417    0.0000000149013833    0.0000000148169333    0.0000000150500917    0.0000000148850833
799.0    0.0000000150372385    0.0000000149873154    0.0000000149066500    0.0000000151413182    0.0000000149745917
801.0    0.0000000151272583    0.0000000150772231    0.0000000149968333    0.0000000152291182    0.0000000150646333
803.0    0.0000000152178692    0.0000000151677385    0.0000000150838182    0.0000000153215250    0.0000000151514636
805.0    0.0000000153090750    0.0000000152588462    0.0000000151713083    0.0000000154145545    0.0000000152388833
807.0    0.0000000153972250    0.0000000153470917    0.0000000152631917    0.0000000155041636    0.0000000153307083
809.0    0.0000000154897000    0.0000000154359615    0.0000000153556917    0.0000000155985167    0.0000000154232000
811.0    0.0000000155828250    0.0000000155291154    0.0000000154449545    0.0000000156935364    0.0000000155164083
813.0    0.0000000156766462    0.0000000156229538    0.0000000155348667    0.0000000157851273    0.0000000156064000
815.0    0.0000000157711667    0.0000000157176231    0.0000000156293583    0.0000000158815583    0.0000000156970917
817.0    0.0000000158664077    0.0000000158093833    0.0000000157245417    0.0000000159787364    0.0000000157924583
819.0    0.0000000159623667    0.0000000159019308    0.0000000158164455    0.0000000160723455    0.0000000158885917
821.0    0.0000000160551667    0.0000000159990154    0.0000000159090083    0.0000000161709250    0.0000000159855667
823.0    0.0000000161525538    0.0000000160969385    0.0000000160063417    0.0000000162702091    0.0000000160792000
825.0    0.0000000162506250    0.0000000161919417    0.0000000161003000    0.0000000163658273    0.0000000161736167
827.0    0.0000000163494154    0.0000000162877538    0.0000000161949500    0.0000000164664583    0.0000000162729000
829.0    0.0000000164488667    0.0000000163882692    0.0000000162944083    0.0000000165677182    0.0000000163729917
831.0    0.0000000165449917    0.0000000164896385    0.0000000163945833    0.0000000166651545    0.0000000164738500
833.0    0.0000000166457154    0.0000000165918462    0.0000000164912273    0.0000000167675750    0.0000000165754750
835.0    0.0000000167470250    0.0000000166909167    0.0000000165884917    0.0000000168705091    0.0000000166735182
837.0    0.0000000168488462    0.0000000167906923    0.0000000166905500    0.0000000169694000    0.0000000167722083
839.0    0.0000000169511583    0.0000000168951615    0.0000000167931750    0.0000000170731333    0.0000000168757667
841.0    0.0000000170538692    0.0000000170002923    0.0000000168920273    0.0000000171771818    0.0000000169798750
843.0    0.0000000171569083    0.0000000171059923    0.0000000169912750    0.0000000172769182    0.0000000170844917
845.0    0.0000000172560750    0.0000000172081250    0.0000000170952333    0.0000000173767636    0.0000000171851182
847.0    0.0000000173595077    0.0000000173106077    0.0000000171994583    0.0000000174811667    0.0000000172860417
849.0    0.0000000174630250    0.0000000174174769    0.0000000172995636    0.0000000175855000    0.0000000173916000
851.0    0.0000000175664692    0.0000000175245231    0.0000000173997833    0.0000000176851182    0.0000000174972000
853.0    0.0000000176697833    0.0000000176316154    0.0000000175043500    0.0000000177889583    0.0000000176028000
855.0    0.0000000177686750    0.0000000177345167    0.0000000176088500    0.0000000178923364    0.0000000177082583
857.0    0.0000000178712846    0.0000000178371923    0.0000000177087545    0.0000000179906818    0.0000000178090727
859.0    0.0000000179734083    0.0000000179435769    0.0000000178083583    0.0000000180928250    0.0000000179095083
861.0    0.0000000180748462    0.0000000180494462    0.0000000179118500    0.0000000181941182    0.0000000180137667
863.0    0.0000000181754917    0.0000000181546000    0.0000000180147333    0.0000000182901000    0.0000000181173250
865.0    0.0000000182712250    0.0000000182548750    0.0000000181126364    0.0000000183893250    0.0000000182200167
867.0    0.0000000183699000    0.0000000183542154    0.0000000182097417    0.0000000184873000    0.0000000183175182
869.0    0.0000000184673833    0.0000000184563385    0.0000000183100833    0.0000000185797000    0.0000000184139417
871.0    0.0000000185635000    0.0000000185570615    0.0000000184092500    0.0000000186748333    0.0000000185132750
873.0    0.0000000186581667    0.0000000186563000    0.0000000185030727    0.0000000187682545    0.0000000186111750
875.0    0.0000000187511846    0.0000000187500917    0.0000000185956167    0.0000000188560000    0.0000000187074500
877.0    0.0000000188424917    0.0000000188421923    0.0000000186906333    0.0000000189458250    0.0000000187980909
879.0    0.0000000189283833    0.0000000189360000    0.0000000187839583    0.0000000190336455    0.0000000188869917
881.0    0.0000000190159077    0.0000000190277000    0.0000000188716818    0.0000000191156364    0.0000000189777833
883.0    0.0000000191014000    0.0000000191171231    0.0000000189576083    0.0000000191991833    0.0000000190664500
885.0    0.0000000191846846    0.0000000192008583    0.0000000190452833    0.0000000192804273    0.0000000191528667
887.0    0.0000000192657083    0.0000000192822692    0.0000000191308000    0.0000000193558909    0.0000000192369417
889.0    0.0000000193412833    0.0000000193643846    0.0000000192106545    0.0000000194290636    0.0000000193152182
891.0    0.0000000194176154    0.0000000194438308    0.0000000192883083    0.0000000195031000    0.0000000193911333
893.0    0.0000000194914750    0.0000000195205154    0.0000000193669750    0.0000000195745727    0.0000000194678250
895.0    0.0000000195627769    0.0000000195916000    0.0000000194431500    0.0000000196404909    0.0000000195418250
897.0    0.0000000196315083    0.0000000196599846    0.0000000195137727    0.0000000197067750    0.0000000196131167
899.0    0.0000000196950250    0.0000000197283077    0.0000000195819500    0.0000000197704273    0.0000000196788636
901.0    0.0000000197586000    0.0000000197936769    0.0000000196505167    0.0000000198287909    0.0000000197419917
903.0    0.0000000198195750    0.0000000198560769    0.0000000197164500    0.0000000198871583    0.0000000198051917
905.0    0.0000000198778462    0.0000000199133500    0.0000000197770909    0.0000000199429000    0.0000000198655333
907.0    0.0000000199335250    0.0000000199678615    0.0000000198352333    0.0000000199937182    0.0000000199230833
909.0    0.0000000199865615    0.0000000200217615    0.0000000198932667    0.0000000200443000    0.0000000199756364
911.0    0.0000000200370500    0.0000000200727615    0.0000000199486333    0.0000000200923182    0.0000000200256417
913.0    0.0000000200831083    0.0000000201209615    0.0000000199992182    0.0000000201358909    0.0000000200751333
915.0    0.0000000201286077    0.0000000201647000    0.0000000200473417    0.0000000201790000    0.0000000201219833
917.0    0.0000000201717000    0.0000000202059308    0.0000000200950500    0.0000000202197455    0.0000000201662000
919.0    0.0000000202123692    0.0000000202462692    0.0000000201402167    0.0000000202565364    0.0000000202079000
921.0    0.0000000202507417    0.0000000202840615    0.0000000201812091    0.0000000202927500    0.0000000202455273
923.0    0.0000000202855000    0.0000000203194077    0.0000000202199417    0.0000000203268455    0.0000000202809250
925.0    0.0000000203195462    0.0000000203512167    0.0000000202580833    0.0000000203575000    0.0000000203156167
927.0    0.0000000203515583    0.0000000203808923    0.0000000202939833    0.0000000203875583    0.0000000203480833
929.0    0.0000000203815615    0.0000000204096692    0.0000000203263364    0.0000000204158000    0.0000000203784250
931.0    0.0000000204096917    0.0000000204364154    0.0000000203567417    0.0000000204411000    0.0000000204056182
933.0    0.0000000204360154    0.0000000204612538    0.0000000203865333    0.0000000204648455    0.0000000204310000
935.0    0.0000000204606833    0.0000000204834083    0.0000000204144417    0.0000000204881250    0.0000000204557333
937.0    0.0000000204828500    0.0000000205040000    0.0000000204394727    0.0000000205099182    0.0000000204787500
939.0    0.0000000205044846    0.0000000205238846    0.0000000204629417    0.0000000205294818    0.0000000205001667
941.0    0.0000000205247417    0.0000000205422769    0.0000000204858917    0.0000000205486667    0.0000000205193182
943.0    0.0000000205437154    0.0000000205587333    0.0000000205073417    0.0000000205667364    0.0000000205371667
945.0    0.0000000205615500    0.0000000205740154    0.0000000205266000    0.0000000205829818    0.0000000205545667
947.0    0.0000000205776417    0.0000000205888154    0.0000000205446750    0.0000000205990667    0.0000000205708083
949.0    0.0000000205934769    0.0000000206026231    0.0000000205624083    0.0000000206142909    0.0000000205860000
951.0    0.0000000206084583    0.0000000206155385    0.0000000205790750    0.0000000206281909    0.0000000206002417
953.0    0.0000000206226769    0.0000000206272250    0.0000000205941455    0.0000000206420750    0.0000000206131364
955.0    0.0000000206362667    0.0000000206382846    0.0000000206084583    0.0000000206554455    0.0000000206253583
957.0    0.0000000206487833    0.0000000206492231    0.0000000206226250    0.0000000206678000    0.0000000206374833
959.0    0.0000000206613692    0.0000000206596923    0.0000000206361500    0.0000000206804167    0.0000000206491250
961.0    0.0000000206735917    0.0000000206698308    0.0000000206486364    0.0000000206927636    0.0000000206603250
963.0    0.0000000206855538    0.0000000206793000    0.0000000206607000    0.0000000207044455    0.0000000206707909
965.0    0.0000000206973417    0.0000000206886385    0.0000000206729417    0.0000000207165917    0.0000000206810000
967.0    0.0000000207090308    0.0000000206982615    0.0000000206849250    0.0000000207287636    0.0000000206915500
969.0    0.0000000207207417    0.0000000207078923    0.0000000206962545    0.0000000207404909    0.0000000207020583
971.0    0.0000000207320500    0.0000000207176308    0.0000000207075250    0.0000000207529583    0.0000000207126250
973.0    0.0000000207439846    0.0000000207271583    0.0000000207193000    0.0000000207656818    0.0000000207229000
975.0    0.0000000207561667    0.0000000207369308    0.0000000207312000    0.0000000207781818    0.0000000207333167
977.0    0.0000000207686769    0.0000000207474692    0.0000000207427364    0.0000000207916583    0.0000000207445083
979.0    0.0000000207815750    0.0000000207584154    0.0000000207545333    0.0000000208056182    0.0000000207560667
981.0    0.0000000207943833    0.0000000207698692    0.0000000207671750    0.0000000208195182    0.0000000207680833
983.0    0.0000000208082538    0.0000000207814167    0.0000000207802583    0.0000000208339545    0.0000000207806250
985.0    0.0000000208227417    0.0000000207935538    0.0000000207931909    0.0000000208497167    0.0000000207931909
987.0    0.0000000208378308    0.0000000208068923    0.0000000208066833    0.0000000208661909    0.0000000208063833
989.0    0.0000000208536583    0.0000000208209846    0.0000000208213417    0.0000000208827182    0.0000000208208417
991.0    0.0000000208702308    0.0000000208359385    0.0000000208366750    0.0000000209008167    0.0000000208360917
993.0    0.0000000208876167    0.0000000208511333    0.0000000208520909    0.0000000209197545    0.0000000208521833
995.0    0.0000000209051583    0.0000000208672154    0.0000000208682167    0.0000000209387636    0.0000000208684545
997.0    0.0000000209242923    0.0000000208849308    0.0000000208858667    0.0000000209595833    0.0000000208855750
999.0    0.0000000209443583    0.0000000209036846    0.0000000209044250    0.0000000209813636    0.0000000209044417
1001.0    0.0000000209654000    0.0000000209235308    0.0000000209230545    0.0000000210031818    0.0000000209243250
1003.0    0.0000000209874583    0.0000000209436833    0.0000000209426000    0.0000000210270167    0.0000000209453000
1005.0    0.0000000210096250    0.0000000209649154    0.0000000209639833    0.0000000210519364    0.0000000209664364
1007.0    0.0000000210337692    0.0000000209881692    0.0000000209864167    0.0000000210767727    0.0000000209886167
1009.0    0.0000000210589667    0.0000000210126308    0.0000000210089182    0.0000000211038333    0.0000000210129167
1011.0    0.0000000210852692    0.0000000210383692    0.0000000210324250    0.0000000211319455    0.0000000210383833
1013.0    0.0000000211126417    0.0000000210643000    0.0000000210580500    0.0000000211599273    0.0000000210650667
1015.0    0.0000000211400000    0.0000000210913923    0.0000000210848083    0.0000000211902500    0.0000000210929750
1017.0    0.0000000211695692    0.0000000211208385    0.0000000211114909    0.0000000212216545    0.0000000211208636
1019.0    0.0000000212002333    0.0000000211515538    0.0000000211392333    0.0000000212527000    0.0000000211498750
1021.0    0.0000000212319923    0.0000000211835462    0.0000000211693000    0.0000000212862167    0.0000000211813333
1023.0    0.0000000212648250    0.0000000212154917    0.0000000212004917    0.0000000213207545    0.0000000212139917
1025.0    0.0000000212987077    0.0000000212485923    0.0000000212314455    0.0000000213547273    0.0000000212478500
1027.0    0.0000000213336000    0.0000000212842077    0.0000000212634167    0.0000000213896273    0.0000000212813909
1029.0    0.0000000213680667    0.0000000213210000    0.0000000212978250    0.0000000214270083    0.0000000213159833
1031.0    0.0000000214048538    0.0000000213589692    0.0000000213333167    0.0000000214652909    0.0000000213531333
1033.0    0.0000000214426000    0.0000000213964833    0.0000000213682455    0.0000000215027091    0.0000000213913750
1035.0    0.0000000214812077    0.0000000214349923    0.0000000214040833    0.0000000215425917    0.0000000214306083
1037.0    0.0000000215206417    0.0000000214760308    0.0000000214424167    0.0000000215832182    0.0000000214691273
1039.0    0.0000000215592167    0.0000000215180231    0.0000000214816583    0.0000000216227455    0.0000000215084917
1041.0    0.0000000216001077    0.0000000215608769    0.0000000215200182    0.0000000216646417    0.0000000215503750
1043.0    0.0000000216416167    0.0000000216028417    0.0000000215591250    0.0000000217070727    0.0000000215930500
1045.0    0.0000000216837231    0.0000000216454692    0.0000000216006667    0.0000000217481273    0.0000000216364667
1047.0    0.0000000217263333    0.0000000216904615    0.0000000216428250    0.0000000217914583    0.0000000216804750
1049.0    0.0000000217676667    0.0000000217360000    0.0000000216838273    0.0000000218351091    0.0000000217232182
1051.0    0.0000000218110769    0.0000000217802583    0.0000000217252750    0.0000000218770909    0.0000000217663667
1053.0    0.0000000218547833    0.0000000218248769    0.0000000217689833    0.0000000219211750    0.0000000218118000
1055.0    0.0000000218987000    0.0000000218716000    0.0000000218130667    0.0000000219653455    0.0000000218575083
1057.0    0.0000000219427667    0.0000000219184692    0.0000000218555727    0.0000000220076091    0.0000000219034583
1059.0    0.0000000219868692    0.0000000219654846    0.0000000218982833    0.0000000220517500    0.0000000219476000
1061.0    0.0000000220309583    0.0000000220106917    0.0000000219429917    0.0000000220957364    0.0000000219917917
1063.0    0.0000000220731917    0.0000000220558231    0.0000000219858727    0.0000000221376000    0.0000000220378500
1065.0    0.0000000221169846    0.0000000221025769    0.0000000220287500    0.0000000221811000    0.0000000220837833
1067.0    0.0000000221605250    0.0000000221490846    0.0000000220733583    0.0000000222242091    0.0000000221294750
1069.0    0.0000000222037154    0.0000000221952154    0.0000000221177917    0.0000000222650364    0.0000000221729545
1071.0    0.0000000222465000    0.0000000222391417    0.0000000221600909    0.0000000223053727    0.0000000222160500
1073.0    0.0000000222871167    0.0000000222825538    0.0000000222020917    0.0000000223469750    0.0000000222605583
1075.0    0.0000000223288615    0.0000000223270846    0.0000000222454917    0.0000000223879182    0.0000000223044917
1077.0    0.0000000223700083    0.0000000223709000    0.0000000222883750    0.0000000224264182    0.0000000223477833
1079.0    0.0000000224104615    0.0000000224139385    0.0000000223289364    0.0000000224659167    0.0000000223903250
1081.0    0.0000000224501417    0.0000000224545000    0.0000000223688917    0.0000000225046000    0.0000000224303727
1083.0    0.0000000224874917    0.0000000224942077    0.0000000224098750    0.0000000225407364    0.0000000224696167
1085.0    0.0000000225255385    0.0000000225345308    0.0000000224501083    0.0000000225776083    0.0000000225096417
1087.0    0.0000000225627000    0.0000000225737923    0.0000000224878909    0.0000000226135455    0.0000000225487250
1089.0    0.0000000225988692    0.0000000226119538    0.0000000225248250    0.0000000226469545    0.0000000225867667
1091.0    0.0000000226340667    0.0000000226475750    0.0000000225624667    0.0000000226808250    0.0000000226221818
1093.0    0.0000000226682308    0.0000000226820769    0.0000000225991167    0.0000000227136818    0.0000000226565833
1095.0    0.0000000227013417    0.0000000227167769    0.0000000226332818    0.0000000227440545    0.0000000226913583
1097.0    0.0000000227320917    0.0000000227502308    0.0000000226664417    0.0000000227747000    0.0000000227249500
1099.0    0.0000000227630385    0.0000000227824077    0.0000000227000083    0.0000000228042455    0.0000000227573250
1101.0    0.0000000227928667    0.0000000228121333    0.0000000227324500    0.0000000228314273    0.0000000227872091
1103.0    0.0000000228215615    0.0000000228406615    0.0000000227624636    0.0000000228586917    0.0000000228159333
1105.0    0.0000000228491167    0.0000000228690154    0.0000000227913750    0.0000000228848455    0.0000000228446917
1107.0    0.0000000228744750    0.0000000228961000    0.0000000228204417    0.0000000229087636    0.0000000228721917
1109.0    0.0000000228997615    0.0000000229218846    0.0000000228483417    0.0000000229326417    0.0000000228984417
1111.0    0.0000000229239167    0.0000000229454750    0.0000000228739455    0.0000000229554182    0.0000000229234583
1113.0    0.0000000229469615    0.0000000229678769    0.0000000228984833    0.0000000229761455    0.0000000229462727
1115.0    0.0000000229688750    0.0000000229899462    0.0000000229229250    0.0000000229967083    0.0000000229679500
1117.0    0.0000000229896538    0.0000000230107769    0.0000000229462083    0.0000000230162364    0.0000000229894000
1119.0    0.0000000230094083    0.0000000230304231    0.0000000229674455    0.0000000230338818    0.0000000230096750
1121.0    0.0000000230273250    0.0000000230482167    0.0000000229876167    0.0000000230506091    0.0000000230288000
1123.0    0.0000000230449923    0.0000000230649231    0.0000000230076000    0.0000000230670833    0.0000000230460818
1125.0    0.0000000230616333    0.0000000230812385    0.0000000230264750    0.0000000230825909    0.0000000230623250
1127.0    0.0000000230773000    0.0000000230964692    0.0000000230435818    0.0000000230965273    0.0000000230782833
1129.0    0.0000000230920167    0.0000000231106846    0.0000000230597083    0.0000000231102167    0.0000000230931833
1131.0    0.0000000231052750    0.0000000231234417    0.0000000230755667    0.0000000231230364    0.0000000231071083
1133.0    0.0000000231182385    0.0000000231352692    0.0000000230904500    0.0000000231344818    0.0000000231201167
1135.0    0.0000000231303167    0.0000000231467385    0.0000000231038091    0.0000000231456333    0.0000000231317091
1137.0    0.0000000231416000    0.0000000231573385    0.0000000231163333    0.0000000231560182    0.0000000231424917
1139.0    0.0000000231520833    0.0000000231671154    0.0000000231285583    0.0000000231652727    0.0000000231529333
1141.0    0.0000000231614750    0.0000000231757917    0.0000000231399250    0.0000000231742333    0.0000000231626000
1143.0    0.0000000231705154    0.0000000231837769    0.0000000231501000    0.0000000231825545    0.0000000231715083
1145.0    0.0000000231789167    0.0000000231914308    0.0000000231595583    0.0000000231898818    0.0000000231793909
1147.0    0.0000000231866769    0.0000000231984308    0.0000000231686917    0.0000000231969750    0.0000000231866750
1149.0    0.0000000231938250    0.0000000232048154    0.0000000231771500    0.0000000232035000    0.0000000231936250
1151.0    0.0000000232003923    0.0000000232104250    0.0000000231846364    0.0000000232092273    0.0000000232000167
1153.0    0.0000000232064500    0.0000000232155615    0.0000000231915417    0.0000000232147417    0.0000000232058500
1155.0    0.0000000232117750    0.0000000232204000    0.0000000231982000    0.0000000232198000    0.0000000232109364
1157.0    0.0000000232168692    0.0000000232247923    0.0000000232043083    0.0000000232242182    0.0000000232155833
1159.0    0.0000000232215250    0.0000000232287692    0.0000000232096727    0.0000000232284250    0.0000000232200333
1161.0    0.0000000232257692    0.0000000232322083    0.0000000232145833    0.0000000232322636    0.0000000232240500
1163.0    0.0000000232296333    0.0000000232353231    0.0000000232192917    0.0000000232355909    0.0000000232276833
1165.0    0.0000000232330083    0.0000000232382538    0.0000000232235750    0.0000000232386455    0.0000000232309583
1167.0    0.0000000232362000    0.0000000232408692    0.0000000232272909    0.0000000232415250    0.0000000232337818
1169.0    0.0000000232390917    0.0000000232431167    0.0000000232307000    0.0000000232441364    0.0000000232363583
1171.0    0.0000000232417000    0.0000000232451462    0.0000000232339250    0.0000000232463909    0.0000000232387583
1173.0    0.0000000232440667    0.0000000232470231    0.0000000232368333    0.0000000232485167    0.0000000232409083
1175.0    0.0000000232461846    0.0000000232487000    0.0000000232393545    0.0000000232504091    0.0000000232428250
1177.0    0.0000000232480917    0.0000000232501769    0.0000000232416333    0.0000000232520545    0.0000000232444636
1179.0    0.0000000232497250    0.0000000232514500    0.0000000232437750    0.0000000232536000    0.0000000232459417
1181.0    0.0000000232512769    0.0000000232525615    0.0000000232456917    0.0000000232549727    0.0000000232473167
1183.0    0.0000000232526500    0.0000000232535846    0.0000000232473545    0.0000000232561455    0.0000000232485333
1185.0    0.0000000232538769    0.0000000232545000    0.0000000232488333    0.0000000232572333    0.0000000232496000
1187.0    0.0000000232549667    0.0000000232552923    0.0000000232502167    0.0000000232582182    0.0000000232505091
1189.0    0.0000000232559000    0.0000000232559500    0.0000000232514500    0.0000000232590455    0.0000000232513167
1191.0    0.0000000232567615    0.0000000232565538    0.0000000232525000    0.0000000232598083    0.0000000232520583
1193.0    0.0000000232575250    0.0000000232570923    0.0000000232534417    0.0000000232604909    0.0000000232527000
1195.0    0.0000000232582077    0.0000000232575692    0.0000000232543000    0.0000000232610727    0.0000000232532750
1197.0    0.0000000232587917    0.0000000232579692    0.0000000232550667    0.0000000232615833    0.0000000232537750
1199.0    0.0000000232593000    0.0000000232583000    0.0000000232557273    0.0000000232620545    0.0000000232542000
1201.0    0.0000000232597615    0.0000000232586000    0.0000000232562917    0.0000000232624364    0.0000000232545500
1203.0    0.0000000232601667    0.0000000232588615    0.0000000232568167    0.0000000232628000    0.0000000232548750
1205.0    0.0000000232605231    0.0000000232590923    0.0000000232572833    0.0000000232631091    0.0000000232551667
1207.0    0.0000000232608250    0.0000000232592846    0.0000000232576636    0.0000000232633818    0.0000000232554167
1209.0    0.0000000232611000    0.0000000232594500    0.0000000232580167    0.0000000232636083    0.0000000232556273
1211.0    0.0000000232613333    0.0000000232595769    0.0000000232583250    0.0000000232638273    0.0000000232558083
1213.0    0.0000000232615333    0.0000000232597077    0.0000000232586000    0.0000000232639818    0.0000000232559583
1215.0    0.0000000232617077    0.0000000232598077    0.0000000232588182    0.0000000232641455    0.0000000232560917
1217.0    0.0000000232618583    0.0000000232599000    0.0000000232590167    0.0000000232642667    0.0000000232562167
1219.0    0.0000000232619769    0.0000000232599750    0.0000000232591917    0.0000000232643818    0.0000000232563000
1221.0    0.0000000232621000    0.0000000232600077    0.0000000232593500    0.0000000232644818    0.0000000232564000
1223.0    0.0000000232622000    0.0000000232601000    0.0000000232594727    0.0000000232645667    0.0000000232564667
1225.0    0.0000000232622846    0.0000000232601000    0.0000000232595833    0.0000000232646273    0.0000000232565000
1227.0    0.0000000232623417    0.0000000232601769    0.0000000232596833    0.0000000232647000    0.0000000232565917
1229.0    0.0000000232624000    0.0000000232602000    0.0000000232597667    0.0000000232647500    0.0000000232566000
1231.0    0.0000000232624667    0.0000000232602000    0.0000000232598182    0.0000000232648000    0.0000000232566364
1233.0    0.0000000232625000    0.0000000232602000    0.0000000232599000    0.0000000232648000    0.0000000232567000
1235.0    0.0000000232625000    0.0000000232602308    0.0000000232599250    0.0000000232648750    0.0000000232567000
1237.0    0.0000000232625917    0.0000000232603000    0.0000000232600000    0.0000000232649000    0.0000000232567000
1239.0    0.0000000232626000    0.0000000232603000    0.0000000232600000    0.0000000232649000    0.0000000232567000
1241.0    0.0000000232626000    0.0000000232603000    0.0000000232600167    0.0000000232649000    0.0000000232567000
1243.0    0.0000000232626000    0.0000000232603000    0.0000000232601000    0.0000000232649000    0.0000000232567833
1245.0    0.0000000232626000    0.0000000232603000    0.0000000232601000    0.0000000232649000    0.0000000232568000
1247.0    0.0000000232626083    0.0000000232603000    0.0000000232601000    0.0000000232649917    0.0000000232568000
1249.0    0.0000000232627000    0.0000000232603000    0.0000000232601000    0.0000000232650000    0.0000000232568000
1251.0    0.0000000232627000    0.0000000232603000    0.0000000232601000    0.0000000232650000    0.0000000232568000
1253.0    0.0000000232627000    0.0000000232603000    0.0000000232601000    0.0000000232650000    0.0000000232568000
1255.0    0.0000000232627000    0.0000000232603000    0.0000000232601000    0.0000000232650000    0.0000000232568000
1257.0    0.0000000232627000    0.0000000232603000    0.0000000232601000    0.0000000232650000    0.0000000232568000
1259.0    0.0000000232627000    0.0000000232603000    0.0000000232601000    0.0000000232650000    0.0000000232568000
1261.0    0.0000000232627000    0.0000000232603000    0.0000000232601333    0.0000000232650000    0.0000000232568000
1263.0    0.0000000232627000    0.0000000232603000    0.0000000232602000    0.0000000232650000    0.0000000232568000
1265.0    0.0000000232627000    0.0000000232603000    0.0000000232602000    0.0000000232650000    0.0000000232568000
1267.0    0.0000000232627000    0.0000000232603000    0.0000000232601667    0.0000000232650000    0.0000000232568000
1269.0    0.0000000232627000    0.0000000232603000    0.0000000232601000    0.0000000232650000    0.0000000232568000
1271.0    0.0000000232627000    0.0000000232603000    0.0000000232601000    0.0000000232650000    0.0000000232568000
1273.0    0.0000000232627000    0.0000000232603000    0.0000000232601000    0.0000000232650000    0.0000000232568000
1275.0    0.0000000232627000    0.0000000232603000    0.0000000232601000    0.0000000232650000    0.0000000232568000
1277.0    0.0000000232627000    0.0000000232603000    0.0000000232601000    0.0000000232649727    0.0000000232567167
1279.0    0.0000000232626917    0.0000000232603000    0.0000000232601000    0.0000000232649000    0.0000000232567000
1281.0    0.0000000232626000    0.0000000232602231    0.0000000232601000    0.0000000232649000    0.0000000232567000
1283.0    0.0000000232626000    0.0000000232602000    0.0000000232601000    0.0000000232649000    0.0000000232567000
1285.0    0.0000000232626000    0.0000000232602000    0.0000000232601000    0.0000000232649000    0.0000000232567000
1287.0    0.0000000232626000    0.0000000232602000    0.0000000232601000    0.0000000232649000    0.0000000232567000
1289.0    0.0000000232626000    0.0000000232602000    0.0000000232601000    0.0000000232649000    0.0000000232567000
1291.0    0.0000000232626000    0.0000000232602000    0.0000000232601000    0.0000000232649000    0.0000000232567000
1293.0    0.0000000232626000    0.0000000232602000    0.0000000232601000    0.0000000232649000    0.0000000232567000
1295.0    0.0000000232626000    0.0000000232602000    0.0000000232601000    0.0000000232649000    0.0000000232567000
1297.0    0.0000000232626000    0.0000000232602000    0.0000000232601000    0.0000000232649000    0.0000000232567000
1299.0    0.0000000232626000    0.0000000232602000    0.0000000232601000    0.0000000232649000    0.0000000232567000
1301.0    0.0000000232626000    0.0000000232602000    0.0000000232601000    0.0000000232649000    0.0000000232567000
1303.0    0.0000000232626000    0.0000000232602000    0.0000000232601000    0.0000000232649000    0.0000000232567000
1305.0    0.0000000232626000    0.0000000232602000    0.0000000232601000    0.0000000232649000    0.0000000232567000
1307.0    0.0000000232626000    0.0000000232602000    0.0000000232601000    0.0000000232649000    0.0000000232567000
1309.0    0.0000000232626000    0.0000000232602000    0.0000000232601000    0.0000000232649000    0.0000000232567000
1311.0    0.0000000232626000    0.0000000232602000    0.0000000232601000    0.0000000232648167    0.0000000232567000
1313.0    0.0000000232626000    0.0000000232602000    0.0000000232601000    0.0000000232648000    0.0000000232567000
1315.0    0.0000000232626000    0.0000000232602000    0.0000000232601000    0.0000000232648000    0.0000000232567000
1317.0    0.0000000232625154    0.0000000232602000    0.0000000232600667    0.0000000232648000    0.0000000232567000
1319.0    0.0000000232625000    0.0000000232602000    0.0000000232600000    0.0000000232648000    0.0000000232567000
1321.0    0.0000000232625000    0.0000000232602000    0.0000000232600000    0.0000000232648000    0.0000000232567000
1323.0    0.0000000232625000    0.0000000232602000    0.0000000232600000    0.0000000232648000    0.0000000232566583
1325.0    0.0000000232625000    0.0000000232601308    0.0000000232600000    0.0000000232647273    0.0000000232566000
1327.0    0.0000000232625000    0.0000000232601000    0.0000000232600000    0.0000000232647000    0.0000000232566000
1329.0    0.0000000232625000    0.0000000232601000    0.0000000232600000    0.0000000232647000    0.0000000232566000
1331.0    0.0000000232624769    0.0000000232601000    0.0000000232600000    0.0000000232647000    0.0000000232566000
1333.0    0.0000000232624000    0.0000000232601000    0.0000000232600000    0.0000000232646364    0.0000000232566000
1335.0    0.0000000232624000    0.0000000232601000    0.0000000232600000    0.0000000232646000    0.0000000232566000
1337.0    0.0000000232624000    0.0000000232601000    0.0000000232599417    0.0000000232646000    0.0000000232566000
1339.0    0.0000000232624000    0.0000000232601000    0.0000000232599000    0.0000000232645273    0.0000000232566000
1341.0    0.0000000232623077    0.0000000232601000    0.0000000232599000    0.0000000232645000    0.0000000232566000
1343.0    0.0000000232623000    0.0000000232600769    0.0000000232599000    0.0000000232644455    0.0000000232565833
1345.0    0.0000000232623000    0.0000000232600000    0.0000000232599000    0.0000000232644000    0.0000000232565000
1347.0    0.0000000232622000    0.0000000232600000    0.0000000232598250    0.0000000232643250    0.0000000232565000
1349.0    0.0000000232622000    0.0000000232600000    0.0000000232598000    0.0000000232642727    0.0000000232565000
1351.0    0.0000000232621231    0.0000000232600000    0.0000000232598000    0.0000000232642000    0.0000000232565000
1353.0    0.0000000232621000    0.0000000232599462    0.0000000232597500    0.0000000232641091    0.0000000232564750
1355.0    0.0000000232620000    0.0000000232599000    0.0000000232597000    0.0000000232640167    0.0000000232564000
1357.0    0.0000000232619500    0.0000000232599000    0.0000000232596909    0.0000000232639182    0.0000000232564000
1359.0    0.0000000232618769    0.0000000232598538    0.0000000232596000    0.0000000232638091    0.0000000232563909
1361.0    0.0000000232617917    0.0000000232598000    0.0000000232595750    0.0000000232636750    0.0000000232563000
1363.0    0.0000000232617000    0.0000000232597769    0.0000000232595000    0.0000000232635455    0.0000000232563000
1365.0    0.0000000232615846    0.0000000232597000    0.0000000232594273    0.0000000232633909    0.0000000232562167
1367.0    0.0000000232614750    0.0000000232596583    0.0000000232593667    0.0000000232632250    0.0000000232562000
1369.0    0.0000000232613462    0.0000000232596000    0.0000000232592750    0.0000000232630364    0.0000000232561000
1371.0    0.0000000232612000    0.0000000232595077    0.0000000232591750    0.0000000232628364    0.0000000232560500
1373.0    0.0000000232610500    0.0000000232594308    0.0000000232590727    0.0000000232626000    0.0000000232559833
1375.0    0.0000000232608692    0.0000000232593385    0.0000000232589583    0.0000000232623455    0.0000000232558917
1377.0    0.0000000232606833    0.0000000232592417    0.0000000232588333    0.0000000232620909    0.0000000232557917
1379.0    0.0000000232604692    0.0000000232591308    0.0000000232586833    0.0000000232617667    0.0000000232556750
1381.0    0.0000000232602250    0.0000000232589923    0.0000000232585364    0.0000000232614364    0.0000000232555636
1383.0    0.0000000232599667    0.0000000232588538    0.0000000232583583    0.0000000232610636    0.0000000232554333
1385.0    0.0000000232596846    0.0000000232586846    0.0000000232581667    0.0000000232606750    0.0000000232552750
1387.0    0.0000000232593667    0.0000000232585167    0.0000000232579250    0.0000000232602182    0.0000000232551083
1389.0    0.0000000232590154    0.0000000232583231    0.0000000232577000    0.0000000232597545    0.0000000232549167
1391.0    0.0000000232586167    0.0000000232581000    0.0000000232574500    0.0000000232592000    0.0000000232547182
1393.0    0.0000000232582000    0.0000000232578385    0.0000000232571500    0.0000000232586273    0.0000000232544917
1395.0    0.0000000232577333    0.0000000232575692    0.0000000232568167    0.0000000232580091    0.0000000232542250
1397.0    0.0000000232572333    0.0000000232572750    0.0000000232564636    0.0000000232573455    0.0000000232539500
1399.0    0.0000000232566769    0.0000000232569462    0.0000000232560833    0.0000000232565917    0.0000000232536167
1401.0    0.0000000232560500    0.0000000232565615    0.0000000232556583    0.0000000232557636    0.0000000232532727
1403.0    0.0000000232554000    0.0000000232561538    0.0000000232551750    0.0000000232548909    0.0000000232529000
1405.0    0.0000000232546583    0.0000000232557083    0.0000000232546636    0.0000000232539083    0.0000000232524667
1407.0    0.0000000232539000    0.0000000232552231    0.0000000232541000    0.0000000232528364    0.0000000232519750
1409.0    0.0000000232530308    0.0000000232546615    0.0000000232534833    0.0000000232517182    0.0000000232514500
1411.0    0.0000000232520750    0.0000000232540231    0.0000000232527833    0.0000000232504917    0.0000000232508500
1413.0    0.0000000232510462    0.0000000232533615    0.0000000232520636    0.0000000232491273    0.0000000232502455
1415.0    0.0000000232499333    0.0000000232526500    0.0000000232512667    0.0000000232477182    0.0000000232495667
1417.0    0.0000000232487000    0.0000000232518692    0.0000000232503583    0.0000000232461250    0.0000000232488000
1419.0    0.0000000232473833    0.0000000232509692    0.0000000232493750    0.0000000232444091    0.0000000232479417
1421.0    0.0000000232460000    0.0000000232499846    0.0000000232483455    0.0000000232426364    0.0000000232469917
1423.0    0.0000000232444538    0.0000000232489077    0.0000000232472500    0.0000000232406417    0.0000000232460273
1425.0    0.0000000232427750    0.0000000232477667    0.0000000232459500    0.0000000232385000    0.0000000232449500
1427.0    0.0000000232409692    0.0000000232465538    0.0000000232445750    0.0000000232362909    0.0000000232437333
1429.0    0.0000000232390083    0.0000000232451538    0.0000000232431455    0.0000000232338167    0.0000000232423917
1431.0    0.0000000232369750    0.0000000232436308    0.0000000232415917    0.0000000232311455    0.0000000232409417
1433.0    0.0000000232347077    0.0000000232419692    0.0000000232398500    0.0000000232284091    0.0000000232394182
1435.0    0.0000000232322917    0.0000000232402333    0.0000000232379417    0.0000000232253417    0.0000000232377750
1437.0    0.0000000232296308    0.0000000232383615    0.0000000232359909    0.0000000232220818    0.0000000232359083
1439.0    0.0000000232268167    0.0000000232362538    0.0000000232338750    0.0000000232187182    0.0000000232338833
1441.0    0.0000000232239000    0.0000000232339462    0.0000000232315000    0.0000000232149583    0.0000000232316750
1443.0    0.0000000232206615    0.0000000232315000    0.0000000232289333    0.0000000232109818    0.0000000232293000
1445.0    0.0000000232172083    0.0000000232288917    0.0000000232262909    0.0000000232069000    0.0000000232268273
1447.0    0.0000000232134769    0.0000000232261231    0.0000000232234500    0.0000000232025727    0.0000000232241667
1449.0    0.0000000232095167    0.0000000232230154    0.0000000232202833    0.0000000231977417    0.0000000232211750
1451.0    0.0000000232052692    0.0000000232196462    0.0000000232168500    0.0000000231926091    0.0000000232179583
1453.0    0.0000000232007500    0.0000000232160385    0.0000000232133727    0.0000000231873818    0.0000000232144500
1455.0    0.0000000231961000    0.0000000232123083    0.0000000232096417    0.0000000231816167    0.0000000232108909
1457.0    0.0000000231910000    0.0000000232082923    0.0000000232054667    0.0000000231755091    0.0000000232070417
1459.0    0.0000000231855500    0.0000000232038462    0.0000000232010167    0.0000000231693091    0.0000000232027500
1461.0    0.0000000231797692    0.0000000231990615    0.0000000231964636    0.0000000231624500    0.0000000231981333
1463.0    0.0000000231736333    0.0000000231939615    0.0000000231916000    0.0000000231552000    0.0000000231932000
1465.0    0.0000000231673917    0.0000000231887000    0.0000000231862083    0.0000000231478727    0.0000000231881545
1467.0    0.0000000231605077    0.0000000231830923    0.0000000231804583    0.0000000231397917    0.0000000231827583
1469.0    0.0000000231532000    0.0000000231768846    0.0000000231746364    0.0000000231313091    0.0000000231767667
1471.0    0.0000000231455154    0.0000000231702769    0.0000000231684417    0.0000000231227182    0.0000000231703667
1473.0    0.0000000231373917    0.0000000231632462    0.0000000231615833    0.0000000231133250    0.0000000231635500
1475.0    0.0000000231288000    0.0000000231560750    0.0000000231543333    0.0000000231034273    0.0000000231563167
1477.0    0.0000000231197833    0.0000000231484538    0.0000000231469818    0.0000000230935000    0.0000000231489455
1479.0    0.0000000231106583    0.0000000231400769    0.0000000231392250    0.0000000230826000    0.0000000231411417
1481.0    0.0000000231006846    0.0000000231311923    0.0000000231306500    0.0000000230712091    0.0000000231325083
1483.0    0.0000000230902000    0.0000000231217846    0.0000000231216083    0.0000000230598000    0.0000000231233583
1485.0    0.0000000230791923    0.0000000231122417    0.0000000231124818    0.0000000230473250    0.0000000231137167
