9.0    0.0000000000000000    0.0000000000000000    0.0000000000000000    0.0000000000000000    0.0000000000000000
11.0    0.0000000000000000    0.0000000000000000    0.0000000000000000    0.0000000000000000    0.0000000000000000
13.0    0.0000000000000000    0.0000000000000000    0.0000000000000000    0.0000000000000000    0.0000000000000000
15.0    0.0000000000000000    0.0000000000000000    0.0000000000000000    0.0000000000000000    0.0000000000000000
17.0    0.0000000000000000    0.0000000000000000    0.0000000000000000    0.0000000000000000    0.0000000000000000
19.0    0.0000000000000000    0.0000000000000000    0.0000000000000000    0.0000000000000000    0.0000000000000000
21.0    0.0000000000000000    0.0000000000000000    0.0000000000000000    0.0000000000000000    0.0000000000000000
23.0    0.0000000000000000    0.0000000000000000    0.0000000000000000    0.0000000000000000    0.0000000000000001
25.0    0.0000000000000001    0.0000000000000001    0.0000000000000001    0.0000000000000001    0.0000000000000001
27.0    0.0000000000000001    0.0000000000000001    0.0000000000000001    0.0000000000000001    0.0000000000000001
29.0    0.0000000000000002    0.0000000000000002    0.0000000000000002    0.0000000000000002    0.0000000000000002
31.0    0.0000000000000003    0.0000000000000003    0.0000000000000003    0.0000000000000003    0.0000000000000003
33.0    0.0000000000000004    0.0000000000000004    0.0000000000000005    0.0000000000000004    0.0000000000000005
35.0    0.0000000000000006    0.0000000000000006    0.0000000000000007    0.0000000000000006    0.0000000000000007
37.0    0.0000000000000009    0.0000000000000008    0.0000000000000011    0.0000000000000009    0.0000000000000011
39.0    0.0000000000000014    0.0000000000000011    0.0000000000000016    0.0000000000000013    0.0000000000000017
41.0    0.0000000000000021    0.0000000000000016    0.0000000000000025    0.0000000000000019    0.0000000000000026
43.0    0.0000000000000033    0.0000000000000025    0.0000000000000039    0.0000000000000030    0.0000000000000041
45.0    0.0000000000000053    0.0000000000000040    0.0000000000000062    0.0000000000000048    0.0000000000000063
47.0    0.0000000000000082    0.0000000000000064    0.0000000000000096    0.0000000000000075    0.0000000000000100
49.0    0.0000000000000130    0.0000000000000100    0.0000000000000149    0.0000000000000118    0.0000000000000159
51.0    0.0000000000000204    0.0000000000000155    0.0000000000000235    0.0000000000000187    0.0000000000000249
53.0    0.0000000000000318    0.0000000000000245    0.0000000000000365    0.0000000000000293    0.0000000000000378
55.0    0.0000000000000491    0.0000000000000382    0.0000000000000552    0.0000000000000448    0.0000000000000571
57.0    0.0000000000000737    0.0000000000000592    0.0000000000000825    0.0000000000000693    0.0000000000000865
59.0    0.0000000000001114    0.0000000000000894    0.0000000000001236    0.0000000000001057    0.0000000000001291
61.0    0.0000000000001655    0.0000000000001341    0.0000000000001823    0.0000000000001563    0.0000000000001896
63.0    0.0000000000002424    0.0000000000002013    0.0000000000002598    0.0000000000002320    0.0000000000002733
65.0    0.0000000000003476    0.0000000000002971    0.0000000000003640    0.0000000000003370    0.0000000000003807
67.0    0.0000000000004886    0.0000000000004292    0.0000000000005064    0.0000000000004724    0.0000000000005205
69.0    0.0000000000006701    0.0000000000005973    0.0000000000006883    0.0000000000006568    0.0000000000007047
71.0    0.0000000000008869    0.0000000000008120    0.0000000000009025    0.0000000000008888    0.0000000000009313
73.0    0.0000000000011581    0.0000000000010865    0.0000000000011571    0.0000000000011574    0.0000000000012005
75.0    0.0000000000014718    0.0000000000014117    0.0000000000014620    0.0000000000014839    0.0000000000014950
77.0    0.0000000000018212    0.0000000000017799    0.0000000000018001    0.0000000000018478    0.0000000000018190
79.0    0.0000000000021931    0.0000000000021615    0.0000000000021448    0.0000000000022189    0.0000000000021771
81.0    0.0000000000025569    0.0000000000025531    0.0000000000024968    0.0000000000026127    0.0000000000025414
83.0    0.0000000000029249    0.0000000000029492    0.0000000000028562    0.0000000000029928    0.0000000000028960
85.0    0.0000000000032648    0.0000000000033116    0.0000000000031920    0.0000000000033245    0.0000000000032127
87.0    0.0000000000035610    0.0000000000036212    0.0000000000034795    0.0000000000036223    0.0000000000034948
89.0    0.0000000000038060    0.0000000000038582    0.0000000000037251    0.0000000000038620    0.0000000000037456
91.0    0.0000000000039971    0.0000000000040324    0.0000000000039354    0.0000000000040353    0.0000000000039505
93.0    0.0000000000041426    0.0000000000041560    0.0000000000041035    0.0000000000041620    0.0000000000041150
95.0    0.0000000000042516    0.0000000000042386    0.0000000000042356    0.0000000000042611    0.0000000000042508
97.0    0.0000000000043525    0.0000000000043054    0.0000000000043535    0.0000000000043487    0.0000000000043692
99.0    0.0000000000044614    0.0000000000043809    0.0000000000044792    0.0000000000044444    0.0000000000044923
101.0    0.0000000000045987    0.0000000000044918    0.0000000000046253    0.0000000000045791    0.0000000000046420
103.0    0.0000000000047786    0.0000000000046628    0.0000000000047971    0.0000000000047642    0.0000000000048265
105.0    0.0000000000049993    0.0000000000049005    0.0000000000050084    0.0000000000049963    0.0000000000050530
107.0    0.0000000000052787    0.0000000000052031    0.0000000000052715    0.0000000000052942    0.0000000000053097
109.0    0.0000000000055990    0.0000000000055434    0.0000000000055729    0.0000000000056361    0.0000000000056003
111.0    0.0000000000059463    0.0000000000059136    0.0000000000058870    0.0000000000059880    0.0000000000059276
113.0    0.0000000000063017    0.0000000000063056    0.0000000000062127    0.0000000000063604    0.0000000000062653
115.0    0.0000000000066334    0.0000000000066796    0.0000000000065495    0.0000000000067168    0.0000000000065978
117.0    0.0000000000069539    0.0000000000070034    0.0000000000068696    0.0000000000070265    0.0000000000068996
119.0    0.0000000000072397    0.0000000000072795    0.0000000000071516    0.0000000000073079    0.0000000000071764
121.0    0.0000000000074870    0.0000000000075143    0.0000000000074051    0.0000000000075456    0.0000000000074360
123.0    0.0000000000077013    0.0000000000077025    0.0000000000076416    0.0000000000077377    0.0000000000076681
125.0    0.0000000000078926    0.0000000000078603    0.0000000000078566    0.0000000000079157    0.0000000000078807
127.0    0.0000000000080763    0.0000000000080035    0.0000000000080528    0.0000000000080885    0.0000000000080853
129.0    0.0000000000082605    0.0000000000081595    0.0000000000082514    0.0000000000082666    0.0000000000082858
131.0    0.0000000000084751    0.0000000000083555    0.0000000000084731    0.0000000000084828    0.0000000000085018
133.0    0.0000000000087226    0.0000000000086006    0.0000000000087193    0.0000000000087399    0.0000000000087518
135.0    0.0000000000090085    0.0000000000089013    0.0000000000089828    0.0000000000090284    0.0000000000090314
137.0    0.0000000000093298    0.0000000000092394    0.0000000000092738    0.0000000000093703    0.0000000000093392
139.0    0.0000000000096638    0.0000000000096148    0.0000000000096003    0.0000000000097411    0.0000000000096544
141.0    0.0000000000100246    0.0000000000100248    0.0000000000099399    0.0000000000101070    0.0000000000099795
143.0    0.0000000000103813    0.0000000000104309    0.0000000000102647    0.0000000000104653    0.0000000000103154
145.0    0.0000000000107155    0.0000000000108079    0.0000000000105750    0.0000000000108116    0.0000000000106333
147.0    0.0000000000110119    0.0000000000111227    0.0000000000108696    0.0000000000111120    0.0000000000109190
149.0    0.0000000000112485    0.0000000000113749    0.0000000000111229    0.0000000000113435    0.0000000000111530
151.0    0.0000000000114384    0.0000000000115640    0.0000000000113199    0.0000000000115213    0.0000000000113409
153.0    0.0000000000115711    0.0000000000116786    0.0000000000114691    0.0000000000116359    0.0000000000114876
155.0    0.0000000000116504    0.0000000000117276    0.0000000000115771    0.0000000000116924    0.0000000000115867
157.0    0.0000000000116878    0.0000000000117275    0.0000000000116431    0.0000000000117092    0.0000000000116460
159.0    0.0000000000116958    0.0000000000116983    0.0000000000116766    0.0000000000116995    0.0000000000116761
161.0    0.0000000000116896    0.0000000000116578    0.0000000000116913    0.0000000000116807    0.0000000000116888
163.0    0.0000000000116829    0.0000000000116254    0.0000000000116986    0.0000000000116663    0.0000000000116960
165.0    0.0000000000116860    0.0000000000116161    0.0000000000117079    0.0000000000116687    0.0000000000117074
167.0    0.0000000000117065    0.0000000000116369    0.0000000000117258    0.0000000000116933    0.0000000000117295
169.0    0.0000000000117476    0.0000000000116895    0.0000000000117566    0.0000000000117438    0.0000000000117657
171.0    0.0000000000118070    0.0000000000117729    0.0000000000118026    0.0000000000118154    0.0000000000118132
173.0    0.0000000000118765    0.0000000000118764    0.0000000000118599    0.0000000000118970    0.0000000000118701
175.0    0.0000000000119536    0.0000000000119867    0.0000000000119200    0.0000000000119852    0.0000000000119335
177.0    0.0000000000120262    0.0000000000120858    0.0000000000119787    0.0000000000120653    0.0000000000119934
179.0    0.0000000000120846    0.0000000000121653    0.0000000000120308    0.0000000000121241    0.0000000000120423
181.0    0.0000000000121212    0.0000000000122170    0.0000000000120665    0.0000000000121586    0.0000000000120725
183.0    0.0000000000121299    0.0000000000122299    0.0000000000120804    0.0000000000121610    0.0000000000120814
185.0    0.0000000000121091    0.0000000000122019    0.0000000000120710    0.0000000000121312    0.0000000000120660
187.0    0.0000000000120615    0.0000000000121388    0.0000000000120360    0.0000000000120720    0.0000000000120250
189.0    0.0000000000119867    0.0000000000120454    0.0000000000119769    0.0000000000119837    0.0000000000119608
191.0    0.0000000000118922    0.0000000000119257    0.0000000000119015    0.0000000000118761    0.0000000000118778
193.0    0.0000000000117846    0.0000000000117935    0.0000000000118119    0.0000000000117626    0.0000000000117856
195.0    0.0000000000116715    0.0000000000116593    0.0000000000117096    0.0000000000116413    0.0000000000116864
197.0    0.0000000000115637    0.0000000000115370    0.0000000000116038    0.0000000000115243    0.0000000000115810
199.0    0.0000000000114574    0.0000000000114275    0.0000000000115038    0.0000000000114215    0.0000000000114783
201.0    0.0000000000113604    0.0000000000113306    0.0000000000114088    0.0000000000113264    0.0000000000113818
203.0    0.0000000000112744    0.0000000000112515    0.0000000000113169    0.0000000000112442    0.0000000000112965
205.0    0.0000000000111982    0.0000000000111877    0.0000000000112328    0.0000000000111763    0.0000000000112185
207.0    0.0000000000111324    0.0000000000111365    0.0000000000111587    0.0000000000111131    0.0000000000111433
209.0    0.0000000000110682    0.0000000000110898    0.0000000000110891    0.0000000000110534    0.0000000000110722
211.0    0.0000000000110045    0.0000000000110399    0.0000000000110183    0.0000000000109951    0.0000000000110021
213.0    0.0000000000109373    0.0000000000109830    0.0000000000109465    0.0000000000109287    0.0000000000109330
215.0    0.0000000000108636    0.0000000000109146    0.0000000000108739    0.0000000000108535    0.0000000000108594
217.0    0.0000000000107810    0.0000000000108355    0.0000000000107955    0.0000000000107712    0.0000000000107761
219.0    0.0000000000106886    0.0000000000107425    0.0000000000107063    0.0000000000106738    0.0000000000106848
221.0    0.0000000000105909    0.0000000000106323    0.0000000000106089    0.0000000000105658    0.0000000000105852
223.0    0.0000000000104806    0.0000000000105110    0.0000000000105083    0.0000000000104542    0.0000000000104783
225.0    0.0000000000103641    0.0000000000103824    0.0000000000104017    0.0000000000103316    0.0000000000103702
227.0    0.0000000000102436    0.0000000000102557    0.0000000000102857    0.0000000000102059    0.0000000000102582
229.0    0.0000000000101216    0.0000000000101296    0.0000000000101669    0.0000000000100856    0.0000000000101391
231.0    0.0000000000100052    0.0000000000100022    0.0000000000100521    0.0000000000099621    0.0000000000100198
233.0    0.0000000000098866    0.0000000000098808    0.0000000000099380    0.0000000000098425    0.0000000000099018
235.0    0.0000000000097714    0.0000000000097707    0.0000000000098208    0.0000000000097325    0.0000000000097908
237.0    0.0000000000096601    0.0000000000096670    0.0000000000097062    0.0000000000096269    0.0000000000096824
239.0    0.0000000000095522    0.0000000000095647    0.0000000000095989    0.0000000000095202    0.0000000000095718
241.0    0.0000000000094468    0.0000000000094659    0.0000000000094936    0.0000000000094159    0.0000000000094632
243.0    0.0000000000093424    0.0000000000093681    0.0000000000093851    0.0000000000093168    0.0000000000093557
245.0    0.0000000000092420    0.0000000000092727    0.0000000000092770    0.0000000000092121    0.0000000000092481
247.0    0.0000000000091356    0.0000000000091738    0.0000000000091727    0.0000000000091047    0.0000000000091439
249.0    0.0000000000090263    0.0000000000090659    0.0000000000090668    0.0000000000089985    0.0000000000090377
251.0    0.0000000000089134    0.0000000000089518    0.0000000000089538    0.0000000000088830    0.0000000000089241
253.0    0.0000000000087968    0.0000000000088315    0.0000000000088379    0.0000000000087630    0.0000000000088075
255.0    0.0000000000086813    0.0000000000087106    0.0000000000087241    0.0000000000086445    0.0000000000086878
257.0    0.0000000000085581    0.0000000000085857    0.0000000000086076    0.0000000000085175    0.0000000000085706
259.0    0.0000000000084328    0.0000000000084532    0.0000000000084841    0.0000000000083887    0.0000000000084517
261.0    0.0000000000083066    0.0000000000083200    0.0000000000083592    0.0000000000082650    0.0000000000083266
263.0    0.0000000000081806    0.0000000000081879    0.0000000000082391    0.0000000000081366    0.0000000000082015
265.0    0.0000000000080609    0.0000000000080634    0.0000000000081196    0.0000000000080102    0.0000000000080773
267.0    0.0000000000079384    0.0000000000079424    0.0000000000079962    0.0000000000078920    0.0000000000079599
269.0    0.0000000000078187    0.0000000000078209    0.0000000000078749    0.0000000000077719    0.0000000000078447
271.0    0.0000000000077023    0.0000000000077042    0.0000000000077610    0.0000000000076555    0.0000000000077271
273.0    0.0000000000075892    0.0000000000075918    0.0000000000076499    0.0000000000075476    0.0000000000076125
275.0    0.0000000000074793    0.0000000000074874    0.0000000000075368    0.0000000000074380    0.0000000000075009
277.0    0.0000000000073723    0.0000000000073859    0.0000000000074310    0.0000000000073312    0.0000000000073920
279.0    0.0000000000072718    0.0000000000072825    0.0000000000073277    0.0000000000072312    0.0000000000072899
281.0    0.0000000000071690    0.0000000000071804    0.0000000000072221    0.0000000000071328    0.0000000000071897
283.0    0.0000000000070678    0.0000000000070792    0.0000000000071185    0.0000000000070312    0.0000000000070870
285.0    0.0000000000069678    0.0000000000069821    0.0000000000070207    0.0000000000069306    0.0000000000069857
287.0    0.0000000000068689    0.0000000000068853    0.0000000000069243    0.0000000000068351    0.0000000000068858
289.0    0.0000000000067750    0.0000000000067849    0.0000000000068250    0.0000000000067362    0.0000000000067912
291.0    0.0000000000066782    0.0000000000066851    0.0000000000067271    0.0000000000066384    0.0000000000066979
293.0    0.0000000000065827    0.0000000000065865    0.0000000000066345    0.0000000000065462    0.0000000000066019
295.0    0.0000000000064889    0.0000000000064933    0.0000000000065434    0.0000000000064515    0.0000000000065076
297.0    0.0000000000063970    0.0000000000064021    0.0000000000064501    0.0000000000063590    0.0000000000064151
299.0    0.0000000000063108    0.0000000000063100    0.0000000000063588    0.0000000000062728    0.0000000000063285
301.0    0.0000000000062235    0.0000000000062210    0.0000000000062734    0.0000000000061853    0.0000000000062441
303.0    0.0000000000061387    0.0000000000061352    0.0000000000061903    0.0000000000061006    0.0000000000061584
305.0    0.0000000000060567    0.0000000000060559    0.0000000000061059    0.0000000000060224    0.0000000000060753
307.0    0.0000000000059773    0.0000000000059796    0.0000000000060241    0.0000000000059433    0.0000000000059948
309.0    0.0000000000059005    0.0000000000059031    0.0000000000059481    0.0000000000058669    0.0000000000059168
311.0    0.0000000000058261    0.0000000000058293    0.0000000000058743    0.0000000000057960    0.0000000000058442
313.0    0.0000000000057567    0.0000000000057576    0.0000000000057995    0.0000000000057240    0.0000000000057736
315.0    0.0000000000056863    0.0000000000056905    0.0000000000057268    0.0000000000056539    0.0000000000057019
317.0    0.0000000000056175    0.0000000000056247    0.0000000000056588    0.0000000000055882    0.0000000000056320
319.0    0.0000000000055502    0.0000000000055575    0.0000000000055924    0.0000000000055209    0.0000000000055636
321.0    0.0000000000054840    0.0000000000054913    0.0000000000055244    0.0000000000054546    0.0000000000054993
323.0    0.0000000000054216    0.0000000000054258    0.0000000000054578    0.0000000000053922    0.0000000000054361
325.0    0.0000000000053574    0.0000000000053637    0.0000000000053950    0.0000000000053277    0.0000000000053711
327.0    0.0000000000052941    0.0000000000053022    0.0000000000053331    0.0000000000052641    0.0000000000053071
329.0    0.0000000000052317    0.0000000000052390    0.0000000000052694    0.0000000000052040    0.0000000000052440
331.0    0.0000000000051700    0.0000000000051767    0.0000000000052065    0.0000000000051446    0.0000000000051842
333.0    0.0000000000051090    0.0000000000051152    0.0000000000051470    0.0000000000050832    0.0000000000051252
335.0    0.0000000000050488    0.0000000000050569    0.0000000000050881    0.0000000000050226    0.0000000000050644
337.0    0.0000000000049916    0.0000000000049994    0.0000000000050275    0.0000000000049653    0.0000000000050042
339.0    0.0000000000049327    0.0000000000049404    0.0000000000049674    0.0000000000049061    0.0000000000049447
341.0    0.0000000000048744    0.0000000000048821    0.0000000000049105    0.0000000000048475    0.0000000000048858
343.0    0.0000000000048167    0.0000000000048245    0.0000000000048541    0.0000000000047919    0.0000000000048299
345.0    0.0000000000047594    0.0000000000047694    0.0000000000047957    0.0000000000047342    0.0000000000047744
347.0    0.0000000000047047    0.0000000000047148    0.0000000000047378    0.0000000000046768    0.0000000000047168
349.0    0.0000000000046481    0.0000000000046581    0.0000000000046826    0.0000000000046222    0.0000000000046596
351.0    0.0000000000045916    0.0000000000046015    0.0000000000046277    0.0000000000045652    0.0000000000046026
353.0    0.0000000000045353    0.0000000000045471    0.0000000000045706    0.0000000000045084    0.0000000000045482
355.0    0.0000000000044792    0.0000000000044927    0.0000000000045136    0.0000000000044540    0.0000000000044939
357.0    0.0000000000044253    0.0000000000044361    0.0000000000044592    0.0000000000043973    0.0000000000044373
359.0    0.0000000000043692    0.0000000000043795    0.0000000000044048    0.0000000000043406    0.0000000000043808
361.0    0.0000000000043132    0.0000000000043228    0.0000000000043482    0.0000000000042863    0.0000000000043244
363.0    0.0000000000042572    0.0000000000042683    0.0000000000042917    0.0000000000042297    0.0000000000042704
365.0    0.0000000000042013    0.0000000000042139    0.0000000000042375    0.0000000000041732    0.0000000000042165
367.0    0.0000000000041455    0.0000000000041575    0.0000000000041835    0.0000000000041192    0.0000000000041603
369.0    0.0000000000040899    0.0000000000041012    0.0000000000041272    0.0000000000040629    0.0000000000041043
371.0    0.0000000000040366    0.0000000000040452    0.0000000000040711    0.0000000000040068    0.0000000000040483
373.0    0.0000000000039812    0.0000000000039914    0.0000000000040174    0.0000000000039532    0.0000000000039926
375.0    0.0000000000039260    0.0000000000039379    0.0000000000039638    0.0000000000038999    0.0000000000039393
377.0    0.0000000000038709    0.0000000000038825    0.0000000000039081    0.0000000000038443    0.0000000000038861
379.0    0.0000000000038161    0.0000000000038272    0.0000000000038526    0.0000000000037888    0.0000000000038308
381.0    0.0000000000037636    0.0000000000037721    0.0000000000037995    0.0000000000037360    0.0000000000037757
383.0    0.0000000000037090    0.0000000000037192    0.0000000000037466    0.0000000000036809    0.0000000000037207
385.0    0.0000000000036547    0.0000000000036665    0.0000000000036916    0.0000000000036260    0.0000000000036682
387.0    0.0000000000036005    0.0000000000036117    0.0000000000036367    0.0000000000035737    0.0000000000036159
389.0    0.0000000000035465    0.0000000000035571    0.0000000000035844    0.0000000000035191    0.0000000000035614
391.0    0.0000000000034928    0.0000000000035026    0.0000000000035322    0.0000000000034648    0.0000000000035072
393.0    0.0000000000034392    0.0000000000034503    0.0000000000034781    0.0000000000034131    0.0000000000034532
395.0    0.0000000000033881    0.0000000000033982    0.0000000000034242    0.0000000000033593    0.0000000000034017
397.0    0.0000000000033352    0.0000000000033442    0.0000000000033728    0.0000000000033059    0.0000000000033505
399.0    0.0000000000032826    0.0000000000032905    0.0000000000033219    0.0000000000032552    0.0000000000032975
401.0    0.0000000000032305    0.0000000000032372    0.0000000000032691    0.0000000000032027    0.0000000000032448
403.0    0.0000000000031790    0.0000000000031862    0.0000000000032169    0.0000000000031508    0.0000000000031927
405.0    0.0000000000031302    0.0000000000031358    0.0000000000031675    0.0000000000031018    0.0000000000031412
407.0    0.0000000000030801    0.0000000000030838    0.0000000000031188    0.0000000000030516    0.0000000000030926
409.0    0.0000000000030309    0.0000000000030325    0.0000000000030689    0.0000000000030023    0.0000000000030448
411.0    0.0000000000029830    0.0000000000029821    0.0000000000030201    0.0000000000029564    0.0000000000029959
413.0    0.0000000000029364    0.0000000000029344    0.0000000000029747    0.0000000000029100    0.0000000000029483
415.0    0.0000000000028932    0.0000000000028877    0.0000000000029307    0.0000000000028653    0.0000000000029022
417.0    0.0000000000028502    0.0000000000028404    0.0000000000028867    0.0000000000028247    0.0000000000028597
419.0    0.0000000000028095    0.0000000000027947    0.0000000000028451    0.0000000000027849    0.0000000000028193
421.0    0.0000000000027719    0.0000000000027508    0.0000000000028079    0.0000000000027484    0.0000000000027797
423.0    0.0000000000027377    0.0000000000027107    0.0000000000027739    0.0000000000027171    0.0000000000027433
425.0    0.0000000000027079    0.0000000000026730    0.0000000000027426    0.0000000000026903    0.0000000000027109
427.0    0.0000000000026833    0.0000000000026370    0.0000000000027163    0.0000000000026681    0.0000000000026831
429.0    0.0000000000026657    0.0000000000026049    0.0000000000026970    0.0000000000026529    0.0000000000026620
431.0    0.0000000000026551    0.0000000000025776    0.0000000000026847    0.0000000000026466    0.0000000000026473
433.0    0.0000000000026539    0.0000000000025567    0.0000000000026807    0.0000000000026506    0.0000000000026404
435.0    0.0000000000026643    0.0000000000025425    0.0000000000026880    0.0000000000026673    0.0000000000026438
437.0    0.0000000000026886    0.0000000000025360    0.0000000000027077    0.0000000000026982    0.0000000000026599
439.0    0.0000000000027282    0.0000000000025401    0.0000000000027427    0.0000000000027495    0.0000000000026898
441.0    0.0000000000027899    0.0000000000025570    0.0000000000027987    0.0000000000028239    0.0000000000027371
443.0    0.0000000000028764    0.0000000000025879    0.0000000000028789    0.0000000000029217    0.0000000000028086
445.0    0.0000000000029938    0.0000000000026367    0.0000000000029832    0.0000000000030580    0.0000000000029078
447.0    0.0000000000031477    0.0000000000027103    0.0000000000031205    0.0000000000032354    0.0000000000030405
449.0    0.0000000000033376    0.0000000000028123    0.0000000000033052    0.0000000000034523    0.0000000000032054
451.0    0.0000000000035884    0.0000000000029492    0.0000000000035412    0.0000000000037388    0.0000000000034158
453.0    0.0000000000039025    0.0000000000031205    0.0000000000038247    0.0000000000040969    0.0000000000036925
455.0    0.0000000000042948    0.0000000000033399    0.0000000000041767    0.0000000000045212    0.0000000000040396
457.0    0.0000000000047779    0.0000000000036289    0.0000000000046293    0.0000000000050672    0.0000000000044715
459.0    0.0000000000053723    0.0000000000039931    0.0000000000051862    0.0000000000057348    0.0000000000050047
461.0    0.0000000000060955    0.0000000000044486    0.0000000000058350    0.0000000000065111    0.0000000000056279
463.0    0.0000000000069354    0.0000000000049892    0.0000000000066198    0.0000000000074932    0.0000000000063841
465.0    0.0000000000079895    0.0000000000056527    0.0000000000076057    0.0000000000086759    0.0000000000073370
467.0    0.0000000000092533    0.0000000000064956    0.0000000000087931    0.0000000000100317    0.0000000000084884
469.0    0.0000000000107694    0.0000000000075249    0.0000000000101503    0.0000000000116418    0.0000000000098731
471.0    0.0000000000125719    0.0000000000087217    0.0000000000117627    0.0000000000136433    0.0000000000114538
473.0    0.0000000000146204    0.0000000000101629    0.0000000000137541    0.0000000000160130    0.0000000000133296
475.0    0.0000000000171376    0.0000000000119605    0.0000000000161122    0.0000000000186857    0.0000000000156435
477.0    0.0000000000200948    0.0000000000141170    0.0000000000187650    0.0000000000219682    0.0000000000183805
479.0    0.0000000000235702    0.0000000000166929    0.0000000000218677    0.0000000000258084    0.0000000000216047
481.0    0.0000000000276212    0.0000000000196253    0.0000000000256406    0.0000000000300882    0.0000000000252133
483.0    0.0000000000323437    0.0000000000230836    0.0000000000300385    0.0000000000352824    0.0000000000294123
485.0    0.0000000000378055    0.0000000000273083    0.0000000000349113    0.0000000000412873    0.0000000000344916
487.0    0.0000000000438454    0.0000000000322699    0.0000000000405244    0.0000000000479007    0.0000000000403803
489.0    0.0000000000510663    0.0000000000380716    0.0000000000472465    0.0000000000558313    0.0000000000471794
491.0    0.0000000000593205    0.0000000000445403    0.0000000000549603    0.0000000000648904    0.0000000000549972
493.0    0.0000000000687512    0.0000000000520106    0.0000000000633774    0.0000000000747481    0.0000000000635439
495.0    0.0000000000794458    0.0000000000609456    0.0000000000729256    0.0000000000864266    0.0000000000732562
497.0    0.0000000000910416    0.0000000000712125    0.0000000000841852    0.0000000000996057    0.0000000000847285
499.0    0.0000000001046315    0.0000000000829564    0.0000000000969018    0.0000000001137723    0.0000000000977063
501.0    0.0000000001198594    0.0000000000957715    0.0000000001105645    0.0000000001303502    0.0000000001123248
503.0    0.0000000001369042    0.0000000001102527    0.0000000001258227    0.0000000001488288    0.0000000001279893
505.0    0.0000000001558476    0.0000000001271974    0.0000000001435356    0.0000000001684478    0.0000000001454344
507.0    0.0000000001759769    0.0000000001462327    0.0000000001632192    0.0000000001911215    0.0000000001656267
509.0    0.0000000001990935    0.0000000001675165    0.0000000001840360    0.0000000002160803    0.0000000001879947
511.0    0.0000000002244730    0.0000000001902303    0.0000000002069180    0.0000000002422490    0.0000000002126667
513.0    0.0000000002522893    0.0000000002153277    0.0000000002330606    0.0000000002707422    0.0000000002385663
515.0    0.0000000002825757    0.0000000002440392    0.0000000002616380    0.0000000003031253    0.0000000002668215
517.0    0.0000000003154855    0.0000000002755518    0.0000000002913798    0.0000000003381789    0.0000000002988549
519.0    0.0000000003510184    0.0000000003099734    0.0000000003235503    0.0000000003743191    0.0000000003335896
521.0    0.0000000003876958    0.0000000003458779    0.0000000003597157    0.0000000004148709    0.0000000003710888
523.0    0.0000000004286044    0.0000000003846503    0.0000000003985953    0.0000000004582080    0.0000000004113944
525.0    0.0000000004722243    0.0000000004279941    0.0000000004384077    0.0000000005023179    0.0000000004526527
527.0    0.0000000005186125    0.0000000004744503    0.0000000004807750    0.0000000005511774    0.0000000004965387
529.0    0.0000000005676557    0.0000000005240002    0.0000000005276299    0.0000000006027212    0.0000000005450448
531.0    0.0000000006172223    0.0000000005744953    0.0000000005771598    0.0000000006545089    0.0000000005962824
533.0    0.0000000006713493    0.0000000006277631    0.0000000006270514    0.0000000007111306    0.0000000006501643
535.0    0.0000000007278522    0.0000000006859304    0.0000000006792771    0.0000000007700897    0.0000000007041582
537.0    0.0000000007866432    0.0000000007467870    0.0000000007360876    0.0000000008285585    0.0000000007603773
539.0    0.0000000008474877    0.0000000008101427    0.0000000007951270    0.0000000008916519    0.0000000008211976
541.0    0.0000000009102360    0.0000000008731977    0.0000000008536195    0.0000000009564924    0.0000000008840398
543.0    0.0000000009746156    0.0000000009381545    0.0000000009138384    0.0000000010199523    0.0000000009486787
545.0    0.0000000010377567    0.0000000010074165    0.0000000009782598    0.0000000010875333    0.0000000010120708
547.0    0.0000000011046585    0.0000000010781269    0.0000000010412936    0.0000000011560755    0.0000000010766642
549.0    0.0000000011724208    0.0000000011499538    0.0000000011053842    0.0000000012222709    0.0000000011450442
551.0    0.0000000012407669    0.0000000012197467    0.0000000011730933    0.0000000012918367    0.0000000012141392
553.0    0.0000000013093900    0.0000000012899362    0.0000000012413767    0.0000000013614564    0.0000000012836383
555.0    0.0000000013752475    0.0000000013629900    0.0000000013070727    0.0000000014278045    0.0000000013532208
557.0    0.0000000014435238    0.0000000014357477    0.0000000013727492    0.0000000014966042    0.0000000014196945
559.0    0.0000000015111883    0.0000000015078400    0.0000000014409750    0.0000000015645391    0.0000000014856692
561.0    0.0000000015779246    0.0000000015762067    0.0000000015085883    0.0000000016284218    0.0000000015536942
563.0    0.0000000016434800    0.0000000016433092    0.0000000015725464    0.0000000016909845    0.0000000016205917
565.0    0.0000000017050292    0.0000000017114731    0.0000000016354108    0.0000000017547133    0.0000000016860725
567.0    0.0000000017674623    0.0000000017776762    0.0000000016996100    0.0000000018165327    0.0000000017472645
569.0    0.0000000018279883    0.0000000018416492    0.0000000017621308    0.0000000018736400    0.0000000018066742
571.0    0.0000000018863538    0.0000000019008500    0.0000000018202736    0.0000000019310317    0.0000000018665942
573.0    0.0000000019424383    0.0000000019575508    0.0000000018764550    0.0000000019859564    0.0000000019241975
575.0    0.0000000019960323    0.0000000020137500    0.0000000019328592    0.0000000020360136    0.0000000019793142
577.0    0.0000000020470758    0.0000000020669762    0.0000000019868342    0.0000000020856517    0.0000000020296973
579.0    0.0000000020935458    0.0000000021171300    0.0000000020361773    0.0000000021325209    0.0000000020775425
581.0    0.0000000021392500    0.0000000021624183    0.0000000020830525    0.0000000021746655    0.0000000021247475
583.0    0.0000000021822175    0.0000000022047400    0.0000000021293208    0.0000000022159033    0.0000000021691108
585.0    0.0000000022223646    0.0000000022456792    0.0000000021728300    0.0000000022543282    0.0000000022106083
587.0    0.0000000022597783    0.0000000022834900    0.0000000022119364    0.0000000022884264    0.0000000022492533
589.0    0.0000000022931100    0.0000000023169767    0.0000000022484675    0.0000000023213550    0.0000000022836618
591.0    0.0000000023251977    0.0000000023476769    0.0000000022839283    0.0000000023516455    0.0000000023154883
593.0    0.0000000023547292    0.0000000023768092    0.0000000023167075    0.0000000023781864    0.0000000023460892
595.0    0.0000000023817346    0.0000000024032008    0.0000000023456945    0.0000000024035000    0.0000000023740925
597.0    0.0000000024063875    0.0000000024269992    0.0000000023723400    0.0000000024265109    0.0000000023996183
599.0    0.0000000024279167    0.0000000024475925    0.0000000023977967    0.0000000024464400    0.0000000024218755
601.0    0.0000000024482438    0.0000000024660508    0.0000000024209625    0.0000000024652475    0.0000000024420625
603.0    0.0000000024666108    0.0000000024831869    0.0000000024411482    0.0000000024821700    0.0000000024611000
605.0    0.0000000024831115    0.0000000024983877    0.0000000024594417    0.0000000024967036    0.0000000024781975
607.0    0.0000000024979433    0.0000000025118215    0.0000000024766992    0.0000000025097682    0.0000000024935108
609.0    0.0000000025112146    0.0000000025232425    0.0000000024922167    0.0000000025220017    0.0000000025066655
611.0    0.0000000025231125    0.0000000025333262    0.0000000025056064    0.0000000025329555    0.0000000025184400
613.0    0.0000000025333575    0.0000000025425823    0.0000000025176517    0.0000000025423536    0.0000000025294358
615.0    0.0000000025429485    0.0000000025507246    0.0000000025289600    0.0000000025511950    0.0000000025392492
617.0    0.0000000025515958    0.0000000025579100    0.0000000025391200    0.0000000025591964    0.0000000025480300
619.0    0.0000000025594108    0.0000000025640583    0.0000000025479218    0.0000000025661736    0.0000000025559225
621.0    0.0000000025665542    0.0000000025695731    0.0000000025559142    0.0000000025728950    0.0000000025627818
623.0    0.0000000025728900    0.0000000025747731    0.0000000025635467    0.0000000025791700    0.0000000025690625
625.0    0.0000000025790600    0.0000000025795492    0.0000000025705783    0.0000000025848591    0.0000000025751317
627.0    0.0000000025849250    0.0000000025840185    0.0000000025768782    0.0000000025906042    0.0000000025808300
629.0    0.0000000025905915    0.0000000025881317    0.0000000025828558    0.0000000025962527    0.0000000025862700
631.0    0.0000000025961733    0.0000000025921631    0.0000000025888667    0.0000000026016727    0.0000000025913500
633.0    0.0000000026017808    0.0000000025963669    0.0000000025947650    0.0000000026074617    0.0000000025964008
635.0    0.0000000026075167    0.0000000026006823    0.0000000026004127    0.0000000026134755    0.0000000026017400
637.0    0.0000000026132442    0.0000000026052108    0.0000000026061583    0.0000000026195373    0.0000000026072533
639.0    0.0000000026195346    0.0000000026098467    0.0000000026123558    0.0000000026263025    0.0000000026130442
641.0    0.0000000026262492    0.0000000026148585    0.0000000026188658    0.0000000026335882    0.0000000026192125
643.0    0.0000000026334892    0.0000000026205469    0.0000000026254891    0.0000000026411482    0.0000000026255700
645.0    0.0000000026413450    0.0000000026268223    0.0000000026325917    0.0000000026497667    0.0000000026324592
647.0    0.0000000026495608    0.0000000026337754    0.0000000026405942    0.0000000026591900    0.0000000026402983
649.0    0.0000000026589138    0.0000000026411875    0.0000000026493033    0.0000000026690664    0.0000000026489008
651.0    0.0000000026691542    0.0000000026494169    0.0000000026583964    0.0000000026803825    0.0000000026583658
653.0    0.0000000026803977    0.0000000026589177    0.0000000026683250    0.0000000026927845    0.0000000026683282
655.0    0.0000000026927100    0.0000000026694838    0.0000000026796500    0.0000000027057718    0.0000000026792725
657.0    0.0000000027056400    0.0000000026812169    0.0000000026920558    0.0000000027199300    0.0000000026918017
659.0    0.0000000027203485    0.0000000026936825    0.0000000027050400    0.0000000027360825    0.0000000027055742
661.0    0.0000000027363867    0.0000000027074269    0.0000000027192033    0.0000000027536682    0.0000000027206800
663.0    0.0000000027538762    0.0000000027231492    0.0000000027352950    0.0000000027719373    0.0000000027364827
665.0    0.0000000027728542    0.0000000027404292    0.0000000027528242    0.0000000027926308    0.0000000027536950
667.0    0.0000000027934431    0.0000000027593669    0.0000000027710373    0.0000000028149882    0.0000000027732075
669.0    0.0000000028156708    0.0000000027792133    0.0000000027907400    0.0000000028380345    0.0000000027943992
671.0    0.0000000028386483    0.0000000028007785    0.0000000028129233    0.0000000028639217    0.0000000028173425
673.0    0.0000000028643485    0.0000000028250738    0.0000000028368450    0.0000000028916600    0.0000000028421142
675.0    0.0000000028918692    0.0000000028513608    0.0000000028614491    0.0000000029200073    0.0000000028676127
677.0    0.0000000029213023    0.0000000028797054    0.0000000028877817    0.0000000029515750    0.0000000028949242
679.0    0.0000000029526367    0.0000000029089425    0.0000000029171108    0.0000000029851073    0.0000000029253600
681.0    0.0000000029845675    0.0000000029402031    0.0000000029483792    0.0000000030190782    0.0000000029578217
683.0    0.0000000030197762    0.0000000029748569    0.0000000029801818    0.0000000030565758    0.0000000029923417
685.0    0.0000000030569333    0.0000000030117292    0.0000000030138375    0.0000000030960591    0.0000000030273509
687.0    0.0000000030960908    0.0000000030508315    0.0000000030508975    0.0000000031357036    0.0000000030642917
689.0    0.0000000031371758    0.0000000030905083    0.0000000030899550    0.0000000031790875    0.0000000031048458
691.0    0.0000000031802138    0.0000000031322515    0.0000000031292264    0.0000000032243636    0.0000000031474400
693.0    0.0000000032251050    0.0000000031777715    0.0000000031703158    0.0000000032694336    0.0000000031920400
695.0    0.0000000032699317    0.0000000032254023    0.0000000032150500    0.0000000033183217    0.0000000032366009
697.0    0.0000000033183669    0.0000000032750754    0.0000000032616417    0.0000000033689027    0.0000000032829225
699.0    0.0000000033684592    0.0000000033246717    0.0000000033079664    0.0000000034188200    0.0000000033330225
701.0    0.0000000034201638    0.0000000033760054    0.0000000033558900    0.0000000034701327    0.0000000033848442
703.0    0.0000000034733367    0.0000000034310892    0.0000000034074825    0.0000000035251683    0.0000000034382850
705.0    0.0000000035256900    0.0000000034877885    0.0000000034606050    0.0000000035814755    0.0000000034932292
707.0    0.0000000035814615    0.0000000035436833    0.0000000035128364    0.0000000036364300    0.0000000035471673
709.0    0.0000000036383517    0.0000000036008138    0.0000000035662850    0.0000000036948883    0.0000000036022625
711.0    0.0000000036962477    0.0000000036613577    0.0000000036232008    0.0000000037542164    0.0000000036608283
713.0    0.0000000037549867    0.0000000037228869    0.0000000036811625    0.0000000038116582    0.0000000037203458
715.0    0.0000000038120500    0.0000000037852223    0.0000000037375500    0.0000000038722858    0.0000000037806617
717.0    0.0000000038720500    0.0000000038457467    0.0000000037946492    0.0000000039333464    0.0000000038390600
719.0    0.0000000039324658    0.0000000039066900    0.0000000038548317    0.0000000039920291    0.0000000038979092
721.0    0.0000000039931600    0.0000000039703308    0.0000000039154858    0.0000000040535250    0.0000000039596350
723.0    0.0000000040539892    0.0000000040340569    0.0000000039739236    0.0000000041150273    0.0000000040215333
725.0    0.0000000041148177    0.0000000040976946    0.0000000040325317    0.0000000041737418    0.0000000040834500
727.0    0.0000000041755142    0.0000000041586483    0.0000000040937383    0.0000000042348817    0.0000000041426718
729.0    0.0000000042335425    0.0000000042192215    0.0000000041548650    0.0000000042956655    0.0000000042016525
731.0    0.0000000042936292    0.0000000042816823    0.0000000042132527    0.0000000043533673    0.0000000042628225
733.0    0.0000000043532550    0.0000000043434638    0.0000000042713425    0.0000000044131425    0.0000000043234908
735.0    0.0000000044123200    0.0000000044044500    0.0000000043315467    0.0000000044722918    0.0000000043835525
737.0    0.0000000044707600    0.0000000044622558    0.0000000043912333    0.0000000045282109    0.0000000044429267
739.0    0.0000000045262058    0.0000000045191523    0.0000000044478755    0.0000000045859350    0.0000000044991064
741.0    0.0000000045832292    0.0000000045773192    0.0000000045038967    0.0000000046428836    0.0000000045545167
743.0    0.0000000046394833    0.0000000046344123    0.0000000045616567    0.0000000046966000    0.0000000046114942
745.0    0.0000000046949300    0.0000000046904100    0.0000000046186567    0.0000000047519533    0.0000000046675758
747.0    0.0000000047495833    0.0000000047432242    0.0000000046725518    0.0000000048065209    0.0000000047227567
749.0    0.0000000048012992    0.0000000047950277    0.0000000047257092    0.0000000048579791    0.0000000047748000
751.0    0.0000000048544085    0.0000000048478769    0.0000000047804067    0.0000000049087536    0.0000000048260283
753.0    0.0000000049067908    0.0000000048997338    0.0000000048343308    0.0000000049611517    0.0000000048786667
755.0    0.0000000049584754    0.0000000049506615    0.0000000048853173    0.0000000050129191    0.0000000049305158
757.0    0.0000000050095375    0.0000000049988375    0.0000000049356517    0.0000000050618955    0.0000000049816383
759.0    0.0000000050600292    0.0000000050463131    0.0000000049875442    0.0000000051126117    0.0000000050300227
761.0    0.0000000051100433    0.0000000050950569    0.0000000050388550    0.0000000051629236    0.0000000050778775
763.0    0.0000000051576742    0.0000000051432708    0.0000000050875527    0.0000000052107436    0.0000000051273483
765.0    0.0000000052069808    0.0000000051910785    0.0000000051358450    0.0000000052605142    0.0000000051764383
767.0    0.0000000052560650    0.0000000052367867    0.0000000051859050    0.0000000053101500    0.0000000052252550
769.0    0.0000000053050177    0.0000000052823500    0.0000000052357083    0.0000000053575918    0.0000000052739050
771.0    0.0000000053539367    0.0000000053297154    0.0000000052832836    0.0000000054072458    0.0000000053204700
773.0    0.0000000054009558    0.0000000053771823    0.0000000053307958    0.0000000054570418    0.0000000053670775
775.0    0.0000000054500792    0.0000000054248823    0.0000000053803933    0.0000000055048936    0.0000000054158558
777.0    0.0000000054994308    0.0000000054710675    0.0000000054301067    0.0000000055552333    0.0000000054648792
779.0    0.0000000055491046    0.0000000055176823    0.0000000054779364    0.0000000056059573    0.0000000055142458
781.0    0.0000000055991617    0.0000000055667000    0.0000000055260308    0.0000000056549045    0.0000000055619555
783.0    0.0000000056496823    0.0000000056163615    0.0000000055765650    0.0000000057065867    0.0000000056101350
785.0    0.0000000057007125    0.0000000056667438    0.0000000056275283    0.0000000057588245    0.0000000056609658
787.0    0.0000000057502325    0.0000000057159242    0.0000000056768282    0.0000000058093573    0.0000000057124292
789.0    0.0000000058024085    0.0000000057658869    0.0000000057266325    0.0000000058628117    0.0000000057645717
791.0    0.0000000058552067    0.0000000058186962    0.0000000057791717    0.0000000059169027    0.0000000058152027
793.0    0.0000000059086569    0.0000000058723938    0.0000000058323258    0.0000000059692618    0.0000000058665217
795.0    0.0000000059627525    0.0000000059269885    0.0000000058838636    0.0000000060222164    0.0000000059207967
797.0    0.0000000060153008    0.0000000059803125    0.0000000059360033    0.0000000060782050    0.0000000059758133
799.0    0.0000000060706623    0.0000000060344462    0.0000000059910450    0.0000000061347982    0.0000000060315617
801.0    0.0000000061266283    0.0000000060915523    0.0000000060467292    0.0000000061894782    0.0000000060880142
803.0    0.0000000061831800    0.0000000061494377    0.0000000061006709    0.0000000062471758    0.0000000061427373
805.0    0.0000000062402633    0.0000000062080400    0.0000000061551625    0.0000000063053555    0.0000000061980408
807.0    0.0000000062955250    0.0000000062649967    0.0000000062125675    0.0000000063614173    0.0000000062563033
809.0    0.0000000063535177    0.0000000063224838    0.0000000062704808    0.0000000064203958    0.0000000063150717
811.0    0.0000000064118792    0.0000000063827431    0.0000000063264082    0.0000000064796809    0.0000000063742783
813.0    0.0000000064705531    0.0000000064433908    0.0000000063827075    0.0000000065366164    0.0000000064313564
815.0    0.0000000065294642    0.0000000065043315    0.0000000064417850    0.0000000065963083    0.0000000064887008
817.0    0.0000000065885485    0.0000000065631125    0.0000000065011325    0.0000000066561000    0.0000000065487367
819.0    0.0000000066477325    0.0000000066219800    0.0000000065581945    0.0000000067133236    0.0000000066088958
821.0    0.0000000067045767    0.0000000066832015    0.0000000066153808    0.0000000067731100    0.0000000066690958
823.0    0.0000000067637531    0.0000000067443277    0.0000000066751150    0.0000000068327955    0.0000000067267518
825.0    0.0000000068228267    0.0000000068029250    0.0000000067323555    0.0000000068897318    0.0000000067843000
827.0    0.0000000068817323    0.0000000068612692    0.0000000067895275    0.0000000069490367    0.0000000068441683
829.0    0.0000000069404192    0.0000000069216031    0.0000000068490542    0.0000000070080700    0.0000000069037792
831.0    0.0000000069964992    0.0000000069815177    0.0000000069083850    0.0000000070642418    0.0000000069630742
833.0    0.0000000070546008    0.0000000070409477    0.0000000069650100    0.0000000071226117    0.0000000070219958
835.0    0.0000000071123492    0.0000000070975900    0.0000000070213592    0.0000000071805991    0.0000000070780718
837.0    0.0000000071697031    0.0000000071536946    0.0000000070798275    0.0000000072356745    0.0000000071337217
839.0    0.0000000072266458    0.0000000072114546    0.0000000071379200    0.0000000072928317    0.0000000071913183
841.0    0.0000000072831562    0.0000000072685915    0.0000000071932155    0.0000000073495573    0.0000000072484100
843.0    0.0000000073392308    0.0000000073250962    0.0000000072481142    0.0000000074034009    0.0000000073049850
845.0    0.0000000073926450    0.0000000073788450    0.0000000073049792    0.0000000074568518    0.0000000073587236
847.0    0.0000000074478546    0.0000000074320177    0.0000000073613992    0.0000000075123150    0.0000000074119825
849.0    0.0000000075026508    0.0000000074867462    0.0000000074150573    0.0000000075673827    0.0000000074670775
851.0    0.0000000075570392    0.0000000075409208    0.0000000074683175    0.0000000076196991    0.0000000075217000
853.0    0.0000000076110550    0.0000000075945838    0.0000000075234933    0.0000000076740533    0.0000000075758833
855.0    0.0000000076625808    0.0000000076457558    0.0000000075782742    0.0000000077281000    0.0000000076296633
857.0    0.0000000077159477    0.0000000076965462    0.0000000076304364    0.0000000077795345    0.0000000076808691
859.0    0.0000000077690425    0.0000000077490362    0.0000000076822883    0.0000000078330758    0.0000000077317817
861.0    0.0000000078219015    0.0000000078012485    0.0000000077361100    0.0000000078864264    0.0000000077846550
863.0    0.0000000078745725    0.0000000078532531    0.0000000077896750    0.0000000079373155    0.0000000078373192
865.0    0.0000000079249967    0.0000000079031242    0.0000000078408118    0.0000000079904067    0.0000000078898317
867.0    0.0000000079774177    0.0000000079529300    0.0000000078917875    0.0000000080434282    0.0000000079400618
869.0    0.0000000080297750    0.0000000080047208    0.0000000079448567    0.0000000080941164    0.0000000079902500
871.0    0.0000000080821092    0.0000000080565685    0.0000000079978442    0.0000000081471100    0.0000000080426250
873.0    0.0000000081344558    0.0000000081085369    0.0000000080485827    0.0000000082001400    0.0000000080950533
875.0    0.0000000081868446    0.0000000081586667    0.0000000080993142    0.0000000082509209    0.0000000081475792
877.0    0.0000000082393067    0.0000000082089977    0.0000000081522825    0.0000000083040867    0.0000000081980427
879.0    0.0000000082897600    0.0000000082615938    0.0000000082053083    0.0000000083573518    0.0000000082486617
881.0    0.0000000083424269    0.0000000083144785    0.0000000082562045    0.0000000084084000    0.0000000083016692
883.0    0.0000000083952142    0.0000000083676708    0.0000000083072025    0.0000000084618742    0.0000000083548867
885.0    0.0000000084481285    0.0000000084191200    0.0000000083605300    0.0000000085154518    0.0000000084083292
887.0    0.0000000085011642    0.0000000084708723    0.0000000084139875    0.0000000085667855    0.0000000084619908
889.0    0.0000000085521875    0.0000000085250046    0.0000000084653345    0.0000000086181882    0.0000000085136200
891.0    0.0000000086054277    0.0000000085794346    0.0000000085167967    0.0000000086719717    0.0000000085654367
893.0    0.0000000086587375    0.0000000086341338    0.0000000085706008    0.0000000087257727    0.0000000086196767
895.0    0.0000000087120877    0.0000000086869450    0.0000000086244917    0.0000000087772136    0.0000000086740675
897.0    0.0000000087654392    0.0000000087399277    0.0000000086761918    0.0000000088309242    0.0000000087285575
899.0    0.0000000088166150    0.0000000087951562    0.0000000087279142    0.0000000088845182    0.0000000087808327
901.0    0.0000000088698331    0.0000000088504454    0.0000000087818683    0.0000000089356191    0.0000000088331083
903.0    0.0000000089229033    0.0000000089057262    0.0000000088357575    0.0000000089888092    0.0000000088875992
905.0    0.0000000089757662    0.0000000089587950    0.0000000088872936    0.0000000090417082    0.0000000089419617
907.0    0.0000000090283600    0.0000000090117023    0.0000000089386633    0.0000000090919645    0.0000000089961258
909.0    0.0000000090806100    0.0000000090664762    0.0000000089920383    0.0000000091440758    0.0000000090477773
911.0    0.0000000091324608    0.0000000091208923    0.0000000090451092    0.0000000091956945    0.0000000090990942
913.0    0.0000000091817858    0.0000000091748585    0.0000000090956209    0.0000000092445273    0.0000000091522150
915.0    0.0000000092326208    0.0000000092262450    0.0000000091457192    0.0000000092949458    0.0000000092048183
917.0    0.0000000092828492    0.0000000092770315    0.0000000091974942    0.0000000093446609    0.0000000092568142
919.0    0.0000000093323754    0.0000000093291346    0.0000000092486833    0.0000000093914818    0.0000000093081225
921.0    0.0000000093811567    0.0000000093804146    0.0000000092971227    0.0000000094395983    0.0000000093565736
923.0    0.0000000094272058    0.0000000094307838    0.0000000093448833    0.0000000094868255    0.0000000094042317
925.0    0.0000000094743031    0.0000000094782817    0.0000000093939442    0.0000000095310936    0.0000000094530658
927.0    0.0000000095204708    0.0000000095247715    0.0000000094421392    0.0000000095763783    0.0000000095009075
929.0    0.0000000095656292    0.0000000095720062    0.0000000094874636    0.0000000096206173    0.0000000095476875
931.0    0.0000000096097583    0.0000000096180277    0.0000000095318750    0.0000000096619000    0.0000000095914755
933.0    0.0000000096527892    0.0000000096627815    0.0000000095772033    0.0000000097021500    0.0000000096341700
935.0    0.0000000096947117    0.0000000097045775    0.0000000096214542    0.0000000097430842    0.0000000096775383
937.0    0.0000000097338675    0.0000000097451023    0.0000000096628100    0.0000000097828636    0.0000000097196475
939.0    0.0000000097735008    0.0000000097858931    0.0000000097030867    0.0000000098197864    0.0000000097604725
941.0    0.0000000098119608    0.0000000098252723    0.0000000097439658    0.0000000098572125    0.0000000097983755
943.0    0.0000000098492146    0.0000000098618058    0.0000000097836350    0.0000000098934664    0.0000000098350442
945.0    0.0000000098852900    0.0000000098970015    0.0000000098205182    0.0000000099270282    0.0000000098720192
947.0    0.0000000099187992    0.0000000099322208    0.0000000098562617    0.0000000099609683    0.0000000099076683
949.0    0.0000000099525515    0.0000000099660385    0.0000000098923725    0.0000000099937836    0.0000000099420067
951.0    0.0000000099851733    0.0000000099984831    0.0000000099272725    0.0000000100241455    0.0000000099750558
953.0    0.0000000100166615    0.0000000100284000    0.0000000099596082    0.0000000100548167    0.0000000100055591
955.0    0.0000000100470833    0.0000000100571308    0.0000000099908525    0.0000000100844727    0.0000000100349000
957.0    0.0000000100753167    0.0000000100857923    0.0000000100223500    0.0000000101119364    0.0000000100643833
959.0    0.0000000101037615    0.0000000101132692    0.0000000100527750    0.0000000101397500    0.0000000100927417
961.0    0.0000000101312583    0.0000000101396000    0.0000000100809364    0.0000000101667273    0.0000000101200250
963.0    0.0000000101578923    0.0000000101639333    0.0000000101081583    0.0000000101918000    0.0000000101452455
965.0    0.0000000101837500    0.0000000101873846    0.0000000101356750    0.0000000102172833    0.0000000101695917
967.0    0.0000000102088462    0.0000000102109077    0.0000000101623167    0.0000000102421818    0.0000000101941583
969.0    0.0000000102333000    0.0000000102336231    0.0000000101870909    0.0000000102654818    0.0000000102179333
971.0    0.0000000102562333    0.0000000102556462    0.0000000102111833    0.0000000102893333    0.0000000102410500
973.0    0.0000000102796462    0.0000000102762333    0.0000000102356750    0.0000000103128364    0.0000000102626182
975.0    0.0000000103026333    0.0000000102963769    0.0000000102596167    0.0000000103350273    0.0000000102837333
977.0    0.0000000103253000    0.0000000103169000    0.0000000102820909    0.0000000103580167    0.0000000103053417
979.0    0.0000000103477333    0.0000000103371231    0.0000000103042167    0.0000000103809000    0.0000000103266333
981.0    0.0000000103691083    0.0000000103571615    0.0000000103269667    0.0000000104027455    0.0000000103477000
983.0    0.0000000103913231    0.0000000103763333    0.0000000103494917    0.0000000104246182    0.0000000103686417
985.0    0.0000000104135583    0.0000000103955077    0.0000000103709545    0.0000000104476417    0.0000000103886818
987.0    0.0000000104359077    0.0000000104155769    0.0000000103923750    0.0000000104708818    0.0000000104087833
989.0    0.0000000104584417    0.0000000104358308    0.0000000104147750    0.0000000104934091    0.0000000104299250
991.0    0.0000000104812692    0.0000000104564000    0.0000000104372917    0.0000000105173500    0.0000000104513083
993.0    0.0000000105044500    0.0000000104765417    0.0000000104591000    0.0000000105416909    0.0000000104730333
995.0    0.0000000105271083    0.0000000104971692    0.0000000104811500    0.0000000105655273    0.0000000104942818
997.0    0.0000000105512462    0.0000000105191769    0.0000000105045583    0.0000000105910333    0.0000000105160000
999.0    0.0000000105759333    0.0000000105418769    0.0000000105284250    0.0000000106172182    0.0000000105392583
1001.0    0.0000000106013000    0.0000000105653077    0.0000000105518000    0.0000000106429636    0.0000000105631917
1003.0    0.0000000106273917    0.0000000105886083    0.0000000105757667    0.0000000106706750    0.0000000105878750
1005.0    0.0000000106531583    0.0000000106127692    0.0000000106014083    0.0000000106992182    0.0000000106123273
1007.0    0.0000000106808231    0.0000000106388154    0.0000000106278417    0.0000000107273636    0.0000000106375917
1009.0    0.0000000107093917    0.0000000106659000    0.0000000106539091    0.0000000107577417    0.0000000106648833
1011.0    0.0000000107388615    0.0000000106940538    0.0000000106807833    0.0000000107890909    0.0000000106931333
1013.0    0.0000000107693333    0.0000000107221833    0.0000000107097250    0.0000000108200455    0.0000000107224833
1015.0    0.0000000107995333    0.0000000107514308    0.0000000107396417    0.0000000108534333    0.0000000107529000
1017.0    0.0000000108319923    0.0000000107829769    0.0000000107692364    0.0000000108879000    0.0000000107831000
1019.0    0.0000000108655333    0.0000000108157923    0.0000000107997917    0.0000000109218818    0.0000000108144083
1021.0    0.0000000109001615    0.0000000108498308    0.0000000108327417    0.0000000109585083    0.0000000108482083
1023.0    0.0000000109358833    0.0000000108837917    0.0000000108667917    0.0000000109962182    0.0000000108832167
1025.0    0.0000000109727308    0.0000000109189385    0.0000000109004545    0.0000000110333545    0.0000000109194417
1027.0    0.0000000110106500    0.0000000109567231    0.0000000109351667    0.0000000110715273    0.0000000109553000
1029.0    0.0000000110481250    0.0000000109958154    0.0000000109725167    0.0000000111124833    0.0000000109922833
1031.0    0.0000000110882615    0.0000000110361692    0.0000000110110000    0.0000000111545364    0.0000000110320833
1033.0    0.0000000111294667    0.0000000110761500    0.0000000110489364    0.0000000111957818    0.0000000110730583
1035.0    0.0000000111717692    0.0000000111172769    0.0000000110879250    0.0000000112399167    0.0000000111152333
1037.0    0.0000000112151000    0.0000000111612692    0.0000000111297250    0.0000000112850909    0.0000000111567455
1039.0    0.0000000112576833    0.0000000112064000    0.0000000111726000    0.0000000113292545    0.0000000111993167
1041.0    0.0000000113030308    0.0000000112527154    0.0000000112147182    0.0000000113763750    0.0000000112448250
1043.0    0.0000000113493417    0.0000000112982500    0.0000000112578250    0.0000000114244000    0.0000000112914000
1045.0    0.0000000113966308    0.0000000113447846    0.0000000113037667    0.0000000114711909    0.0000000113390167
1047.0    0.0000000114447750    0.0000000113941769    0.0000000113507583    0.0000000115209417    0.0000000113876000
1049.0    0.0000000114918250    0.0000000114445231    0.0000000113966727    0.0000000115714909    0.0000000114350545
1051.0    0.0000000115416385    0.0000000114937833    0.0000000114434083    0.0000000116205909    0.0000000114833500
1053.0    0.0000000115922083    0.0000000115438308    0.0000000114930750    0.0000000116726000    0.0000000115345667
1055.0    0.0000000116435308    0.0000000115966615    0.0000000115435417    0.0000000117253091    0.0000000115865750
1057.0    0.0000000116955250    0.0000000116502231    0.0000000115926455    0.0000000117762818    0.0000000116393167
1059.0    0.0000000117481462    0.0000000117044462    0.0000000116424583    0.0000000118301667    0.0000000116905000
1061.0    0.0000000118013583    0.0000000117571750    0.0000000116951250    0.0000000118845455    0.0000000117422750
1063.0    0.0000000118529417    0.0000000118104077    0.0000000117461545    0.0000000119370364    0.0000000117968500
1065.0    0.0000000119071846    0.0000000118662538    0.0000000117977667    0.0000000119923417    0.0000000118519417
1067.0    0.0000000119618333    0.0000000119225385    0.0000000118521250    0.0000000120480545    0.0000000119075083
1069.0    0.0000000120169000    0.0000000119792154    0.0000000119070167    0.0000000121016364    0.0000000119611545
1071.0    0.0000000120723167    0.0000000120340000    0.0000000119600182    0.0000000121555182    0.0000000120151250
1073.0    0.0000000121258000    0.0000000120890462    0.0000000120134083    0.0000000122120833    0.0000000120717417
1075.0    0.0000000121817846    0.0000000121465231    0.0000000120694500    0.0000000122688818    0.0000000121286167
1077.0    0.0000000122379750    0.0000000122041615    0.0000000121258000    0.0000000123234000    0.0000000121857167
1079.0    0.0000000122943846    0.0000000122619231    0.0000000121800727    0.0000000123805250    0.0000000122429917
1081.0    0.0000000123509250    0.0000000123175833    0.0000000122345500    0.0000000124377636    0.0000000122980273
1083.0    0.0000000124053167    0.0000000123732769    0.0000000122915750    0.0000000124925818    0.0000000123531250
1085.0    0.0000000124620615    0.0000000124312308    0.0000000123487417    0.0000000125499500    0.0000000124107000
1087.0    0.0000000125188667    0.0000000124891846    0.0000000124036455    0.0000000126073455    0.0000000124683000
1089.0    0.0000000125756846    0.0000000125471000    0.0000000124586333    0.0000000126622364    0.0000000125259500
1091.0    0.0000000126325167    0.0000000126027500    0.0000000125160500    0.0000000127195917    0.0000000125812000
1093.0    0.0000000126893231    0.0000000126583077    0.0000000125735083    0.0000000127769182    0.0000000126363083
1095.0    0.0000000127460833    0.0000000127160231    0.0000000126285636    0.0000000128316636    0.0000000126938500
1097.0    0.0000000128005333    0.0000000127736308    0.0000000126836083    0.0000000128888167    0.0000000127513000
1099.0    0.0000000128571538    0.0000000128311077    0.0000000127410083    0.0000000129458818    0.0000000128086500
1101.0    0.0000000129136750    0.0000000128862750    0.0000000127983250    0.0000000130003364    0.0000000128635364
1103.0    0.0000000129700846    0.0000000129413000    0.0000000128532000    0.0000000130571333    0.0000000129183000
1105.0    0.0000000130263500    0.0000000129984154    0.0000000129079750    0.0000000131137909    0.0000000129753417
1107.0    0.0000000130803000    0.0000000130553692    0.0000000129650333    0.0000000131678000    0.0000000130322500
1109.0    0.0000000131363000    0.0000000131121923    0.0000000130219583    0.0000000132241250    0.0000000130890083
1111.0    0.0000000131921500    0.0000000131666667    0.0000000130763818    0.0000000132802545    0.0000000131456250
1113.0    0.0000000132478154    0.0000000132210000    0.0000000131306667    0.0000000133337545    0.0000000131998000
1115.0    0.0000000133033083    0.0000000132773615    0.0000000131871500    0.0000000133894417    0.0000000132537333
1117.0    0.0000000133585846    0.0000000133335462    0.0000000132434833    0.0000000134449455    0.0000000133099167
1119.0    0.0000000134136833    0.0000000133896000    0.0000000132972818    0.0000000134977818    0.0000000133659000
1121.0    0.0000000134663250    0.0000000134432917    0.0000000133508917    0.0000000135503818    0.0000000134217083
1123.0    0.0000000135209462    0.0000000134968000    0.0000000134066417    0.0000000136050917    0.0000000134750091
1125.0    0.0000000135753167    0.0000000135522846    0.0000000134621583    0.0000000136595273    0.0000000135281333
1127.0    0.0000000136294308    0.0000000136075538    0.0000000135151818    0.0000000137113000    0.0000000135833417
1129.0    0.0000000136832417    0.0000000136626000    0.0000000135679167    0.0000000137651417    0.0000000136383083
1131.0    0.0000000137346333    0.0000000137153000    0.0000000136227250    0.0000000138186182    0.0000000136930417
1133.0    0.0000000137878615    0.0000000137677615    0.0000000136772250    0.0000000138694000    0.0000000137474917
1135.0    0.0000000138407417    0.0000000138220538    0.0000000137292000    0.0000000139221750    0.0000000137994000
1137.0    0.0000000138932692    0.0000000138760385    0.0000000137808667    0.0000000139745273    0.0000000138510417
1139.0    0.0000000139454250    0.0000000139296846    0.0000000138344500    0.0000000140242000    0.0000000139045833
1141.0    0.0000000139951083    0.0000000139809333    0.0000000138876917    0.0000000140756833    0.0000000139577500
1143.0    0.0000000140464615    0.0000000140318462    0.0000000139383545    0.0000000141267273    0.0000000140105500
1145.0    0.0000000140973417    0.0000000140843692    0.0000000139886250    0.0000000141750727    0.0000000140607636
1147.0    0.0000000141477692    0.0000000141364462    0.0000000140406833    0.0000000142251167    0.0000000141105333
1149.0    0.0000000141977250    0.0000000141880385    0.0000000140922833    0.0000000142746273    0.0000000141620250
1151.0    0.0000000142471462    0.0000000142371417    0.0000000141412818    0.0000000143214364    0.0000000142130000
1153.0    0.0000000142960250    0.0000000142857692    0.0000000141898000    0.0000000143698333    0.0000000142634333
1155.0    0.0000000143424167    0.0000000143357462    0.0000000142399417    0.0000000144176091    0.0000000143112091
1157.0    0.0000000143901846    0.0000000143851077    0.0000000142895250    0.0000000144627364    0.0000000143584583
1159.0    0.0000000144373250    0.0000000144338308    0.0000000143365000    0.0000000145092583    0.0000000144071167
1161.0    0.0000000144838385    0.0000000144800250    0.0000000143828833    0.0000000145551636    0.0000000144551167
1163.0    0.0000000145296917    0.0000000145255462    0.0000000144307167    0.0000000145984273    0.0000000145024167
1165.0    0.0000000145730833    0.0000000145721462    0.0000000144778917    0.0000000146410636    0.0000000145489917
1167.0    0.0000000146176385    0.0000000146179846    0.0000000145224636    0.0000000146849500    0.0000000145929545
1169.0    0.0000000146614833    0.0000000146613250    0.0000000145663833    0.0000000147281273    0.0000000146361667
1171.0    0.0000000147046154    0.0000000147038923    0.0000000146115417    0.0000000147687455    0.0000000146805083
1173.0    0.0000000147470417    0.0000000147473462    0.0000000146559667    0.0000000148105000    0.0000000147240417
1175.0    0.0000000147887077    0.0000000147899385    0.0000000146978727    0.0000000148515727    0.0000000147667583
1177.0    0.0000000148296750    0.0000000148316846    0.0000000147390750    0.0000000148901545    0.0000000148069091
1179.0    0.0000000148683167    0.0000000148710000    0.0000000147813250    0.0000000149298083    0.0000000148462750
1181.0    0.0000000149078538    0.0000000149094846    0.0000000148228167    0.0000000149687545    0.0000000148865583
1183.0    0.0000000149466583    0.0000000149486615    0.0000000148618818    0.0000000150053455    0.0000000149259750
1185.0    0.0000000149847462    0.0000000149870000    0.0000000149002167    0.0000000150429250    0.0000000149645667
1187.0    0.0000000150221583    0.0000000150244615    0.0000000149394917    0.0000000150798545    0.0000000150007818
1189.0    0.0000000150574083    0.0000000150596833    0.0000000149780333    0.0000000151145545    0.0000000150362583
1191.0    0.0000000150934538    0.0000000150941615    0.0000000150142545    0.0000000151502333    0.0000000150724750
1193.0    0.0000000151288750    0.0000000151292308    0.0000000150498333    0.0000000151853182    0.0000000151079500
1195.0    0.0000000151636538    0.0000000151635308    0.0000000150862750    0.0000000152183273    0.0000000151426417
1197.0    0.0000000151978333    0.0000000151970846    0.0000000151220167    0.0000000152523083    0.0000000151766417
1199.0    0.0000000152301417    0.0000000152286750    0.0000000151556818    0.0000000152857818    0.0000000152085727
1201.0    0.0000000152632615    0.0000000152596615    0.0000000151887333    0.0000000153173818    0.0000000152399000
1203.0    0.0000000152958750    0.0000000152912769    0.0000000152226583    0.0000000153499667    0.0000000152719833
1205.0    0.0000000153280154    0.0000000153223154    0.0000000152560167    0.0000000153821727    0.0000000153035000
1207.0    0.0000000153597583    0.0000000153528385    0.0000000152874727    0.0000000154126636    0.0000000153345250
1209.0    0.0000000153910846    0.0000000153817417    0.0000000153184917    0.0000000154442167    0.0000000153638000
1211.0    0.0000000154221000    0.0000000154102385    0.0000000153504250    0.0000000154754909    0.0000000153926750
1213.0    0.0000000154515917    0.0000000154395385    0.0000000153819667    0.0000000155052000    0.0000000154224667
1215.0    0.0000000154820615    0.0000000154685154    0.0000000154118455    0.0000000155347818    0.0000000154519333
1217.0    0.0000000155123333    0.0000000154972615    0.0000000154414250    0.0000000155655417    0.0000000154811417
1219.0    0.0000000155424538    0.0000000155246917    0.0000000154720333    0.0000000155962273    0.0000000155089455
1221.0    0.0000000155724500    0.0000000155520385    0.0000000155024333    0.0000000156255182    0.0000000155366000
1223.0    0.0000000156011917    0.0000000155804000    0.0000000155314000    0.0000000156561500    0.0000000155654000
1225.0    0.0000000156311000    0.0000000156087615    0.0000000155602500    0.0000000156868182    0.0000000155941083
1227.0    0.0000000156610167    0.0000000156371538    0.0000000155902500    0.0000000157162273    0.0000000156229000
1229.0    0.0000000156910308    0.0000000156646000    0.0000000156203500    0.0000000157471000    0.0000000156517417
1231.0    0.0000000157211500    0.0000000156921385    0.0000000156491000    0.0000000157781182    0.0000000156795000
1233.0    0.0000000157502083    0.0000000157210077    0.0000000156779333    0.0000000158079909    0.0000000157074500
1235.0    0.0000000157806462    0.0000000157501385    0.0000000157081417    0.0000000158394250    0.0000000157368250
1237.0    0.0000000158113167    0.0000000157795923    0.0000000157385167    0.0000000158711364    0.0000000157664833
1239.0    0.0000000158422538    0.0000000158082583    0.0000000157677909    0.0000000159017182    0.0000000157964750
1241.0    0.0000000158734750    0.0000000158372846    0.0000000157973000    0.0000000159340167    0.0000000158255364
1243.0    0.0000000159050154    0.0000000158679154    0.0000000158283417    0.0000000159666364    0.0000000158549750
1245.0    0.0000000159368917    0.0000000158990231    0.0000000158597083    0.0000000159981818    0.0000000158861250
1247.0    0.0000000159678333    0.0000000159306077    0.0000000158900818    0.0000000160315250    0.0000000159177333
1249.0    0.0000000160004615    0.0000000159614833    0.0000000159207833    0.0000000160652636    0.0000000159498500
1251.0    0.0000000160334833    0.0000000159928846    0.0000000159532000    0.0000000160978818    0.0000000159810909
1253.0    0.0000000160669231    0.0000000160261000    0.0000000159860167    0.0000000161323917    0.0000000160128417
1255.0    0.0000000161007667    0.0000000160599000    0.0000000160178727    0.0000000161673000    0.0000000160464917
1257.0    0.0000000161336750    0.0000000160942846    0.0000000160501500    0.0000000162010636    0.0000000160807083
1259.0    0.0000000161683538    0.0000000161279000    0.0000000160842500    0.0000000162352000    0.0000000161154917
1261.0    0.0000000162034833    0.0000000161620846    0.0000000161188500    0.0000000162712667    0.0000000161508250
1263.0    0.0000000162390154    0.0000000161982000    0.0000000161523727    0.0000000163076909    0.0000000161852182
1265.0    0.0000000162749667    0.0000000162348846    0.0000000161863667    0.0000000163428909    0.0000000162201083
1267.0    0.0000000163113000    0.0000000162721308    0.0000000162222417    0.0000000163800167    0.0000000162570500
1269.0    0.0000000163480167    0.0000000163084417    0.0000000162586083    0.0000000164174727    0.0000000162944917
1271.0    0.0000000163836000    0.0000000163452615    0.0000000162938364    0.0000000164535545    0.0000000163324500
1273.0    0.0000000164210077    0.0000000163840000    0.0000000163294500    0.0000000164915833    0.0000000163692545
1275.0    0.0000000164587250    0.0000000164232077    0.0000000163669833    0.0000000165298091    0.0000000164064833
1277.0    0.0000000164967231    0.0000000164628308    0.0000000164049083    0.0000000165665818    0.0000000164457167
1279.0    0.0000000165349583    0.0000000165012833    0.0000000164416000    0.0000000166052167    0.0000000164853333
1281.0    0.0000000165718750    0.0000000165400538    0.0000000164785083    0.0000000166439636    0.0000000165252833
1283.0    0.0000000166105000    0.0000000165806692    0.0000000165173500    0.0000000166811182    0.0000000165638364
1285.0    0.0000000166492583    0.0000000166215231    0.0000000165564083    0.0000000167200250    0.0000000166026167
1287.0    0.0000000166881385    0.0000000166609750    0.0000000165940545    0.0000000167589455    0.0000000166433000
1289.0    0.0000000167270583    0.0000000167005692    0.0000000166318583    0.0000000167961455    0.0000000166841000
1291.0    0.0000000167644417    0.0000000167418385    0.0000000166714500    0.0000000168349667    0.0000000167249917
1293.0    0.0000000168033538    0.0000000167831231    0.0000000167110500    0.0000000168736818    0.0000000167659417
1295.0    0.0000000168422000    0.0000000168243846    0.0000000167491000    0.0000000169105636    0.0000000168051636
1297.0    0.0000000168809154    0.0000000168639833    0.0000000167871250    0.0000000169489083    0.0000000168443000
1299.0    0.0000000169194667    0.0000000169034538    0.0000000168267500    0.0000000169870000    0.0000000168850750
1301.0    0.0000000169578000    0.0000000169443000    0.0000000168662417    0.0000000170231818    0.0000000169256500
1303.0    0.0000000169958833    0.0000000169848769    0.0000000169039818    0.0000000170606667    0.0000000169659917
1305.0    0.0000000170321667    0.0000000170251538    0.0000000169415083    0.0000000170977727    0.0000000170043727
1307.0    0.0000000170695923    0.0000000170635333    0.0000000169804333    0.0000000171328455    0.0000000170424333
1309.0    0.0000000171066333    0.0000000171015231    0.0000000170190750    0.0000000171675091    0.0000000170817750
1311.0    0.0000000171432538    0.0000000171405385    0.0000000170557545    0.0000000172032250    0.0000000171206417
1313.0    0.0000000171793750    0.0000000171790385    0.0000000170920833    0.0000000172384455    0.0000000171590250
1315.0    0.0000000172135667    0.0000000172169538    0.0000000171295500    0.0000000172715727    0.0000000171952909
1317.0    0.0000000172486385    0.0000000172528000    0.0000000171665750    0.0000000173055917    0.0000000172309917
1319.0    0.0000000172831083    0.0000000172880308    0.0000000172015455    0.0000000173389818    0.0000000172676167
1321.0    0.0000000173169462    0.0000000173239692    0.0000000172359833    0.0000000173702636    0.0000000173035667
1323.0    0.0000000173501583    0.0000000173591231    0.0000000172713083    0.0000000174022750    0.0000000173388083
1325.0    0.0000000173826462    0.0000000173935385    0.0000000173060250    0.0000000174335727    0.0000000173732583
1327.0    0.0000000174144250    0.0000000174258083    0.0000000173386727    0.0000000174628000    0.0000000174055364
1329.0    0.0000000174442250    0.0000000174572692    0.0000000173706167    0.0000000174925667    0.0000000174370333
1331.0    0.0000000174744846    0.0000000174891538    0.0000000174032333    0.0000000175215545    0.0000000174690917
1333.0    0.0000000175039750    0.0000000175201231    0.0000000174351167    0.0000000175485364    0.0000000175002667
1335.0    0.0000000175326615    0.0000000175501462    0.0000000174649000    0.0000000175758833    0.0000000175305083
1337.0    0.0000000175605250    0.0000000175781417    0.0000000174939250    0.0000000176024182    0.0000000175586727
1339.0    0.0000000175864667    0.0000000176052077    0.0000000175234167    0.0000000176270000    0.0000000175859333
1341.0    0.0000000176126615    0.0000000176324385    0.0000000175508636    0.0000000176518667    0.0000000176134583
1343.0    0.0000000176380167    0.0000000176586538    0.0000000175775000    0.0000000176758909    0.0000000176400250
1345.0    0.0000000176625000    0.0000000176839231    0.0000000176044500    0.0000000176980364    0.0000000176656333
1347.0    0.0000000176861167    0.0000000177072750    0.0000000176305083    0.0000000177203250    0.0000000176902667
1349.0    0.0000000177079583    0.0000000177297000    0.0000000176546364    0.0000000177418000    0.0000000177129818
1351.0    0.0000000177298538    0.0000000177520615    0.0000000176779333    0.0000000177615000    0.0000000177348000
1353.0    0.0000000177509333    0.0000000177734769    0.0000000177013583    0.0000000177804545    0.0000000177566167
1355.0    0.0000000177711308    0.0000000177939077    0.0000000177238750    0.0000000177994333    0.0000000177775000
1357.0    0.0000000177904917    0.0000000178126583    0.0000000177446182    0.0000000178175909    0.0000000177974167
1359.0    0.0000000178089846    0.0000000178305538    0.0000000177645417    0.0000000178341818    0.0000000178156545
1361.0    0.0000000178266583    0.0000000178482308    0.0000000177845000    0.0000000178507500    0.0000000178330583
1363.0    0.0000000178428917    0.0000000178650308    0.0000000178035250    0.0000000178665364    0.0000000178502917
1365.0    0.0000000178589923    0.0000000178809615    0.0000000178209727    0.0000000178809000    0.0000000178667000
1367.0    0.0000000178742917    0.0000000178954500    0.0000000178376583    0.0000000178951750    0.0000000178822333
1369.0    0.0000000178888692    0.0000000179091692    0.0000000178542417    0.0000000179087091    0.0000000178963545
1371.0    0.0000000179026917    0.0000000179226538    0.0000000178700000    0.0000000179209909    0.0000000179096750
1373.0    0.0000000179152583    0.0000000179353308    0.0000000178843636    0.0000000179331833    0.0000000179228417
1375.0    0.0000000179276692    0.0000000179472692    0.0000000178980083    0.0000000179446727    0.0000000179352500
1377.0    0.0000000179394167    0.0000000179580583    0.0000000179115083    0.0000000179550545    0.0000000179469000
1379.0    0.0000000179504846    0.0000000179681615    0.0000000179242500    0.0000000179652917    0.0000000179578500
1381.0    0.0000000179608917    0.0000000179780538    0.0000000179358182    0.0000000179749364    0.0000000179677091
1383.0    0.0000000179703417    0.0000000179872615    0.0000000179467333    0.0000000179835818    0.0000000179769417
1385.0    0.0000000179795615    0.0000000179958769    0.0000000179574583    0.0000000179921000    0.0000000179859667
1387.0    0.0000000179882500    0.0000000180035917    0.0000000179675583    0.0000000180000727    0.0000000179943917
1389.0    0.0000000179963846    0.0000000180107923    0.0000000179766636    0.0000000180072182    0.0000000180022500
1391.0    0.0000000180039750    0.0000000180177462    0.0000000179851917    0.0000000180142083    0.0000000180092727
1393.0    0.0000000180111000    0.0000000180242000    0.0000000179935500    0.0000000180207182    0.0000000180157833
1395.0    0.0000000180177250    0.0000000180301615    0.0000000180013667    0.0000000180265636    0.0000000180221250
1397.0    0.0000000180236667    0.0000000180354833    0.0000000180083727    0.0000000180319727    0.0000000180279833
1399.0    0.0000000180294154    0.0000000180404000    0.0000000180148917    0.0000000180372667    0.0000000180334083
1401.0    0.0000000180347750    0.0000000180451154    0.0000000180212333    0.0000000180421636    0.0000000180382000
1403.0    0.0000000180397385    0.0000000180494462    0.0000000180271750    0.0000000180465000    0.0000000180426667
1405.0    0.0000000180443417    0.0000000180533083    0.0000000180324455    0.0000000180507000    0.0000000180469333
1407.0    0.0000000180484417    0.0000000180568231    0.0000000180373333    0.0000000180546000    0.0000000180508667
1409.0    0.0000000180523923    0.0000000180601846    0.0000000180420583    0.0000000180580000    0.0000000180544833
1411.0    0.0000000180560167    0.0000000180632615    0.0000000180464333    0.0000000180613333    0.0000000180577750
1413.0    0.0000000180593615    0.0000000180660769    0.0000000180503091    0.0000000180643727    0.0000000180606818
1415.0    0.0000000180624417    0.0000000180685333    0.0000000180538500    0.0000000180670364    0.0000000180633250
1417.0    0.0000000180652615    0.0000000180707692    0.0000000180573083    0.0000000180695917    0.0000000180658750
1419.0    0.0000000180678750    0.0000000180728923    0.0000000180604583    0.0000000180719364    0.0000000180681583
1421.0    0.0000000180701250    0.0000000180748077    0.0000000180632364    0.0000000180739818    0.0000000180702417
1423.0    0.0000000180723000    0.0000000180765538    0.0000000180657750    0.0000000180759167    0.0000000180720727
1425.0    0.0000000180742500    0.0000000180780583    0.0000000180682000    0.0000000180776727    0.0000000180737250
1427.0    0.0000000180760538    0.0000000180794000    0.0000000180704417    0.0000000180792091    0.0000000180752667
1429.0    0.0000000180776667    0.0000000180806923    0.0000000180723818    0.0000000180806583    0.0000000180766917
1431.0    0.0000000180790917    0.0000000180818385    0.0000000180741417    0.0000000180819545    0.0000000180779500
1433.0    0.0000000180804000    0.0000000180828615    0.0000000180758083    0.0000000180830727    0.0000000180790455
1435.0    0.0000000180816000    0.0000000180837333    0.0000000180773250    0.0000000180840917    0.0000000180800083
1437.0    0.0000000180826615    0.0000000180845154    0.0000000180786273    0.0000000180850091    0.0000000180809167
1439.0    0.0000000180836083    0.0000000180852231    0.0000000180798250    0.0000000180857636    0.0000000180817333
1441.0    0.0000000180844167    0.0000000180858615    0.0000000180809083    0.0000000180864750    0.0000000180824500
1443.0    0.0000000180851538    0.0000000180864154    0.0000000180818917    0.0000000180870727    0.0000000180830833
1445.0    0.0000000180857917    0.0000000180868833    0.0000000180827364    0.0000000180875636    0.0000000180836091
1447.0    0.0000000180863385    0.0000000180872692    0.0000000180834667    0.0000000180879636    0.0000000180840750
1449.0    0.0000000180868167    0.0000000180876154    0.0000000180841500    0.0000000180883000    0.0000000180844833
1451.0    0.0000000180872000    0.0000000180879154    0.0000000180847417    0.0000000180885727    0.0000000180848333
1453.0    0.0000000180875083    0.0000000180881538    0.0000000180852182    0.0000000180887455    0.0000000180851167
1455.0    0.0000000180877500    0.0000000180883417    0.0000000180856333    0.0000000180888667    0.0000000180853545
1457.0    0.0000000180879308    0.0000000180884692    0.0000000180859917    0.0000000180889000    0.0000000180855417
1459.0    0.0000000180880333    0.0000000180885769    0.0000000180862833    0.0000000180888818    0.0000000180856750
1461.0    0.0000000180881000    0.0000000180886000    0.0000000180864909    0.0000000180887667    0.0000000180857917
1463.0    0.0000000180880917    0.0000000180886000    0.0000000180866500    0.0000000180886091    0.0000000180858083
1465.0    0.0000000180879917    0.0000000180886000    0.0000000180867417    0.0000000180883909    0.0000000180858727
1467.0    0.0000000180878615    0.0000000180885462    0.0000000180868000    0.0000000180880833    0.0000000180858000
1469.0    0.0000000180876750    0.0000000180884462    0.0000000180867909    0.0000000180877273    0.0000000180857583
1471.0    0.0000000180874231    0.0000000180882923    0.0000000180867000    0.0000000180873000    0.0000000180856500
1473.0    0.0000000180871000    0.0000000180881077    0.0000000180865667    0.0000000180867917    0.0000000180855083
1475.0    0.0000000180867308    0.0000000180878917    0.0000000180864000    0.0000000180862091    0.0000000180853083
1477.0    0.0000000180862917    0.0000000180876231    0.0000000180861818    0.0000000180855818    0.0000000180850909
1479.0    0.0000000180858083    0.0000000180873154    0.0000000180858917    0.0000000180848333    0.0000000180848250
1481.0    0.0000000180852231    0.0000000180869538    0.0000000180855500    0.0000000180840182    0.0000000180845083
1483.0    0.0000000180845917    0.0000000180865308    0.0000000180851333    0.0000000180831545    0.0000000180841500
1485.0    0.0000000180838769    0.0000000180861000    0.0000000180846909    0.0000000180821667    0.0000000180837250
