9.0    0.0000000000000000    0.0000000000000000    0.0000000000000000    0.0000000000000000    0.0000000000000000
11.0    0.0000000000000000    0.0000000000000000    0.0000000000000000    0.0000000000000000    0.0000000000000000
13.0    0.0000000000000000    0.0000000000000000    0.0000000000000000    0.0000000000000000    0.0000000000000000
15.0    0.0000000000000000    0.0000000000000000    0.0000000000000000    0.0000000000000000    0.0000000000000000
17.0    0.0000000000000000    0.0000000000000000    0.0000000000000000    0.0000000000000000    0.0000000000000000
19.0    0.0000000000000000    0.0000000000000000    0.0000000000000000    0.0000000000000000    0.0000000000000000
21.0    0.0000000000000000    0.0000000000000000    0.0000000000000000    0.0000000000000000    0.0000000000000000
23.0    0.0000000000000000    0.0000000000000000    0.0000000000000000    0.0000000000000000    0.0000000000000000
25.0    0.0000000000000000    0.0000000000000000    0.0000000000000000    0.0000000000000000    0.0000000000000000
27.0    0.0000000000000000    0.0000000000000000    0.0000000000000000    0.0000000000000000    0.0000000000000000
29.0    0.0000000000000000    0.0000000000000000    0.0000000000000000    0.0000000000000000    0.0000000000000000
31.0    0.0000000000000000    0.0000000000000000    0.0000000000000000    0.0000000000000000    0.0000000000000000
33.0    0.0000000000000000    0.0000000000000000    0.0000000000000000    0.0000000000000000    0.0000000000000000
35.0    0.0000000000000000    0.0000000000000000    0.0000000000000000    0.0000000000000000    0.0000000000000000
37.0    0.0000000000000000    0.0000000000000000    0.0000000000000000    0.0000000000000000    0.0000000000000000
39.0    0.0000000000000000    0.0000000000000000    0.0000000000000000    0.0000000000000000    0.0000000000000000
41.0    0.0000000000000000    0.0000000000000000    0.0000000000000000    0.0000000000000000    0.0000000000000000
43.0    0.0000000000000000    0.0000000000000000    0.0000000000000000    0.0000000000000000    0.0000000000000000
45.0    0.0000000000000000    0.0000000000000000    0.0000000000000000    0.0000000000000000    0.0000000000000000
47.0    0.0000000000000000    0.0000000000000000    0.0000000000000000    0.0000000000000000    0.0000000000000000
49.0    0.0000000000000000    0.0000000000000000    0.0000000000000000    0.0000000000000000    0.0000000000000000
51.0    0.0000000000000000    0.0000000000000000    0.0000000000000000    0.0000000000000000    0.0000000000000000
53.0    0.0000000000000000    0.0000000000000000    0.0000000000000000    0.0000000000000000    0.0000000000000000
55.0    0.0000000000000000    0.0000000000000000    0.0000000000000000    0.0000000000000000    0.0000000000000000
57.0    0.0000000000000000    0.0000000000000000    0.0000000000000000    0.0000000000000000    0.0000000000000000
59.0    0.0000000000000000    0.0000000000000000    0.0000000000000000    0.0000000000000000    0.0000000000000000
61.0    0.0000000000000000    0.0000000000000000    0.0000000000000000    0.0000000000000000    0.0000000000000000
63.0    0.0000000000000000    0.0000000000000000    0.0000000000000000    0.0000000000000000    0.0000000000000000
65.0    0.0000000000000000    0.0000000000000000    0.0000000000000000    0.0000000000000000    0.0000000000000000
67.0    0.0000000000000000    0.0000000000000000    0.0000000000000000    0.0000000000000000    0.0000000000000000
69.0    0.0000000000000000    0.0000000000000000    0.0000000000000000    0.0000000000000000    0.0000000000000000
71.0    0.0000000000000000    0.0000000000000000    0.0000000000000000    0.0000000000000000    0.0000000000000000
73.0    0.0000000000000001    0.0000000000000000    0.0000000000000001    0.0000000000000001    0.0000000000000001
75.0    0.0000000000000001    0.0000000000000001    0.0000000000000001    0.0000000000000001    0.0000000000000001
77.0    0.0000000000000001    0.0000000000000001    0.0000000000000001    0.0000000000000001    0.0000000000000002
79.0    0.0000000000000002    0.0000000000000001    0.0000000000000002    0.0000000000000002    0.0000000000000002
81.0    0.0000000000000003    0.0000000000000002    0.0000000000000003    0.0000000000000003    0.0000000000000003
83.0    0.0000000000000004    0.0000000000000003    0.0000000000000004    0.0000000000000004    0.0000000000000005
85.0    0.0000000000000006    0.0000000000000005    0.0000000000000006    0.0000000000000006    0.0000000000000007
87.0    0.0000000000000008    0.0000000000000007    0.0000000000000009    0.0000000000000008    0.0000000000000009
89.0    0.0000000000000011    0.0000000000000009    0.0000000000000012    0.0000000000000011    0.0000000000000013
91.0    0.0000000000000016    0.0000000000000013    0.0000000000000016    0.0000000000000015    0.0000000000000017
93.0    0.0000000000000021    0.0000000000000018    0.0000000000000022    0.0000000000000020    0.0000000000000023
95.0    0.0000000000000028    0.0000000000000025    0.0000000000000029    0.0000000000000028    0.0000000000000030
97.0    0.0000000000000037    0.0000000000000033    0.0000000000000037    0.0000000000000036    0.0000000000000039
99.0    0.0000000000000047    0.0000000000000042    0.0000000000000048    0.0000000000000046    0.0000000000000049
101.0    0.0000000000000060    0.0000000000000054    0.0000000000000061    0.0000000000000059    0.0000000000000062
103.0    0.0000000000000075    0.0000000000000068    0.0000000000000075    0.0000000000000074    0.0000000000000077
105.0    0.0000000000000091    0.0000000000000085    0.0000000000000092    0.0000000000000091    0.0000000000000095
107.0    0.0000000000000111    0.0000000000000104    0.0000000000000112    0.0000000000000112    0.0000000000000115
109.0    0.0000000000000134    0.0000000000000125    0.0000000000000136    0.0000000000000135    0.0000000000000138
111.0    0.0000000000000161    0.0000000000000150    0.0000000000000162    0.0000000000000161    0.0000000000000166
113.0    0.0000000000000192    0.0000000000000178    0.0000000000000193    0.0000000000000192    0.0000000000000198
115.0    0.0000000000000227    0.0000000000000212    0.0000000000000229    0.0000000000000228    0.0000000000000235
117.0    0.0000000000000269    0.0000000000000249    0.0000000000000272    0.0000000000000269    0.0000000000000277
119.0    0.0000000000000317    0.0000000000000293    0.0000000000000320    0.0000000000000318    0.0000000000000326
121.0    0.0000000000000375    0.0000000000000346    0.0000000000000376    0.0000000000000377    0.0000000000000385
123.0    0.0000000000000442    0.0000000000000410    0.0000000000000443    0.0000000000000442    0.0000000000000453
125.0    0.0000000000000520    0.0000000000000485    0.0000000000000522    0.0000000000000522    0.0000000000000533
127.0    0.0000000000000610    0.0000000000000569    0.0000000000000608    0.0000000000000615    0.0000000000000625
129.0    0.0000000000000709    0.0000000000000667    0.0000000000000705    0.0000000000000716    0.0000000000000724
131.0    0.0000000000000826    0.0000000000000782    0.0000000000000820    0.0000000000000836    0.0000000000000836
133.0    0.0000000000000955    0.0000000000000912    0.0000000000000949    0.0000000000000970    0.0000000000000965
135.0    0.0000000000001099    0.0000000000001055    0.0000000000001085    0.0000000000001111    0.0000000000001109
137.0    0.0000000000001255    0.0000000000001205    0.0000000000001234    0.0000000000001271    0.0000000000001265
139.0    0.0000000000001417    0.0000000000001367    0.0000000000001402    0.0000000000001444    0.0000000000001428
141.0    0.0000000000001598    0.0000000000001546    0.0000000000001584    0.0000000000001621    0.0000000000001604
143.0    0.0000000000001793    0.0000000000001737    0.0000000000001772    0.0000000000001810    0.0000000000001801
145.0    0.0000000000002002    0.0000000000001939    0.0000000000001975    0.0000000000002022    0.0000000000002014
147.0    0.0000000000002227    0.0000000000002146    0.0000000000002203    0.0000000000002249    0.0000000000002243
149.0    0.0000000000002460    0.0000000000002369    0.0000000000002450    0.0000000000002485    0.0000000000002482
151.0    0.0000000000002726    0.0000000000002621    0.0000000000002708    0.0000000000002754    0.0000000000002743
153.0    0.0000000000003017    0.0000000000002898    0.0000000000002991    0.0000000000003050    0.0000000000003041
155.0    0.0000000000003339    0.0000000000003206    0.0000000000003315    0.0000000000003363    0.0000000000003369
157.0    0.0000000000003696    0.0000000000003537    0.0000000000003674    0.0000000000003728    0.0000000000003732
159.0    0.0000000000004092    0.0000000000003906    0.0000000000004053    0.0000000000004133    0.0000000000004134
161.0    0.0000000000004531    0.0000000000004334    0.0000000000004471    0.0000000000004563    0.0000000000004558
163.0    0.0000000000004995    0.0000000000004811    0.0000000000004951    0.0000000000005060    0.0000000000005024
165.0    0.0000000000005525    0.0000000000005337    0.0000000000005477    0.0000000000005606    0.0000000000005555
167.0    0.0000000000006104    0.0000000000005890    0.0000000000006028    0.0000000000006176    0.0000000000006136
169.0    0.0000000000006732    0.0000000000006490    0.0000000000006624    0.0000000000006821    0.0000000000006766
171.0    0.0000000000007409    0.0000000000007161    0.0000000000007296    0.0000000000007516    0.0000000000007417
173.0    0.0000000000008106    0.0000000000007881    0.0000000000008020    0.0000000000008228    0.0000000000008115
175.0    0.0000000000008884    0.0000000000008649    0.0000000000008763    0.0000000000009025    0.0000000000008896
177.0    0.0000000000009713    0.0000000000009435    0.0000000000009557    0.0000000000009874    0.0000000000009732
179.0    0.0000000000010599    0.0000000000010271    0.0000000000010441    0.0000000000010740    0.0000000000010623
181.0    0.0000000000011542    0.0000000000011198    0.0000000000011383    0.0000000000011705    0.0000000000011533
183.0    0.0000000000012548    0.0000000000012190    0.0000000000012343    0.0000000000012734    0.0000000000012500
185.0    0.0000000000013618    0.0000000000013251    0.0000000000013361    0.0000000000013783    0.0000000000013571
187.0    0.0000000000014708    0.0000000000014343    0.0000000000014487    0.0000000000014897    0.0000000000014707
189.0    0.0000000000015910    0.0000000000015508    0.0000000000015676    0.0000000000016132    0.0000000000015906
191.0    0.0000000000017176    0.0000000000016796    0.0000000000016874    0.0000000000017435    0.0000000000017167
193.0    0.0000000000018502    0.0000000000018159    0.0000000000018125    0.0000000000018741    0.0000000000018427
195.0    0.0000000000019879    0.0000000000019587    0.0000000000019479    0.0000000000020159    0.0000000000019733
197.0    0.0000000000021240    0.0000000000021010    0.0000000000020875    0.0000000000021618    0.0000000000021133
199.0    0.0000000000022683    0.0000000000022465    0.0000000000022239    0.0000000000023037    0.0000000000022559
201.0    0.0000000000024138    0.0000000000023993    0.0000000000023617    0.0000000000024528    0.0000000000023996
203.0    0.0000000000025587    0.0000000000025515    0.0000000000025057    0.0000000000026008    0.0000000000025371
205.0    0.0000000000027014    0.0000000000027007    0.0000000000026482    0.0000000000027396    0.0000000000026729
207.0    0.0000000000028351    0.0000000000028397    0.0000000000027823    0.0000000000028804    0.0000000000028117
209.0    0.0000000000029696    0.0000000000029727    0.0000000000029129    0.0000000000030157    0.0000000000029465
211.0    0.0000000000030987    0.0000000000031038    0.0000000000030445    0.0000000000031391    0.0000000000030763
213.0    0.0000000000032217    0.0000000000032272    0.0000000000031710    0.0000000000032615    0.0000000000031958
215.0    0.0000000000033389    0.0000000000033429    0.0000000000032872    0.0000000000033777    0.0000000000033103
217.0    0.0000000000034506    0.0000000000034477    0.0000000000033986    0.0000000000034834    0.0000000000034248
219.0    0.0000000000035577    0.0000000000035474    0.0000000000035104    0.0000000000035893    0.0000000000035350
221.0    0.0000000000036571    0.0000000000036471    0.0000000000036184    0.0000000000036918    0.0000000000036416
223.0    0.0000000000037583    0.0000000000037446    0.0000000000037192    0.0000000000037880    0.0000000000037456
225.0    0.0000000000038583    0.0000000000038415    0.0000000000038182    0.0000000000038879    0.0000000000038439
227.0    0.0000000000039581    0.0000000000039355    0.0000000000039207    0.0000000000039882    0.0000000000039415
229.0    0.0000000000040587    0.0000000000040314    0.0000000000040231    0.0000000000040854    0.0000000000040437
231.0    0.0000000000041564    0.0000000000041338    0.0000000000041218    0.0000000000041889    0.0000000000041466
233.0    0.0000000000042599    0.0000000000042390    0.0000000000042214    0.0000000000042943    0.0000000000042506
235.0    0.0000000000043650    0.0000000000043426    0.0000000000043266    0.0000000000043970    0.0000000000043515
237.0    0.0000000000044715    0.0000000000044481    0.0000000000044330    0.0000000000045011    0.0000000000044536
239.0    0.0000000000045791    0.0000000000045590    0.0000000000045360    0.0000000000046108    0.0000000000045609
241.0    0.0000000000046872    0.0000000000046703    0.0000000000046396    0.0000000000047209    0.0000000000046689
243.0    0.0000000000047953    0.0000000000047810    0.0000000000047480    0.0000000000048259    0.0000000000047770
245.0    0.0000000000048987    0.0000000000048864    0.0000000000048564    0.0000000000049350    0.0000000000048849
247.0    0.0000000000050056    0.0000000000049901    0.0000000000049599    0.0000000000050430    0.0000000000049879
249.0    0.0000000000051117    0.0000000000050963    0.0000000000050629    0.0000000000051452    0.0000000000050903
251.0    0.0000000000052167    0.0000000000052009    0.0000000000051698    0.0000000000052509    0.0000000000051965
253.0    0.0000000000053210    0.0000000000053042    0.0000000000052759    0.0000000000053559    0.0000000000053020
255.0    0.0000000000054207    0.0000000000054029    0.0000000000053771    0.0000000000054558    0.0000000000054070
257.0    0.0000000000055243    0.0000000000055017    0.0000000000054781    0.0000000000055602    0.0000000000055075
259.0    0.0000000000056279    0.0000000000056051    0.0000000000055832    0.0000000000056649    0.0000000000056079
261.0    0.0000000000057320    0.0000000000057095    0.0000000000056884    0.0000000000057657    0.0000000000057129
263.0    0.0000000000058365    0.0000000000058154    0.0000000000057895    0.0000000000058718    0.0000000000058182
265.0    0.0000000000059375    0.0000000000059185    0.0000000000058908    0.0000000000059786    0.0000000000059238
267.0    0.0000000000060430    0.0000000000060228    0.0000000000059967    0.0000000000060813    0.0000000000060253
269.0    0.0000000000061487    0.0000000000061320    0.0000000000061027    0.0000000000061888    0.0000000000061267
271.0    0.0000000000062542    0.0000000000062413    0.0000000000062041    0.0000000000062960    0.0000000000062323
273.0    0.0000000000063591    0.0000000000063499    0.0000000000063051    0.0000000000063978    0.0000000000063373
275.0    0.0000000000064628    0.0000000000064530    0.0000000000064095    0.0000000000065028    0.0000000000064412
277.0    0.0000000000065650    0.0000000000065541    0.0000000000065084    0.0000000000066059    0.0000000000065436
279.0    0.0000000000066612    0.0000000000066566    0.0000000000066057    0.0000000000067024    0.0000000000066401
281.0    0.0000000000067591    0.0000000000067561    0.0000000000067053    0.0000000000067965    0.0000000000067346
283.0    0.0000000000068545    0.0000000000068524    0.0000000000068027    0.0000000000068921    0.0000000000068310
285.0    0.0000000000069474    0.0000000000069421    0.0000000000068939    0.0000000000069850    0.0000000000069250
287.0    0.0000000000070377    0.0000000000070290    0.0000000000069827    0.0000000000070714    0.0000000000070165
289.0    0.0000000000071221    0.0000000000071168    0.0000000000070731    0.0000000000071592    0.0000000000071021
291.0    0.0000000000072079    0.0000000000072024    0.0000000000071612    0.0000000000072449    0.0000000000071855
293.0    0.0000000000072916    0.0000000000072863    0.0000000000072435    0.0000000000073250    0.0000000000072704
295.0    0.0000000000073733    0.0000000000073655    0.0000000000073239    0.0000000000074069    0.0000000000073534
297.0    0.0000000000074534    0.0000000000074436    0.0000000000074058    0.0000000000074872    0.0000000000074344
299.0    0.0000000000075285    0.0000000000075236    0.0000000000074858    0.0000000000075624    0.0000000000075104
301.0    0.0000000000076052    0.0000000000076023    0.0000000000075607    0.0000000000076394    0.0000000000075845
303.0    0.0000000000076800    0.0000000000076796    0.0000000000076337    0.0000000000077145    0.0000000000076601
305.0    0.0000000000077528    0.0000000000077521    0.0000000000077080    0.0000000000077845    0.0000000000077336
307.0    0.0000000000078235    0.0000000000078225    0.0000000000077802    0.0000000000078553    0.0000000000078048
309.0    0.0000000000078918    0.0000000000078932    0.0000000000078472    0.0000000000079237    0.0000000000078737
311.0    0.0000000000079575    0.0000000000079608    0.0000000000079119    0.0000000000079865    0.0000000000079374
313.0    0.0000000000080181    0.0000000000080252    0.0000000000079770    0.0000000000080492    0.0000000000079987
315.0    0.0000000000080785    0.0000000000080838    0.0000000000080394    0.0000000000081090    0.0000000000080599
317.0    0.0000000000081361    0.0000000000081392    0.0000000000080968    0.0000000000081635    0.0000000000081185
319.0    0.0000000000081909    0.0000000000081936    0.0000000000081517    0.0000000000082176    0.0000000000081744
321.0    0.0000000000082432    0.0000000000082449    0.0000000000082065    0.0000000000082691    0.0000000000082256
323.0    0.0000000000082912    0.0000000000082936    0.0000000000082589    0.0000000000083162    0.0000000000082747
325.0    0.0000000000083392    0.0000000000083382    0.0000000000083071    0.0000000000083634    0.0000000000083239
327.0    0.0000000000083854    0.0000000000083813    0.0000000000083536    0.0000000000084091    0.0000000000083713
329.0    0.0000000000084303    0.0000000000084247    0.0000000000084004    0.0000000000084516    0.0000000000084172
331.0    0.0000000000084740    0.0000000000084674    0.0000000000084459    0.0000000000084932    0.0000000000084601
333.0    0.0000000000085170    0.0000000000085095    0.0000000000084886    0.0000000000085361    0.0000000000085021
335.0    0.0000000000085594    0.0000000000085498    0.0000000000085305    0.0000000000085787    0.0000000000085453
337.0    0.0000000000085998    0.0000000000085901    0.0000000000085736    0.0000000000086192    0.0000000000085881
339.0    0.0000000000086417    0.0000000000086321    0.0000000000086164    0.0000000000086615    0.0000000000086305
341.0    0.0000000000086836    0.0000000000086743    0.0000000000086572    0.0000000000087038    0.0000000000086728
343.0    0.0000000000087254    0.0000000000087165    0.0000000000086978    0.0000000000087443    0.0000000000087132
345.0    0.0000000000087673    0.0000000000087572    0.0000000000087402    0.0000000000087867    0.0000000000087537
347.0    0.0000000000088075    0.0000000000087979    0.0000000000087825    0.0000000000088291    0.0000000000087959
349.0    0.0000000000088495    0.0000000000088402    0.0000000000088232    0.0000000000088698    0.0000000000088381
351.0    0.0000000000088915    0.0000000000088824    0.0000000000088638    0.0000000000089123    0.0000000000088804
353.0    0.0000000000089336    0.0000000000089229    0.0000000000089063    0.0000000000089549    0.0000000000089209
355.0    0.0000000000089757    0.0000000000089634    0.0000000000089489    0.0000000000089957    0.0000000000089616
357.0    0.0000000000090163    0.0000000000090055    0.0000000000089899    0.0000000000090384    0.0000000000090041
359.0    0.0000000000090586    0.0000000000090477    0.0000000000090309    0.0000000000090813    0.0000000000090468
361.0    0.0000000000091012    0.0000000000090901    0.0000000000090739    0.0000000000091226    0.0000000000090897
363.0    0.0000000000091440    0.0000000000091311    0.0000000000091172    0.0000000000091660    0.0000000000091310
365.0    0.0000000000091871    0.0000000000091725    0.0000000000091588    0.0000000000092097    0.0000000000091726
367.0    0.0000000000092306    0.0000000000092160    0.0000000000092008    0.0000000000092519    0.0000000000092163
369.0    0.0000000000092744    0.0000000000092600    0.0000000000092449    0.0000000000092965    0.0000000000092604
371.0    0.0000000000093169    0.0000000000093045    0.0000000000092894    0.0000000000093415    0.0000000000093048
373.0    0.0000000000093616    0.0000000000093478    0.0000000000093324    0.0000000000093849    0.0000000000093497
375.0    0.0000000000094067    0.0000000000093916    0.0000000000093758    0.0000000000094288    0.0000000000093931
377.0    0.0000000000094522    0.0000000000094375    0.0000000000094215    0.0000000000094751    0.0000000000094369
379.0    0.0000000000094982    0.0000000000094839    0.0000000000094676    0.0000000000095218    0.0000000000094830
381.0    0.0000000000095426    0.0000000000095306    0.0000000000095122    0.0000000000095669    0.0000000000095295
383.0    0.0000000000095894    0.0000000000095758    0.0000000000095572    0.0000000000096144    0.0000000000095764
385.0    0.0000000000096365    0.0000000000096212    0.0000000000096046    0.0000000000096623    0.0000000000096217
387.0    0.0000000000096841    0.0000000000096688    0.0000000000096524    0.0000000000097085    0.0000000000096674
389.0    0.0000000000097321    0.0000000000097167    0.0000000000096987    0.0000000000097573    0.0000000000097156
391.0    0.0000000000097805    0.0000000000097649    0.0000000000097454    0.0000000000098066    0.0000000000097641
393.0    0.0000000000098295    0.0000000000098115    0.0000000000097947    0.0000000000098542    0.0000000000098132
395.0    0.0000000000098772    0.0000000000098586    0.0000000000098447    0.0000000000099047    0.0000000000098609
397.0    0.0000000000099275    0.0000000000099080    0.0000000000098932    0.0000000000099560    0.0000000000099091
399.0    0.0000000000099787    0.0000000000099580    0.0000000000099426    0.0000000000100059    0.0000000000099603
401.0    0.0000000000100310    0.0000000000100087    0.0000000000099951    0.0000000000100593    0.0000000000100125
403.0    0.0000000000100845    0.0000000000100582    0.0000000000100489    0.0000000000101140    0.0000000000100659
405.0    0.0000000000101373    0.0000000000101087    0.0000000000101018    0.0000000000101679    0.0000000000101207
407.0    0.0000000000101941    0.0000000000101623    0.0000000000101564    0.0000000000102263    0.0000000000101748
409.0    0.0000000000102531    0.0000000000102174    0.0000000000102155    0.0000000000102870    0.0000000000102308
411.0    0.0000000000103148    0.0000000000102742    0.0000000000102771    0.0000000000103478    0.0000000000102918
413.0    0.0000000000103796    0.0000000000103309    0.0000000000103390    0.0000000000104150    0.0000000000103558
415.0    0.0000000000104454    0.0000000000103900    0.0000000000104044    0.0000000000104862    0.0000000000104234
417.0    0.0000000000105184    0.0000000000104547    0.0000000000104769    0.0000000000105590    0.0000000000104922
419.0    0.0000000000105967    0.0000000000105233    0.0000000000105545    0.0000000000106410    0.0000000000105658
421.0    0.0000000000106814    0.0000000000105967    0.0000000000106345    0.0000000000107300    0.0000000000106486
423.0    0.0000000000107735    0.0000000000106728    0.0000000000107212    0.0000000000108228    0.0000000000107385
425.0    0.0000000000108745    0.0000000000107554    0.0000000000108198    0.0000000000109244    0.0000000000108369
427.0    0.0000000000109855    0.0000000000108494    0.0000000000109280    0.0000000000110416    0.0000000000109451
429.0    0.0000000000111031    0.0000000000109533    0.0000000000110421    0.0000000000111714    0.0000000000110594
431.0    0.0000000000112388    0.0000000000110688    0.0000000000111680    0.0000000000113094    0.0000000000111859
433.0    0.0000000000113896    0.0000000000111924    0.0000000000113136    0.0000000000114701    0.0000000000113324
435.0    0.0000000000115580    0.0000000000113306    0.0000000000114756    0.0000000000116494    0.0000000000114957
437.0    0.0000000000117455    0.0000000000114917    0.0000000000116480    0.0000000000118408    0.0000000000116781
439.0    0.0000000000119461    0.0000000000116731    0.0000000000118397    0.0000000000120641    0.0000000000118728
441.0    0.0000000000121787    0.0000000000118774    0.0000000000120620    0.0000000000123130    0.0000000000120895
443.0    0.0000000000124375    0.0000000000120979    0.0000000000123096    0.0000000000125781    0.0000000000123410
445.0    0.0000000000127257    0.0000000000123450    0.0000000000125726    0.0000000000128861    0.0000000000126212
447.0    0.0000000000130449    0.0000000000126325    0.0000000000128638    0.0000000000132274    0.0000000000129327
449.0    0.0000000000133836    0.0000000000129544    0.0000000000131993    0.0000000000135882    0.0000000000132626
451.0    0.0000000000137724    0.0000000000133137    0.0000000000135699    0.0000000000140037    0.0000000000136263
453.0    0.0000000000141994    0.0000000000136968    0.0000000000139599    0.0000000000144600    0.0000000000140435
455.0    0.0000000000146681    0.0000000000141202    0.0000000000143869    0.0000000000149375    0.0000000000145018
457.0    0.0000000000151792    0.0000000000146050    0.0000000000148730    0.0000000000154815    0.0000000000150031
459.0    0.0000000000157358    0.0000000000151378    0.0000000000154028    0.0000000000160722    0.0000000000155496
461.0    0.0000000000163382    0.0000000000157208    0.0000000000159529    0.0000000000166830    0.0000000000161169
463.0    0.0000000000169617    0.0000000000163300    0.0000000000165464    0.0000000000173706    0.0000000000167291
465.0    0.0000000000176590    0.0000000000169891    0.0000000000172123    0.0000000000181078    0.0000000000174155
467.0    0.0000000000184046    0.0000000000177275    0.0000000000179268    0.0000000000188608    0.0000000000181517
469.0    0.0000000000191999    0.0000000000185206    0.0000000000186570    0.0000000000196599    0.0000000000189378
471.0    0.0000000000200433    0.0000000000193343    0.0000000000194327    0.0000000000205443    0.0000000000197375
473.0    0.0000000000208982    0.0000000000201985    0.0000000000202891    0.0000000000214766    0.0000000000205827
475.0    0.0000000000218346    0.0000000000211488    0.0000000000211930    0.0000000000224127    0.0000000000215112
477.0    0.0000000000228152    0.0000000000221501    0.0000000000221020    0.0000000000234355    0.0000000000224859
479.0    0.0000000000238390    0.0000000000232000    0.0000000000230521    0.0000000000244999    0.0000000000235046
481.0    0.0000000000249020    0.0000000000242524    0.0000000000240843    0.0000000000255551    0.0000000000245195
483.0    0.0000000000260024    0.0000000000253445    0.0000000000251557    0.0000000000266934    0.0000000000255703
485.0    0.0000000000271356    0.0000000000265179    0.0000000000262162    0.0000000000278632    0.0000000000267010
487.0    0.0000000000282516    0.0000000000277255    0.0000000000273071    0.0000000000290085    0.0000000000278632
489.0    0.0000000000294393    0.0000000000289627    0.0000000000284737    0.0000000000302290    0.0000000000290528
491.0    0.0000000000306481    0.0000000000301753    0.0000000000296653    0.0000000000314682    0.0000000000302655
493.0    0.0000000000318739    0.0000000000314063    0.0000000000308266    0.0000000000326670    0.0000000000314450
495.0    0.0000000000331120    0.0000000000327004    0.0000000000320033    0.0000000000339295    0.0000000000326377
497.0    0.0000000000343078    0.0000000000340035    0.0000000000332427    0.0000000000351967    0.0000000000338914
499.0    0.0000000000355567    0.0000000000353101    0.0000000000344895    0.0000000000364089    0.0000000000351499
501.0    0.0000000000368042    0.0000000000365650    0.0000000000356872    0.0000000000376715    0.0000000000364086
503.0    0.0000000000380460    0.0000000000378136    0.0000000000368835    0.0000000000389253    0.0000000000376108
505.0    0.0000000000392780    0.0000000000391010    0.0000000000381262    0.0000000000401120    0.0000000000388049
507.0    0.0000000000404475    0.0000000000403724    0.0000000000393590    0.0000000000413356    0.0000000000400385
509.0    0.0000000000416482    0.0000000000416235    0.0000000000405274    0.0000000000425387    0.0000000000412554
511.0    0.0000000000428282    0.0000000000428039    0.0000000000416795    0.0000000000436665    0.0000000000424519
513.0    0.0000000000439836    0.0000000000439585    0.0000000000428612    0.0000000000447695    0.0000000000435766
515.0    0.0000000000451123    0.0000000000451294    0.0000000000440188    0.0000000000458931    0.0000000000446766
517.0    0.0000000000462110    0.0000000000462672    0.0000000000451031    0.0000000000469851    0.0000000000457960
519.0    0.0000000000472784    0.0000000000473694    0.0000000000461599    0.0000000000479976    0.0000000000468840
521.0    0.0000000000482715    0.0000000000483944    0.0000000000472322    0.0000000000490210    0.0000000000479385
523.0    0.0000000000492715    0.0000000000493832    0.0000000000482710    0.0000000000500081    0.0000000000489581
525.0    0.0000000000502360    0.0000000000503729    0.0000000000492342    0.0000000000509167    0.0000000000499014
527.0    0.0000000000511633    0.0000000000513222    0.0000000000501640    0.0000000000518289    0.0000000000508101
529.0    0.0000000000520539    0.0000000000522309    0.0000000000510984    0.0000000000527031    0.0000000000517217
531.0    0.0000000000528733    0.0000000000530666    0.0000000000519955    0.0000000000535030    0.0000000000525952
533.0    0.0000000000536900    0.0000000000538643    0.0000000000528203    0.0000000000543014    0.0000000000534307
535.0    0.0000000000544700    0.0000000000546549    0.0000000000536101    0.0000000000550626    0.0000000000541961
537.0    0.0000000000552128    0.0000000000554063    0.0000000000543978    0.0000000000557555    0.0000000000549265
539.0    0.0000000000559200    0.0000000000561192    0.0000000000551487    0.0000000000564440    0.0000000000556528
541.0    0.0000000000565916    0.0000000000567697    0.0000000000558343    0.0000000000570976    0.0000000000563429
543.0    0.0000000000572293    0.0000000000573862    0.0000000000564868    0.0000000000576903    0.0000000000569978
545.0    0.0000000000578100    0.0000000000579933    0.0000000000571340    0.0000000000582771    0.0000000000575935
547.0    0.0000000000583832    0.0000000000585666    0.0000000000577227    0.0000000000588324    0.0000000000581584
549.0    0.0000000000589258    0.0000000000591077    0.0000000000582811    0.0000000000593345    0.0000000000587168
551.0    0.0000000000594383    0.0000000000595990    0.0000000000588330    0.0000000000598304    0.0000000000592445
553.0    0.0000000000599227    0.0000000000600628    0.0000000000593548    0.0000000000602986    0.0000000000597428
555.0    0.0000000000603621    0.0000000000605179    0.0000000000598277    0.0000000000607212    0.0000000000602131
557.0    0.0000000000607942    0.0000000000609465    0.0000000000602749    0.0000000000611380    0.0000000000606388
559.0    0.0000000000612021    0.0000000000613499    0.0000000000607157    0.0000000000615309    0.0000000000610408
561.0    0.0000000000615863    0.0000000000617157    0.0000000000611314    0.0000000000618853    0.0000000000614369
563.0    0.0000000000619488    0.0000000000620605    0.0000000000615074    0.0000000000622198    0.0000000000618100
565.0    0.0000000000622769    0.0000000000623986    0.0000000000618624    0.0000000000625495    0.0000000000621615
567.0    0.0000000000625994    0.0000000000627169    0.0000000000622119    0.0000000000628602    0.0000000000624793
569.0    0.0000000000629034    0.0000000000630165    0.0000000000625411    0.0000000000631402    0.0000000000627792
571.0    0.0000000000631897    0.0000000000632883    0.0000000000628387    0.0000000000634161    0.0000000000630743
573.0    0.0000000000634596    0.0000000000635446    0.0000000000631195    0.0000000000636762    0.0000000000633523
575.0    0.0000000000637138    0.0000000000637961    0.0000000000633958    0.0000000000639107    0.0000000000636142
577.0    0.0000000000639536    0.0000000000640330    0.0000000000636561    0.0000000000641418    0.0000000000638510
579.0    0.0000000000641706    0.0000000000642563    0.0000000000638914    0.0000000000643596    0.0000000000640743
581.0    0.0000000000643839    0.0000000000644589    0.0000000000641134    0.0000000000645559    0.0000000000642943
583.0    0.0000000000645850    0.0000000000646501    0.0000000000643319    0.0000000000647495    0.0000000000645015
585.0    0.0000000000647745    0.0000000000648378    0.0000000000645376    0.0000000000649319    0.0000000000646967
587.0    0.0000000000649531    0.0000000000650147    0.0000000000647236    0.0000000000650963    0.0000000000648805
589.0    0.0000000000651148    0.0000000000651751    0.0000000000648991    0.0000000000652583    0.0000000000650467
591.0    0.0000000000652736    0.0000000000653265    0.0000000000650717    0.0000000000654109    0.0000000000652034
593.0    0.0000000000654232    0.0000000000654749    0.0000000000652343    0.0000000000655483    0.0000000000653576
595.0    0.0000000000655640    0.0000000000656145    0.0000000000653811    0.0000000000656836    0.0000000000655027
597.0    0.0000000000656966    0.0000000000657459    0.0000000000655194    0.0000000000658109    0.0000000000656392
599.0    0.0000000000658165    0.0000000000658648    0.0000000000656555    0.0000000000659255    0.0000000000657625
601.0    0.0000000000659340    0.0000000000659767    0.0000000000657834    0.0000000000660380    0.0000000000658785
603.0    0.0000000000660445    0.0000000000660861    0.0000000000658988    0.0000000000661439    0.0000000000659924
605.0    0.0000000000661483    0.0000000000661888    0.0000000000660074    0.0000000000662389    0.0000000000660994
607.0    0.0000000000662458    0.0000000000662850    0.0000000000661140    0.0000000000663283    0.0000000000661997
609.0    0.0000000000663372    0.0000000000663718    0.0000000000662140    0.0000000000664160    0.0000000000662901
611.0    0.0000000000664230    0.0000000000664531    0.0000000000663041    0.0000000000664983    0.0000000000663749
613.0    0.0000000000665004    0.0000000000665324    0.0000000000663887    0.0000000000665720    0.0000000000664581
615.0    0.0000000000665759    0.0000000000666065    0.0000000000664716    0.0000000000666443    0.0000000000665359
617.0    0.0000000000666468    0.0000000000666758    0.0000000000665492    0.0000000000667120    0.0000000000666087
619.0    0.0000000000667131    0.0000000000667380    0.0000000000666191    0.0000000000667728    0.0000000000666769
621.0    0.0000000000667753    0.0000000000667963    0.0000000000666847    0.0000000000668322    0.0000000000667382
623.0    0.0000000000668313    0.0000000000668530    0.0000000000667488    0.0000000000668880    0.0000000000667956
625.0    0.0000000000668861    0.0000000000669059    0.0000000000668090    0.0000000000669380    0.0000000000668519
627.0    0.0000000000669375    0.0000000000669554    0.0000000000668630    0.0000000000669872    0.0000000000669046
629.0    0.0000000000669857    0.0000000000669999    0.0000000000669138    0.0000000000670333    0.0000000000669539
631.0    0.0000000000670310    0.0000000000670417    0.0000000000669637    0.0000000000670749    0.0000000000669984
633.0    0.0000000000670736    0.0000000000670826    0.0000000000670105    0.0000000000671159    0.0000000000670402
635.0    0.0000000000671139    0.0000000000671211    0.0000000000670528    0.0000000000671546    0.0000000000670814
637.0    0.0000000000671504    0.0000000000671573    0.0000000000670927    0.0000000000671896    0.0000000000671203
639.0    0.0000000000671865    0.0000000000671903    0.0000000000671320    0.0000000000672245    0.0000000000671570
641.0    0.0000000000672208    0.0000000000672216    0.0000000000671693    0.0000000000672576    0.0000000000671919
643.0    0.0000000000672534    0.0000000000672527    0.0000000000672032    0.0000000000672880    0.0000000000672237
645.0    0.0000000000672847    0.0000000000672824    0.0000000000672356    0.0000000000673184    0.0000000000672541
647.0    0.0000000000673135    0.0000000000673109    0.0000000000672678    0.0000000000673477    0.0000000000672845
649.0    0.0000000000673424    0.0000000000673373    0.0000000000672988    0.0000000000673747    0.0000000000673137
651.0    0.0000000000673703    0.0000000000673629    0.0000000000673273    0.0000000000674022    0.0000000000673419
653.0    0.0000000000673974    0.0000000000673889    0.0000000000673548    0.0000000000674289    0.0000000000673682
655.0    0.0000000000674238    0.0000000000674142    0.0000000000673827    0.0000000000674540    0.0000000000673937
657.0    0.0000000000674486    0.0000000000674391    0.0000000000674098    0.0000000000674785    0.0000000000674197
659.0    0.0000000000674740    0.0000000000674627    0.0000000000674351    0.0000000000675037    0.0000000000674452
661.0    0.0000000000674989    0.0000000000674860    0.0000000000674600    0.0000000000675286    0.0000000000674703
663.0    0.0000000000675235    0.0000000000675100    0.0000000000674855    0.0000000000675522    0.0000000000674941
665.0    0.0000000000675479    0.0000000000675338    0.0000000000675106    0.0000000000675767    0.0000000000675176
667.0    0.0000000000675721    0.0000000000675576    0.0000000000675344    0.0000000000676010    0.0000000000675420
669.0    0.0000000000675962    0.0000000000675805    0.0000000000675580    0.0000000000676242    0.0000000000675662
671.0    0.0000000000676192    0.0000000000676034    0.0000000000675825    0.0000000000676484    0.0000000000675903
673.0    0.0000000000676432    0.0000000000676272    0.0000000000676069    0.0000000000676726    0.0000000000676144
675.0    0.0000000000676671    0.0000000000676511    0.0000000000676302    0.0000000000676958    0.0000000000676375
677.0    0.0000000000676910    0.0000000000676751    0.0000000000676534    0.0000000000677199    0.0000000000676607
679.0    0.0000000000677149    0.0000000000676983    0.0000000000676776    0.0000000000677442    0.0000000000676848
681.0    0.0000000000677379    0.0000000000677216    0.0000000000677019    0.0000000000677674    0.0000000000677090
683.0    0.0000000000677619    0.0000000000677460    0.0000000000677251    0.0000000000677916    0.0000000000677332
685.0    0.0000000000677859    0.0000000000677704    0.0000000000677483    0.0000000000678159    0.0000000000677565
687.0    0.0000000000678100    0.0000000000677950    0.0000000000677726    0.0000000000678391    0.0000000000677798
689.0    0.0000000000678340    0.0000000000678187    0.0000000000677969    0.0000000000678633    0.0000000000678042
691.0    0.0000000000678580    0.0000000000678424    0.0000000000678201    0.0000000000678875    0.0000000000678286
693.0    0.0000000000678819    0.0000000000678671    0.0000000000678433    0.0000000000679106    0.0000000000678529
695.0    0.0000000000679048    0.0000000000678917    0.0000000000678675    0.0000000000679346    0.0000000000678762
697.0    0.0000000000679286    0.0000000000679164    0.0000000000678916    0.0000000000679585    0.0000000000678994
699.0    0.0000000000679522    0.0000000000679400    0.0000000000679146    0.0000000000679811    0.0000000000679236
701.0    0.0000000000679757    0.0000000000679635    0.0000000000679374    0.0000000000680036    0.0000000000679475
703.0    0.0000000000679989    0.0000000000679878    0.0000000000679611    0.0000000000680268    0.0000000000679713
705.0    0.0000000000680209    0.0000000000680119    0.0000000000679846    0.0000000000680497    0.0000000000679949
707.0    0.0000000000680436    0.0000000000680348    0.0000000000680068    0.0000000000680712    0.0000000000680172
709.0    0.0000000000680659    0.0000000000680574    0.0000000000680288    0.0000000000680933    0.0000000000680392
711.0    0.0000000000680878    0.0000000000680805    0.0000000000680514    0.0000000000681150    0.0000000000680618
713.0    0.0000000000681093    0.0000000000681032    0.0000000000680736    0.0000000000681353    0.0000000000680840
715.0    0.0000000000681294    0.0000000000681255    0.0000000000680944    0.0000000000681559    0.0000000000681057
717.0    0.0000000000681498    0.0000000000681464    0.0000000000681148    0.0000000000681759    0.0000000000681260
719.0    0.0000000000681696    0.0000000000681667    0.0000000000681355    0.0000000000681944    0.0000000000681458
721.0    0.0000000000681888    0.0000000000681872    0.0000000000681557    0.0000000000682131    0.0000000000681658
723.0    0.0000000000682073    0.0000000000682070    0.0000000000681744    0.0000000000682309    0.0000000000681851
725.0    0.0000000000682250    0.0000000000682260    0.0000000000681924    0.0000000000682473    0.0000000000682037
727.0    0.0000000000682419    0.0000000000682435    0.0000000000682105    0.0000000000682635    0.0000000000682208
729.0    0.0000000000682574    0.0000000000682602    0.0000000000682278    0.0000000000682789    0.0000000000682370
731.0    0.0000000000682726    0.0000000000682767    0.0000000000682436    0.0000000000682928    0.0000000000682532
733.0    0.0000000000682870    0.0000000000682922    0.0000000000682586    0.0000000000683062    0.0000000000682684
735.0    0.0000000000683004    0.0000000000683067    0.0000000000682734    0.0000000000683187    0.0000000000682826
737.0    0.0000000000683127    0.0000000000683196    0.0000000000682871    0.0000000000683297    0.0000000000682958
739.0    0.0000000000683237    0.0000000000683315    0.0000000000682994    0.0000000000683401    0.0000000000683075
741.0    0.0000000000683340    0.0000000000683428    0.0000000000683108    0.0000000000683494    0.0000000000683182
743.0    0.0000000000683433    0.0000000000683530    0.0000000000683216    0.0000000000683572    0.0000000000683283
745.0    0.0000000000683515    0.0000000000683619    0.0000000000683313    0.0000000000683644    0.0000000000683373
747.0    0.0000000000683586    0.0000000000683694    0.0000000000683395    0.0000000000683703    0.0000000000683451
749.0    0.0000000000683643    0.0000000000683758    0.0000000000683468    0.0000000000683750    0.0000000000683515
751.0    0.0000000000683691    0.0000000000683812    0.0000000000683532    0.0000000000683786    0.0000000000683569
753.0    0.0000000000683729    0.0000000000683853    0.0000000000683585    0.0000000000683812    0.0000000000683612
755.0    0.0000000000683755    0.0000000000683882    0.0000000000683626    0.0000000000683827    0.0000000000683645
757.0    0.0000000000683770    0.0000000000683899    0.0000000000683655    0.0000000000683831    0.0000000000683665
759.0    0.0000000000683774    0.0000000000683904    0.0000000000683675    0.0000000000683824    0.0000000000683674
761.0    0.0000000000683767    0.0000000000683898    0.0000000000683683    0.0000000000683806    0.0000000000683672
763.0    0.0000000000683750    0.0000000000683879    0.0000000000683681    0.0000000000683779    0.0000000000683659
765.0    0.0000000000683723    0.0000000000683850    0.0000000000683668    0.0000000000683740    0.0000000000683635
767.0    0.0000000000683685    0.0000000000683810    0.0000000000683645    0.0000000000683692    0.0000000000683600
769.0    0.0000000000683637    0.0000000000683761    0.0000000000683611    0.0000000000683637    0.0000000000683555
771.0    0.0000000000683580    0.0000000000683699    0.0000000000683569    0.0000000000683570    0.0000000000683502
773.0    0.0000000000683517    0.0000000000683628    0.0000000000683518    0.0000000000683494    0.0000000000683440
775.0    0.0000000000683442    0.0000000000683546    0.0000000000683455    0.0000000000683414    0.0000000000683366
777.0    0.0000000000683359    0.0000000000683459    0.0000000000683384    0.0000000000683323    0.0000000000683284
779.0    0.0000000000683269    0.0000000000683365    0.0000000000683308    0.0000000000683224    0.0000000000683193
781.0    0.0000000000683171    0.0000000000683258    0.0000000000683224    0.0000000000683124    0.0000000000683098
783.0    0.0000000000683067    0.0000000000683145    0.0000000000683129    0.0000000000683013    0.0000000000682997
785.0    0.0000000000682957    0.0000000000683024    0.0000000000683027    0.0000000000682897    0.0000000000682885
787.0    0.0000000000682846    0.0000000000682903    0.0000000000682924    0.0000000000682781    0.0000000000682768
789.0    0.0000000000682726    0.0000000000682776    0.0000000000682815    0.0000000000682656    0.0000000000682644
791.0    0.0000000000682602    0.0000000000682640    0.0000000000682697    0.0000000000682527    0.0000000000682522
793.0    0.0000000000682474    0.0000000000682500    0.0000000000682573    0.0000000000682401    0.0000000000682395
795.0    0.0000000000682343    0.0000000000682356    0.0000000000682452    0.0000000000682273    0.0000000000682260
797.0    0.0000000000682216    0.0000000000682216    0.0000000000682327    0.0000000000682138    0.0000000000682122
799.0    0.0000000000682081    0.0000000000682073    0.0000000000682195    0.0000000000682002    0.0000000000681982
801.0    0.0000000000681946    0.0000000000681924    0.0000000000682060    0.0000000000681871    0.0000000000681841
803.0    0.0000000000681810    0.0000000000681774    0.0000000000681930    0.0000000000681735    0.0000000000681704
805.0    0.0000000000681674    0.0000000000681625    0.0000000000681799    0.0000000000681599    0.0000000000681568
807.0    0.0000000000681545    0.0000000000681482    0.0000000000681662    0.0000000000681471    0.0000000000681427
809.0    0.0000000000681411    0.0000000000681340    0.0000000000681526    0.0000000000681340    0.0000000000681286
811.0    0.0000000000681280    0.0000000000681195    0.0000000000681397    0.0000000000681211    0.0000000000681147
813.0    0.0000000000681151    0.0000000000681053    0.0000000000681269    0.0000000000681091    0.0000000000681017
815.0    0.0000000000681025    0.0000000000680914    0.0000000000681138    0.0000000000680969    0.0000000000680889
817.0    0.0000000000680904    0.0000000000680785    0.0000000000681011    0.0000000000680851    0.0000000000680759
819.0    0.0000000000680786    0.0000000000680659    0.0000000000680891    0.0000000000680744    0.0000000000680634
821.0    0.0000000000680678    0.0000000000680533    0.0000000000680776    0.0000000000680637    0.0000000000680513
823.0    0.0000000000680570    0.0000000000680414    0.0000000000680660    0.0000000000680535    0.0000000000680402
825.0    0.0000000000680468    0.0000000000680304    0.0000000000680553    0.0000000000680443    0.0000000000680296
827.0    0.0000000000680372    0.0000000000680200    0.0000000000680452    0.0000000000680354    0.0000000000680191
829.0    0.0000000000680283    0.0000000000680100    0.0000000000680352    0.0000000000680272    0.0000000000680093
831.0    0.0000000000680203    0.0000000000680006    0.0000000000680258    0.0000000000680201    0.0000000000680002
833.0    0.0000000000680127    0.0000000000679921    0.0000000000680175    0.0000000000680134    0.0000000000679919
835.0    0.0000000000680059    0.0000000000679846    0.0000000000680098    0.0000000000680074    0.0000000000679845
837.0    0.0000000000679998    0.0000000000679779    0.0000000000680025    0.0000000000680025    0.0000000000679780
839.0    0.0000000000679945    0.0000000000679717    0.0000000000679960    0.0000000000679982    0.0000000000679719
841.0    0.0000000000679901    0.0000000000679665    0.0000000000679904    0.0000000000679947    0.0000000000679667
843.0    0.0000000000679865    0.0000000000679622    0.0000000000679857    0.0000000000679922    0.0000000000679624
845.0    0.0000000000679838    0.0000000000679589    0.0000000000679816    0.0000000000679905    0.0000000000679590
847.0    0.0000000000679819    0.0000000000679564    0.0000000000679783    0.0000000000679896    0.0000000000679565
849.0    0.0000000000679809    0.0000000000679548    0.0000000000679759    0.0000000000679896    0.0000000000679548
851.0    0.0000000000679807    0.0000000000679542    0.0000000000679745    0.0000000000679905    0.0000000000679540
853.0    0.0000000000679815    0.0000000000679545    0.0000000000679738    0.0000000000679922    0.0000000000679541
855.0    0.0000000000679830    0.0000000000679557    0.0000000000679740    0.0000000000679950    0.0000000000679551
857.0    0.0000000000679855    0.0000000000679578    0.0000000000679750    0.0000000000679984    0.0000000000679570
859.0    0.0000000000679888    0.0000000000679609    0.0000000000679769    0.0000000000680028    0.0000000000679597
861.0    0.0000000000679931    0.0000000000679650    0.0000000000679798    0.0000000000680082    0.0000000000679634
863.0    0.0000000000679982    0.0000000000679700    0.0000000000679836    0.0000000000680141    0.0000000000679681
865.0    0.0000000000680040    0.0000000000679757    0.0000000000679880    0.0000000000680212    0.0000000000679736
867.0    0.0000000000680108    0.0000000000679822    0.0000000000679933    0.0000000000680291    0.0000000000679798
869.0    0.0000000000680184    0.0000000000679898    0.0000000000679996    0.0000000000680375    0.0000000000679867
871.0    0.0000000000680269    0.0000000000679984    0.0000000000680068    0.0000000000680471    0.0000000000679949
873.0    0.0000000000680363    0.0000000000680078    0.0000000000680146    0.0000000000680575    0.0000000000680038
875.0    0.0000000000680464    0.0000000000680176    0.0000000000680231    0.0000000000680682    0.0000000000680136
877.0    0.0000000000680573    0.0000000000680282    0.0000000000680328    0.0000000000680801    0.0000000000680237
879.0    0.0000000000680685    0.0000000000680400    0.0000000000680433    0.0000000000680929    0.0000000000680346
881.0    0.0000000000680809    0.0000000000680525    0.0000000000680541    0.0000000000681057    0.0000000000680467
883.0    0.0000000000680940    0.0000000000680658    0.0000000000680656    0.0000000000681199    0.0000000000680596
885.0    0.0000000000681079    0.0000000000680793    0.0000000000680784    0.0000000000681348    0.0000000000680731
887.0    0.0000000000681224    0.0000000000680934    0.0000000000680919    0.0000000000681497    0.0000000000680875
889.0    0.0000000000681370    0.0000000000681088    0.0000000000681055    0.0000000000681653    0.0000000000681018
891.0    0.0000000000681529    0.0000000000681248    0.0000000000681198    0.0000000000681822    0.0000000000681168
893.0    0.0000000000681695    0.0000000000681415    0.0000000000681354    0.0000000000681998    0.0000000000681330
895.0    0.0000000000681867    0.0000000000681581    0.0000000000681516    0.0000000000682172    0.0000000000681499
897.0    0.0000000000682045    0.0000000000681752    0.0000000000681678    0.0000000000682361    0.0000000000681675
899.0    0.0000000000682223    0.0000000000681937    0.0000000000681846    0.0000000000682556    0.0000000000681848
901.0    0.0000000000682413    0.0000000000682127    0.0000000000682028    0.0000000000682748    0.0000000000682027
903.0    0.0000000000682609    0.0000000000682322    0.0000000000682216    0.0000000000682955    0.0000000000682220
905.0    0.0000000000682812    0.0000000000682516    0.0000000000682402    0.0000000000683169    0.0000000000682419
907.0    0.0000000000683021    0.0000000000682714    0.0000000000682594    0.0000000000683380    0.0000000000682623
909.0    0.0000000000683236    0.0000000000682926    0.0000000000682800    0.0000000000683606    0.0000000000682825
911.0    0.0000000000683457    0.0000000000683143    0.0000000000683013    0.0000000000683839    0.0000000000683031
913.0    0.0000000000683676    0.0000000000683366    0.0000000000683222    0.0000000000684068    0.0000000000683253
915.0    0.0000000000683909    0.0000000000683586    0.0000000000683438    0.0000000000684315    0.0000000000683480
917.0    0.0000000000684150    0.0000000000683811    0.0000000000683669    0.0000000000684568    0.0000000000683713
919.0    0.0000000000684397    0.0000000000684050    0.0000000000683906    0.0000000000684817    0.0000000000683953
921.0    0.0000000000684650    0.0000000000684295    0.0000000000684140    0.0000000000685085    0.0000000000684188
923.0    0.0000000000684901    0.0000000000684547    0.0000000000684380    0.0000000000685360    0.0000000000684429
925.0    0.0000000000685169    0.0000000000684796    0.0000000000684638    0.0000000000685631    0.0000000000684688
927.0    0.0000000000685444    0.0000000000685050    0.0000000000684903    0.0000000000685923    0.0000000000684954
929.0    0.0000000000685728    0.0000000000685322    0.0000000000685164    0.0000000000686224    0.0000000000685227
931.0    0.0000000000686020    0.0000000000685601    0.0000000000685432    0.0000000000686520    0.0000000000685496
933.0    0.0000000000686321    0.0000000000685889    0.0000000000685720    0.0000000000686825    0.0000000000685772
935.0    0.0000000000686631    0.0000000000686173    0.0000000000686017    0.0000000000687154    0.0000000000686069
937.0    0.0000000000686938    0.0000000000686465    0.0000000000686309    0.0000000000687493    0.0000000000686375
939.0    0.0000000000687268    0.0000000000686778    0.0000000000686611    0.0000000000687828    0.0000000000686690
941.0    0.0000000000687608    0.0000000000687100    0.0000000000686935    0.0000000000688190    0.0000000000687001
943.0    0.0000000000687959    0.0000000000687420    0.0000000000687270    0.0000000000688564    0.0000000000687322
945.0    0.0000000000688322    0.0000000000687751    0.0000000000687602    0.0000000000688934    0.0000000000687668
947.0    0.0000000000688682    0.0000000000688106    0.0000000000687943    0.0000000000689335    0.0000000000688025
949.0    0.0000000000689070    0.0000000000688473    0.0000000000688311    0.0000000000689749    0.0000000000688395
951.0    0.0000000000689471    0.0000000000688852    0.0000000000688692    0.0000000000690159    0.0000000000688777
953.0    0.0000000000689887    0.0000000000689230    0.0000000000689070    0.0000000000690603    0.0000000000689156
955.0    0.0000000000690317    0.0000000000689621    0.0000000000689461    0.0000000000691063    0.0000000000689548
957.0    0.0000000000690745    0.0000000000690043    0.0000000000689882    0.0000000000691519    0.0000000000689972
959.0    0.0000000000691206    0.0000000000690480    0.0000000000690319    0.0000000000692013    0.0000000000690412
961.0    0.0000000000691685    0.0000000000690934    0.0000000000690753    0.0000000000692526    0.0000000000690867
963.0    0.0000000000692181    0.0000000000691386    0.0000000000691202    0.0000000000693034    0.0000000000691320
965.0    0.0000000000692696    0.0000000000691855    0.0000000000691688    0.0000000000693586    0.0000000000691789
967.0    0.0000000000693229    0.0000000000692361    0.0000000000692191    0.0000000000694157    0.0000000000692297
969.0    0.0000000000693783    0.0000000000692887    0.0000000000692692    0.0000000000694724    0.0000000000692824
971.0    0.0000000000694334    0.0000000000693432    0.0000000000693211    0.0000000000695340    0.0000000000693371
973.0    0.0000000000694929    0.0000000000693977    0.0000000000693772    0.0000000000695978    0.0000000000693915
975.0    0.0000000000695547    0.0000000000694543    0.0000000000694355    0.0000000000696611    0.0000000000694479
977.0    0.0000000000696187    0.0000000000695153    0.0000000000694934    0.0000000000697298    0.0000000000695089
979.0    0.0000000000696852    0.0000000000695786    0.0000000000695534    0.0000000000698009    0.0000000000695723
981.0    0.0000000000697513    0.0000000000696445    0.0000000000696183    0.0000000000698715    0.0000000000696381
983.0    0.0000000000698227    0.0000000000697101    0.0000000000696857    0.0000000000699447    0.0000000000697064
985.0    0.0000000000698968    0.0000000000697782    0.0000000000697527    0.0000000000700239    0.0000000000697743
987.0    0.0000000000699735    0.0000000000698517    0.0000000000698221    0.0000000000701060    0.0000000000698446
989.0    0.0000000000700531    0.0000000000699280    0.0000000000698971    0.0000000000701874    0.0000000000699207
991.0    0.0000000000701356    0.0000000000700071    0.0000000000699750    0.0000000000702756    0.0000000000699997
993.0    0.0000000000702211    0.0000000000700859    0.0000000000700522    0.0000000000703669    0.0000000000700816
995.0    0.0000000000703060    0.0000000000701677    0.0000000000701323    0.0000000000704573    0.0000000000701628
997.0    0.0000000000703976    0.0000000000702557    0.0000000000702188    0.0000000000705551    0.0000000000702470
999.0    0.0000000000704924    0.0000000000703469    0.0000000000703084    0.0000000000706564    0.0000000000703379
1001.0    0.0000000000705906    0.0000000000704415    0.0000000000703973    0.0000000000707566    0.0000000000704321
1003.0    0.0000000000706922    0.0000000000705356    0.0000000000704894    0.0000000000708650    0.0000000000705297
1005.0    0.0000000000707931    0.0000000000706330    0.0000000000705887    0.0000000000709771    0.0000000000706264
1007.0    0.0000000000709017    0.0000000000707378    0.0000000000706915    0.0000000000710879    0.0000000000707265
1009.0    0.0000000000710139    0.0000000000708462    0.0000000000707935    0.0000000000712077    0.0000000000708344
1011.0    0.0000000000711301    0.0000000000709585    0.0000000000708988    0.0000000000713314    0.0000000000709461
1013.0    0.0000000000712500    0.0000000000710700    0.0000000000710124    0.0000000000714537    0.0000000000710616
1015.0    0.0000000000713690    0.0000000000711852    0.0000000000711299    0.0000000000715856    0.0000000000711810
1017.0    0.0000000000714969    0.0000000000713090    0.0000000000712462    0.0000000000717219    0.0000000000712992
1019.0    0.0000000000716289    0.0000000000714369    0.0000000000713663    0.0000000000718564    0.0000000000714212
1021.0    0.0000000000717653    0.0000000000715691    0.0000000000714957    0.0000000000720015    0.0000000000715527
1023.0    0.0000000000719060    0.0000000000717003    0.0000000000716293    0.0000000000721512    0.0000000000716884
1025.0    0.0000000000720512    0.0000000000718356    0.0000000000717614    0.0000000000722988    0.0000000000718286
1027.0    0.0000000000722010    0.0000000000719808    0.0000000000718978    0.0000000000724508    0.0000000000719671
1029.0    0.0000000000723491    0.0000000000721307    0.0000000000720444    0.0000000000726147    0.0000000000721100
1031.0    0.0000000000725082    0.0000000000722853    0.0000000000721958    0.0000000000727835    0.0000000000722636
1033.0    0.0000000000726721    0.0000000000724385    0.0000000000723453    0.0000000000729498    0.0000000000724221
1035.0    0.0000000000728410    0.0000000000725963    0.0000000000724993    0.0000000000731289    0.0000000000725855
1037.0    0.0000000000730150    0.0000000000727655    0.0000000000726648    0.0000000000733133    0.0000000000727467
1039.0    0.0000000000731869    0.0000000000729397    0.0000000000728355    0.0000000000734948    0.0000000000729128
1041.0    0.0000000000733712    0.0000000000731193    0.0000000000730039    0.0000000000736901    0.0000000000730912
1043.0    0.0000000000735608    0.0000000000732971    0.0000000000731772    0.0000000000738911    0.0000000000732749
1045.0    0.0000000000737560    0.0000000000734800    0.0000000000733634    0.0000000000740887    0.0000000000734642
1047.0    0.0000000000739568    0.0000000000736758    0.0000000000735550    0.0000000000743012    0.0000000000736590
1049.0    0.0000000000741549    0.0000000000738772    0.0000000000737439    0.0000000000745195    0.0000000000738509
1051.0    0.0000000000743671    0.0000000000740764    0.0000000000739381    0.0000000000747342    0.0000000000740483
1053.0    0.0000000000745850    0.0000000000742812    0.0000000000741465    0.0000000000749648    0.0000000000742601
1055.0    0.0000000000748092    0.0000000000745001    0.0000000000743608    0.0000000000752016    0.0000000000744778
1057.0    0.0000000000750393    0.0000000000747252    0.0000000000745719    0.0000000000754342    0.0000000000747017
1059.0    0.0000000000752758    0.0000000000749566    0.0000000000747886    0.0000000000756837    0.0000000000749221
1061.0    0.0000000000755186    0.0000000000751851    0.0000000000750209    0.0000000000759399    0.0000000000751484
1063.0    0.0000000000757577    0.0000000000754197    0.0000000000752495    0.0000000000761913    0.0000000000753909
1065.0    0.0000000000760133    0.0000000000756702    0.0000000000754841    0.0000000000764608    0.0000000000756399
1067.0    0.0000000000762755    0.0000000000759274    0.0000000000757353    0.0000000000767372    0.0000000000758956
1069.0    0.0000000000765444    0.0000000000761915    0.0000000000759932    0.0000000000770081    0.0000000000761470
1071.0    0.0000000000768202    0.0000000000764520    0.0000000000762467    0.0000000000772856    0.0000000000764049
1073.0    0.0000000000770914    0.0000000000767191    0.0000000000765066    0.0000000000775827    0.0000000000766807
1075.0    0.0000000000773808    0.0000000000770038    0.0000000000767846    0.0000000000778871    0.0000000000769636
1077.0    0.0000000000776773    0.0000000000772959    0.0000000000770697    0.0000000000781851    0.0000000000772538
1079.0    0.0000000000779810    0.0000000000775953    0.0000000000773495    0.0000000000785039    0.0000000000775512
1081.0    0.0000000000782919    0.0000000000778902    0.0000000000776361    0.0000000000788302    0.0000000000778431
1083.0    0.0000000000785972    0.0000000000781921    0.0000000000779424    0.0000000000791493    0.0000000000781420
1085.0    0.0000000000789226    0.0000000000785136    0.0000000000782560    0.0000000000794905    0.0000000000784612
1087.0    0.0000000000792552    0.0000000000788428    0.0000000000785635    0.0000000000798392    0.0000000000787880
1089.0    0.0000000000795955    0.0000000000791798    0.0000000000788780    0.0000000000801799    0.0000000000791226
1091.0    0.0000000000799432    0.0000000000795111    0.0000000000792137    0.0000000000805438    0.0000000000794504
1093.0    0.0000000000802985    0.0000000000798499    0.0000000000795569    0.0000000000809152    0.0000000000797855
1095.0    0.0000000000806614    0.0000000000802100    0.0000000000798931    0.0000000000812779    0.0000000000801428
1097.0    0.0000000000810169    0.0000000000805781    0.0000000000802365    0.0000000000816646    0.0000000000805080
1099.0    0.0000000000813949    0.0000000000809542    0.0000000000806024    0.0000000000820590    0.0000000000808812
1101.0    0.0000000000817803    0.0000000000813234    0.0000000000809762    0.0000000000824435    0.0000000000812463
1103.0    0.0000000000821735    0.0000000000817002    0.0000000000813416    0.0000000000828532    0.0000000000816188
1105.0    0.0000000000825743    0.0000000000821000    0.0000000000817143    0.0000000000832704    0.0000000000820152
1107.0    0.0000000000829661    0.0000000000825079    0.0000000000821109    0.0000000000836767    0.0000000000824197
1109.0    0.0000000000833819    0.0000000000829238    0.0000000000825153    0.0000000000841090    0.0000000000828322
1111.0    0.0000000000838050    0.0000000000833313    0.0000000000829102    0.0000000000845487    0.0000000000832526
1113.0    0.0000000000842358    0.0000000000837464    0.0000000000833123    0.0000000000849763    0.0000000000836629
1115.0    0.0000000000846738    0.0000000000841857    0.0000000000837394    0.0000000000854306    0.0000000000840805
1117.0    0.0000000000851193    0.0000000000846331    0.0000000000841742    0.0000000000858922    0.0000000000845239
1119.0    0.0000000000855720    0.0000000000850882    0.0000000000845980    0.0000000000863404    0.0000000000849751
1121.0    0.0000000000860134    0.0000000000855332    0.0000000000850288    0.0000000000867951    0.0000000000854339
1123.0    0.0000000000864801    0.0000000000859853    0.0000000000854857    0.0000000000872773    0.0000000000858807
1125.0    0.0000000000869536    0.0000000000864628    0.0000000000859499    0.0000000000877661    0.0000000000863344
1127.0    0.0000000000874341    0.0000000000869478    0.0000000000864015    0.0000000000882401    0.0000000000868150
1129.0    0.0000000000879211    0.0000000000874401    0.0000000000868598    0.0000000000887418    0.0000000000873028
1131.0    0.0000000000883948    0.0000000000879201    0.0000000000873449    0.0000000000892499    0.0000000000877977
1133.0    0.0000000000888945    0.0000000000884066    0.0000000000878368    0.0000000000897415    0.0000000000882995
1135.0    0.0000000000894002    0.0000000000889192    0.0000000000883145    0.0000000000902614    0.0000000000887867
1137.0    0.0000000000899120    0.0000000000894384    0.0000000000887983    0.0000000000907869    0.0000000000892799
1139.0    0.0000000000904296    0.0000000000899640    0.0000000000893093    0.0000000000912947    0.0000000000898008
1141.0    0.0000000000909317    0.0000000000904751    0.0000000000898264    0.0000000000918308    0.0000000000903278
1143.0    0.0000000000914600    0.0000000000909918    0.0000000000903276    0.0000000000923719    0.0000000000908607
1145.0    0.0000000000919933    0.0000000000915346    0.0000000000908342    0.0000000000928939    0.0000000000913767
1147.0    0.0000000000925316    0.0000000000920829    0.0000000000913681    0.0000000000934441    0.0000000000918977
1149.0    0.0000000000930744    0.0000000000926364    0.0000000000919073    0.0000000000939985    0.0000000000924464
1151.0    0.0000000000936217    0.0000000000931732    0.0000000000924288    0.0000000000945326    0.0000000000930001
1153.0    0.0000000000941731    0.0000000000937142    0.0000000000929548    0.0000000000950947    0.0000000000935583
1155.0    0.0000000000947060    0.0000000000942811    0.0000000000935080    0.0000000000956602    0.0000000000940973
1157.0    0.0000000000952647    0.0000000000948520    0.0000000000940655    0.0000000000962040    0.0000000000946401
1159.0    0.0000000000958267    0.0000000000954265    0.0000000000946035    0.0000000000967755    0.0000000000952101
1161.0    0.0000000000963917    0.0000000000959821    0.0000000000951450    0.0000000000973495    0.0000000000957836
1163.0    0.0000000000969594    0.0000000000965406    0.0000000000957134    0.0000000000979007    0.0000000000963602
1165.0    0.0000000000975068    0.0000000000971241    0.0000000000962849    0.0000000000984538    0.0000000000969396
1167.0    0.0000000000980790    0.0000000000977100    0.0000000000968353    0.0000000000990338    0.0000000000974972
1169.0    0.0000000000986532    0.0000000000982752    0.0000000000973880    0.0000000000996152    0.0000000000980568
1171.0    0.0000000000992289    0.0000000000988421    0.0000000000979670    0.0000000001001724    0.0000000000986425
1173.0    0.0000000000998060    0.0000000000994331    0.0000000000985480    0.0000000001007560    0.0000000000992299
1175.0    0.0000000001003842    0.0000000001000251    0.0000000000991063    0.0000000001013401    0.0000000000998183
1177.0    0.0000000001009628    0.0000000001006179    0.0000000000996659    0.0000000001018993    0.0000000001003834
1179.0    0.0000000001015191    0.0000000001011884    0.0000000001002508    0.0000000001024838    0.0000000001009487
1181.0    0.0000000001020985    0.0000000001017590    0.0000000001008367    0.0000000001030682    0.0000000001015390
1183.0    0.0000000001026781    0.0000000001023522    0.0000000001013985    0.0000000001036269    0.0000000001021293
1185.0    0.0000000001032572    0.0000000001029449    0.0000000001019608    0.0000000001042103    0.0000000001027193
1187.0    0.0000000001038358    0.0000000001035370    0.0000000001025471    0.0000000001047928    0.0000000001032842
1189.0    0.0000000001043905    0.0000000001041053    0.0000000001031333    0.0000000001053487    0.0000000001038485
1191.0    0.0000000001049675    0.0000000001046723    0.0000000001036947    0.0000000001059291    0.0000000001044359
1193.0    0.0000000001055430    0.0000000001052606    0.0000000001042552    0.0000000001065078    0.0000000001050222
1195.0    0.0000000001061173    0.0000000001058470    0.0000000001048391    0.0000000001070597    0.0000000001056067
1197.0    0.0000000001066897    0.0000000001064316    0.0000000001054218    0.0000000001076349    0.0000000001061895
1199.0    0.0000000001072377    0.0000000001069914    0.0000000001059786    0.0000000001082081    0.0000000001067462
1201.0    0.0000000001078065    0.0000000001075492    0.0000000001065342    0.0000000001087542    0.0000000001073007
1203.0    0.0000000001083732    0.0000000001081265    0.0000000001071119    0.0000000001093229    0.0000000001078769
1205.0    0.0000000001089378    0.0000000001087009    0.0000000001076876    0.0000000001098895    0.0000000001084508
1207.0    0.0000000001094998    0.0000000001092727    0.0000000001082373    0.0000000001104288    0.0000000001090218
1209.0    0.0000000001100593    0.0000000001098197    0.0000000001087848    0.0000000001109902    0.0000000001095663
1211.0    0.0000000001106163    0.0000000001103635    0.0000000001093536    0.0000000001115487    0.0000000001101083
1213.0    0.0000000001111482    0.0000000001109261    0.0000000001099199    0.0000000001120805    0.0000000001106704
1215.0    0.0000000001117000    0.0000000001114853    0.0000000001104599    0.0000000001126099    0.0000000001112295
1217.0    0.0000000001122486    0.0000000001120409    0.0000000001109976    0.0000000001131602    0.0000000001117855
1219.0    0.0000000001127945    0.0000000001125721    0.0000000001115555    0.0000000001137077    0.0000000001123150
1221.0    0.0000000001133374    0.0000000001130999    0.0000000001121107    0.0000000001142288    0.0000000001128417
1223.0    0.0000000001138560    0.0000000001136457    0.0000000001126398    0.0000000001147705    0.0000000001133879
1225.0    0.0000000001143932    0.0000000001141879    0.0000000001131664    0.0000000001153100    0.0000000001139310
1227.0    0.0000000001149276    0.0000000001147266    0.0000000001137127    0.0000000001158230    0.0000000001144704
1229.0    0.0000000001154590    0.0000000001152414    0.0000000001142560    0.0000000001163567    0.0000000001150066
1231.0    0.0000000001159875    0.0000000001157532    0.0000000001147738    0.0000000001168877    0.0000000001155175
1233.0    0.0000000001164927    0.0000000001162820    0.0000000001152889    0.0000000001173929    0.0000000001160250
1235.0    0.0000000001170158    0.0000000001168076    0.0000000001158234    0.0000000001179187    0.0000000001165522
1237.0    0.0000000001175364    0.0000000001173302    0.0000000001163551    0.0000000001184421    0.0000000001170759
1239.0    0.0000000001180543    0.0000000001178297    0.0000000001168620    0.0000000001189405    0.0000000001175967
1241.0    0.0000000001185699    0.0000000001183266    0.0000000001173662    0.0000000001194594    0.0000000001180930
1243.0    0.0000000001190830    0.0000000001188406    0.0000000001178897    0.0000000001199756    0.0000000001185869
1245.0    0.0000000001195938    0.0000000001193521    0.0000000001184106    0.0000000001204678    0.0000000001190996
1247.0    0.0000000001200822    0.0000000001198610    0.0000000001189076    0.0000000001209805    0.0000000001196098
1249.0    0.0000000001205891    0.0000000001203481    0.0000000001194022    0.0000000001214914    0.0000000001201177
1251.0    0.0000000001210938    0.0000000001208331    0.0000000001199162    0.0000000001219783    0.0000000001206020
1253.0    0.0000000001215970    0.0000000001213354    0.0000000001204279    0.0000000001224859    0.0000000001210848
1255.0    0.0000000001220984    0.0000000001218359    0.0000000001209165    0.0000000001229920    0.0000000001215868
1257.0    0.0000000001225783    0.0000000001223346    0.0000000001214034    0.0000000001234755    0.0000000001220868
1259.0    0.0000000001230769    0.0000000001228128    0.0000000001219097    0.0000000001239574    0.0000000001225852
1261.0    0.0000000001235743    0.0000000001232896    0.0000000001224140    0.0000000001244604    0.0000000001230823
1263.0    0.0000000001240707    0.0000000001237840    0.0000000001228967    0.0000000001249626    0.0000000001235573
1265.0    0.0000000001245662    0.0000000001242780    0.0000000001233779    0.0000000001254424    0.0000000001240314
1267.0    0.0000000001250608    0.0000000001247708    0.0000000001238788    0.0000000001259435    0.0000000001245251
1269.0    0.0000000001255550    0.0000000001252442    0.0000000001243788    0.0000000001264443    0.0000000001250183
1271.0    0.0000000001260289    0.0000000001257170    0.0000000001248571    0.0000000001269229    0.0000000001255105
1273.0    0.0000000001265222    0.0000000001262083    0.0000000001253349    0.0000000001274235    0.0000000001259820
1275.0    0.0000000001270153    0.0000000001266995    0.0000000001258329    0.0000000001279239    0.0000000001264535
1277.0    0.0000000001275085    0.0000000001271908    0.0000000001263304    0.0000000001284029    0.0000000001269455
1279.0    0.0000000001280018    0.0000000001276633    0.0000000001268071    0.0000000001289040    0.0000000001274371
1281.0    0.0000000001284755    0.0000000001281361    0.0000000001272838    0.0000000001294055    0.0000000001279292
1283.0    0.0000000001289695    0.0000000001286283    0.0000000001277812    0.0000000001298858    0.0000000001284010
1285.0    0.0000000001294641    0.0000000001291210    0.0000000001282790    0.0000000001303888    0.0000000001288733
1287.0    0.0000000001299593    0.0000000001295960    0.0000000001287563    0.0000000001308925    0.0000000001293669
1289.0    0.0000000001304552    0.0000000001300710    0.0000000001292342    0.0000000001313755    0.0000000001298613
1291.0    0.0000000001309323    0.0000000001305665    0.0000000001297333    0.0000000001318813    0.0000000001303567
1293.0    0.0000000001314302    0.0000000001310632    0.0000000001302333    0.0000000001323885    0.0000000001308530
1295.0    0.0000000001319290    0.0000000001315610    0.0000000001307135    0.0000000001328748    0.0000000001313298
1297.0    0.0000000001324295    0.0000000001320412    0.0000000001311944    0.0000000001333847    0.0000000001318080
1299.0    0.0000000001329312    0.0000000001325226    0.0000000001316974    0.0000000001338958    0.0000000001323083
1301.0    0.0000000001334344    0.0000000001330252    0.0000000001322019    0.0000000001343864    0.0000000001328102
1303.0    0.0000000001339391    0.0000000001335293    0.0000000001326865    0.0000000001349011    0.0000000001333140
1305.0    0.0000000001344251    0.0000000001340350    0.0000000001331725    0.0000000001354172    0.0000000001337978
1307.0    0.0000000001349331    0.0000000001345236    0.0000000001336811    0.0000000001359131    0.0000000001342837
1309.0    0.0000000001354429    0.0000000001350138    0.0000000001341913    0.0000000001364105    0.0000000001347925
1311.0    0.0000000001359546    0.0000000001355255    0.0000000001346821    0.0000000001369323    0.0000000001353033
1313.0    0.0000000001364681    0.0000000001360395    0.0000000001351747    0.0000000001374564    0.0000000001358162
1315.0    0.0000000001369630    0.0000000001365557    0.0000000001356902    0.0000000001379595    0.0000000001363100
1317.0    0.0000000001374808    0.0000000001370540    0.0000000001362078    0.0000000001384874    0.0000000001368054
1319.0    0.0000000001380003    0.0000000001375546    0.0000000001367058    0.0000000001390177    0.0000000001373247
1321.0    0.0000000001385221    0.0000000001380775    0.0000000001372057    0.0000000001395271    0.0000000001378464
1323.0    0.0000000001390460    0.0000000001386028    0.0000000001377295    0.0000000001400617    0.0000000001383704
1325.0    0.0000000001395723    0.0000000001391307    0.0000000001382555    0.0000000001405985    0.0000000001388970
1327.0    0.0000000001401008    0.0000000001396405    0.0000000001387616    0.0000000001411140    0.0000000001394035
1329.0    0.0000000001406102    0.0000000001401525    0.0000000001392701    0.0000000001416555    0.0000000001399126
1331.0    0.0000000001411432    0.0000000001406876    0.0000000001398027    0.0000000001421991    0.0000000001404461
1333.0    0.0000000001416786    0.0000000001412254    0.0000000001403377    0.0000000001427214    0.0000000001409822
1335.0    0.0000000001422161    0.0000000001417655    0.0000000001408525    0.0000000001432694    0.0000000001415205
1337.0    0.0000000001427558    0.0000000001422873    0.0000000001413697    0.0000000001438200    0.0000000001420391
1339.0    0.0000000001432761    0.0000000001428112    0.0000000001419117    0.0000000001443485    0.0000000001425600
1341.0    0.0000000001438205    0.0000000001433591    0.0000000001424334    0.0000000001449036    0.0000000001431059
1343.0    0.0000000001443672    0.0000000001439092    0.0000000001429572    0.0000000001454605    0.0000000001436544
1345.0    0.0000000001449160    0.0000000001444618    0.0000000001435061    0.0000000001459955    0.0000000001442051
1347.0    0.0000000001454672    0.0000000001449957    0.0000000001440573    0.0000000001465569    0.0000000001447588
1349.0    0.0000000001459986    0.0000000001455320    0.0000000001445880    0.0000000001471205    0.0000000001452915
1351.0    0.0000000001465539    0.0000000001460918    0.0000000001451208    0.0000000001476617    0.0000000001458265
1353.0    0.0000000001471117    0.0000000001466542    0.0000000001456790    0.0000000001482046    0.0000000001463872
1355.0    0.0000000001476715    0.0000000001472189    0.0000000001462394    0.0000000001487743    0.0000000001469505
1357.0    0.0000000001482335    0.0000000001477643    0.0000000001467790    0.0000000001493458    0.0000000001475154
1359.0    0.0000000001487972    0.0000000001483117    0.0000000001473201    0.0000000001498942    0.0000000001480595
1361.0    0.0000000001493631    0.0000000001488832    0.0000000001478871    0.0000000001504694    0.0000000001486056
1363.0    0.0000000001499080    0.0000000001494570    0.0000000001484562    0.0000000001510464    0.0000000001491775
1365.0    0.0000000001504775    0.0000000001500328    0.0000000001490036    0.0000000001515998    0.0000000001497515
1367.0    0.0000000001510488    0.0000000001505886    0.0000000001495528    0.0000000001521800    0.0000000001503278
1369.0    0.0000000001516219    0.0000000001511461    0.0000000001501280    0.0000000001527617    0.0000000001508819
1371.0    0.0000000001521963    0.0000000001517279    0.0000000001507050    0.0000000001533194    0.0000000001514378
1373.0    0.0000000001527495    0.0000000001523115    0.0000000001512596    0.0000000001539038    0.0000000001520198
1375.0    0.0000000001533272    0.0000000001528969    0.0000000001518158    0.0000000001544891    0.0000000001526034
1377.0    0.0000000001539060    0.0000000001534613    0.0000000001523980    0.0000000001550505    0.0000000001531888
1379.0    0.0000000001544863    0.0000000001540273    0.0000000001529817    0.0000000001556382    0.0000000001537756
1381.0    0.0000000001550677    0.0000000001546174    0.0000000001535425    0.0000000001562268    0.0000000001543398
1383.0    0.0000000001556267    0.0000000001552087    0.0000000001541045    0.0000000001567905    0.0000000001549052
1385.0    0.0000000001562101    0.0000000001558014    0.0000000001546925    0.0000000001573806    0.0000000001554963
1387.0    0.0000000001567941    0.0000000001563723    0.0000000001552812    0.0000000001579711    0.0000000001560887
1389.0    0.0000000001573790    0.0000000001569442    0.0000000001558467    0.0000000001585364    0.0000000001566820
1391.0    0.0000000001579644    0.0000000001575398    0.0000000001564131    0.0000000001591276    0.0000000001572517
1393.0    0.0000000001585504    0.0000000001581363    0.0000000001570047    0.0000000001597189    0.0000000001578221
1395.0    0.0000000001591366    0.0000000001587334    0.0000000001575973    0.0000000001602845    0.0000000001584179
1397.0    0.0000000001596995    0.0000000001593080    0.0000000001581658    0.0000000001608500    0.0000000001590144
1399.0    0.0000000001602859    0.0000000001598830    0.0000000001587346    0.0000000001614409    0.0000000001596113
1401.0    0.0000000001608723    0.0000000001604810    0.0000000001593285    0.0000000001620314    0.0000000001601835
1403.0    0.0000000001614585    0.0000000001610790    0.0000000001599225    0.0000000001625956    0.0000000001607559
1405.0    0.0000000001620442    0.0000000001616540    0.0000000001604917    0.0000000001631848    0.0000000001613531
1407.0    0.0000000001626060    0.0000000001622290    0.0000000001610611    0.0000000001637729    0.0000000001619502
1409.0    0.0000000001631905    0.0000000001628268    0.0000000001616550    0.0000000001643350    0.0000000001625467
1411.0    0.0000000001637741    0.0000000001634236    0.0000000001622483    0.0000000001649204    0.0000000001631430
1413.0    0.0000000001643567    0.0000000001640196    0.0000000001628165    0.0000000001655051    0.0000000001637136
1415.0    0.0000000001649383    0.0000000001645919    0.0000000001633839    0.0000000001660626    0.0000000001642835
1417.0    0.0000000001655182    0.0000000001651630    0.0000000001639750    0.0000000001666438    0.0000000001648771
1419.0    0.0000000001660967    0.0000000001657557    0.0000000001645652    0.0000000001672232    0.0000000001654693
1421.0    0.0000000001666506    0.0000000001663469    0.0000000001651297    0.0000000001677754    0.0000000001660603
1423.0    0.0000000001672256    0.0000000001669365    0.0000000001656925    0.0000000001683504    0.0000000001666250
1425.0    0.0000000001677986    0.0000000001675015    0.0000000001662785    0.0000000001689228    0.0000000001671882
1427.0    0.0000000001683694    0.0000000001680648    0.0000000001668627    0.0000000001694681    0.0000000001677739
1429.0    0.0000000001689378    0.0000000001686480    0.0000000001674206    0.0000000001700352    0.0000000001683574
1431.0    0.0000000001694809    0.0000000001692289    0.0000000001679767    0.0000000001705996    0.0000000001689385
1433.0    0.0000000001700440    0.0000000001698072    0.0000000001685548    0.0000000001711363    0.0000000001694929
1435.0    0.0000000001706043    0.0000000001703605    0.0000000001691303    0.0000000001716942    0.0000000001700448
1437.0    0.0000000001711616    0.0000000001709108    0.0000000001696793    0.0000000001722488    0.0000000001706181
1439.0    0.0000000001717155    0.0000000001714802    0.0000000001702256    0.0000000001727758    0.0000000001711879
1441.0    0.0000000001722439    0.0000000001720462    0.0000000001707927    0.0000000001733228    0.0000000001717544
1443.0    0.0000000001727912    0.0000000001726084    0.0000000001713567    0.0000000001738660    0.0000000001723174
1445.0    0.0000000001733344    0.0000000001731453    0.0000000001718939    0.0000000001743819    0.0000000001728536
1447.0    0.0000000001738740    0.0000000001736785    0.0000000001724277    0.0000000001748938    0.0000000001733857
1449.0    0.0000000001744093    0.0000000001742290    0.0000000001729810    0.0000000001754247    0.0000000001739374
1451.0    0.0000000001749404    0.0000000001747752    0.0000000001735309    0.0000000001759510    0.0000000001744848
1453.0    0.0000000001754670    0.0000000001753165    0.0000000001740537    0.0000000001764497    0.0000000001750275
1455.0    0.0000000001759686    0.0000000001758329    0.0000000001745725    0.0000000001769668    0.0000000001755436
1457.0    0.0000000001764862    0.0000000001763445    0.0000000001751098    0.0000000001774789    0.0000000001760551
1459.0    0.0000000001769992    0.0000000001768718    0.0000000001756425    0.0000000001779637    0.0000000001765840
1461.0    0.0000000001775073    0.0000000001773938    0.0000000001761486    0.0000000001784657    0.0000000001771078
1463.0    0.0000000001780103    0.0000000001779105    0.0000000001766503    0.0000000001789625    0.0000000001776264
1465.0    0.0000000001784884    0.0000000001784022    0.0000000001771687    0.0000000001794325    0.0000000001781182
1467.0    0.0000000001789812    0.0000000001788886    0.0000000001776823    0.0000000001799184    0.0000000001786048
1469.0    0.0000000001794687    0.0000000001793889    0.0000000001781695    0.0000000001803989    0.0000000001791074
1471.0    0.0000000001799505    0.0000000001798833    0.0000000001786515    0.0000000001808529    0.0000000001796041
1473.0    0.0000000001804268    0.0000000001803717    0.0000000001791492    0.0000000001813223    0.0000000001800949
1475.0    0.0000000001808976    0.0000000001808357    0.0000000001796414    0.0000000001817858    0.0000000001805795
1477.0    0.0000000001813625    0.0000000001812940    0.0000000001801077    0.0000000001822235    0.0000000001810384
1479.0    0.0000000001818037    0.0000000001817645    0.0000000001805687    0.0000000001826754    0.0000000001814913
1481.0    0.0000000001822575    0.0000000001822285    0.0000000001810440    0.0000000001831214    0.0000000001819581
1483.0    0.0000000001827052    0.0000000001826860    0.0000000001815133    0.0000000001835423    0.0000000001824187
1485.0    0.0000000001831468    0.0000000001831203    0.0000000001819575    0.0000000001839764    0.0000000001828726
