9.0    0.0000000000000000    0.0000000000000000    0.0000000000000000    0.0000000000000000    0.0000000000000000
11.0    0.0000000000000000    0.0000000000000000    0.0000000000000000    0.0000000000000000    0.0000000000000000
13.0    0.0000000000000000    0.0000000000000000    0.0000000000000000    0.0000000000000000    0.0000000000000000
15.0    0.0000000000000000    0.0000000000000000    0.0000000000000000    0.0000000000000000    0.0000000000000000
17.0    0.0000000000000000    0.0000000000000000    0.0000000000000000    0.0000000000000000    0.0000000000000000
19.0    0.0000000000000000    0.0000000000000000    0.0000000000000000    0.0000000000000000    0.0000000000000000
21.0    0.0000000000000000    0.0000000000000000    0.0000000000000000    0.0000000000000000    0.0000000000000000
23.0    0.0000000000000000    0.0000000000000000    0.0000000000000000    0.0000000000000000    0.0000000000000000
25.0    0.0000000000000000    0.0000000000000000    0.0000000000000000    0.0000000000000000    0.0000000000000000
27.0    0.0000000000000000    0.0000000000000000    0.0000000000000000    0.0000000000000000    0.0000000000000000
29.0    0.0000000000000000    0.0000000000000000    0.0000000000000000    0.0000000000000000    0.0000000000000000
31.0    0.0000000000000000    0.0000000000000000    0.0000000000000001    0.0000000000000000    0.0000000000000001
33.0    0.0000000000000001    0.0000000000000001    0.0000000000000001    0.0000000000000001    0.0000000000000001
35.0    0.0000000000000002    0.0000000000000001    0.0000000000000002    0.0000000000000002    0.0000000000000002
37.0    0.0000000000000003    0.0000000000000002    0.0000000000000004    0.0000000000000003    0.0000000000000004
39.0    0.0000000000000006    0.0000000000000004    0.0000000000000007    0.0000000000000005    0.0000000000000007
41.0    0.0000000000000010    0.0000000000000008    0.0000000000000011    0.0000000000000009    0.0000000000000011
43.0    0.0000000000000016    0.0000000000000013    0.0000000000000017    0.0000000000000015    0.0000000000000017
45.0    0.0000000000000024    0.0000000000000021    0.0000000000000025    0.0000000000000023    0.0000000000000026
47.0    0.0000000000000035    0.0000000000000032    0.0000000000000037    0.0000000000000034    0.0000000000000038
49.0    0.0000000000000050    0.0000000000000046    0.0000000000000051    0.0000000000000049    0.0000000000000053
51.0    0.0000000000000068    0.0000000000000064    0.0000000000000069    0.0000000000000068    0.0000000000000071
53.0    0.0000000000000090    0.0000000000000086    0.0000000000000091    0.0000000000000090    0.0000000000000092
55.0    0.0000000000000115    0.0000000000000112    0.0000000000000114    0.0000000000000115    0.0000000000000116
57.0    0.0000000000000141    0.0000000000000139    0.0000000000000140    0.0000000000000142    0.0000000000000142
59.0    0.0000000000000169    0.0000000000000166    0.0000000000000168    0.0000000000000171    0.0000000000000171
61.0    0.0000000000000198    0.0000000000000194    0.0000000000000198    0.0000000000000199    0.0000000000000200
63.0    0.0000000000000228    0.0000000000000222    0.0000000000000228    0.0000000000000228    0.0000000000000232
65.0    0.0000000000000259    0.0000000000000251    0.0000000000000260    0.0000000000000259    0.0000000000000264
67.0    0.0000000000000295    0.0000000000000284    0.0000000000000297    0.0000000000000292    0.0000000000000300
69.0    0.0000000000000336    0.0000000000000320    0.0000000000000340    0.0000000000000333    0.0000000000000343
71.0    0.0000000000000384    0.0000000000000365    0.0000000000000388    0.0000000000000383    0.0000000000000394
73.0    0.0000000000000443    0.0000000000000424    0.0000000000000445    0.0000000000000442    0.0000000000000455
75.0    0.0000000000000514    0.0000000000000497    0.0000000000000514    0.0000000000000516    0.0000000000000522
77.0    0.0000000000000596    0.0000000000000583    0.0000000000000593    0.0000000000000601    0.0000000000000598
79.0    0.0000000000000686    0.0000000000000676    0.0000000000000675    0.0000000000000691    0.0000000000000683
81.0    0.0000000000000775    0.0000000000000774    0.0000000000000761    0.0000000000000789    0.0000000000000772
83.0    0.0000000000000867    0.0000000000000874    0.0000000000000849    0.0000000000000885    0.0000000000000859
85.0    0.0000000000000952    0.0000000000000967    0.0000000000000932    0.0000000000000968    0.0000000000000937
87.0    0.0000000000001024    0.0000000000001045    0.0000000000001001    0.0000000000001042    0.0000000000001004
89.0    0.0000000000001081    0.0000000000001102    0.0000000000001058    0.0000000000001097    0.0000000000001062
91.0    0.0000000000001121    0.0000000000001138    0.0000000000001102    0.0000000000001132    0.0000000000001104
93.0    0.0000000000001144    0.0000000000001156    0.0000000000001132    0.0000000000001151    0.0000000000001132
95.0    0.0000000000001154    0.0000000000001159    0.0000000000001148    0.0000000000001157    0.0000000000001149
97.0    0.0000000000001157    0.0000000000001152    0.0000000000001157    0.0000000000001156    0.0000000000001158
99.0    0.0000000000001158    0.0000000000001145    0.0000000000001164    0.0000000000001153    0.0000000000001164
101.0    0.0000000000001163    0.0000000000001142    0.0000000000001172    0.0000000000001156    0.0000000000001173
103.0    0.0000000000001177    0.0000000000001152    0.0000000000001186    0.0000000000001170    0.0000000000001189
105.0    0.0000000000001201    0.0000000000001177    0.0000000000001208    0.0000000000001196    0.0000000000001214
107.0    0.0000000000001238    0.0000000000001219    0.0000000000001242    0.0000000000001237    0.0000000000001247
109.0    0.0000000000001286    0.0000000000001272    0.0000000000001285    0.0000000000001290    0.0000000000001290
111.0    0.0000000000001342    0.0000000000001335    0.0000000000001334    0.0000000000001348    0.0000000000001341
113.0    0.0000000000001402    0.0000000000001403    0.0000000000001387    0.0000000000001412    0.0000000000001396
115.0    0.0000000000001458    0.0000000000001469    0.0000000000001442    0.0000000000001473    0.0000000000001450
117.0    0.0000000000001512    0.0000000000001526    0.0000000000001495    0.0000000000001526    0.0000000000001500
119.0    0.0000000000001557    0.0000000000001571    0.0000000000001540    0.0000000000001571    0.0000000000001543
121.0    0.0000000000001594    0.0000000000001606    0.0000000000001577    0.0000000000001605    0.0000000000001582
123.0    0.0000000000001621    0.0000000000001629    0.0000000000001610    0.0000000000001629    0.0000000000001613
125.0    0.0000000000001642    0.0000000000001642    0.0000000000001636    0.0000000000001646    0.0000000000001638
127.0    0.0000000000001659    0.0000000000001651    0.0000000000001657    0.0000000000001659    0.0000000000001659
129.0    0.0000000000001675    0.0000000000001660    0.0000000000001676    0.0000000000001673    0.0000000000001679
131.0    0.0000000000001695    0.0000000000001674    0.0000000000001698    0.0000000000001692    0.0000000000001701
133.0    0.0000000000001720    0.0000000000001697    0.0000000000001725    0.0000000000001719    0.0000000000001728
135.0    0.0000000000001754    0.0000000000001732    0.0000000000001756    0.0000000000001753    0.0000000000001762
137.0    0.0000000000001796    0.0000000000001775    0.0000000000001793    0.0000000000001798    0.0000000000001801
139.0    0.0000000000001842    0.0000000000001828    0.0000000000001837    0.0000000000001851    0.0000000000001845
141.0    0.0000000000001896    0.0000000000001890    0.0000000000001887    0.0000000000001906    0.0000000000001892
143.0    0.0000000000001951    0.0000000000001954    0.0000000000001936    0.0000000000001963    0.0000000000001944
145.0    0.0000000000002006    0.0000000000002016    0.0000000000001986    0.0000000000002020    0.0000000000001996
147.0    0.0000000000002057    0.0000000000002070    0.0000000000002035    0.0000000000002072    0.0000000000002044
149.0    0.0000000000002099    0.0000000000002116    0.0000000000002080    0.0000000000002114    0.0000000000002086
151.0    0.0000000000002136    0.0000000000002152    0.0000000000002118    0.0000000000002150    0.0000000000002122
153.0    0.0000000000002165    0.0000000000002178    0.0000000000002149    0.0000000000002176    0.0000000000002153
155.0    0.0000000000002187    0.0000000000002195    0.0000000000002175    0.0000000000002194    0.0000000000002178
157.0    0.0000000000002203    0.0000000000002204    0.0000000000002196    0.0000000000002207    0.0000000000002198
159.0    0.0000000000002216    0.0000000000002210    0.0000000000002213    0.0000000000002218    0.0000000000002215
161.0    0.0000000000002229    0.0000000000002216    0.0000000000002228    0.0000000000002228    0.0000000000002230
163.0    0.0000000000002243    0.0000000000002226    0.0000000000002244    0.0000000000002242    0.0000000000002246
165.0    0.0000000000002260    0.0000000000002241    0.0000000000002263    0.0000000000002260    0.0000000000002265
167.0    0.0000000000002283    0.0000000000002263    0.0000000000002284    0.0000000000002283    0.0000000000002288
169.0    0.0000000000002311    0.0000000000002292    0.0000000000002309    0.0000000000002313    0.0000000000002315
171.0    0.0000000000002343    0.0000000000002329    0.0000000000002339    0.0000000000002348    0.0000000000002345
173.0    0.0000000000002379    0.0000000000002371    0.0000000000002373    0.0000000000002386    0.0000000000002378
175.0    0.0000000000002418    0.0000000000002416    0.0000000000002408    0.0000000000002428    0.0000000000002414
177.0    0.0000000000002458    0.0000000000002459    0.0000000000002444    0.0000000000002470    0.0000000000002452
179.0    0.0000000000002497    0.0000000000002501    0.0000000000002482    0.0000000000002508    0.0000000000002490
181.0    0.0000000000002534    0.0000000000002540    0.0000000000002519    0.0000000000002546    0.0000000000002525
183.0    0.0000000000002568    0.0000000000002574    0.0000000000002553    0.0000000000002580    0.0000000000002558
185.0    0.0000000000002599    0.0000000000002604    0.0000000000002584    0.0000000000002608    0.0000000000002590
187.0    0.0000000000002626    0.0000000000002628    0.0000000000002614    0.0000000000002634    0.0000000000002620
189.0    0.0000000000002652    0.0000000000002649    0.0000000000002643    0.0000000000002658    0.0000000000002647
191.0    0.0000000000002676    0.0000000000002669    0.0000000000002668    0.0000000000002682    0.0000000000002673
193.0    0.0000000000002700    0.0000000000002690    0.0000000000002693    0.0000000000002704    0.0000000000002698
195.0    0.0000000000002725    0.0000000000002713    0.0000000000002719    0.0000000000002729    0.0000000000002723
197.0    0.0000000000002751    0.0000000000002737    0.0000000000002746    0.0000000000002756    0.0000000000002751
199.0    0.0000000000002779    0.0000000000002766    0.0000000000002774    0.0000000000002784    0.0000000000002780
201.0    0.0000000000002810    0.0000000000002799    0.0000000000002802    0.0000000000002817    0.0000000000002810
203.0    0.0000000000002844    0.0000000000002836    0.0000000000002834    0.0000000000002852    0.0000000000002841
205.0    0.0000000000002878    0.0000000000002874    0.0000000000002867    0.0000000000002887    0.0000000000002873
207.0    0.0000000000002912    0.0000000000002912    0.0000000000002900    0.0000000000002924    0.0000000000002907
209.0    0.0000000000002947    0.0000000000002950    0.0000000000002932    0.0000000000002960    0.0000000000002941
211.0    0.0000000000002981    0.0000000000002986    0.0000000000002966    0.0000000000002993    0.0000000000002974
213.0    0.0000000000003013    0.0000000000003020    0.0000000000002998    0.0000000000003025    0.0000000000003004
215.0    0.0000000000003042    0.0000000000003050    0.0000000000003027    0.0000000000003054    0.0000000000003032
217.0    0.0000000000003069    0.0000000000003074    0.0000000000003053    0.0000000000003078    0.0000000000003060
219.0    0.0000000000003093    0.0000000000003096    0.0000000000003079    0.0000000000003101    0.0000000000003085
221.0    0.0000000000003113    0.0000000000003114    0.0000000000003103    0.0000000000003121    0.0000000000003107
223.0    0.0000000000003133    0.0000000000003131    0.0000000000003124    0.0000000000003139    0.0000000000003129
225.0    0.0000000000003152    0.0000000000003147    0.0000000000003144    0.0000000000003157    0.0000000000003148
227.0    0.0000000000003170    0.0000000000003162    0.0000000000003164    0.0000000000003175    0.0000000000003167
229.0    0.0000000000003189    0.0000000000003179    0.0000000000003184    0.0000000000003193    0.0000000000003187
231.0    0.0000000000003208    0.0000000000003198    0.0000000000003203    0.0000000000003214    0.0000000000003207
233.0    0.0000000000003230    0.0000000000003219    0.0000000000003223    0.0000000000003236    0.0000000000003229
235.0    0.0000000000003252    0.0000000000003242    0.0000000000003246    0.0000000000003258    0.0000000000003251
237.0    0.0000000000003276    0.0000000000003267    0.0000000000003269    0.0000000000003282    0.0000000000003273
239.0    0.0000000000003302    0.0000000000003295    0.0000000000003293    0.0000000000003309    0.0000000000003298
241.0    0.0000000000003328    0.0000000000003323    0.0000000000003317    0.0000000000003336    0.0000000000003324
243.0    0.0000000000003355    0.0000000000003352    0.0000000000003343    0.0000000000003363    0.0000000000003350
245.0    0.0000000000003381    0.0000000000003379    0.0000000000003370    0.0000000000003390    0.0000000000003377
247.0    0.0000000000003407    0.0000000000003405    0.0000000000003395    0.0000000000003417    0.0000000000003402
249.0    0.0000000000003433    0.0000000000003432    0.0000000000003421    0.0000000000003442    0.0000000000003427
251.0    0.0000000000003459    0.0000000000003457    0.0000000000003447    0.0000000000003468    0.0000000000003453
253.0    0.0000000000003484    0.0000000000003480    0.0000000000003473    0.0000000000003493    0.0000000000003478
255.0    0.0000000000003508    0.0000000000003503    0.0000000000003497    0.0000000000003516    0.0000000000003504
257.0    0.0000000000003532    0.0000000000003525    0.0000000000003522    0.0000000000003541    0.0000000000003528
259.0    0.0000000000003557    0.0000000000003548    0.0000000000003547    0.0000000000003566    0.0000000000003552
261.0    0.0000000000003582    0.0000000000003572    0.0000000000003573    0.0000000000003590    0.0000000000003578
263.0    0.0000000000003609    0.0000000000003598    0.0000000000003598    0.0000000000003617    0.0000000000003605
265.0    0.0000000000003635    0.0000000000003624    0.0000000000003624    0.0000000000003644    0.0000000000003632
267.0    0.0000000000003663    0.0000000000003651    0.0000000000003653    0.0000000000003672    0.0000000000003659
269.0    0.0000000000003692    0.0000000000003681    0.0000000000003682    0.0000000000003702    0.0000000000003687
271.0    0.0000000000003723    0.0000000000003713    0.0000000000003711    0.0000000000003734    0.0000000000003718
273.0    0.0000000000003754    0.0000000000003745    0.0000000000003740    0.0000000000003765    0.0000000000003749
275.0    0.0000000000003787    0.0000000000003778    0.0000000000003772    0.0000000000003798    0.0000000000003781
277.0    0.0000000000003820    0.0000000000003811    0.0000000000003804    0.0000000000003832    0.0000000000003814
279.0    0.0000000000003852    0.0000000000003845    0.0000000000003836    0.0000000000003865    0.0000000000003846
281.0    0.0000000000003886    0.0000000000003879    0.0000000000003870    0.0000000000003898    0.0000000000003879
283.0    0.0000000000003920    0.0000000000003913    0.0000000000003904    0.0000000000003933    0.0000000000003913
285.0    0.0000000000003955    0.0000000000003946    0.0000000000003938    0.0000000000003968    0.0000000000003948
287.0    0.0000000000003990    0.0000000000003979    0.0000000000003972    0.0000000000004002    0.0000000000003984
289.0    0.0000000000004024    0.0000000000004014    0.0000000000004008    0.0000000000004038    0.0000000000004018
291.0    0.0000000000004060    0.0000000000004049    0.0000000000004045    0.0000000000004075    0.0000000000004053
293.0    0.0000000000004097    0.0000000000004084    0.0000000000004081    0.0000000000004110    0.0000000000004090
295.0    0.0000000000004136    0.0000000000004120    0.0000000000004117    0.0000000000004149    0.0000000000004129
297.0    0.0000000000004175    0.0000000000004157    0.0000000000004157    0.0000000000004189    0.0000000000004169
299.0    0.0000000000004214    0.0000000000004197    0.0000000000004198    0.0000000000004229    0.0000000000004208
301.0    0.0000000000004257    0.0000000000004238    0.0000000000004239    0.0000000000004273    0.0000000000004249
303.0    0.0000000000004301    0.0000000000004282    0.0000000000004281    0.0000000000004319    0.0000000000004294
305.0    0.0000000000004348    0.0000000000004326    0.0000000000004328    0.0000000000004364    0.0000000000004340
307.0    0.0000000000004397    0.0000000000004372    0.0000000000004377    0.0000000000004415    0.0000000000004389
309.0    0.0000000000004448    0.0000000000004421    0.0000000000004426    0.0000000000004468    0.0000000000004441
311.0    0.0000000000004502    0.0000000000004473    0.0000000000004478    0.0000000000004521    0.0000000000004493
313.0    0.0000000000004557    0.0000000000004527    0.0000000000004535    0.0000000000004580    0.0000000000004548
315.0    0.0000000000004618    0.0000000000004582    0.0000000000004595    0.0000000000004642    0.0000000000004609
317.0    0.0000000000004683    0.0000000000004640    0.0000000000004658    0.0000000000004706    0.0000000000004674
319.0    0.0000000000004753    0.0000000000004704    0.0000000000004724    0.0000000000004778    0.0000000000004743
321.0    0.0000000000004828    0.0000000000004772    0.0000000000004799    0.0000000000004855    0.0000000000004815
323.0    0.0000000000004906    0.0000000000004846    0.0000000000004879    0.0000000000004936    0.0000000000004893
325.0    0.0000000000004994    0.0000000000004923    0.0000000000004964    0.0000000000005027    0.0000000000004982
327.0    0.0000000000005091    0.0000000000005007    0.0000000000005056    0.0000000000005128    0.0000000000005078
329.0    0.0000000000005197    0.0000000000005102    0.0000000000005161    0.0000000000005234    0.0000000000005185
331.0    0.0000000000005315    0.0000000000005207    0.0000000000005278    0.0000000000005351    0.0000000000005297
333.0    0.0000000000005446    0.0000000000005324    0.0000000000005401    0.0000000000005487    0.0000000000005422
335.0    0.0000000000005591    0.0000000000005449    0.0000000000005537    0.0000000000005639    0.0000000000005566
337.0    0.0000000000005746    0.0000000000005587    0.0000000000005696    0.0000000000005800    0.0000000000005726
339.0    0.0000000000005926    0.0000000000005747    0.0000000000005873    0.0000000000005989    0.0000000000005905
341.0    0.0000000000006127    0.0000000000005926    0.0000000000006062    0.0000000000006199    0.0000000000006105
343.0    0.0000000000006352    0.0000000000006127    0.0000000000006273    0.0000000000006425    0.0000000000006319
345.0    0.0000000000006604    0.0000000000006342    0.0000000000006518    0.0000000000006690    0.0000000000006558
347.0    0.0000000000006875    0.0000000000006582    0.0000000000006794    0.0000000000006986    0.0000000000006837
349.0    0.0000000000007190    0.0000000000006862    0.0000000000007089    0.0000000000007303    0.0000000000007149
351.0    0.0000000000007543    0.0000000000007176    0.0000000000007420    0.0000000000007676    0.0000000000007500
353.0    0.0000000000007940    0.0000000000007514    0.0000000000007806    0.0000000000008093    0.0000000000007876
355.0    0.0000000000008384    0.0000000000007892    0.0000000000008239    0.0000000000008540    0.0000000000008296
357.0    0.0000000000008861    0.0000000000008333    0.0000000000008703    0.0000000000009065    0.0000000000008786
359.0    0.0000000000009418    0.0000000000008828    0.0000000000009221    0.0000000000009653    0.0000000000009336
361.0    0.0000000000010040    0.0000000000009384    0.0000000000009826    0.0000000000010282    0.0000000000009952
363.0    0.0000000000010737    0.0000000000009983    0.0000000000010504    0.0000000000011018    0.0000000000010611
365.0    0.0000000000011516    0.0000000000010652    0.0000000000011229    0.0000000000011842    0.0000000000011346
367.0    0.0000000000012388    0.0000000000011431    0.0000000000012037    0.0000000000012721    0.0000000000012201
369.0    0.0000000000013360    0.0000000000012303    0.0000000000012976    0.0000000000013747    0.0000000000013157
371.0    0.0000000000014398    0.0000000000013279    0.0000000000014024    0.0000000000014891    0.0000000000014223
373.0    0.0000000000015601    0.0000000000014325    0.0000000000015141    0.0000000000016108    0.0000000000015411
375.0    0.0000000000016937    0.0000000000015490    0.0000000000016380    0.0000000000017457    0.0000000000016673
377.0    0.0000000000018423    0.0000000000016836    0.0000000000017814    0.0000000000019023    0.0000000000018073
379.0    0.0000000000020069    0.0000000000018335    0.0000000000019406    0.0000000000020759    0.0000000000019689
381.0    0.0000000000021817    0.0000000000020000    0.0000000000021094    0.0000000000022597    0.0000000000021481
383.0    0.0000000000023828    0.0000000000021772    0.0000000000022957    0.0000000000024720    0.0000000000023463
385.0    0.0000000000026046    0.0000000000023730    0.0000000000025101    0.0000000000027064    0.0000000000025557
387.0    0.0000000000028496    0.0000000000025977    0.0000000000027470    0.0000000000029535    0.0000000000027862
389.0    0.0000000000031191    0.0000000000028457    0.0000000000029967    0.0000000000032379    0.0000000000030505
391.0    0.0000000000034159    0.0000000000031192    0.0000000000032710    0.0000000000035506    0.0000000000033414
393.0    0.0000000000037417    0.0000000000034078    0.0000000000035851    0.0000000000038789    0.0000000000036613
395.0    0.0000000000040845    0.0000000000037243    0.0000000000039305    0.0000000000042555    0.0000000000039970
397.0    0.0000000000044756    0.0000000000040847    0.0000000000042930    0.0000000000046683    0.0000000000043645
399.0    0.0000000000049037    0.0000000000044797    0.0000000000046899    0.0000000000051006    0.0000000000047837
401.0    0.0000000000053730    0.0000000000049122    0.0000000000051428    0.0000000000055952    0.0000000000052430
403.0    0.0000000000058859    0.0000000000053660    0.0000000000056393    0.0000000000061364    0.0000000000057458
405.0    0.0000000000064241    0.0000000000058609    0.0000000000061592    0.0000000000067024    0.0000000000062962
407.0    0.0000000000070365    0.0000000000064219    0.0000000000067273    0.0000000000073495    0.0000000000068718
409.0    0.0000000000077057    0.0000000000070346    0.0000000000073750    0.0000000000080572    0.0000000000075002
411.0    0.0000000000084387    0.0000000000077037    0.0000000000080846    0.0000000000087975    0.0000000000082160
413.0    0.0000000000092399    0.0000000000084047    0.0000000000088278    0.0000000000096445    0.0000000000089995
415.0    0.0000000000100810    0.0000000000091688    0.0000000000096402    0.0000000000105716    0.0000000000098577
417.0    0.0000000000110395    0.0000000000100357    0.0000000000105675    0.0000000000115430    0.0000000000107565
419.0    0.0000000000120888    0.0000000000109840    0.0000000000115847    0.0000000000126560    0.0000000000117395
421.0    0.0000000000132410    0.0000000000120225    0.0000000000126520    0.0000000000138768    0.0000000000128620
423.0    0.0000000000145039    0.0000000000131145    0.0000000000138210    0.0000000000151582    0.0000000000140943
425.0    0.0000000000158924    0.0000000000143099    0.0000000000151580    0.0000000000165615    0.0000000000154482
427.0    0.0000000000174159    0.0000000000156725    0.0000000000166278    0.0000000000181734    0.0000000000169364
429.0    0.0000000000190213    0.0000000000171710    0.0000000000181726    0.0000000000199450    0.0000000000185007
431.0    0.0000000000208577    0.0000000000188205    0.0000000000198675    0.0000000000218078    0.0000000000202172
433.0    0.0000000000228744    0.0000000000205636    0.0000000000218080    0.0000000000239492    0.0000000000221830
435.0    0.0000000000250946    0.0000000000224804    0.0000000000239428    0.0000000000263032    0.0000000000243463
437.0    0.0000000000275320    0.0000000000246736    0.0000000000261866    0.0000000000287775    0.0000000000267264
439.0    0.0000000000300996    0.0000000000270929    0.0000000000286469    0.0000000000316187    0.0000000000292283
441.0    0.0000000000330325    0.0000000000297614    0.0000000000314601    0.0000000000347370    0.0000000000319709
443.0    0.0000000000362459    0.0000000000325831    0.0000000000345481    0.0000000000380068    0.0000000000351059
445.0    0.0000000000397712    0.0000000000356843    0.0000000000377846    0.0000000000417501    0.0000000000385452
447.0    0.0000000000436240    0.0000000000392259    0.0000000000413201    0.0000000000458431    0.0000000000423133
449.0    0.0000000000476600    0.0000000000431193    0.0000000000453446    0.0000000000501164    0.0000000000462539
451.0    0.0000000000522403    0.0000000000473929    0.0000000000497383    0.0000000000549845    0.0000000000505471
453.0    0.0000000000572206    0.0000000000518847    0.0000000000543158    0.0000000000602780    0.0000000000554192
455.0    0.0000000000626368    0.0000000000567852    0.0000000000592829    0.0000000000657716    0.0000000000607197
457.0    0.0000000000685009    0.0000000000623338    0.0000000000648955    0.0000000000719889    0.0000000000664732
459.0    0.0000000000748484    0.0000000000683732    0.0000000000709732    0.0000000000787028    0.0000000000727037
461.0    0.0000000000816880    0.0000000000749296    0.0000000000772518    0.0000000000856199    0.0000000000791397
463.0    0.0000000000887451    0.0000000000817408    0.0000000000840037    0.0000000000933886    0.0000000000860602
465.0    0.0000000000966260    0.0000000000890797    0.0000000000915621    0.0000000001017119    0.0000000000938056
467.0    0.0000000001050522    0.0000000000972802    0.0000000000996651    0.0000000001102174    0.0000000001021068
469.0    0.0000000001140519    0.0000000001060808    0.0000000001079522    0.0000000001192629    0.0000000001109788
471.0    0.0000000001236213    0.0000000001151182    0.0000000001167729    0.0000000001293102    0.0000000001200240
473.0    0.0000000001333623    0.0000000001247409    0.0000000001265436    0.0000000001399545    0.0000000001296205
475.0    0.0000000001440914    0.0000000001353645    0.0000000001369048    0.0000000001507098    0.0000000001402153
477.0    0.0000000001554047    0.0000000001466235    0.0000000001473879    0.0000000001625544    0.0000000001514113
479.0    0.0000000001673172    0.0000000001585178    0.0000000001584263    0.0000000001749956    0.0000000001632079
481.0    0.0000000001798081    0.0000000001705460    0.0000000001705223    0.0000000001874603    0.0000000001750695
483.0    0.0000000001928855    0.0000000001831583    0.0000000001832077    0.0000000002010717    0.0000000001874813
485.0    0.0000000002065234    0.0000000001968712    0.0000000001959061    0.0000000002152502    0.0000000002009975
487.0    0.0000000002201412    0.0000000002111812    0.0000000002091363    0.0000000002293400    0.0000000002150826
489.0    0.0000000002348575    0.0000000002260695    0.0000000002234833    0.0000000002446035    0.0000000002297202
491.0    0.0000000002500867    0.0000000002409074    0.0000000002383708    0.0000000002603790    0.0000000002448918
493.0    0.0000000002658211    0.0000000002562454    0.0000000002531244    0.0000000002759367    0.0000000002599099
495.0    0.0000000002820245    0.0000000002726913    0.0000000002683450    0.0000000002926662    0.0000000002753858
497.0    0.0000000002980071    0.0000000002896177    0.0000000002846923    0.0000000003098338    0.0000000002919885
499.0    0.0000000003150746    0.0000000003069940    0.0000000003014934    0.0000000003266479    0.0000000003090323
501.0    0.0000000003325348    0.0000000003240951    0.0000000003179933    0.0000000003446085    0.0000000003264898
503.0    0.0000000003503697    0.0000000003415606    0.0000000003348672    0.0000000003629221    0.0000000003435792
505.0    0.0000000003685413    0.0000000003600727    0.0000000003528371    0.0000000003807496    0.0000000003610014
507.0    0.0000000003862825    0.0000000003789106    0.0000000003711525    0.0000000003996819    0.0000000003795003
509.0    0.0000000004050428    0.0000000003980425    0.0000000003889997    0.0000000004188795    0.0000000003982988
511.0    0.0000000004240553    0.0000000004166856    0.0000000004071149    0.0000000004374693    0.0000000004173672
513.0    0.0000000004432986    0.0000000004355467    0.0000000004262699    0.0000000004562528    0.0000000004358663
515.0    0.0000000004627387    0.0000000004553614    0.0000000004456563    0.0000000004760717    0.0000000004545647
517.0    0.0000000004823537    0.0000000004753518    0.0000000004644248    0.0000000004960453    0.0000000004742573
519.0    0.0000000005021133    0.0000000004954903    0.0000000004833578    0.0000000005152739    0.0000000004941097
521.0    0.0000000005211975    0.0000000005149689    0.0000000005032603    0.0000000005354803    0.0000000005140956
523.0    0.0000000005411722    0.0000000005345385    0.0000000005232878    0.0000000005557667    0.0000000005341898
525.0    0.0000000005612199    0.0000000005549623    0.0000000005425739    0.0000000005752254    0.0000000005535255
527.0    0.0000000005813192    0.0000000005754367    0.0000000005619313    0.0000000005956032    0.0000000005729182
529.0    0.0000000006014477    0.0000000005959397    0.0000000005821826    0.0000000006159945    0.0000000005931920
531.0    0.0000000006207790    0.0000000006156613    0.0000000006024652    0.0000000006354927    0.0000000006134840
533.0    0.0000000006409047    0.0000000006353715    0.0000000006219123    0.0000000006558503    0.0000000006337731
535.0    0.0000000006610003    0.0000000006558399    0.0000000006413499    0.0000000006761626    0.0000000006531957
537.0    0.0000000006810468    0.0000000006762587    0.0000000006616039    0.0000000006955311    0.0000000006725799
539.0    0.0000000007010278    0.0000000006966103    0.0000000006818096    0.0000000007156992    0.0000000006927490
541.0    0.0000000007209236    0.0000000007161000    0.0000000007011113    0.0000000007357695    0.0000000007128413
543.0    0.0000000007407204    0.0000000007354952    0.0000000007203346    0.0000000007548583    0.0000000007328394
545.0    0.0000000007596152    0.0000000007555528    0.0000000007402957    0.0000000007746853    0.0000000007519010
547.0    0.0000000007791676    0.0000000007754779    0.0000000007593158    0.0000000007943672    0.0000000007708452
549.0    0.0000000007985756    0.0000000007952555    0.0000000007782123    0.0000000008130413    0.0000000007904753
551.0    0.0000000008178205    0.0000000008141201    0.0000000007977867    0.0000000008323902    0.0000000008099485
553.0    0.0000000008368925    0.0000000008328191    0.0000000008171985    0.0000000008515515    0.0000000008292510
555.0    0.0000000008550234    0.0000000008520801    0.0000000008356365    0.0000000008696879    0.0000000008483676
557.0    0.0000000008737106    0.0000000008711363    0.0000000008538968    0.0000000008884347    0.0000000008665025
559.0    0.0000000008921871    0.0000000008899744    0.0000000008727523    0.0000000009069556    0.0000000008844394
561.0    0.0000000009104341    0.0000000009078712    0.0000000008913914    0.0000000009244436    0.0000000009029383
563.0    0.0000000009284463    0.0000000009255395    0.0000000009090401    0.0000000009417000    0.0000000009212003
565.0    0.0000000009455025    0.0000000009436652    0.0000000009264644    0.0000000009594816    0.0000000009392137
567.0    0.0000000009630133    0.0000000009615232    0.0000000009444012    0.0000000009769930    0.0000000009562348
569.0    0.0000000009802586    0.0000000009791028    0.0000000009620749    0.0000000009934761    0.0000000009730042
571.0    0.0000000009972216    0.0000000009957358    0.0000000009787586    0.0000000010104200    0.0000000009902313
573.0    0.0000000010139017    0.0000000010120877    0.0000000009951799    0.0000000010270691    0.0000000010071696
575.0    0.0000000010302862    0.0000000010287962    0.0000000010120325    0.0000000010427036    0.0000000010238108
577.0    0.0000000010463700    0.0000000010451892    0.0000000010285883    0.0000000010587383    0.0000000010394773
579.0    0.0000000010615192    0.0000000010612600    0.0000000010441673    0.0000000010744618    0.0000000010548517
581.0    0.0000000010769915    0.0000000010764042    0.0000000010594575    0.0000000010891945    0.0000000010705867
583.0    0.0000000010921500    0.0000000010912369    0.0000000010751050    0.0000000011042758    0.0000000010860000
585.0    0.0000000011069900    0.0000000011063338    0.0000000010904333    0.0000000011190309    0.0000000011010917
587.0    0.0000000011215100    0.0000000011210923    0.0000000011048200    0.0000000011328336    0.0000000011158525
589.0    0.0000000011351425    0.0000000011349633    0.0000000011189042    0.0000000011469358    0.0000000011296891
591.0    0.0000000011490231    0.0000000011485123    0.0000000011332833    0.0000000011607127    0.0000000011432225
593.0    0.0000000011625842    0.0000000011622708    0.0000000011473333    0.0000000011735809    0.0000000011570225
595.0    0.0000000011758246    0.0000000011756877    0.0000000011604918    0.0000000011867117    0.0000000011704917
597.0    0.0000000011887500    0.0000000011887715    0.0000000011733500    0.0000000011995236    0.0000000011836375
599.0    0.0000000012008583    0.0000000012010367    0.0000000011864517    0.0000000012114791    0.0000000011959318
601.0    0.0000000012131662    0.0000000012129923    0.0000000011992342    0.0000000012236683    0.0000000012079308
603.0    0.0000000012251733    0.0000000012251154    0.0000000012111900    0.0000000012355573    0.0000000012201458
605.0    0.0000000012368808    0.0000000012369200    0.0000000012228592    0.0000000012466455    0.0000000012320542
607.0    0.0000000012482975    0.0000000012484162    0.0000000012347392    0.0000000012574664    0.0000000012436608
609.0    0.0000000012594262    0.0000000012591883    0.0000000012463242    0.0000000012685008    0.0000000012545118
611.0    0.0000000012702858    0.0000000012696900    0.0000000012571573    0.0000000012792636    0.0000000012650967
613.0    0.0000000012804592    0.0000000012803362    0.0000000012677267    0.0000000012893082    0.0000000012758725
615.0    0.0000000012908000    0.0000000012907100    0.0000000012784917    0.0000000012995608    0.0000000012863825
617.0    0.0000000013008975    0.0000000013008262    0.0000000012889967    0.0000000013095691    0.0000000012966358
619.0    0.0000000013107546    0.0000000013103183    0.0000000012988255    0.0000000013189236    0.0000000013066442
621.0    0.0000000013203900    0.0000000013195885    0.0000000013084308    0.0000000013284833    0.0000000013160145
623.0    0.0000000013294317    0.0000000013290131    0.0000000013182250    0.0000000013378345    0.0000000013251775
625.0    0.0000000013386523    0.0000000013382223    0.0000000013277975    0.0000000013465900    0.0000000013345300
627.0    0.0000000013476783    0.0000000013472315    0.0000000013367745    0.0000000013555567    0.0000000013436817
629.0    0.0000000013565162    0.0000000013557192    0.0000000013455683    0.0000000013643473    0.0000000013526400
631.0    0.0000000013651858    0.0000000013640408    0.0000000013545550    0.0000000013725964    0.0000000013610582
633.0    0.0000000013736900    0.0000000013725323    0.0000000013633658    0.0000000013810667    0.0000000013693192
635.0    0.0000000013820433    0.0000000013808738    0.0000000013716500    0.0000000013893900    0.0000000013777850
637.0    0.0000000013899283    0.0000000013890700    0.0000000013797908    0.0000000013972209    0.0000000013861025
639.0    0.0000000013980085    0.0000000013968275    0.0000000013881392    0.0000000014052833    0.0000000013942800
641.0    0.0000000014059667    0.0000000014044723    0.0000000013963467    0.0000000014132255    0.0000000014023300
643.0    0.0000000014138069    0.0000000014123131    0.0000000014040927    0.0000000014207182    0.0000000014099336
645.0    0.0000000014215383    0.0000000014200477    0.0000000014117258    0.0000000014284483    0.0000000014174300
647.0    0.0000000014288667    0.0000000014276900    0.0000000014195800    0.0000000014360827    0.0000000014251542
649.0    0.0000000014364069    0.0000000014349525    0.0000000014273267    0.0000000014433000    0.0000000014327808
651.0    0.0000000014438583    0.0000000014421354    0.0000000014346591    0.0000000014507583    0.0000000014403150
653.0    0.0000000014512277    0.0000000014495354    0.0000000014419050    0.0000000014581400    0.0000000014474555
655.0    0.0000000014585192    0.0000000014568638    0.0000000014493817    0.0000000014651291    0.0000000014545283
657.0    0.0000000014654483    0.0000000014641223    0.0000000014567767    0.0000000014720509    0.0000000014618283
659.0    0.0000000014725977    0.0000000014710425    0.0000000014637900    0.0000000014792192    0.0000000014690600
661.0    0.0000000014796800    0.0000000014779062    0.0000000014707358    0.0000000014863209    0.0000000014762242
663.0    0.0000000014866962    0.0000000014849877    0.0000000014779108    0.0000000014930536    0.0000000014830282
665.0    0.0000000014936492    0.0000000014920138    0.0000000014850217    0.0000000015000267    0.0000000014897750
667.0    0.0000000015005377    0.0000000014989815    0.0000000014917709    0.0000000015069418    0.0000000014967550
669.0    0.0000000015073675    0.0000000015056325    0.0000000014984592    0.0000000015134927    0.0000000015036717
671.0    0.0000000015138667    0.0000000015122292    0.0000000015053808    0.0000000015202808    0.0000000015105300
673.0    0.0000000015205731    0.0000000015190354    0.0000000015122325    0.0000000015270055    0.0000000015173258
675.0    0.0000000015272200    0.0000000015257854    0.0000000015187436    0.0000000015333773    0.0000000015237827
677.0    0.0000000015337992    0.0000000015324777    0.0000000015251933    0.0000000015399717    0.0000000015301808
679.0    0.0000000015403158    0.0000000015388550    0.0000000015318567    0.0000000015464964    0.0000000015367950
681.0    0.0000000015465083    0.0000000015451746    0.0000000015384567    0.0000000015526736    0.0000000015433433
683.0    0.0000000015528892    0.0000000015516831    0.0000000015447164    0.0000000015590558    0.0000000015498242
685.0    0.0000000015591958    0.0000000015581223    0.0000000015509083    0.0000000015653618    0.0000000015559682
687.0    0.0000000015654323    0.0000000015644915    0.0000000015573000    0.0000000015713209    0.0000000015620458
689.0    0.0000000015715883    0.0000000015705458    0.0000000015636125    0.0000000015774658    0.0000000015683117
691.0    0.0000000015776623    0.0000000015765269    0.0000000015695891    0.0000000015835273    0.0000000015744992
693.0    0.0000000015836517    0.0000000015826677    0.0000000015754908    0.0000000015892382    0.0000000015806017
695.0    0.0000000015893183    0.0000000015887215    0.0000000015815625    0.0000000015951150    0.0000000015863664
697.0    0.0000000015951269    0.0000000015946838    0.0000000015875458    0.0000000016008955    0.0000000015920508
699.0    0.0000000016008442    0.0000000016003292    0.0000000015931909    0.0000000016063273    0.0000000015978875
701.0    0.0000000016064577    0.0000000016058777    0.0000000015987475    0.0000000016116591    0.0000000016036258
703.0    0.0000000016119683    0.0000000016115523    0.0000000016044433    0.0000000016171283    0.0000000016092600
705.0    0.0000000016171558    0.0000000016171162    0.0000000016100367    0.0000000016224800    0.0000000016147858
707.0    0.0000000016224469    0.0000000016223567    0.0000000016152945    0.0000000016274873    0.0000000016199791
709.0    0.0000000016276233    0.0000000016274923    0.0000000016204458    0.0000000016326025    0.0000000016250625
711.0    0.0000000016326777    0.0000000016327100    0.0000000016257058    0.0000000016375891    0.0000000016302475
713.0    0.0000000016376100    0.0000000016378000    0.0000000016308442    0.0000000016422364    0.0000000016353092
715.0    0.0000000016422225    0.0000000016427646    0.0000000016356518    0.0000000016469608    0.0000000016402433
717.0    0.0000000016468946    0.0000000016474083    0.0000000016403375    0.0000000016515500    0.0000000016448473
719.0    0.0000000016514342    0.0000000016519208    0.0000000016450983    0.0000000016558036    0.0000000016493242
721.0    0.0000000016558346    0.0000000016564731    0.0000000016497192    0.0000000016601067    0.0000000016538583
723.0    0.0000000016600900    0.0000000016608800    0.0000000016540164    0.0000000016642636    0.0000000016582475
725.0    0.0000000016642000    0.0000000016651346    0.0000000016581808    0.0000000016680945    0.0000000016624917
727.0    0.0000000016681608    0.0000000016690808    0.0000000016623833    0.0000000016719483    0.0000000016664155
729.0    0.0000000016718250    0.0000000016728800    0.0000000016664342    0.0000000016756473    0.0000000016701992
731.0    0.0000000016754877    0.0000000016766754    0.0000000016701736    0.0000000016790364    0.0000000016739950
733.0    0.0000000016789967    0.0000000016803085    0.0000000016737683    0.0000000016824225    0.0000000016776308
735.0    0.0000000016823438    0.0000000016837754    0.0000000016773658    0.0000000016856455    0.0000000016811083
737.0    0.0000000016855383    0.0000000016869550    0.0000000016808050    0.0000000016885755    0.0000000016844225
739.0    0.0000000016884508    0.0000000016899762    0.0000000016839509    0.0000000016914783    0.0000000016874482
741.0    0.0000000016913277    0.0000000016929531    0.0000000016869433    0.0000000016942155    0.0000000016903183
743.0    0.0000000016940467    0.0000000016957623    0.0000000016899092    0.0000000016966800    0.0000000016931517
745.0    0.0000000016966000    0.0000000016984000    0.0000000016927108    0.0000000016990925    0.0000000016958233
747.0    0.0000000016989942    0.0000000017007783    0.0000000016952409    0.0000000017013436    0.0000000016983233
749.0    0.0000000017011375    0.0000000017029954    0.0000000016976192    0.0000000017033436    0.0000000017005682
751.0    0.0000000017032146    0.0000000017051400    0.0000000016999417    0.0000000017051909    0.0000000017026583
753.0    0.0000000017051342    0.0000000017071154    0.0000000017020967    0.0000000017069650    0.0000000017046808
755.0    0.0000000017068915    0.0000000017089223    0.0000000017040145    0.0000000017085800    0.0000000017065383
757.0    0.0000000017084950    0.0000000017105058    0.0000000017057783    0.0000000017099764    0.0000000017082358
759.0    0.0000000017099431    0.0000000017119385    0.0000000017074642    0.0000000017112817    0.0000000017097127
761.0    0.0000000017112400    0.0000000017132692    0.0000000017089933    0.0000000017124345    0.0000000017110408
763.0    0.0000000017123400    0.0000000017144446    0.0000000017103109    0.0000000017133955    0.0000000017122792
765.0    0.0000000017133392    0.0000000017154631    0.0000000017114850    0.0000000017142500    0.0000000017133592
767.0    0.0000000017141942    0.0000000017162992    0.0000000017125592    0.0000000017149636    0.0000000017142908
769.0    0.0000000017149054    0.0000000017169954    0.0000000017134883    0.0000000017155100    0.0000000017150750
771.0    0.0000000017154775    0.0000000017175762    0.0000000017142373    0.0000000017159450    0.0000000017156909
773.0    0.0000000017158992    0.0000000017180154    0.0000000017148550    0.0000000017162445    0.0000000017161750
775.0    0.0000000017162046    0.0000000017183177    0.0000000017153592    0.0000000017164036    0.0000000017165442
777.0    0.0000000017163800    0.0000000017184792    0.0000000017157292    0.0000000017164417    0.0000000017167800
779.0    0.0000000017164254    0.0000000017185154    0.0000000017159564    0.0000000017163536    0.0000000017168825
781.0    0.0000000017163500    0.0000000017184338    0.0000000017160592    0.0000000017161536    0.0000000017168618
783.0    0.0000000017161523    0.0000000017182231    0.0000000017160442    0.0000000017158283    0.0000000017167267
785.0    0.0000000017158375    0.0000000017178931    0.0000000017159033    0.0000000017153882    0.0000000017164642
787.0    0.0000000017154267    0.0000000017174658    0.0000000017156573    0.0000000017148609    0.0000000017160875
789.0    0.0000000017148908    0.0000000017169331    0.0000000017152983    0.0000000017141992    0.0000000017155950
791.0    0.0000000017142500    0.0000000017162723    0.0000000017148142    0.0000000017134345    0.0000000017150191
793.0    0.0000000017135031    0.0000000017155062    0.0000000017142175    0.0000000017126055    0.0000000017143425
795.0    0.0000000017126550    0.0000000017146369    0.0000000017135445    0.0000000017116845    0.0000000017135383
797.0    0.0000000017117483    0.0000000017137067    0.0000000017127767    0.0000000017106267    0.0000000017126325
799.0    0.0000000017107131    0.0000000017126892    0.0000000017118758    0.0000000017094773    0.0000000017116283
801.0    0.0000000017095858    0.0000000017115415    0.0000000017108767    0.0000000017082927    0.0000000017105308
803.0    0.0000000017083677    0.0000000017103031    0.0000000017098300    0.0000000017069667    0.0000000017093936
805.0    0.0000000017070658    0.0000000017089777    0.0000000017086950    0.0000000017055573    0.0000000017081733
807.0    0.0000000017057358    0.0000000017076233    0.0000000017074275    0.0000000017041309    0.0000000017068183
809.0    0.0000000017042692    0.0000000017061962    0.0000000017060725    0.0000000017025592    0.0000000017053800
811.0    0.0000000017027300    0.0000000017046346    0.0000000017046955    0.0000000017009136    0.0000000017038617
813.0    0.0000000017011108    0.0000000017029962    0.0000000017032425    0.0000000016992673    0.0000000017023345
815.0    0.0000000016994167    0.0000000017012838    0.0000000017016483    0.0000000016974742    0.0000000017007342
817.0    0.0000000016976538    0.0000000016995692    0.0000000016999792    0.0000000016956109    0.0000000016989958
819.0    0.0000000016958217    0.0000000016977915    0.0000000016983073    0.0000000016937627    0.0000000016971842
821.0    0.0000000016939958    0.0000000016958754    0.0000000016965708    0.0000000016917650    0.0000000016953050
823.0    0.0000000016920292    0.0000000016938931    0.0000000016946892    0.0000000016897027    0.0000000016934391
825.0    0.0000000016900008    0.0000000016919275    0.0000000016928255    0.0000000016876682    0.0000000016915133
827.0    0.0000000016879092    0.0000000016899000    0.0000000016908942    0.0000000016854817    0.0000000016894392
829.0    0.0000000016857558    0.0000000016877354    0.0000000016888183    0.0000000016832336    0.0000000016873058
831.0    0.0000000016836333    0.0000000016855077    0.0000000016866783    0.0000000016810291    0.0000000016851083
833.0    0.0000000016813638    0.0000000016832231    0.0000000016845709    0.0000000016786658    0.0000000016828533
835.0    0.0000000016790383    0.0000000016809725    0.0000000016824058    0.0000000016762464    0.0000000016806364
837.0    0.0000000016766577    0.0000000016786677    0.0000000016800917    0.0000000016738800    0.0000000016783683
839.0    0.0000000016742200    0.0000000016762185    0.0000000016777192    0.0000000016713533    0.0000000016759442
841.0    0.0000000016717323    0.0000000016737154    0.0000000016753918    0.0000000016687727    0.0000000016734683
843.0    0.0000000016691908    0.0000000016711569    0.0000000016730125    0.0000000016662573    0.0000000016709367
845.0    0.0000000016667033    0.0000000016686500    0.0000000016704792    0.0000000016636936    0.0000000016684618
847.0    0.0000000016640615    0.0000000016660938    0.0000000016678917    0.0000000016609658    0.0000000016659383
849.0    0.0000000016613733    0.0000000016633892    0.0000000016653627    0.0000000016581882    0.0000000016632592
851.0    0.0000000016586369    0.0000000016606338    0.0000000016627875    0.0000000016554873    0.0000000016605300
853.0    0.0000000016558542    0.0000000016578300    0.0000000016600542    0.0000000016526175    0.0000000016577508
855.0    0.0000000016531375    0.0000000016550883    0.0000000016572700    0.0000000016497018    0.0000000016549258
857.0    0.0000000016502638    0.0000000016523062    0.0000000016545573    0.0000000016468718    0.0000000016521755
859.0    0.0000000016473483    0.0000000016493669    0.0000000016518042    0.0000000016438700    0.0000000016493792
861.0    0.0000000016443869    0.0000000016463846    0.0000000016488842    0.0000000016408264    0.0000000016464217
863.0    0.0000000016413867    0.0000000016433585    0.0000000016459217    0.0000000016378782    0.0000000016434200
865.0    0.0000000016384675    0.0000000016404092    0.0000000016430409    0.0000000016347525    0.0000000016403783
867.0    0.0000000016353877    0.0000000016374192    0.0000000016401192    0.0000000016315891    0.0000000016374227
869.0    0.0000000016322700    0.0000000016342731    0.0000000016370342    0.0000000016285291    0.0000000016344300
871.0    0.0000000016291108    0.0000000016310877    0.0000000016339058    0.0000000016252892    0.0000000016312683
873.0    0.0000000016259175    0.0000000016278646    0.0000000016308718    0.0000000016220145    0.0000000016280683
875.0    0.0000000016226892    0.0000000016247283    0.0000000016278042    0.0000000016188491    0.0000000016248317
877.0    0.0000000016194258    0.0000000016215615    0.0000000016245658    0.0000000016155083    0.0000000016216982
879.0    0.0000000016162600    0.0000000016182308    0.0000000016212908    0.0000000016121355    0.0000000016185300
881.0    0.0000000016129308    0.0000000016148700    0.0000000016181191    0.0000000016088773    0.0000000016151900
883.0    0.0000000016095733    0.0000000016114731    0.0000000016149192    0.0000000016054400    0.0000000016118208
885.0    0.0000000016061800    0.0000000016081792    0.0000000016115442    0.0000000016019745    0.0000000016084175
887.0    0.0000000016027600    0.0000000016048562    0.0000000016081383    0.0000000015986318    0.0000000016049842
889.0    0.0000000015994508    0.0000000016013738    0.0000000016048464    0.0000000015952636    0.0000000016016682
891.0    0.0000000015959762    0.0000000015978608    0.0000000016015250    0.0000000015917150    0.0000000015983225
893.0    0.0000000015924750    0.0000000015943215    0.0000000015980342    0.0000000015881436    0.0000000015948067
895.0    0.0000000015889469    0.0000000015908950    0.0000000015945133    0.0000000015847018    0.0000000015912633
897.0    0.0000000015853950    0.0000000015874431    0.0000000015911164    0.0000000015810817    0.0000000015876950
899.0    0.0000000015819650    0.0000000015838323    0.0000000015876942    0.0000000015774382    0.0000000015842500
901.0    0.0000000015783677    0.0000000015801985    0.0000000015840992    0.0000000015739300    0.0000000015807900
903.0    0.0000000015747525    0.0000000015765408    0.0000000015804808    0.0000000015702458    0.0000000015771533
905.0    0.0000000015711115    0.0000000015730042    0.0000000015769909    0.0000000015665391    0.0000000015734967
907.0    0.0000000015674533    0.0000000015694523    0.0000000015734825    0.0000000015629764    0.0000000015698183
909.0    0.0000000015637746    0.0000000015657362    0.0000000015698008    0.0000000015592325    0.0000000015662755
911.0    0.0000000015600783    0.0000000015620023    0.0000000015660992    0.0000000015554709    0.0000000015627150
913.0    0.0000000015565142    0.0000000015582531    0.0000000015625327    0.0000000015518582    0.0000000015589817
915.0    0.0000000015527846    0.0000000015546325    0.0000000015589492    0.0000000015480642    0.0000000015552325
917.0    0.0000000015490400    0.0000000015509938    0.0000000015551933    0.0000000015442536    0.0000000015514642
919.0    0.0000000015452762    0.0000000015471977    0.0000000015514200    0.0000000015405964    0.0000000015476833
921.0    0.0000000015414992    0.0000000015433854    0.0000000015477891    0.0000000015367575    0.0000000015440445
923.0    0.0000000015378608    0.0000000015395615    0.0000000015441442    0.0000000015329045    0.0000000015403925
925.0    0.0000000015340577    0.0000000015358692    0.0000000015403250    0.0000000015292064    0.0000000015365683
927.0    0.0000000015302408    0.0000000015321669    0.0000000015364900    0.0000000015253275    0.0000000015327300
929.0    0.0000000015264123    0.0000000015283046    0.0000000015328055    0.0000000015214364    0.0000000015288792
931.0    0.0000000015225692    0.0000000015244300    0.0000000015291067    0.0000000015177000    0.0000000015251791
933.0    0.0000000015187162    0.0000000015205446    0.0000000015252350    0.0000000015139591    0.0000000015214650
935.0    0.0000000015148525    0.0000000015168000    0.0000000015213500    0.0000000015100342    0.0000000015175792
937.0    0.0000000015111300    0.0000000015130400    0.0000000015176173    0.0000000015060982    0.0000000015136842
939.0    0.0000000015072431    0.0000000015091231    0.0000000015138717    0.0000000015023227    0.0000000015097758
941.0    0.0000000015033458    0.0000000015051962    0.0000000015099525    0.0000000014983650    0.0000000015060218
943.0    0.0000000014994369    0.0000000015014108    0.0000000015060242    0.0000000014943964    0.0000000015022567
945.0    0.0000000014955200    0.0000000014976154    0.0000000015022473    0.0000000014905927    0.0000000014983200
947.0    0.0000000014917492    0.0000000014936592    0.0000000014984633    0.0000000014866042    0.0000000014943733
949.0    0.0000000014878115    0.0000000014896938    0.0000000014945033    0.0000000014826073    0.0000000014904150
951.0    0.0000000014838658    0.0000000014857192    0.0000000014905317    0.0000000014787745    0.0000000014864492
953.0    0.0000000014799092    0.0000000014818900    0.0000000014867182    0.0000000014747550    0.0000000014826391
955.0    0.0000000014759433    0.0000000014780500    0.0000000014828942    0.0000000014707300    0.0000000014788200
957.0    0.0000000014721275    0.0000000014740492    0.0000000014788958    0.0000000014668718    0.0000000014748267
959.0    0.0000000014681438    0.0000000014700369    0.0000000014748875    0.0000000014628267    0.0000000014708233
961.0    0.0000000014641500    0.0000000014660200    0.0000000014710373    0.0000000014587727    0.0000000014668100
963.0    0.0000000014601485    0.0000000014621450    0.0000000014671767    0.0000000014548855    0.0000000014629564
965.0    0.0000000014561358    0.0000000014582638    0.0000000014631417    0.0000000014508133    0.0000000014590933
967.0    0.0000000014521138    0.0000000014542169    0.0000000014590950    0.0000000014467309    0.0000000014550542
969.0    0.0000000014480842    0.0000000014501623    0.0000000014552091    0.0000000014428164    0.0000000014510058
971.0    0.0000000014442058    0.0000000014460969    0.0000000014513150    0.0000000014387150    0.0000000014469475
973.0    0.0000000014401569    0.0000000014421808    0.0000000014472400    0.0000000014346036    0.0000000014430500
975.0    0.0000000014361000    0.0000000014382554    0.0000000014431583    0.0000000014306636    0.0000000014391400
977.0    0.0000000014320315    0.0000000014341623    0.0000000014392364    0.0000000014265300    0.0000000014350583
979.0    0.0000000014279533    0.0000000014300623    0.0000000014353067    0.0000000014223900    0.0000000014309633
981.0    0.0000000014240317    0.0000000014259500    0.0000000014311950    0.0000000014184236    0.0000000014268592
983.0    0.0000000014199354    0.0000000014219883    0.0000000014270733    0.0000000014144436    0.0000000014227450
985.0    0.0000000014158300    0.0000000014180169    0.0000000014231164    0.0000000014102750    0.0000000014187918
987.0    0.0000000014117100    0.0000000014138769    0.0000000014191492    0.0000000014060955    0.0000000014148300
989.0    0.0000000014075850    0.0000000014097292    0.0000000014149983    0.0000000014020873    0.0000000014106883
991.0    0.0000000014034523    0.0000000014055692    0.0000000014108392    0.0000000013978883    0.0000000014065358
993.0    0.0000000013993058    0.0000000014015575    0.0000000014068427    0.0000000013936764    0.0000000014023717
995.0    0.0000000013953167    0.0000000013975392    0.0000000014028375    0.0000000013896409    0.0000000013983718
997.0    0.0000000013911508    0.0000000013933485    0.0000000013986450    0.0000000013854092    0.0000000013943625
999.0    0.0000000013869733    0.0000000013891492    0.0000000013944450    0.0000000013811673    0.0000000013901650
1001.0    0.0000000013827869    0.0000000013849362    0.0000000013904136    0.0000000013771000    0.0000000013859650
1003.0    0.0000000013785900    0.0000000013808783    0.0000000013863675    0.0000000013728350    0.0000000013817500
1005.0    0.0000000013745500    0.0000000013768077    0.0000000013821367    0.0000000013685609    0.0000000013777009
1007.0    0.0000000013703308    0.0000000013725654    0.0000000013778950    0.0000000013644627    0.0000000013736417
1009.0    0.0000000013661017    0.0000000013683108    0.0000000013738173    0.0000000013601650    0.0000000013693950
1011.0    0.0000000013618600    0.0000000013640454    0.0000000013697333    0.0000000013558573    0.0000000013651375
1013.0    0.0000000013576100    0.0000000013599350    0.0000000013654583    0.0000000013517264    0.0000000013608683
1015.0    0.0000000013535167    0.0000000013558100    0.0000000013611742    0.0000000013473958    0.0000000013565875
1017.0    0.0000000013492438    0.0000000013515146    0.0000000013570564    0.0000000013430536    0.0000000013524755
1019.0    0.0000000013449583    0.0000000013472038    0.0000000013529292    0.0000000013388891    0.0000000013483533
1021.0    0.0000000013406638    0.0000000013428823    0.0000000013486100    0.0000000013345200    0.0000000013440400
1023.0    0.0000000013363550    0.0000000013387158    0.0000000013442792    0.0000000013301473    0.0000000013397150
1025.0    0.0000000013320362    0.0000000013345400    0.0000000013401191    0.0000000013259500    0.0000000013353783
1027.0    0.0000000013277058    0.0000000013301846    0.0000000013359475    0.0000000013217427    0.0000000013312109
1029.0    0.0000000013235367    0.0000000013258162    0.0000000013315833    0.0000000013173300    0.0000000013270325
1031.0    0.0000000013191831    0.0000000013214362    0.0000000013272050    0.0000000013129073    0.0000000013226600
1033.0    0.0000000013148150    0.0000000013172142    0.0000000013230018    0.0000000013086627    0.0000000013182783
1035.0    0.0000000013104392    0.0000000013129792    0.0000000013187850    0.0000000013042150    0.0000000013138825
1037.0    0.0000000013060500    0.0000000013085662    0.0000000013143742    0.0000000012997555    0.0000000013096591
1039.0    0.0000000013018250    0.0000000013041369    0.0000000013099508    0.0000000012954791    0.0000000013054233
1041.0    0.0000000012974123    0.0000000012996985    0.0000000013057000    0.0000000012909950    0.0000000013009950
1043.0    0.0000000012929883    0.0000000012954167    0.0000000013014392    0.0000000012864982    0.0000000012965508
1045.0    0.0000000012885508    0.0000000012911254    0.0000000012969783    0.0000000012821864    0.0000000012920950
1047.0    0.0000000012841008    0.0000000012866477    0.0000000012925067    0.0000000012776658    0.0000000012876267
1049.0    0.0000000012798183    0.0000000012821592    0.0000000012882109    0.0000000012731327    0.0000000012833327
1051.0    0.0000000012753446    0.0000000012778333    0.0000000012839025    0.0000000012687855    0.0000000012790292
1053.0    0.0000000012708600    0.0000000012734931    0.0000000012793950    0.0000000012642283    0.0000000012745233
1055.0    0.0000000012663600    0.0000000012689677    0.0000000012748742    0.0000000012596600    0.0000000012700067
1057.0    0.0000000012618542    0.0000000012644300    0.0000000012705318    0.0000000012552773    0.0000000012654775
1059.0    0.0000000012573315    0.0000000012598792    0.0000000012661767    0.0000000012506800    0.0000000012611255
1061.0    0.0000000012527983    0.0000000012554908    0.0000000012616200    0.0000000012460782    0.0000000012567600
1063.0    0.0000000012484358    0.0000000012510915    0.0000000012572427    0.0000000012416618    0.0000000012521950
1065.0    0.0000000012438777    0.0000000012465031    0.0000000012528517    0.0000000012370342    0.0000000012476167
1067.0    0.0000000012393092    0.0000000012419046    0.0000000012482608    0.0000000012323918    0.0000000012430250
1069.0    0.0000000012347292    0.0000000012372915    0.0000000012436558    0.0000000012279427    0.0000000012386136
1071.0    0.0000000012301358    0.0000000012328433    0.0000000012392318    0.0000000012234818    0.0000000012341900
1073.0    0.0000000012257175    0.0000000012283854    0.0000000012347958    0.0000000012188067    0.0000000012295650
1075.0    0.0000000012211000    0.0000000012237369    0.0000000012301558    0.0000000012141218    0.0000000012249250
1077.0    0.0000000012164750    0.0000000012190754    0.0000000012255042    0.0000000012096282    0.0000000012202742
1079.0    0.0000000012118377    0.0000000012144000    0.0000000012210355    0.0000000012049233    0.0000000012156108
1081.0    0.0000000012071900    0.0000000012098975    0.0000000012165550    0.0000000012002027    0.0000000012111300
1083.0    0.0000000012027183    0.0000000012053823    0.0000000012118700    0.0000000011956809    0.0000000012066408
1085.0    0.0000000011980485    0.0000000012006738    0.0000000012071733    0.0000000011909425    0.0000000012019433
1087.0    0.0000000011933700    0.0000000011959562    0.0000000012026609    0.0000000011861936    0.0000000011972342
1089.0    0.0000000011886808    0.0000000011912254    0.0000000011981392    0.0000000011816436    0.0000000011925158
1091.0    0.0000000011839825    0.0000000011866675    0.0000000011934117    0.0000000011768792    0.0000000011879827
1093.0    0.0000000011792746    0.0000000011820992    0.0000000011886742    0.0000000011721045    0.0000000011834400
1095.0    0.0000000011745575    0.0000000011773392    0.0000000011841227    0.0000000011675291    0.0000000011786908
1097.0    0.0000000011700217    0.0000000011725677    0.0000000011795642    0.0000000011627383    0.0000000011739317
1099.0    0.0000000011652877    0.0000000011677885    0.0000000011747975    0.0000000011579409    0.0000000011691625
1101.0    0.0000000011605500    0.0000000011631817    0.0000000011700217    0.0000000011533473    0.0000000011645855
1103.0    0.0000000011558000    0.0000000011585692    0.0000000011654373    0.0000000011485358    0.0000000011599983
1105.0    0.0000000011510475    0.0000000011537600    0.0000000011608475    0.0000000011437218    0.0000000011552050
1107.0    0.0000000011464767    0.0000000011489500    0.0000000011560500    0.0000000011391100    0.0000000011504008
1109.0    0.0000000011417115    0.0000000011441300    0.0000000011512417    0.0000000011342875    0.0000000011455950
1111.0    0.0000000011369408    0.0000000011394900    0.0000000011466309    0.0000000011294600    0.0000000011407808
1113.0    0.0000000011321662    0.0000000011348415    0.0000000011420150    0.0000000011248400    0.0000000011361609
1115.0    0.0000000011273883    0.0000000011300054    0.0000000011371925    0.0000000011200000    0.0000000011315367
1117.0    0.0000000011226069    0.0000000011251638    0.0000000011323650    0.0000000011151700    0.0000000011267067
1119.0    0.0000000011178242    0.0000000011203169    0.0000000011277364    0.0000000011105418    0.0000000011218733
1121.0    0.0000000011132317    0.0000000011156550    0.0000000011231042    0.0000000011059200    0.0000000011170367
1123.0    0.0000000011084462    0.0000000011109900    0.0000000011182683    0.0000000011010833    0.0000000011124000
1125.0    0.0000000011036625    0.0000000011061377    0.0000000011134317    0.0000000010962500    0.0000000011077617
1127.0    0.0000000010988785    0.0000000011012869    0.0000000011087936    0.0000000010916300    0.0000000011029217
1129.0    0.0000000010940975    0.0000000010964331    0.0000000011041583    0.0000000010868092    0.0000000010980817
1131.0    0.0000000010895108    0.0000000010917692    0.0000000010993208    0.0000000010819873    0.0000000010932417
1133.0    0.0000000010847369    0.0000000010871069    0.0000000010944858    0.0000000010773818    0.0000000010884058
1135.0    0.0000000010799658    0.0000000010822615    0.0000000010898536    0.0000000010725733    0.0000000010837736
1137.0    0.0000000010752038    0.0000000010774208    0.0000000010852275    0.0000000010677736    0.0000000010791458
1139.0    0.0000000010704500    0.0000000010725869    0.0000000010804033    0.0000000010631909    0.0000000010743217
1141.0    0.0000000010658900    0.0000000010679442    0.0000000010755850    0.0000000010584100    0.0000000010695050
1143.0    0.0000000010611492    0.0000000010633100    0.0000000010709727    0.0000000010536391    0.0000000010646958
1145.0    0.0000000010564192    0.0000000010585000    0.0000000010663700    0.0000000010490864    0.0000000010600945
1147.0    0.0000000010517008    0.0000000010536954    0.0000000010615750    0.0000000010443425    0.0000000010555042
1149.0    0.0000000010469942    0.0000000010489069    0.0000000010567900    0.0000000010396109    0.0000000010507233
1151.0    0.0000000010423023    0.0000000010443133    0.0000000010522145    0.0000000010351000    0.0000000010459550
1153.0    0.0000000010376242    0.0000000010397323    0.0000000010476517    0.0000000010304017    0.0000000010412017
1155.0    0.0000000010331475    0.0000000010349831    0.0000000010429017    0.0000000010257182    0.0000000010366591
1157.0    0.0000000010285023    0.0000000010302500    0.0000000010381683    0.0000000010212582    0.0000000010321308
1159.0    0.0000000010238750    0.0000000010255369    0.0000000010336464    0.0000000010166133    0.0000000010274225
1161.0    0.0000000010192623    0.0000000010210200    0.0000000010291392    0.0000000010119918    0.0000000010227350
1163.0    0.0000000010146717    0.0000000010165231    0.0000000010244550    0.0000000010075900    0.0000000010180633
1165.0    0.0000000010102850    0.0000000010118669    0.0000000010197883    0.0000000010032091    0.0000000010134142
1167.0    0.0000000010057377    0.0000000010072338    0.0000000010153345    0.0000000009986530    0.0000000010089782
1169.0    0.0000000010012120    0.0000000010028008    0.0000000010109017    0.0000000009941212    0.0000000010045650
1171.0    0.0000000009967113    0.0000000009983907    0.0000000010063000    0.0000000009898112    0.0000000009999827
1173.0    0.0000000009922350    0.0000000009938301    0.0000000010017197    0.0000000009853315    0.0000000009954259
1175.0    0.0000000009877850    0.0000000009892962    0.0000000009973513    0.0000000009808790    0.0000000009908953
1177.0    0.0000000009833612    0.0000000009847902    0.0000000009930082    0.0000000009766468    0.0000000009865788
1179.0    0.0000000009791406    0.0000000009804849    0.0000000009885018    0.0000000009722513    0.0000000009822888
1181.0    0.0000000009747721    0.0000000009762075    0.0000000009840229    0.0000000009678850    0.0000000009778407
1183.0    0.0000000009704322    0.0000000009717893    0.0000000009797566    0.0000000009637373    0.0000000009734225
1185.0    0.0000000009661227    0.0000000009674028    0.0000000009755173    0.0000000009594319    0.0000000009690353
1187.0    0.0000000009618432    0.0000000009630488    0.0000000009711228    0.0000000009551579    0.0000000009648605
1189.0    0.0000000009577642    0.0000000009588936    0.0000000009667587    0.0000000009510999    0.0000000009607160
1191.0    0.0000000009535466    0.0000000009547697    0.0000000009626058    0.0000000009468901    0.0000000009564235
1193.0    0.0000000009493607    0.0000000009505148    0.0000000009584824    0.0000000009427125    0.0000000009521648
1195.0    0.0000000009452079    0.0000000009462948    0.0000000009542112    0.0000000009387483    0.0000000009479403
1197.0    0.0000000009410876    0.0000000009421108    0.0000000009499731    0.0000000009346375    0.0000000009437506
1199.0    0.0000000009371636    0.0000000009381208    0.0000000009459428    0.0000000009305600    0.0000000009397681
1201.0    0.0000000009331092    0.0000000009341650    0.0000000009419438    0.0000000009266921    0.0000000009358188
1203.0    0.0000000009290881    0.0000000009300865    0.0000000009378042    0.0000000009226821    0.0000000009317327
1205.0    0.0000000009251013    0.0000000009260448    0.0000000009336992    0.0000000009187060    0.0000000009276827
1207.0    0.0000000009211480    0.0000000009220397    0.0000000009297978    0.0000000009149350    0.0000000009236686
1209.0    0.0000000009172295    0.0000000009182232    0.0000000009259287    0.0000000009110266    0.0000000009198556
1211.0    0.0000000009133443    0.0000000009144413    0.0000000009219253    0.0000000009071518    0.0000000009160765
1213.0    0.0000000009096467    0.0000000009105438    0.0000000009179572    0.0000000009034776    0.0000000009121683
1215.0    0.0000000009058285    0.0000000009066829    0.0000000009141868    0.0000000008998343    0.0000000009082960
1217.0    0.0000000009020433    0.0000000009028585    0.0000000009104492    0.0000000008960584    0.0000000009044596
1219.0    0.0000000008982921    0.0000000008992146    0.0000000009065827    0.0000000008923151    0.0000000009008164
1221.0    0.0000000008945732    0.0000000008956045    0.0000000009027513    0.0000000008887656    0.0000000008972060
1223.0    0.0000000008910343    0.0000000008918842    0.0000000008991109    0.0000000008850868    0.0000000008934727
1225.0    0.0000000008873795    0.0000000008881988    0.0000000008955027    0.0000000008814392    0.0000000008897737
1227.0    0.0000000008837565    0.0000000008845475    0.0000000008917704    0.0000000008779800    0.0000000008861090
1229.0    0.0000000008801652    0.0000000008810684    0.0000000008880710    0.0000000008743938    0.0000000008824778
1231.0    0.0000000008766042    0.0000000008776203    0.0000000008845570    0.0000000008708375    0.0000000008790285
1233.0    0.0000000008732142    0.0000000008740659    0.0000000008810726    0.0000000008674637    0.0000000008756094
1235.0    0.0000000008697125    0.0000000008705432    0.0000000008774679    0.0000000008639655    0.0000000008720727
1237.0    0.0000000008662394    0.0000000008670515    0.0000000008738945    0.0000000008604950    0.0000000008685666
1239.0    0.0000000008627949    0.0000000008637226    0.0000000008704985    0.0000000008572015    0.0000000008650910
1241.0    0.0000000008593781    0.0000000008604212    0.0000000008671305    0.0000000008537850    0.0000000008617876
1243.0    0.0000000008559885    0.0000000008570155    0.0000000008636446    0.0000000008503942    0.0000000008585111
1245.0    0.0000000008526248    0.0000000008536378    0.0000000008601873    0.0000000008471749    0.0000000008551190
1247.0    0.0000000008494199    0.0000000008502869    0.0000000008569001    0.0000000008438336    0.0000000008517543
1249.0    0.0000000008461060    0.0000000008470892    0.0000000008536381    0.0000000008405159    0.0000000008484157
1251.0    0.0000000008428159    0.0000000008439152    0.0000000008502602    0.0000000008373644    0.0000000008452400
1253.0    0.0000000008395489    0.0000000008406380    0.0000000008469076    0.0000000008340915    0.0000000008420872
1255.0    0.0000000008363044    0.0000000008373841    0.0000000008437180    0.0000000008308400    0.0000000008388205
1257.0    0.0000000008332103    0.0000000008341527    0.0000000008405509    0.0000000008277495    0.0000000008355763
1259.0    0.0000000008300079    0.0000000008310657    0.0000000008372687    0.0000000008246775    0.0000000008323544
1261.0    0.0000000008268252    0.0000000008279983    0.0000000008340086    0.0000000008214845    0.0000000008291532
1263.0    0.0000000008236622    0.0000000008248276    0.0000000008309047    0.0000000008183099    0.0000000008261046
1265.0    0.0000000008205176    0.0000000008216758    0.0000000008278202    0.0000000008152905    0.0000000008230740
1267.0    0.0000000008173912    0.0000000008185420    0.0000000008246212    0.0000000008121501    0.0000000008199295
1269.0    0.0000000008142814    0.0000000008155449    0.0000000008214412    0.0000000008090258    0.0000000008168027
1271.0    0.0000000008113117    0.0000000008125635    0.0000000008184109    0.0000000008060522    0.0000000008136930
1273.0    0.0000000008082334    0.0000000008094777    0.0000000008153972    0.0000000008029582    0.0000000008107278
1275.0    0.0000000008051701    0.0000000008064072    0.0000000008122687    0.0000000007998777    0.0000000008077768
1277.0    0.0000000008021211    0.0000000008033506    0.0000000008091565    0.0000000007969444    0.0000000008047120
1279.0    0.0000000007990852    0.0000000008004243    0.0000000008061885    0.0000000007938900    0.0000000008016608
1281.0    0.0000000007961832    0.0000000007975098    0.0000000008032339    0.0000000007908482    0.0000000007986227
1283.0    0.0000000007931725    0.0000000007944905    0.0000000008001643    0.0000000007879492    0.0000000007957228
1285.0    0.0000000007901732    0.0000000007914824    0.0000000007971083    0.0000000007849293    0.0000000007928342
1287.0    0.0000000007871852    0.0000000007886001    0.0000000007941914    0.0000000007819198    0.0000000007898304
1289.0    0.0000000007842074    0.0000000007857273    0.0000000007912857    0.0000000007790506    0.0000000007868377
1291.0    0.0000000007813580    0.0000000007827489    0.0000000007882647    0.0000000007760604    0.0000000007838545
1293.0    0.0000000007783994    0.0000000007797795    0.0000000007852546    0.0000000007730789    0.0000000007808808
1295.0    0.0000000007754497    0.0000000007768185    0.0000000007823795    0.0000000007702350    0.0000000007780392
1297.0    0.0000000007725084    0.0000000007739790    0.0000000007795135    0.0000000007672698    0.0000000007752055
1299.0    0.0000000007695752    0.0000000007711465    0.0000000007765317    0.0000000007643123    0.0000000007722563
1301.0    0.0000000007666495    0.0000000007682075    0.0000000007735588    0.0000000007614899    0.0000000007693143
1303.0    0.0000000007637311    0.0000000007652753    0.0000000007707173    0.0000000007585461    0.0000000007663796
1305.0    0.0000000007609356    0.0000000007623493    0.0000000007678832    0.0000000007556085    0.0000000007635729
1307.0    0.0000000007580300    0.0000000007595412    0.0000000007649328    0.0000000007528048    0.0000000007607724
1309.0    0.0000000007551304    0.0000000007567382    0.0000000007619895    0.0000000007500063    0.0000000007578557
1311.0    0.0000000007522369    0.0000000007538285    0.0000000007591750    0.0000000007470861    0.0000000007549444
1313.0    0.0000000007493488    0.0000000007509235    0.0000000007563662    0.0000000007441710    0.0000000007520382
1315.0    0.0000000007465808    0.0000000007480232    0.0000000007534412    0.0000000007413875    0.0000000007492579
1317.0    0.0000000007437025    0.0000000007452388    0.0000000007505217    0.0000000007384823    0.0000000007464817
1319.0    0.0000000007408292    0.0000000007424581    0.0000000007477289    0.0000000007355820    0.0000000007435892
1321.0    0.0000000007379602    0.0000000007395700    0.0000000007449408    0.0000000007328115    0.0000000007407010
1323.0    0.0000000007350955    0.0000000007366858    0.0000000007420363    0.0000000007299197    0.0000000007378167
1325.0    0.0000000007322351    0.0000000007338050    0.0000000007391360    0.0000000007270320    0.0000000007349362
1327.0    0.0000000007293786    0.0000000007310384    0.0000000007363606    0.0000000007242735    0.0000000007321789
1329.0    0.0000000007266401    0.0000000007282750    0.0000000007335894    0.0000000007213933    0.0000000007294251
1331.0    0.0000000007237910    0.0000000007254040    0.0000000007307017    0.0000000007185172    0.0000000007265546
1333.0    0.0000000007209456    0.0000000007225362    0.0000000007278177    0.0000000007157695    0.0000000007236874
1335.0    0.0000000007181038    0.0000000007196713    0.0000000007250574    0.0000000007129008    0.0000000007208236
1337.0    0.0000000007152656    0.0000000007169193    0.0000000007223008    0.0000000007100360    0.0000000007180815
1339.0    0.0000000007125440    0.0000000007141704    0.0000000007194274    0.0000000007072985    0.0000000007153424
1341.0    0.0000000007097125    0.0000000007113141    0.0000000007166770    0.0000000007044406    0.0000000007124872
1343.0    0.0000000007068842    0.0000000007084605    0.0000000007139300    0.0000000007015862    0.0000000007096348
1345.0    0.0000000007040595    0.0000000007056098    0.0000000007110668    0.0000000006988595    0.0000000007067855
1347.0    0.0000000007012382    0.0000000007028715    0.0000000007082069    0.0000000006960126    0.0000000007039388
1349.0    0.0000000006985328    0.0000000007001360    0.0000000007054693    0.0000000006931692    0.0000000007012136
1351.0    0.0000000006957181    0.0000000006972938    0.0000000007027348    0.0000000006904532    0.0000000006984912
1353.0    0.0000000006929072    0.0000000006944544    0.0000000006998848    0.0000000006877407    0.0000000006956531
1355.0    0.0000000006900996    0.0000000006916181    0.0000000006970379    0.0000000006849091    0.0000000006928183
1357.0    0.0000000006872958    0.0000000006888936    0.0000000006943131    0.0000000006820813    0.0000000006899863
1359.0    0.0000000006844957    0.0000000006861722    0.0000000006915916    0.0000000006793805    0.0000000006872752
1361.0    0.0000000006816996    0.0000000006833452    0.0000000006887549    0.0000000006765615    0.0000000006845673
1363.0    0.0000000006790191    0.0000000006805213    0.0000000006859222    0.0000000006737466    0.0000000006817448
1365.0    0.0000000006762308    0.0000000006777012    0.0000000006832109    0.0000000006710587    0.0000000006789259
1367.0    0.0000000006734468    0.0000000006749930    0.0000000006805032    0.0000000006682535    0.0000000006761106
1369.0    0.0000000006706675    0.0000000006722881    0.0000000006776817    0.0000000006654534    0.0000000006734159
1371.0    0.0000000006678925    0.0000000006694791    0.0000000006748642    0.0000000006627797    0.0000000006707249
1373.0    0.0000000006652331    0.0000000006666740    0.0000000006721683    0.0000000006599903    0.0000000006679210
1375.0    0.0000000006624680    0.0000000006638732    0.0000000006694764    0.0000000006572065    0.0000000006651211
1377.0    0.0000000006597077    0.0000000006611847    0.0000000006666722    0.0000000006545489    0.0000000006623259
1379.0    0.0000000006569529    0.0000000006585004    0.0000000006638728    0.0000000006517771    0.0000000006595354
1381.0    0.0000000006542040    0.0000000006557136    0.0000000006611946    0.0000000006490115    0.0000000006568655
1383.0    0.0000000006515704    0.0000000006529320    0.0000000006585214    0.0000000006463725    0.0000000006542006
1385.0    0.0000000006488332    0.0000000006501559    0.0000000006557372    0.0000000006436206    0.0000000006514247
1387.0    0.0000000006461026    0.0000000006474919    0.0000000006529588    0.0000000006408757    0.0000000006486548
1389.0    0.0000000006433785    0.0000000006448338    0.0000000006503019    0.0000000006382575    0.0000000006458907
1391.0    0.0000000006406616    0.0000000006420752    0.0000000006476508    0.0000000006355280    0.0000000006432475
1393.0    0.0000000006379517    0.0000000006393237    0.0000000006448908    0.0000000006328069    0.0000000006406106
1395.0    0.0000000006352496    0.0000000006365788    0.0000000006421375    0.0000000006302121    0.0000000006378653
1397.0    0.0000000006326631    0.0000000006339465    0.0000000006395056    0.0000000006276255    0.0000000006351274
1399.0    0.0000000006299771    0.0000000006313213    0.0000000006368807    0.0000000006249306    0.0000000006323971
1401.0    0.0000000006272994    0.0000000006285992    0.0000000006341493    0.0000000006222452    0.0000000006297875
1403.0    0.0000000006246312    0.0000000006258850    0.0000000006314260    0.0000000006196860    0.0000000006271860
1405.0    0.0000000006219719    0.0000000006232836    0.0000000006288242    0.0000000006170207    0.0000000006244793
1407.0    0.0000000006194282    0.0000000006206910    0.0000000006262305    0.0000000006143663    0.0000000006217819
1409.0    0.0000000006167886    0.0000000006180038    0.0000000006235329    0.0000000006118376    0.0000000006190938
1411.0    0.0000000006141592    0.0000000006153267    0.0000000006208450    0.0000000006092055    0.0000000006164154
1413.0    0.0000000006115408    0.0000000006126599    0.0000000006182785    0.0000000006065854    0.0000000006138583
1415.0    0.0000000006089335    0.0000000006101061    0.0000000006157214    0.0000000006040907    0.0000000006113111
1417.0    0.0000000006063382    0.0000000006075625    0.0000000006130638    0.0000000006014952    0.0000000006086637
1419.0    0.0000000006037546    0.0000000006049288    0.0000000006104173    0.0000000005989128    0.0000000006060281
1421.0    0.0000000006012864    0.0000000006023075    0.0000000006078918    0.0000000005964556    0.0000000006034043
1423.0    0.0000000005987279    0.0000000005996985    0.0000000006053776    0.0000000005939005    0.0000000006009015
1425.0    0.0000000005961827    0.0000000005972023    0.0000000006027661    0.0000000005913596    0.0000000005984106
1427.0    0.0000000005936512    0.0000000005947188    0.0000000006001674    0.0000000005889433    0.0000000005958245
1429.0    0.0000000005911337    0.0000000005921498    0.0000000005976895    0.0000000005864319    0.0000000005932519
1431.0    0.0000000005887308    0.0000000005895954    0.0000000005952243    0.0000000005839360    0.0000000005906940
1433.0    0.0000000005862421    0.0000000005870557    0.0000000005926656    0.0000000005815638    0.0000000005882562
1435.0    0.0000000005837690    0.0000000005846282    0.0000000005901216    0.0000000005791002    0.0000000005858326
1437.0    0.0000000005813115    0.0000000005822156    0.0000000005876974    0.0000000005766528    0.0000000005833189
1439.0    0.0000000005788701    0.0000000005797227    0.0000000005852875    0.0000000005743281    0.0000000005808210
1441.0    0.0000000005765418    0.0000000005772466    0.0000000005827885    0.0000000005719150    0.0000000005783402
1443.0    0.0000000005741336    0.0000000005747878    0.0000000005803056    0.0000000005695196    0.0000000005758761
1445.0    0.0000000005717420    0.0000000005724401    0.0000000005779416    0.0000000005672457    0.0000000005735310
1447.0    0.0000000005693685    0.0000000005701093    0.0000000005755937    0.0000000005649886    0.0000000005712028
1449.0    0.0000000005670127    0.0000000005677035    0.0000000005731607    0.0000000005626476    0.0000000005687909
1451.0    0.0000000005646752    0.0000000005653167    0.0000000005707453    0.0000000005603255    0.0000000005663980
1453.0    0.0000000005623565    0.0000000005629494    0.0000000005684476    0.0000000005581230    0.0000000005640242
1455.0    0.0000000005601483    0.0000000005606917    0.0000000005661673    0.0000000005558397    0.0000000005617675
1457.0    0.0000000005578672    0.0000000005584525    0.0000000005638065    0.0000000005535759    0.0000000005595292
1459.0    0.0000000005556055    0.0000000005561442    0.0000000005614649    0.0000000005514298    0.0000000005572135
1461.0    0.0000000005533637    0.0000000005538566    0.0000000005592389    0.0000000005492063    0.0000000005549183
1463.0    0.0000000005511416    0.0000000005515899    0.0000000005570316    0.0000000005470035    0.0000000005526439
1465.0    0.0000000005490279    0.0000000005494306    0.0000000005547480    0.0000000005449160    0.0000000005504843
1467.0    0.0000000005468462    0.0000000005472917    0.0000000005524850    0.0000000005427544    0.0000000005483446
1469.0    0.0000000005446848    0.0000000005450885    0.0000000005503355    0.0000000005406138    0.0000000005461329
1471.0    0.0000000005425450    0.0000000005429078    0.0000000005482058    0.0000000005385865    0.0000000005439433
1473.0    0.0000000005404256    0.0000000005407492    0.0000000005460039    0.0000000005364881    0.0000000005417760
1475.0    0.0000000005383278    0.0000000005386948    0.0000000005438237    0.0000000005344109    0.0000000005396311
1477.0    0.0000000005362510    0.0000000005366618    0.0000000005417545    0.0000000005324445    0.0000000005375965
1479.0    0.0000000005342775    0.0000000005345697    0.0000000005397054    0.0000000005304100    0.0000000005355833
1481.0    0.0000000005322430    0.0000000005325004    0.0000000005375885    0.0000000005283970    0.0000000005335043
1483.0    0.0000000005302297    0.0000000005304542    0.0000000005354938    0.0000000005264920    0.0000000005314486
1485.0    0.0000000005282384    0.0000000005285084    0.0000000005335068    0.0000000005245215    0.0000000005294157
