9.0    0.0000000000000000    0.0000000000000000    0.0000000000000000    0.0000000000000000    0.0000000000000000
11.0    0.0000000000000000    0.0000000000000000    0.0000000000000000    0.0000000000000000    0.0000000000000000
13.0    0.0000000000000000    0.0000000000000000    0.0000000000000000    0.0000000000000000    0.0000000000000000
15.0    0.0000000000000000    0.0000000000000000    0.0000000000000000    0.0000000000000000    0.0000000000000000
17.0    0.0000000000000000    0.0000000000000000    0.0000000000000000    0.0000000000000000    0.0000000000000000
19.0    0.0000000000000000    0.0000000000000000    0.0000000000000000    0.0000000000000000    0.0000000000000000
21.0    0.0000000000000000    0.0000000000000000    0.0000000000000000    0.0000000000000000    0.0000000000000000
23.0    0.0000000000000000    0.0000000000000000    0.0000000000000000    0.0000000000000000    0.0000000000000000
25.0    0.0000000000000000    0.0000000000000000    0.0000000000000000    0.0000000000000000    0.0000000000000000
27.0    0.0000000000000000    0.0000000000000000    0.0000000000000000    0.0000000000000000    0.0000000000000000
29.0    0.0000000000000000    0.0000000000000000    0.0000000000000000    0.0000000000000000    0.0000000000000000
31.0    0.0000000000000000    0.0000000000000000    0.0000000000000000    0.0000000000000000    0.0000000000000000
33.0    0.0000000000000000    0.0000000000000000    0.0000000000000000    0.0000000000000000    0.0000000000000000
35.0    0.0000000000000000    0.0000000000000000    0.0000000000000000    0.0000000000000000    0.0000000000000000
37.0    0.0000000000000000    0.0000000000000000    0.0000000000000000    0.0000000000000000    0.0000000000000000
39.0    0.0000000000000000    0.0000000000000000    0.0000000000000000    0.0000000000000000    0.0000000000000000
41.0    0.0000000000000000    0.0000000000000000    0.0000000000000000    0.0000000000000000    0.0000000000000000
43.0    0.0000000000000000    0.0000000000000000    0.0000000000000000    0.0000000000000000    0.0000000000000000
45.0    0.0000000000000000    0.0000000000000000    0.0000000000000000    0.0000000000000000    0.0000000000000000
47.0    0.0000000000000000    0.0000000000000000    0.0000000000000000    0.0000000000000000    0.0000000000000000
49.0    0.0000000000000000    0.0000000000000000    0.0000000000000000    0.0000000000000000    0.0000000000000000
51.0    0.0000000000000000    0.0000000000000000    0.0000000000000000    0.0000000000000000    0.0000000000000000
53.0    0.0000000000000000    0.0000000000000000    0.0000000000000000    0.0000000000000000    0.0000000000000000
55.0    0.0000000000000000    0.0000000000000000    0.0000000000000000    0.0000000000000000    0.0000000000000000
57.0    0.0000000000000000    0.0000000000000000    0.0000000000000000    0.0000000000000000    0.0000000000000000
59.0    0.0000000000000000    0.0000000000000000    0.0000000000000000    0.0000000000000000    0.0000000000000000
61.0    0.0000000000000000    0.0000000000000000    0.0000000000000000    0.0000000000000000    0.0000000000000000
63.0    0.0000000000000000    0.0000000000000000    0.0000000000000000    0.0000000000000000    0.0000000000000000
65.0    0.0000000000000000    0.0000000000000000    0.0000000000000000    0.0000000000000000    0.0000000000000000
67.0    0.0000000000000000    0.0000000000000000    0.0000000000000000    0.0000000000000000    0.0000000000000000
69.0    0.0000000000000000    0.0000000000000000    0.0000000000000000    0.0000000000000000    0.0000000000000000
71.0    0.0000000000000000    0.0000000000000000    0.0000000000000000    0.0000000000000000    0.0000000000000000
73.0    0.0000000000000000    0.0000000000000000    0.0000000000000000    0.0000000000000000    0.0000000000000000
75.0    0.0000000000000000    0.0000000000000000    0.0000000000000000    0.0000000000000000    0.0000000000000000
77.0    0.0000000000000000    0.0000000000000000    0.0000000000000000    0.0000000000000000    0.0000000000000000
79.0    0.0000000000000000    0.0000000000000000    0.0000000000000000    0.0000000000000000    0.0000000000000000
81.0    0.0000000000000000    0.0000000000000000    0.0000000000000000    0.0000000000000000    0.0000000000000000
83.0    0.0000000000000000    0.0000000000000000    0.0000000000000000    0.0000000000000000    0.0000000000000000
85.0    0.0000000000000000    0.0000000000000000    0.0000000000000000    0.0000000000000000    0.0000000000000000
87.0    0.0000000000000000    0.0000000000000000    0.0000000000000000    0.0000000000000000    0.0000000000000000
89.0    0.0000000000000000    0.0000000000000000    0.0000000000000000    0.0000000000000000    0.0000000000000000
91.0    0.0000000000000000    0.0000000000000000    0.0000000000000000    0.0000000000000000    0.0000000000000000
93.0    0.0000000000000000    0.0000000000000000    0.0000000000000000    0.0000000000000000    0.0000000000000000
95.0    0.0000000000000000    0.0000000000000000    0.0000000000000000    0.0000000000000000    0.0000000000000000
97.0    0.0000000000000000    0.0000000000000000    0.0000000000000000    0.0000000000000000    0.0000000000000000
99.0    0.0000000000000000    0.0000000000000000    0.0000000000000000    0.0000000000000000    0.0000000000000000
101.0    0.0000000000000000    0.0000000000000000    0.0000000000000000    0.0000000000000000    0.0000000000000000
103.0    0.0000000000000000    0.0000000000000000    0.0000000000000000    0.0000000000000000    0.0000000000000000
105.0    0.0000000000000000    0.0000000000000000    0.0000000000000000    0.0000000000000000    0.0000000000000000
107.0    0.0000000000000000    0.0000000000000000    0.0000000000000000    0.0000000000000000    0.0000000000000000
109.0    0.0000000000000000    0.0000000000000000    0.0000000000000000    0.0000000000000000    0.0000000000000000
111.0    0.0000000000000000    0.0000000000000000    0.0000000000000000    0.0000000000000000    0.0000000000000000
113.0    0.0000000000000000    0.0000000000000000    0.0000000000000000    0.0000000000000000    0.0000000000000000
115.0    0.0000000000000000    0.0000000000000000    0.0000000000000000    0.0000000000000000    0.0000000000000000
117.0    0.0000000000000000    0.0000000000000000    0.0000000000000000    0.0000000000000000    0.0000000000000000
119.0    0.0000000000000000    0.0000000000000000    0.0000000000000000    0.0000000000000000    0.0000000000000000
121.0    0.0000000000000000    0.0000000000000000    0.0000000000000000    0.0000000000000000    0.0000000000000000
123.0    0.0000000000000000    0.0000000000000000    0.0000000000000000    0.0000000000000000    0.0000000000000000
125.0    0.0000000000000000    0.0000000000000000    0.0000000000000000    0.0000000000000000    0.0000000000000000
127.0    0.0000000000000000    0.0000000000000000    0.0000000000000000    0.0000000000000000    0.0000000000000000
129.0    0.0000000000000000    0.0000000000000000    0.0000000000000000    0.0000000000000000    0.0000000000000000
131.0    0.0000000000000000    0.0000000000000000    0.0000000000000000    0.0000000000000000    0.0000000000000000
133.0    0.0000000000000000    0.0000000000000000    0.0000000000000000    0.0000000000000000    0.0000000000000000
135.0    0.0000000000000000    0.0000000000000000    0.0000000000000000    0.0000000000000000    0.0000000000000000
137.0    0.0000000000000000    0.0000000000000000    0.0000000000000000    0.0000000000000000    0.0000000000000000
139.0    0.0000000000000000    0.0000000000000000    0.0000000000000000    0.0000000000000000    0.0000000000000000
141.0    0.0000000000000000    0.0000000000000000    0.0000000000000000    0.0000000000000000    0.0000000000000000
143.0    0.0000000000000000    0.0000000000000000    0.0000000000000000    0.0000000000000000    0.0000000000000000
145.0    0.0000000000000000    0.0000000000000000    0.0000000000000000    0.0000000000000000    0.0000000000000000
147.0    0.0000000000000000    0.0000000000000000    0.0000000000000000    0.0000000000000000    0.0000000000000000
149.0    0.0000000000000000    0.0000000000000000    0.0000000000000000    0.0000000000000000    0.0000000000000000
151.0    0.0000000000000000    0.0000000000000000    0.0000000000000000    0.0000000000000000    0.0000000000000000
153.0    0.0000000000000000    0.0000000000000000    0.0000000000000000    0.0000000000000000    0.0000000000000000
155.0    0.0000000000000000    0.0000000000000000    0.0000000000000000    0.0000000000000000    0.0000000000000000
157.0    0.0000000000000000    0.0000000000000000    0.0000000000000000    0.0000000000000000    0.0000000000000000
159.0    0.0000000000000000    0.0000000000000000    0.0000000000000000    0.0000000000000000    0.0000000000000000
161.0    0.0000000000000000    0.0000000000000000    0.0000000000000000    0.0000000000000000    0.0000000000000000
163.0    0.0000000000000000    0.0000000000000000    0.0000000000000000    0.0000000000000000    0.0000000000000000
165.0    0.0000000000000000    0.0000000000000000    0.0000000000000000    0.0000000000000000    0.0000000000000000
167.0    0.0000000000000000    0.0000000000000000    0.0000000000000000    0.0000000000000000    0.0000000000000000
169.0    0.0000000000000000    0.0000000000000000    0.0000000000000000    0.0000000000000000    0.0000000000000000
171.0    0.0000000000000000    0.0000000000000000    0.0000000000000000    0.0000000000000000    0.0000000000000000
173.0    0.0000000000000000    0.0000000000000000    0.0000000000000000    0.0000000000000000    0.0000000000000000
175.0    0.0000000000000000    0.0000000000000000    0.0000000000000000    0.0000000000000000    0.0000000000000000
177.0    0.0000000000000000    0.0000000000000000    0.0000000000000000    0.0000000000000000    0.0000000000000000
179.0    0.0000000000000000    0.0000000000000000    0.0000000000000000    0.0000000000000000    0.0000000000000000
181.0    0.0000000000000000    0.0000000000000000    0.0000000000000000    0.0000000000000000    0.0000000000000000
183.0    0.0000000000000000    0.0000000000000000    0.0000000000000000    0.0000000000000000    0.0000000000000000
185.0    0.0000000000000000    0.0000000000000000    0.0000000000000000    0.0000000000000000    0.0000000000000000
187.0    0.0000000000000000    0.0000000000000000    0.0000000000000000    0.0000000000000000    0.0000000000000000
189.0    0.0000000000000000    0.0000000000000000    0.0000000000000000    0.0000000000000000    0.0000000000000000
191.0    0.0000000000000000    0.0000000000000000    0.0000000000000000    0.0000000000000000    0.0000000000000000
193.0    0.0000000000000000    0.0000000000000000    0.0000000000000000    0.0000000000000000    0.0000000000000000
195.0    0.0000000000000000    0.0000000000000000    0.0000000000000000    0.0000000000000000    0.0000000000000000
197.0    0.0000000000000000    0.0000000000000000    0.0000000000000000    0.0000000000000000    0.0000000000000000
199.0    0.0000000000000000    0.0000000000000000    0.0000000000000000    0.0000000000000000    0.0000000000000000
201.0    0.0000000000000000    0.0000000000000000    0.0000000000000000    0.0000000000000000    0.0000000000000000
203.0    0.0000000000000000    0.0000000000000000    0.0000000000000000    0.0000000000000000    0.0000000000000000
205.0    0.0000000000000000    0.0000000000000000    0.0000000000000000    0.0000000000000000    0.0000000000000000
207.0    0.0000000000000000    0.0000000000000000    0.0000000000000000    0.0000000000000000    0.0000000000000000
209.0    0.0000000000000000    0.0000000000000000    0.0000000000000000    0.0000000000000000    0.0000000000000000
211.0    0.0000000000000000    0.0000000000000000    0.0000000000000000    0.0000000000000000    0.0000000000000000
213.0    0.0000000000000000    0.0000000000000000    0.0000000000000000    0.0000000000000000    0.0000000000000000
215.0    0.0000000000000000    0.0000000000000000    0.0000000000000000    0.0000000000000000    0.0000000000000000
217.0    0.0000000000000000    0.0000000000000000    0.0000000000000000    0.0000000000000000    0.0000000000000000
219.0    0.0000000000000000    0.0000000000000000    0.0000000000000000    0.0000000000000000    0.0000000000000000
221.0    0.0000000000000000    0.0000000000000000    0.0000000000000000    0.0000000000000000    0.0000000000000000
223.0    0.0000000000000000    0.0000000000000000    0.0000000000000000    0.0000000000000000    0.0000000000000000
225.0    0.0000000000000000    0.0000000000000000    0.0000000000000000    0.0000000000000000    0.0000000000000000
227.0    0.0000000000000000    0.0000000000000000    0.0000000000000000    0.0000000000000000    0.0000000000000000
229.0    0.0000000000000000    0.0000000000000000    0.0000000000000000    0.0000000000000000    0.0000000000000000
231.0    0.0000000000000000    0.0000000000000000    0.0000000000000000    0.0000000000000000    0.0000000000000000
233.0    0.0000000000000000    0.0000000000000000    0.0000000000000000    0.0000000000000000    0.0000000000000000
235.0    0.0000000000000000    0.0000000000000000    0.0000000000000000    0.0000000000000000    0.0000000000000000
237.0    0.0000000000000000    0.0000000000000000    0.0000000000000000    0.0000000000000000    0.0000000000000000
239.0    0.0000000000000000    0.0000000000000000    0.0000000000000000    0.0000000000000000    0.0000000000000000
241.0    0.0000000000000000    0.0000000000000000    0.0000000000000000    0.0000000000000000    0.0000000000000000
243.0    0.0000000000000000    0.0000000000000000    0.0000000000000000    0.0000000000000000    0.0000000000000000
245.0    0.0000000000000000    0.0000000000000000    0.0000000000000000    0.0000000000000000    0.0000000000000000
247.0    0.0000000000000000    0.0000000000000000    0.0000000000000000    0.0000000000000000    0.0000000000000000
249.0    0.0000000000000000    0.0000000000000000    0.0000000000000000    0.0000000000000000    0.0000000000000000
251.0    0.0000000000000000    0.0000000000000000    0.0000000000000000    0.0000000000000000    0.0000000000000000
253.0    0.0000000000000000    0.0000000000000000    0.0000000000000000    0.0000000000000000    0.0000000000000000
255.0    0.0000000000000000    0.0000000000000000    0.0000000000000000    0.0000000000000000    0.0000000000000000
257.0    0.0000000000000000    0.0000000000000000    0.0000000000000000    0.0000000000000000    0.0000000000000000
259.0    0.0000000000000000    0.0000000000000000    0.0000000000000000    0.0000000000000000    0.0000000000000000
261.0    0.0000000000000000    0.0000000000000000    0.0000000000000000    0.0000000000000000    0.0000000000000000
263.0    0.0000000000000000    0.0000000000000000    0.0000000000000000    0.0000000000000000    0.0000000000000000
265.0    0.0000000000000001    0.0000000000000000    0.0000000000000001    0.0000000000000001    0.0000000000000001
267.0    0.0000000000000001    0.0000000000000001    0.0000000000000001    0.0000000000000001    0.0000000000000001
269.0    0.0000000000000001    0.0000000000000001    0.0000000000000001    0.0000000000000001    0.0000000000000001
271.0    0.0000000000000001    0.0000000000000001    0.0000000000000001    0.0000000000000001    0.0000000000000001
273.0    0.0000000000000001    0.0000000000000001    0.0000000000000001    0.0000000000000001    0.0000000000000001
275.0    0.0000000000000001    0.0000000000000001    0.0000000000000001    0.0000000000000001    0.0000000000000001
277.0    0.0000000000000001    0.0000000000000001    0.0000000000000001    0.0000000000000001    0.0000000000000001
279.0    0.0000000000000001    0.0000000000000001    0.0000000000000001    0.0000000000000002    0.0000000000000001
281.0    0.0000000000000002    0.0000000000000002    0.0000000000000002    0.0000000000000002    0.0000000000000002
283.0    0.0000000000000002    0.0000000000000002    0.0000000000000002    0.0000000000000002    0.0000000000000002
285.0    0.0000000000000002    0.0000000000000002    0.0000000000000002    0.0000000000000002    0.0000000000000002
287.0    0.0000000000000002    0.0000000000000002    0.0000000000000002    0.0000000000000002    0.0000000000000002
289.0    0.0000000000000002    0.0000000000000002    0.0000000000000002    0.0000000000000002    0.0000000000000002
291.0    0.0000000000000003    0.0000000000000003    0.0000000000000002    0.0000000000000003    0.0000000000000003
293.0    0.0000000000000003    0.0000000000000003    0.0000000000000003    0.0000000000000003    0.0000000000000003
295.0    0.0000000000000003    0.0000000000000003    0.0000000000000003    0.0000000000000003    0.0000000000000003
297.0    0.0000000000000003    0.0000000000000003    0.0000000000000003    0.0000000000000003    0.0000000000000003
299.0    0.0000000000000003    0.0000000000000003    0.0000000000000003    0.0000000000000003    0.0000000000000003
301.0    0.0000000000000003    0.0000000000000003    0.0000000000000003    0.0000000000000003    0.0000000000000003
303.0    0.0000000000000003    0.0000000000000004    0.0000000000000003    0.0000000000000004    0.0000000000000003
305.0    0.0000000000000004    0.0000000000000004    0.0000000000000003    0.0000000000000004    0.0000000000000003
307.0    0.0000000000000004    0.0000000000000004    0.0000000000000003    0.0000000000000004    0.0000000000000004
309.0    0.0000000000000004    0.0000000000000004    0.0000000000000004    0.0000000000000004    0.0000000000000004
311.0    0.0000000000000004    0.0000000000000004    0.0000000000000004    0.0000000000000004    0.0000000000000004
313.0    0.0000000000000004    0.0000000000000004    0.0000000000000004    0.0000000000000004    0.0000000000000004
315.0    0.0000000000000003    0.0000000000000004    0.0000000000000003    0.0000000000000003    0.0000000000000003
317.0    0.0000000000000003    0.0000000000000004    0.0000000000000003    0.0000000000000003    0.0000000000000003
319.0    0.0000000000000003    0.0000000000000003    0.0000000000000003    0.0000000000000003    0.0000000000000003
321.0    0.0000000000000003    0.0000000000000003    0.0000000000000003    0.0000000000000003    0.0000000000000003
323.0    0.0000000000000003    0.0000000000000003    0.0000000000000003    0.0000000000000003    0.0000000000000003
325.0    0.0000000000000003    0.0000000000000003    0.0000000000000003    0.0000000000000003    0.0000000000000003
327.0    0.0000000000000003    0.0000000000000003    0.0000000000000003    0.0000000000000003    0.0000000000000003
329.0    0.0000000000000002    0.0000000000000003    0.0000000000000003    0.0000000000000002    0.0000000000000002
331.0    0.0000000000000002    0.0000000000000002    0.0000000000000002    0.0000000000000002    0.0000000000000002
333.0    0.0000000000000002    0.0000000000000002    0.0000000000000002    0.0000000000000002    0.0000000000000002
335.0    0.0000000000000002    0.0000000000000002    0.0000000000000002    0.0000000000000002    0.0000000000000002
337.0    0.0000000000000002    0.0000000000000002    0.0000000000000002    0.0000000000000002    0.0000000000000002
339.0    0.0000000000000002    0.0000000000000001    0.0000000000000002    0.0000000000000001    0.0000000000000002
341.0    0.0000000000000001    0.0000000000000001    0.0000000000000001    0.0000000000000001    0.0000000000000001
343.0    0.0000000000000001    0.0000000000000001    0.0000000000000001    0.0000000000000001    0.0000000000000001
345.0    0.0000000000000001    0.0000000000000001    0.0000000000000001    0.0000000000000001    0.0000000000000001
347.0    0.0000000000000001    0.0000000000000001    0.0000000000000001    0.0000000000000001    0.0000000000000001
349.0    0.0000000000000001    0.0000000000000001    0.0000000000000001    0.0000000000000001    0.0000000000000001
351.0    0.0000000000000001    0.0000000000000001    0.0000000000000001    0.0000000000000001    0.0000000000000001
353.0    0.0000000000000001    0.0000000000000000    0.0000000000000001    0.0000000000000000    0.0000000000000001
355.0    0.0000000000000000    0.0000000000000000    0.0000000000000001    0.0000000000000000    0.0000000000000001
357.0    0.0000000000000000    0.0000000000000000    0.0000000000000000    0.0000000000000000    0.0000000000000000
359.0    0.0000000000000000    0.0000000000000000    0.0000000000000000    0.0000000000000000    0.0000000000000000
361.0    0.0000000000000000    0.0000000000000000    0.0000000000000000    0.0000000000000000    0.0000000000000000
363.0    0.0000000000000000    0.0000000000000000    0.0000000000000000    0.0000000000000000    0.0000000000000000
365.0    0.0000000000000000    0.0000000000000000    0.0000000000000000    0.0000000000000000    0.0000000000000000
367.0    0.0000000000000000    0.0000000000000000    0.0000000000000000    0.0000000000000000    0.0000000000000000
369.0    0.0000000000000000    0.0000000000000000    0.0000000000000000    0.0000000000000000    0.0000000000000000
371.0    0.0000000000000000    0.0000000000000000    0.0000000000000000    0.0000000000000000    0.0000000000000000
373.0    0.0000000000000000    0.0000000000000000    0.0000000000000000    0.0000000000000000    0.0000000000000000
375.0    0.0000000000000000    0.0000000000000000    0.0000000000000000    0.0000000000000000    0.0000000000000000
377.0    0.0000000000000000    0.0000000000000000    0.0000000000000000    0.0000000000000000    0.0000000000000000
379.0    0.0000000000000000    0.0000000000000000    0.0000000000000000    0.0000000000000000    0.0000000000000000
381.0    0.0000000000000000    0.0000000000000000    0.0000000000000000    0.0000000000000000    0.0000000000000000
383.0    0.0000000000000000    0.0000000000000000    0.0000000000000000    0.0000000000000000    0.0000000000000000
385.0    0.0000000000000000    0.0000000000000000    0.0000000000000000    0.0000000000000000    0.0000000000000000
387.0    0.0000000000000000    0.0000000000000000    0.0000000000000000    0.0000000000000000    0.0000000000000000
389.0    0.0000000000000000    0.0000000000000000    0.0000000000000000    0.0000000000000000    0.0000000000000000
391.0    0.0000000000000000    0.0000000000000000    0.0000000000000000    0.0000000000000000    0.0000000000000000
393.0    0.0000000000000000    0.0000000000000000    0.0000000000000000    0.0000000000000001    0.0000000000000000
395.0    0.0000000000000001    0.0000000000000000    0.0000000000000001    0.0000000000000001    0.0000000000000001
397.0    0.0000000000000001    0.0000000000000001    0.0000000000000001    0.0000000000000001    0.0000000000000001
399.0    0.0000000000000001    0.0000000000000001    0.0000000000000001    0.0000000000000001    0.0000000000000001
401.0    0.0000000000000001    0.0000000000000001    0.0000000000000001    0.0000000000000001    0.0000000000000001
403.0    0.0000000000000001    0.0000000000000001    0.0000000000000001    0.0000000000000001    0.0000000000000001
405.0    0.0000000000000001    0.0000000000000001    0.0000000000000001    0.0000000000000001    0.0000000000000001
407.0    0.0000000000000001    0.0000000000000001    0.0000000000000001    0.0000000000000002    0.0000000000000001
409.0    0.0000000000000002    0.0000000000000001    0.0000000000000002    0.0000000000000002    0.0000000000000002
411.0    0.0000000000000002    0.0000000000000002    0.0000000000000002    0.0000000000000002    0.0000000000000002
413.0    0.0000000000000002    0.0000000000000002    0.0000000000000002    0.0000000000000002    0.0000000000000002
415.0    0.0000000000000002    0.0000000000000002    0.0000000000000002    0.0000000000000003    0.0000000000000002
417.0    0.0000000000000003    0.0000000000000002    0.0000000000000003    0.0000000000000003    0.0000000000000003
419.0    0.0000000000000003    0.0000000000000003    0.0000000000000003    0.0000000000000003    0.0000000000000003
421.0    0.0000000000000003    0.0000000000000003    0.0000000000000003    0.0000000000000004    0.0000000000000003
423.0    0.0000000000000004    0.0000000000000003    0.0000000000000004    0.0000000000000004    0.0000000000000004
425.0    0.0000000000000004    0.0000000000000004    0.0000000000000004    0.0000000000000005    0.0000000000000004
427.0    0.0000000000000005    0.0000000000000004    0.0000000000000005    0.0000000000000005    0.0000000000000005
429.0    0.0000000000000005    0.0000000000000005    0.0000000000000005    0.0000000000000006    0.0000000000000005
431.0    0.0000000000000006    0.0000000000000005    0.0000000000000006    0.0000000000000006    0.0000000000000006
433.0    0.0000000000000007    0.0000000000000006    0.0000000000000006    0.0000000000000007    0.0000000000000006
435.0    0.0000000000000007    0.0000000000000007    0.0000000000000007    0.0000000000000008    0.0000000000000007
437.0    0.0000000000000008    0.0000000000000007    0.0000000000000008    0.0000000000000009    0.0000000000000008
439.0    0.0000000000000009    0.0000000000000008    0.0000000000000008    0.0000000000000009    0.0000000000000009
441.0    0.0000000000000010    0.0000000000000009    0.0000000000000009    0.0000000000000010    0.0000000000000009
443.0    0.0000000000000011    0.0000000000000010    0.0000000000000010    0.0000000000000011    0.0000000000000010
445.0    0.0000000000000012    0.0000000000000011    0.0000000000000011    0.0000000000000012    0.0000000000000011
447.0    0.0000000000000013    0.0000000000000012    0.0000000000000012    0.0000000000000013    0.0000000000000012
449.0    0.0000000000000014    0.0000000000000013    0.0000000000000013    0.0000000000000014    0.0000000000000013
451.0    0.0000000000000015    0.0000000000000014    0.0000000000000014    0.0000000000000016    0.0000000000000014
453.0    0.0000000000000016    0.0000000000000015    0.0000000000000015    0.0000000000000017    0.0000000000000016
455.0    0.0000000000000017    0.0000000000000016    0.0000000000000017    0.0000000000000018    0.0000000000000017
457.0    0.0000000000000019    0.0000000000000018    0.0000000000000018    0.0000000000000020    0.0000000000000018
459.0    0.0000000000000020    0.0000000000000019    0.0000000000000019    0.0000000000000021    0.0000000000000020
461.0    0.0000000000000022    0.0000000000000021    0.0000000000000021    0.0000000000000023    0.0000000000000021
463.0    0.0000000000000023    0.0000000000000022    0.0000000000000022    0.0000000000000024    0.0000000000000023
465.0    0.0000000000000025    0.0000000000000024    0.0000000000000024    0.0000000000000026    0.0000000000000024
467.0    0.0000000000000027    0.0000000000000025    0.0000000000000025    0.0000000000000028    0.0000000000000026
469.0    0.0000000000000028    0.0000000000000027    0.0000000000000027    0.0000000000000029    0.0000000000000028
471.0    0.0000000000000030    0.0000000000000029    0.0000000000000029    0.0000000000000031    0.0000000000000029
473.0    0.0000000000000032    0.0000000000000031    0.0000000000000031    0.0000000000000033    0.0000000000000031
475.0    0.0000000000000034    0.0000000000000033    0.0000000000000032    0.0000000000000035    0.0000000000000033
477.0    0.0000000000000036    0.0000000000000035    0.0000000000000034    0.0000000000000037    0.0000000000000035
479.0    0.0000000000000038    0.0000000000000037    0.0000000000000036    0.0000000000000039    0.0000000000000037
481.0    0.0000000000000040    0.0000000000000039    0.0000000000000038    0.0000000000000041    0.0000000000000039
483.0    0.0000000000000042    0.0000000000000041    0.0000000000000041    0.0000000000000044    0.0000000000000041
485.0    0.0000000000000044    0.0000000000000043    0.0000000000000043    0.0000000000000046    0.0000000000000044
487.0    0.0000000000000047    0.0000000000000046    0.0000000000000045    0.0000000000000048    0.0000000000000046
489.0    0.0000000000000049    0.0000000000000048    0.0000000000000047    0.0000000000000051    0.0000000000000048
491.0    0.0000000000000051    0.0000000000000050    0.0000000000000049    0.0000000000000053    0.0000000000000051
493.0    0.0000000000000054    0.0000000000000053    0.0000000000000052    0.0000000000000055    0.0000000000000053
495.0    0.0000000000000056    0.0000000000000055    0.0000000000000054    0.0000000000000058    0.0000000000000055
497.0    0.0000000000000059    0.0000000000000058    0.0000000000000057    0.0000000000000060    0.0000000000000058
499.0    0.0000000000000061    0.0000000000000060    0.0000000000000059    0.0000000000000063    0.0000000000000060
501.0    0.0000000000000064    0.0000000000000063    0.0000000000000061    0.0000000000000065    0.0000000000000063
503.0    0.0000000000000066    0.0000000000000065    0.0000000000000064    0.0000000000000068    0.0000000000000065
505.0    0.0000000000000069    0.0000000000000068    0.0000000000000066    0.0000000000000071    0.0000000000000068
507.0    0.0000000000000071    0.0000000000000070    0.0000000000000069    0.0000000000000073    0.0000000000000070
509.0    0.0000000000000074    0.0000000000000073    0.0000000000000072    0.0000000000000076    0.0000000000000073
511.0    0.0000000000000077    0.0000000000000076    0.0000000000000074    0.0000000000000079    0.0000000000000076
513.0    0.0000000000000079    0.0000000000000078    0.0000000000000077    0.0000000000000081    0.0000000000000078
515.0    0.0000000000000082    0.0000000000000081    0.0000000000000080    0.0000000000000084    0.0000000000000081
517.0    0.0000000000000085    0.0000000000000084    0.0000000000000082    0.0000000000000087    0.0000000000000084
519.0    0.0000000000000088    0.0000000000000087    0.0000000000000085    0.0000000000000089    0.0000000000000086
521.0    0.0000000000000090    0.0000000000000089    0.0000000000000088    0.0000000000000092    0.0000000000000089
523.0    0.0000000000000093    0.0000000000000092    0.0000000000000091    0.0000000000000095    0.0000000000000092
525.0    0.0000000000000096    0.0000000000000095    0.0000000000000093    0.0000000000000098    0.0000000000000095
527.0    0.0000000000000099    0.0000000000000098    0.0000000000000096    0.0000000000000101    0.0000000000000098
529.0    0.0000000000000102    0.0000000000000101    0.0000000000000099    0.0000000000000104    0.0000000000000101
531.0    0.0000000000000105    0.0000000000000104    0.0000000000000102    0.0000000000000107    0.0000000000000104
533.0    0.0000000000000108    0.0000000000000106    0.0000000000000105    0.0000000000000110    0.0000000000000107
535.0    0.0000000000000111    0.0000000000000109    0.0000000000000108    0.0000000000000113    0.0000000000000109
537.0    0.0000000000000114    0.0000000000000112    0.0000000000000111    0.0000000000000116    0.0000000000000112
539.0    0.0000000000000117    0.0000000000000116    0.0000000000000114    0.0000000000000119    0.0000000000000115
541.0    0.0000000000000120    0.0000000000000119    0.0000000000000117    0.0000000000000122    0.0000000000000119
543.0    0.0000000000000123    0.0000000000000122    0.0000000000000120    0.0000000000000125    0.0000000000000122
545.0    0.0000000000000126    0.0000000000000125    0.0000000000000123    0.0000000000000129    0.0000000000000125
547.0    0.0000000000000129    0.0000000000000128    0.0000000000000126    0.0000000000000132    0.0000000000000128
549.0    0.0000000000000133    0.0000000000000131    0.0000000000000129    0.0000000000000135    0.0000000000000131
551.0    0.0000000000000136    0.0000000000000135    0.0000000000000133    0.0000000000000139    0.0000000000000135
553.0    0.0000000000000139    0.0000000000000138    0.0000000000000136    0.0000000000000142    0.0000000000000138
555.0    0.0000000000000143    0.0000000000000141    0.0000000000000139    0.0000000000000145    0.0000000000000141
557.0    0.0000000000000146    0.0000000000000145    0.0000000000000143    0.0000000000000149    0.0000000000000145
559.0    0.0000000000000149    0.0000000000000148    0.0000000000000146    0.0000000000000152    0.0000000000000148
561.0    0.0000000000000153    0.0000000000000151    0.0000000000000149    0.0000000000000156    0.0000000000000151
563.0    0.0000000000000156    0.0000000000000155    0.0000000000000153    0.0000000000000159    0.0000000000000155
565.0    0.0000000000000160    0.0000000000000158    0.0000000000000156    0.0000000000000163    0.0000000000000158
567.0    0.0000000000000163    0.0000000000000162    0.0000000000000160    0.0000000000000166    0.0000000000000162
569.0    0.0000000000000167    0.0000000000000166    0.0000000000000163    0.0000000000000170    0.0000000000000165
571.0    0.0000000000000171    0.0000000000000169    0.0000000000000167    0.0000000000000173    0.0000000000000169
573.0    0.0000000000000174    0.0000000000000173    0.0000000000000170    0.0000000000000177    0.0000000000000173
575.0    0.0000000000000178    0.0000000000000176    0.0000000000000174    0.0000000000000181    0.0000000000000176
577.0    0.0000000000000182    0.0000000000000180    0.0000000000000178    0.0000000000000185    0.0000000000000180
579.0    0.0000000000000185    0.0000000000000184    0.0000000000000181    0.0000000000000188    0.0000000000000183
581.0    0.0000000000000189    0.0000000000000187    0.0000000000000185    0.0000000000000192    0.0000000000000187
583.0    0.0000000000000193    0.0000000000000191    0.0000000000000189    0.0000000000000196    0.0000000000000191
585.0    0.0000000000000197    0.0000000000000195    0.0000000000000193    0.0000000000000200    0.0000000000000195
587.0    0.0000000000000200    0.0000000000000199    0.0000000000000196    0.0000000000000203    0.0000000000000199
589.0    0.0000000000000204    0.0000000000000203    0.0000000000000200    0.0000000000000207    0.0000000000000202
591.0    0.0000000000000208    0.0000000000000206    0.0000000000000204    0.0000000000000211    0.0000000000000206
593.0    0.0000000000000212    0.0000000000000210    0.0000000000000208    0.0000000000000215    0.0000000000000210
595.0    0.0000000000000216    0.0000000000000214    0.0000000000000212    0.0000000000000219    0.0000000000000214
597.0    0.0000000000000220    0.0000000000000218    0.0000000000000216    0.0000000000000223    0.0000000000000218
599.0    0.0000000000000224    0.0000000000000222    0.0000000000000220    0.0000000000000227    0.0000000000000222
601.0    0.0000000000000228    0.0000000000000226    0.0000000000000224    0.0000000000000231    0.0000000000000226
603.0    0.0000000000000232    0.0000000000000230    0.0000000000000228    0.0000000000000236    0.0000000000000230
605.0    0.0000000000000236    0.0000000000000234    0.0000000000000232    0.0000000000000240    0.0000000000000234
607.0    0.0000000000000240    0.0000000000000238    0.0000000000000236    0.0000000000000244    0.0000000000000238
609.0    0.0000000000000245    0.0000000000000243    0.0000000000000240    0.0000000000000248    0.0000000000000242
611.0    0.0000000000000249    0.0000000000000247    0.0000000000000244    0.0000000000000252    0.0000000000000246
613.0    0.0000000000000253    0.0000000000000251    0.0000000000000248    0.0000000000000257    0.0000000000000251
615.0    0.0000000000000257    0.0000000000000255    0.0000000000000253    0.0000000000000261    0.0000000000000255
617.0    0.0000000000000262    0.0000000000000260    0.0000000000000257    0.0000000000000266    0.0000000000000260
619.0    0.0000000000000266    0.0000000000000264    0.0000000000000261    0.0000000000000270    0.0000000000000264
621.0    0.0000000000000271    0.0000000000000268    0.0000000000000266    0.0000000000000275    0.0000000000000268
623.0    0.0000000000000275    0.0000000000000273    0.0000000000000270    0.0000000000000279    0.0000000000000273
625.0    0.0000000000000280    0.0000000000000277    0.0000000000000275    0.0000000000000284    0.0000000000000277
627.0    0.0000000000000284    0.0000000000000282    0.0000000000000279    0.0000000000000289    0.0000000000000282
629.0    0.0000000000000289    0.0000000000000287    0.0000000000000284    0.0000000000000293    0.0000000000000287
631.0    0.0000000000000294    0.0000000000000291    0.0000000000000288    0.0000000000000298    0.0000000000000291
633.0    0.0000000000000299    0.0000000000000296    0.0000000000000293    0.0000000000000303    0.0000000000000296
635.0    0.0000000000000304    0.0000000000000301    0.0000000000000298    0.0000000000000308    0.0000000000000301
637.0    0.0000000000000308    0.0000000000000306    0.0000000000000303    0.0000000000000313    0.0000000000000306
639.0    0.0000000000000314    0.0000000000000311    0.0000000000000308    0.0000000000000318    0.0000000000000311
641.0    0.0000000000000319    0.0000000000000316    0.0000000000000313    0.0000000000000323    0.0000000000000316
643.0    0.0000000000000324    0.0000000000000321    0.0000000000000318    0.0000000000000328    0.0000000000000321
645.0    0.0000000000000329    0.0000000000000326    0.0000000000000323    0.0000000000000334    0.0000000000000326
647.0    0.0000000000000334    0.0000000000000332    0.0000000000000328    0.0000000000000339    0.0000000000000331
649.0    0.0000000000000340    0.0000000000000337    0.0000000000000334    0.0000000000000345    0.0000000000000337
651.0    0.0000000000000345    0.0000000000000342    0.0000000000000339    0.0000000000000350    0.0000000000000342
653.0    0.0000000000000351    0.0000000000000348    0.0000000000000344    0.0000000000000356    0.0000000000000348
655.0    0.0000000000000356    0.0000000000000353    0.0000000000000350    0.0000000000000362    0.0000000000000353
657.0    0.0000000000000362    0.0000000000000359    0.0000000000000355    0.0000000000000367    0.0000000000000359
659.0    0.0000000000000368    0.0000000000000364    0.0000000000000361    0.0000000000000373    0.0000000000000364
661.0    0.0000000000000373    0.0000000000000370    0.0000000000000366    0.0000000000000379    0.0000000000000370
663.0    0.0000000000000379    0.0000000000000376    0.0000000000000372    0.0000000000000385    0.0000000000000376
665.0    0.0000000000000385    0.0000000000000382    0.0000000000000378    0.0000000000000391    0.0000000000000382
667.0    0.0000000000000392    0.0000000000000388    0.0000000000000384    0.0000000000000397    0.0000000000000388
669.0    0.0000000000000398    0.0000000000000394    0.0000000000000390    0.0000000000000403    0.0000000000000394
671.0    0.0000000000000404    0.0000000000000400    0.0000000000000396    0.0000000000000410    0.0000000000000400
673.0    0.0000000000000410    0.0000000000000407    0.0000000000000403    0.0000000000000416    0.0000000000000407
675.0    0.0000000000000417    0.0000000000000413    0.0000000000000409    0.0000000000000423    0.0000000000000413
677.0    0.0000000000000423    0.0000000000000420    0.0000000000000415    0.0000000000000429    0.0000000000000419
679.0    0.0000000000000430    0.0000000000000426    0.0000000000000422    0.0000000000000436    0.0000000000000426
681.0    0.0000000000000436    0.0000000000000432    0.0000000000000428    0.0000000000000442    0.0000000000000432
683.0    0.0000000000000443    0.0000000000000439    0.0000000000000435    0.0000000000000449    0.0000000000000439
685.0    0.0000000000000450    0.0000000000000446    0.0000000000000441    0.0000000000000456    0.0000000000000446
687.0    0.0000000000000456    0.0000000000000453    0.0000000000000448    0.0000000000000463    0.0000000000000452
689.0    0.0000000000000463    0.0000000000000460    0.0000000000000455    0.0000000000000470    0.0000000000000459
691.0    0.0000000000000470    0.0000000000000467    0.0000000000000462    0.0000000000000477    0.0000000000000466
693.0    0.0000000000000478    0.0000000000000474    0.0000000000000468    0.0000000000000484    0.0000000000000473
695.0    0.0000000000000484    0.0000000000000481    0.0000000000000475    0.0000000000000492    0.0000000000000480
697.0    0.0000000000000492    0.0000000000000488    0.0000000000000483    0.0000000000000499    0.0000000000000487
699.0    0.0000000000000499    0.0000000000000495    0.0000000000000490    0.0000000000000506    0.0000000000000494
701.0    0.0000000000000506    0.0000000000000502    0.0000000000000497    0.0000000000000513    0.0000000000000502
703.0    0.0000000000000514    0.0000000000000510    0.0000000000000504    0.0000000000000521    0.0000000000000509
705.0    0.0000000000000521    0.0000000000000517    0.0000000000000512    0.0000000000000528    0.0000000000000517
707.0    0.0000000000000528    0.0000000000000525    0.0000000000000519    0.0000000000000536    0.0000000000000524
709.0    0.0000000000000536    0.0000000000000532    0.0000000000000526    0.0000000000000543    0.0000000000000531
711.0    0.0000000000000543    0.0000000000000540    0.0000000000000534    0.0000000000000551    0.0000000000000539
713.0    0.0000000000000551    0.0000000000000548    0.0000000000000541    0.0000000000000559    0.0000000000000547
715.0    0.0000000000000559    0.0000000000000555    0.0000000000000549    0.0000000000000566    0.0000000000000554
717.0    0.0000000000000566    0.0000000000000563    0.0000000000000556    0.0000000000000574    0.0000000000000562
719.0    0.0000000000000574    0.0000000000000570    0.0000000000000564    0.0000000000000582    0.0000000000000569
721.0    0.0000000000000582    0.0000000000000578    0.0000000000000572    0.0000000000000590    0.0000000000000577
723.0    0.0000000000000590    0.0000000000000586    0.0000000000000579    0.0000000000000598    0.0000000000000585
725.0    0.0000000000000598    0.0000000000000594    0.0000000000000587    0.0000000000000605    0.0000000000000593
727.0    0.0000000000000605    0.0000000000000602    0.0000000000000595    0.0000000000000613    0.0000000000000601
729.0    0.0000000000000613    0.0000000000000610    0.0000000000000603    0.0000000000000621    0.0000000000000608
731.0    0.0000000000000621    0.0000000000000618    0.0000000000000610    0.0000000000000629    0.0000000000000616
733.0    0.0000000000000629    0.0000000000000626    0.0000000000000618    0.0000000000000637    0.0000000000000624
735.0    0.0000000000000637    0.0000000000000634    0.0000000000000626    0.0000000000000645    0.0000000000000632
737.0    0.0000000000000645    0.0000000000000642    0.0000000000000634    0.0000000000000653    0.0000000000000640
739.0    0.0000000000000652    0.0000000000000649    0.0000000000000642    0.0000000000000661    0.0000000000000648
741.0    0.0000000000000660    0.0000000000000657    0.0000000000000650    0.0000000000000669    0.0000000000000656
743.0    0.0000000000000668    0.0000000000000665    0.0000000000000658    0.0000000000000677    0.0000000000000664
745.0    0.0000000000000676    0.0000000000000674    0.0000000000000666    0.0000000000000685    0.0000000000000672
747.0    0.0000000000000684    0.0000000000000681    0.0000000000000673    0.0000000000000693    0.0000000000000680
749.0    0.0000000000000692    0.0000000000000689    0.0000000000000681    0.0000000000000701    0.0000000000000688
751.0    0.0000000000000700    0.0000000000000697    0.0000000000000689    0.0000000000000708    0.0000000000000695
753.0    0.0000000000000708    0.0000000000000705    0.0000000000000697    0.0000000000000717    0.0000000000000703
755.0    0.0000000000000716    0.0000000000000713    0.0000000000000705    0.0000000000000725    0.0000000000000711
757.0    0.0000000000000724    0.0000000000000721    0.0000000000000713    0.0000000000000732    0.0000000000000719
759.0    0.0000000000000732    0.0000000000000729    0.0000000000000721    0.0000000000000741    0.0000000000000727
761.0    0.0000000000000740    0.0000000000000737    0.0000000000000729    0.0000000000000749    0.0000000000000735
763.0    0.0000000000000748    0.0000000000000745    0.0000000000000737    0.0000000000000756    0.0000000000000743
765.0    0.0000000000000756    0.0000000000000753    0.0000000000000744    0.0000000000000764    0.0000000000000751
767.0    0.0000000000000764    0.0000000000000761    0.0000000000000753    0.0000000000000773    0.0000000000000759
769.0    0.0000000000000772    0.0000000000000768    0.0000000000000761    0.0000000000000780    0.0000000000000767
771.0    0.0000000000000780    0.0000000000000776    0.0000000000000768    0.0000000000000788    0.0000000000000775
773.0    0.0000000000000788    0.0000000000000784    0.0000000000000776    0.0000000000000797    0.0000000000000782
775.0    0.0000000000000796    0.0000000000000792    0.0000000000000784    0.0000000000000804    0.0000000000000790
777.0    0.0000000000000804    0.0000000000000800    0.0000000000000792    0.0000000000000812    0.0000000000000799
779.0    0.0000000000000812    0.0000000000000808    0.0000000000000800    0.0000000000000821    0.0000000000000807
781.0    0.0000000000000820    0.0000000000000816    0.0000000000000808    0.0000000000000828    0.0000000000000814
783.0    0.0000000000000828    0.0000000000000824    0.0000000000000816    0.0000000000000837    0.0000000000000822
785.0    0.0000000000000836    0.0000000000000832    0.0000000000000824    0.0000000000000845    0.0000000000000830
787.0    0.0000000000000843    0.0000000000000840    0.0000000000000832    0.0000000000000853    0.0000000000000838
789.0    0.0000000000000852    0.0000000000000848    0.0000000000000840    0.0000000000000861    0.0000000000000846
791.0    0.0000000000000860    0.0000000000000856    0.0000000000000848    0.0000000000000869    0.0000000000000854
793.0    0.0000000000000868    0.0000000000000864    0.0000000000000856    0.0000000000000877    0.0000000000000862
795.0    0.0000000000000876    0.0000000000000872    0.0000000000000864    0.0000000000000885    0.0000000000000870
797.0    0.0000000000000884    0.0000000000000880    0.0000000000000872    0.0000000000000893    0.0000000000000878
799.0    0.0000000000000892    0.0000000000000888    0.0000000000000880    0.0000000000000902    0.0000000000000887
801.0    0.0000000000000900    0.0000000000000896    0.0000000000000888    0.0000000000000910    0.0000000000000895
803.0    0.0000000000000909    0.0000000000000905    0.0000000000000896    0.0000000000000918    0.0000000000000903
805.0    0.0000000000000917    0.0000000000000913    0.0000000000000904    0.0000000000000926    0.0000000000000911
807.0    0.0000000000000925    0.0000000000000921    0.0000000000000913    0.0000000000000934    0.0000000000000919
809.0    0.0000000000000933    0.0000000000000929    0.0000000000000921    0.0000000000000943    0.0000000000000928
811.0    0.0000000000000942    0.0000000000000937    0.0000000000000929    0.0000000000000952    0.0000000000000936
813.0    0.0000000000000950    0.0000000000000946    0.0000000000000937    0.0000000000000960    0.0000000000000944
815.0    0.0000000000000959    0.0000000000000954    0.0000000000000946    0.0000000000000968    0.0000000000000952
817.0    0.0000000000000967    0.0000000000000963    0.0000000000000954    0.0000000000000977    0.0000000000000961
819.0    0.0000000000000976    0.0000000000000971    0.0000000000000963    0.0000000000000985    0.0000000000000969
821.0    0.0000000000000984    0.0000000000000980    0.0000000000000971    0.0000000000000994    0.0000000000000978
823.0    0.0000000000000992    0.0000000000000988    0.0000000000000980    0.0000000000001003    0.0000000000000986
825.0    0.0000000000001001    0.0000000000000997    0.0000000000000988    0.0000000000001011    0.0000000000000995
827.0    0.0000000000001010    0.0000000000001005    0.0000000000000996    0.0000000000001020    0.0000000000001003
829.0    0.0000000000001019    0.0000000000001014    0.0000000000001005    0.0000000000001029    0.0000000000001012
831.0    0.0000000000001027    0.0000000000001023    0.0000000000001014    0.0000000000001037    0.0000000000001021
833.0    0.0000000000001036    0.0000000000001031    0.0000000000001022    0.0000000000001046    0.0000000000001030
835.0    0.0000000000001045    0.0000000000001040    0.0000000000001031    0.0000000000001055    0.0000000000001038
837.0    0.0000000000001053    0.0000000000001049    0.0000000000001040    0.0000000000001064    0.0000000000001047
839.0    0.0000000000001062    0.0000000000001058    0.0000000000001049    0.0000000000001073    0.0000000000001056
841.0    0.0000000000001071    0.0000000000001067    0.0000000000001057    0.0000000000001082    0.0000000000001065
843.0    0.0000000000001080    0.0000000000001076    0.0000000000001066    0.0000000000001091    0.0000000000001074
845.0    0.0000000000001089    0.0000000000001084    0.0000000000001075    0.0000000000001099    0.0000000000001082
847.0    0.0000000000001098    0.0000000000001093    0.0000000000001084    0.0000000000001109    0.0000000000001091
849.0    0.0000000000001107    0.0000000000001102    0.0000000000001093    0.0000000000001118    0.0000000000001100
851.0    0.0000000000001116    0.0000000000001111    0.0000000000001101    0.0000000000001126    0.0000000000001109
853.0    0.0000000000001125    0.0000000000001121    0.0000000000001110    0.0000000000001136    0.0000000000001118
855.0    0.0000000000001134    0.0000000000001129    0.0000000000001120    0.0000000000001145    0.0000000000001128
857.0    0.0000000000001143    0.0000000000001138    0.0000000000001128    0.0000000000001154    0.0000000000001136
859.0    0.0000000000001152    0.0000000000001148    0.0000000000001137    0.0000000000001163    0.0000000000001145
861.0    0.0000000000001161    0.0000000000001157    0.0000000000001146    0.0000000000001172    0.0000000000001154
863.0    0.0000000000001170    0.0000000000001166    0.0000000000001156    0.0000000000001181    0.0000000000001164
865.0    0.0000000000001179    0.0000000000001175    0.0000000000001164    0.0000000000001190    0.0000000000001173
867.0    0.0000000000001188    0.0000000000001184    0.0000000000001173    0.0000000000001200    0.0000000000001182
869.0    0.0000000000001197    0.0000000000001193    0.0000000000001183    0.0000000000001209    0.0000000000001191
871.0    0.0000000000001206    0.0000000000001202    0.0000000000001192    0.0000000000001218    0.0000000000001200
873.0    0.0000000000001216    0.0000000000001212    0.0000000000001201    0.0000000000001227    0.0000000000001209
875.0    0.0000000000001225    0.0000000000001221    0.0000000000001210    0.0000000000001236    0.0000000000001218
877.0    0.0000000000001234    0.0000000000001230    0.0000000000001219    0.0000000000001245    0.0000000000001227
879.0    0.0000000000001243    0.0000000000001239    0.0000000000001228    0.0000000000001255    0.0000000000001236
881.0    0.0000000000001252    0.0000000000001248    0.0000000000001237    0.0000000000001263    0.0000000000001245
883.0    0.0000000000001261    0.0000000000001257    0.0000000000001246    0.0000000000001273    0.0000000000001255
885.0    0.0000000000001270    0.0000000000001266    0.0000000000001255    0.0000000000001282    0.0000000000001264
887.0    0.0000000000001279    0.0000000000001275    0.0000000000001264    0.0000000000001291    0.0000000000001273
889.0    0.0000000000001288    0.0000000000001285    0.0000000000001273    0.0000000000001300    0.0000000000001282
891.0    0.0000000000001297    0.0000000000001294    0.0000000000001282    0.0000000000001309    0.0000000000001291
893.0    0.0000000000001306    0.0000000000001303    0.0000000000001291    0.0000000000001318    0.0000000000001300
895.0    0.0000000000001316    0.0000000000001312    0.0000000000001301    0.0000000000001327    0.0000000000001309
897.0    0.0000000000001325    0.0000000000001321    0.0000000000001309    0.0000000000001336    0.0000000000001318
899.0    0.0000000000001333    0.0000000000001330    0.0000000000001318    0.0000000000001345    0.0000000000001327
901.0    0.0000000000001342    0.0000000000001339    0.0000000000001327    0.0000000000001354    0.0000000000001336
903.0    0.0000000000001351    0.0000000000001348    0.0000000000001336    0.0000000000001363    0.0000000000001345
905.0    0.0000000000001360    0.0000000000001357    0.0000000000001345    0.0000000000001372    0.0000000000001354
907.0    0.0000000000001369    0.0000000000001365    0.0000000000001354    0.0000000000001380    0.0000000000001363
909.0    0.0000000000001378    0.0000000000001374    0.0000000000001363    0.0000000000001389    0.0000000000001372
911.0    0.0000000000001387    0.0000000000001383    0.0000000000001372    0.0000000000001398    0.0000000000001380
913.0    0.0000000000001396    0.0000000000001392    0.0000000000001381    0.0000000000001407    0.0000000000001389
915.0    0.0000000000001405    0.0000000000001401    0.0000000000001389    0.0000000000001416    0.0000000000001398
917.0    0.0000000000001413    0.0000000000001410    0.0000000000001398    0.0000000000001425    0.0000000000001407
919.0    0.0000000000001422    0.0000000000001419    0.0000000000001407    0.0000000000001433    0.0000000000001416
921.0    0.0000000000001431    0.0000000000001427    0.0000000000001416    0.0000000000001442    0.0000000000001425
923.0    0.0000000000001439    0.0000000000001436    0.0000000000001424    0.0000000000001451    0.0000000000001433
925.0    0.0000000000001448    0.0000000000001445    0.0000000000001433    0.0000000000001460    0.0000000000001442
927.0    0.0000000000001457    0.0000000000001453    0.0000000000001442    0.0000000000001469    0.0000000000001451
929.0    0.0000000000001466    0.0000000000001462    0.0000000000001451    0.0000000000001477    0.0000000000001459
931.0    0.0000000000001474    0.0000000000001471    0.0000000000001459    0.0000000000001486    0.0000000000001468
933.0    0.0000000000001483    0.0000000000001480    0.0000000000001468    0.0000000000001494    0.0000000000001476
935.0    0.0000000000001492    0.0000000000001488    0.0000000000001477    0.0000000000001503    0.0000000000001485
937.0    0.0000000000001500    0.0000000000001496    0.0000000000001485    0.0000000000001512    0.0000000000001494
939.0    0.0000000000001509    0.0000000000001505    0.0000000000001493    0.0000000000001520    0.0000000000001502
941.0    0.0000000000001517    0.0000000000001514    0.0000000000001502    0.0000000000001529    0.0000000000001511
943.0    0.0000000000001526    0.0000000000001522    0.0000000000001511    0.0000000000001537    0.0000000000001519
945.0    0.0000000000001534    0.0000000000001530    0.0000000000001519    0.0000000000001546    0.0000000000001528
947.0    0.0000000000001543    0.0000000000001539    0.0000000000001527    0.0000000000001554    0.0000000000001536
949.0    0.0000000000001551    0.0000000000001547    0.0000000000001536    0.0000000000001563    0.0000000000001545
951.0    0.0000000000001560    0.0000000000001556    0.0000000000001545    0.0000000000001571    0.0000000000001553
953.0    0.0000000000001568    0.0000000000001564    0.0000000000001553    0.0000000000001580    0.0000000000001562
955.0    0.0000000000001577    0.0000000000001572    0.0000000000001561    0.0000000000001588    0.0000000000001570
957.0    0.0000000000001585    0.0000000000001581    0.0000000000001570    0.0000000000001597    0.0000000000001578
959.0    0.0000000000001593    0.0000000000001590    0.0000000000001579    0.0000000000001605    0.0000000000001587
961.0    0.0000000000001602    0.0000000000001598    0.0000000000001587    0.0000000000001614    0.0000000000001595
963.0    0.0000000000001610    0.0000000000001606    0.0000000000001595    0.0000000000001622    0.0000000000001604
965.0    0.0000000000001619    0.0000000000001614    0.0000000000001604    0.0000000000001630    0.0000000000001612
967.0    0.0000000000001627    0.0000000000001623    0.0000000000001612    0.0000000000001639    0.0000000000001620
969.0    0.0000000000001636    0.0000000000001632    0.0000000000001620    0.0000000000001647    0.0000000000001629
971.0    0.0000000000001644    0.0000000000001640    0.0000000000001629    0.0000000000001656    0.0000000000001637
973.0    0.0000000000001652    0.0000000000001648    0.0000000000001637    0.0000000000001664    0.0000000000001646
975.0    0.0000000000001661    0.0000000000001656    0.0000000000001646    0.0000000000001673    0.0000000000001654
977.0    0.0000000000001669    0.0000000000001665    0.0000000000001654    0.0000000000001681    0.0000000000001662
979.0    0.0000000000001678    0.0000000000001673    0.0000000000001662    0.0000000000001690    0.0000000000001671
981.0    0.0000000000001686    0.0000000000001682    0.0000000000001671    0.0000000000001698    0.0000000000001679
983.0    0.0000000000001694    0.0000000000001690    0.0000000000001679    0.0000000000001706    0.0000000000001688
985.0    0.0000000000001703    0.0000000000001698    0.0000000000001687    0.0000000000001715    0.0000000000001696
987.0    0.0000000000001711    0.0000000000001707    0.0000000000001696    0.0000000000001723    0.0000000000001704
989.0    0.0000000000001720    0.0000000000001715    0.0000000000001704    0.0000000000001731    0.0000000000001713
991.0    0.0000000000001728    0.0000000000001724    0.0000000000001713    0.0000000000001740    0.0000000000001721
993.0    0.0000000000001737    0.0000000000001732    0.0000000000001721    0.0000000000001749    0.0000000000001730
995.0    0.0000000000001745    0.0000000000001740    0.0000000000001729    0.0000000000001757    0.0000000000001738
997.0    0.0000000000001753    0.0000000000001749    0.0000000000001738    0.0000000000001765    0.0000000000001746
999.0    0.0000000000001762    0.0000000000001757    0.0000000000001746    0.0000000000001774    0.0000000000001755
1001.0    0.0000000000001770    0.0000000000001766    0.0000000000001754    0.0000000000001782    0.0000000000001763
1003.0    0.0000000000001779    0.0000000000001774    0.0000000000001763    0.0000000000001791    0.0000000000001772
1005.0    0.0000000000001787    0.0000000000001782    0.0000000000001771    0.0000000000001799    0.0000000000001780
1007.0    0.0000000000001795    0.0000000000001791    0.0000000000001780    0.0000000000001808    0.0000000000001788
1009.0    0.0000000000001804    0.0000000000001800    0.0000000000001788    0.0000000000001816    0.0000000000001797
1011.0    0.0000000000001812    0.0000000000001808    0.0000000000001796    0.0000000000001825    0.0000000000001805
1013.0    0.0000000000001821    0.0000000000001816    0.0000000000001805    0.0000000000001833    0.0000000000001814
1015.0    0.0000000000001829    0.0000000000001825    0.0000000000001813    0.0000000000001842    0.0000000000001822
1017.0    0.0000000000001838    0.0000000000001833    0.0000000000001822    0.0000000000001850    0.0000000000001830
1019.0    0.0000000000001846    0.0000000000001842    0.0000000000001830    0.0000000000001859    0.0000000000001839
1021.0    0.0000000000001855    0.0000000000001850    0.0000000000001838    0.0000000000001867    0.0000000000001847
1023.0    0.0000000000001863    0.0000000000001859    0.0000000000001847    0.0000000000001876    0.0000000000001856
1025.0    0.0000000000001872    0.0000000000001867    0.0000000000001855    0.0000000000001884    0.0000000000001864
1027.0    0.0000000000001880    0.0000000000001876    0.0000000000001864    0.0000000000001892    0.0000000000001873
1029.0    0.0000000000001888    0.0000000000001884    0.0000000000001872    0.0000000000001901    0.0000000000001881
1031.0    0.0000000000001897    0.0000000000001893    0.0000000000001881    0.0000000000001910    0.0000000000001889
1033.0    0.0000000000001905    0.0000000000001901    0.0000000000001889    0.0000000000001918    0.0000000000001898
1035.0    0.0000000000001914    0.0000000000001909    0.0000000000001897    0.0000000000001926    0.0000000000001907
1037.0    0.0000000000001923    0.0000000000001918    0.0000000000001906    0.0000000000001935    0.0000000000001915
1039.0    0.0000000000001931    0.0000000000001927    0.0000000000001915    0.0000000000001943    0.0000000000001923
1041.0    0.0000000000001939    0.0000000000001935    0.0000000000001923    0.0000000000001952    0.0000000000001932
1043.0    0.0000000000001948    0.0000000000001943    0.0000000000001931    0.0000000000001960    0.0000000000001940
1045.0    0.0000000000001956    0.0000000000001952    0.0000000000001940    0.0000000000001969    0.0000000000001949
1047.0    0.0000000000001965    0.0000000000001960    0.0000000000001948    0.0000000000001977    0.0000000000001957
1049.0    0.0000000000001973    0.0000000000001969    0.0000000000001956    0.0000000000001986    0.0000000000001966
1051.0    0.0000000000001981    0.0000000000001977    0.0000000000001965    0.0000000000001994    0.0000000000001974
1053.0    0.0000000000001990    0.0000000000001985    0.0000000000001973    0.0000000000002003    0.0000000000001982
1055.0    0.0000000000001998    0.0000000000001994    0.0000000000001982    0.0000000000002011    0.0000000000001991
1057.0    0.0000000000002007    0.0000000000002002    0.0000000000001990    0.0000000000002019    0.0000000000002000
1059.0    0.0000000000002015    0.0000000000002011    0.0000000000001998    0.0000000000002028    0.0000000000002008
1061.0    0.0000000000002024    0.0000000000002019    0.0000000000002007    0.0000000000002037    0.0000000000002016
1063.0    0.0000000000002032    0.0000000000002027    0.0000000000002015    0.0000000000002045    0.0000000000002024
1065.0    0.0000000000002040    0.0000000000002036    0.0000000000002023    0.0000000000002053    0.0000000000002033
1067.0    0.0000000000002049    0.0000000000002045    0.0000000000002032    0.0000000000002062    0.0000000000002042
1069.0    0.0000000000002057    0.0000000000002053    0.0000000000002040    0.0000000000002070    0.0000000000002050
1071.0    0.0000000000002066    0.0000000000002061    0.0000000000002049    0.0000000000002078    0.0000000000002058
1073.0    0.0000000000002074    0.0000000000002069    0.0000000000002057    0.0000000000002086    0.0000000000002066
1075.0    0.0000000000002082    0.0000000000002078    0.0000000000002065    0.0000000000002095    0.0000000000002075
1077.0    0.0000000000002090    0.0000000000002086    0.0000000000002074    0.0000000000002103    0.0000000000002083
1079.0    0.0000000000002099    0.0000000000002095    0.0000000000002082    0.0000000000002111    0.0000000000002092
1081.0    0.0000000000002107    0.0000000000002103    0.0000000000002090    0.0000000000002120    0.0000000000002100
1083.0    0.0000000000002115    0.0000000000002111    0.0000000000002098    0.0000000000002128    0.0000000000002108
1085.0    0.0000000000002123    0.0000000000002119    0.0000000000002107    0.0000000000002136    0.0000000000002116
1087.0    0.0000000000002132    0.0000000000002128    0.0000000000002115    0.0000000000002145    0.0000000000002125
1089.0    0.0000000000002140    0.0000000000002136    0.0000000000002123    0.0000000000002153    0.0000000000002133
1091.0    0.0000000000002148    0.0000000000002144    0.0000000000002131    0.0000000000002161    0.0000000000002141
1093.0    0.0000000000002157    0.0000000000002152    0.0000000000002140    0.0000000000002169    0.0000000000002149
1095.0    0.0000000000002165    0.0000000000002161    0.0000000000002148    0.0000000000002177    0.0000000000002157
1097.0    0.0000000000002173    0.0000000000002169    0.0000000000002156    0.0000000000002186    0.0000000000002166
1099.0    0.0000000000002181    0.0000000000002177    0.0000000000002164    0.0000000000002194    0.0000000000002174
1101.0    0.0000000000002189    0.0000000000002185    0.0000000000002172    0.0000000000002202    0.0000000000002182
1103.0    0.0000000000002197    0.0000000000002193    0.0000000000002180    0.0000000000002210    0.0000000000002190
1105.0    0.0000000000002205    0.0000000000002201    0.0000000000002188    0.0000000000002218    0.0000000000002198
1107.0    0.0000000000002213    0.0000000000002209    0.0000000000002196    0.0000000000002226    0.0000000000002206
1109.0    0.0000000000002221    0.0000000000002218    0.0000000000002205    0.0000000000002234    0.0000000000002214
1111.0    0.0000000000002229    0.0000000000002226    0.0000000000002213    0.0000000000002242    0.0000000000002222
1113.0    0.0000000000002237    0.0000000000002233    0.0000000000002220    0.0000000000002250    0.0000000000002230
1115.0    0.0000000000002245    0.0000000000002241    0.0000000000002228    0.0000000000002258    0.0000000000002238
1117.0    0.0000000000002253    0.0000000000002250    0.0000000000002237    0.0000000000002266    0.0000000000002246
1119.0    0.0000000000002261    0.0000000000002258    0.0000000000002244    0.0000000000002274    0.0000000000002254
1121.0    0.0000000000002269    0.0000000000002265    0.0000000000002252    0.0000000000002281    0.0000000000002262
1123.0    0.0000000000002277    0.0000000000002273    0.0000000000002260    0.0000000000002289    0.0000000000002270
1125.0    0.0000000000002285    0.0000000000002281    0.0000000000002268    0.0000000000002297    0.0000000000002277
1127.0    0.0000000000002293    0.0000000000002289    0.0000000000002276    0.0000000000002305    0.0000000000002285
1129.0    0.0000000000002301    0.0000000000002297    0.0000000000002284    0.0000000000002313    0.0000000000002293
1131.0    0.0000000000002308    0.0000000000002305    0.0000000000002292    0.0000000000002321    0.0000000000002301
1133.0    0.0000000000002316    0.0000000000002312    0.0000000000002300    0.0000000000002328    0.0000000000002309
1135.0    0.0000000000002324    0.0000000000002320    0.0000000000002307    0.0000000000002336    0.0000000000002317
1137.0    0.0000000000002331    0.0000000000002328    0.0000000000002315    0.0000000000002344    0.0000000000002324
1139.0    0.0000000000002339    0.0000000000002336    0.0000000000002323    0.0000000000002351    0.0000000000002332
1141.0    0.0000000000002347    0.0000000000002343    0.0000000000002330    0.0000000000002359    0.0000000000002340
1143.0    0.0000000000002354    0.0000000000002351    0.0000000000002338    0.0000000000002367    0.0000000000002348
1145.0    0.0000000000002362    0.0000000000002358    0.0000000000002345    0.0000000000002374    0.0000000000002355
1147.0    0.0000000000002370    0.0000000000002366    0.0000000000002353    0.0000000000002382    0.0000000000002362
1149.0    0.0000000000002377    0.0000000000002374    0.0000000000002361    0.0000000000002390    0.0000000000002370
1151.0    0.0000000000002385    0.0000000000002381    0.0000000000002368    0.0000000000002397    0.0000000000002378
1153.0    0.0000000000002392    0.0000000000002388    0.0000000000002376    0.0000000000002405    0.0000000000002385
1155.0    0.0000000000002400    0.0000000000002396    0.0000000000002383    0.0000000000002412    0.0000000000002393
1157.0    0.0000000000002407    0.0000000000002404    0.0000000000002391    0.0000000000002420    0.0000000000002400
1159.0    0.0000000000002415    0.0000000000002411    0.0000000000002398    0.0000000000002427    0.0000000000002408
1161.0    0.0000000000002422    0.0000000000002419    0.0000000000002406    0.0000000000002435    0.0000000000002415
1163.0    0.0000000000002430    0.0000000000002426    0.0000000000002413    0.0000000000002442    0.0000000000002423
1165.0    0.0000000000002437    0.0000000000002433    0.0000000000002421    0.0000000000002449    0.0000000000002430
1167.0    0.0000000000002444    0.0000000000002441    0.0000000000002428    0.0000000000002457    0.0000000000002437
1169.0    0.0000000000002452    0.0000000000002448    0.0000000000002435    0.0000000000002464    0.0000000000002445
1171.0    0.0000000000002459    0.0000000000002455    0.0000000000002443    0.0000000000002471    0.0000000000002452
1173.0    0.0000000000002467    0.0000000000002463    0.0000000000002450    0.0000000000002479    0.0000000000002460
1175.0    0.0000000000002474    0.0000000000002470    0.0000000000002458    0.0000000000002486    0.0000000000002467
1177.0    0.0000000000002481    0.0000000000002477    0.0000000000002465    0.0000000000002493    0.0000000000002474
1179.0    0.0000000000002488    0.0000000000002485    0.0000000000002472    0.0000000000002501    0.0000000000002481
1181.0    0.0000000000002496    0.0000000000002492    0.0000000000002480    0.0000000000002508    0.0000000000002489
1183.0    0.0000000000002503    0.0000000000002499    0.0000000000002487    0.0000000000002515    0.0000000000002496
1185.0    0.0000000000002510    0.0000000000002506    0.0000000000002494    0.0000000000002522    0.0000000000002503
1187.0    0.0000000000002518    0.0000000000002514    0.0000000000002501    0.0000000000002530    0.0000000000002510
1189.0    0.0000000000002524    0.0000000000002521    0.0000000000002509    0.0000000000002537    0.0000000000002517
1191.0    0.0000000000002532    0.0000000000002528    0.0000000000002516    0.0000000000002544    0.0000000000002525
1193.0    0.0000000000002539    0.0000000000002535    0.0000000000002523    0.0000000000002551    0.0000000000002532
1195.0    0.0000000000002546    0.0000000000002542    0.0000000000002530    0.0000000000002558    0.0000000000002539
1197.0    0.0000000000002553    0.0000000000002549    0.0000000000002537    0.0000000000002566    0.0000000000002546
1199.0    0.0000000000002560    0.0000000000002556    0.0000000000002544    0.0000000000002573    0.0000000000002553
1201.0    0.0000000000002567    0.0000000000002563    0.0000000000002551    0.0000000000002580    0.0000000000002560
1203.0    0.0000000000002575    0.0000000000002571    0.0000000000002558    0.0000000000002587    0.0000000000002567
1205.0    0.0000000000002582    0.0000000000002578    0.0000000000002566    0.0000000000002594    0.0000000000002575
1207.0    0.0000000000002589    0.0000000000002585    0.0000000000002573    0.0000000000002601    0.0000000000002582
1209.0    0.0000000000002596    0.0000000000002592    0.0000000000002580    0.0000000000002608    0.0000000000002589
1211.0    0.0000000000002603    0.0000000000002599    0.0000000000002587    0.0000000000002615    0.0000000000002596
1213.0    0.0000000000002610    0.0000000000002606    0.0000000000002594    0.0000000000002622    0.0000000000002603
1215.0    0.0000000000002617    0.0000000000002613    0.0000000000002601    0.0000000000002629    0.0000000000002610
1217.0    0.0000000000002624    0.0000000000002620    0.0000000000002608    0.0000000000002636    0.0000000000002617
1219.0    0.0000000000002631    0.0000000000002627    0.0000000000002615    0.0000000000002643    0.0000000000002624
1221.0    0.0000000000002638    0.0000000000002634    0.0000000000002622    0.0000000000002650    0.0000000000002631
1223.0    0.0000000000002645    0.0000000000002641    0.0000000000002629    0.0000000000002657    0.0000000000002638
1225.0    0.0000000000002652    0.0000000000002648    0.0000000000002636    0.0000000000002664    0.0000000000002645
1227.0    0.0000000000002659    0.0000000000002655    0.0000000000002643    0.0000000000002671    0.0000000000002652
1229.0    0.0000000000002666    0.0000000000002662    0.0000000000002650    0.0000000000002678    0.0000000000002659
1231.0    0.0000000000002673    0.0000000000002669    0.0000000000002656    0.0000000000002685    0.0000000000002666
1233.0    0.0000000000002679    0.0000000000002676    0.0000000000002663    0.0000000000002691    0.0000000000002672
1235.0    0.0000000000002686    0.0000000000002683    0.0000000000002670    0.0000000000002698    0.0000000000002679
1237.0    0.0000000000002693    0.0000000000002690    0.0000000000002677    0.0000000000002705    0.0000000000002686
1239.0    0.0000000000002700    0.0000000000002696    0.0000000000002684    0.0000000000002712    0.0000000000002693
1241.0    0.0000000000002707    0.0000000000002703    0.0000000000002691    0.0000000000002719    0.0000000000002700
1243.0    0.0000000000002714    0.0000000000002710    0.0000000000002698    0.0000000000002726    0.0000000000002706
1245.0    0.0000000000002720    0.0000000000002717    0.0000000000002705    0.0000000000002732    0.0000000000002713
1247.0    0.0000000000002727    0.0000000000002724    0.0000000000002711    0.0000000000002739    0.0000000000002720
1249.0    0.0000000000002734    0.0000000000002730    0.0000000000002718    0.0000000000002746    0.0000000000002727
1251.0    0.0000000000002741    0.0000000000002737    0.0000000000002725    0.0000000000002752    0.0000000000002734
1253.0    0.0000000000002747    0.0000000000002744    0.0000000000002732    0.0000000000002759    0.0000000000002740
1255.0    0.0000000000002754    0.0000000000002751    0.0000000000002738    0.0000000000002766    0.0000000000002747
1257.0    0.0000000000002760    0.0000000000002757    0.0000000000002745    0.0000000000002772    0.0000000000002754
1259.0    0.0000000000002767    0.0000000000002764    0.0000000000002751    0.0000000000002779    0.0000000000002761
1261.0    0.0000000000002774    0.0000000000002770    0.0000000000002758    0.0000000000002785    0.0000000000002767
1263.0    0.0000000000002780    0.0000000000002777    0.0000000000002765    0.0000000000002792    0.0000000000002774
1265.0    0.0000000000002787    0.0000000000002784    0.0000000000002771    0.0000000000002798    0.0000000000002780
1267.0    0.0000000000002794    0.0000000000002790    0.0000000000002778    0.0000000000002805    0.0000000000002787
1269.0    0.0000000000002800    0.0000000000002797    0.0000000000002785    0.0000000000002812    0.0000000000002794
1271.0    0.0000000000002806    0.0000000000002803    0.0000000000002791    0.0000000000002818    0.0000000000002800
1273.0    0.0000000000002813    0.0000000000002810    0.0000000000002797    0.0000000000002824    0.0000000000002806
1275.0    0.0000000000002819    0.0000000000002816    0.0000000000002804    0.0000000000002831    0.0000000000002813
1277.0    0.0000000000002826    0.0000000000002823    0.0000000000002810    0.0000000000002837    0.0000000000002819
1279.0    0.0000000000002832    0.0000000000002829    0.0000000000002817    0.0000000000002843    0.0000000000002826
1281.0    0.0000000000002838    0.0000000000002835    0.0000000000002823    0.0000000000002850    0.0000000000002832
1283.0    0.0000000000002845    0.0000000000002842    0.0000000000002829    0.0000000000002856    0.0000000000002838
1285.0    0.0000000000002851    0.0000000000002848    0.0000000000002836    0.0000000000002862    0.0000000000002845
1287.0    0.0000000000002857    0.0000000000002854    0.0000000000002842    0.0000000000002869    0.0000000000002851
1289.0    0.0000000000002864    0.0000000000002860    0.0000000000002848    0.0000000000002875    0.0000000000002857
1291.0    0.0000000000002869    0.0000000000002867    0.0000000000002855    0.0000000000002881    0.0000000000002864
1293.0    0.0000000000002876    0.0000000000002873    0.0000000000002861    0.0000000000002887    0.0000000000002870
1295.0    0.0000000000002882    0.0000000000002879    0.0000000000002867    0.0000000000002893    0.0000000000002876
1297.0    0.0000000000002888    0.0000000000002885    0.0000000000002873    0.0000000000002899    0.0000000000002882
1299.0    0.0000000000002894    0.0000000000002891    0.0000000000002879    0.0000000000002905    0.0000000000002888
1301.0    0.0000000000002900    0.0000000000002897    0.0000000000002885    0.0000000000002911    0.0000000000002894
1303.0    0.0000000000002906    0.0000000000002903    0.0000000000002891    0.0000000000002917    0.0000000000002900
1305.0    0.0000000000002912    0.0000000000002910    0.0000000000002897    0.0000000000002923    0.0000000000002906
1307.0    0.0000000000002918    0.0000000000002915    0.0000000000002903    0.0000000000002929    0.0000000000002912
1309.0    0.0000000000002924    0.0000000000002921    0.0000000000002909    0.0000000000002934    0.0000000000002918
1311.0    0.0000000000002930    0.0000000000002927    0.0000000000002915    0.0000000000002940    0.0000000000002924
1313.0    0.0000000000002936    0.0000000000002933    0.0000000000002921    0.0000000000002946    0.0000000000002930
1315.0    0.0000000000002941    0.0000000000002939    0.0000000000002927    0.0000000000002952    0.0000000000002936
1317.0    0.0000000000002947    0.0000000000002945    0.0000000000002933    0.0000000000002957    0.0000000000002941
1319.0    0.0000000000002953    0.0000000000002950    0.0000000000002939    0.0000000000002963    0.0000000000002947
1321.0    0.0000000000002958    0.0000000000002956    0.0000000000002944    0.0000000000002968    0.0000000000002953
1323.0    0.0000000000002964    0.0000000000002962    0.0000000000002950    0.0000000000002974    0.0000000000002959
1325.0    0.0000000000002970    0.0000000000002967    0.0000000000002956    0.0000000000002980    0.0000000000002964
1327.0    0.0000000000002975    0.0000000000002973    0.0000000000002961    0.0000000000002985    0.0000000000002970
1329.0    0.0000000000002980    0.0000000000002978    0.0000000000002967    0.0000000000002991    0.0000000000002975
1331.0    0.0000000000002986    0.0000000000002984    0.0000000000002972    0.0000000000002996    0.0000000000002981
1333.0    0.0000000000002991    0.0000000000002989    0.0000000000002978    0.0000000000003001    0.0000000000002986
1335.0    0.0000000000002997    0.0000000000002995    0.0000000000002983    0.0000000000003007    0.0000000000002992
1337.0    0.0000000000003002    0.0000000000003000    0.0000000000002989    0.0000000000003012    0.0000000000002997
1339.0    0.0000000000003007    0.0000000000003005    0.0000000000002994    0.0000000000003017    0.0000000000003002
1341.0    0.0000000000003013    0.0000000000003011    0.0000000000002999    0.0000000000003022    0.0000000000003008
1343.0    0.0000000000003018    0.0000000000003016    0.0000000000003005    0.0000000000003028    0.0000000000003013
1345.0    0.0000000000003023    0.0000000000003021    0.0000000000003010    0.0000000000003033    0.0000000000003018
1347.0    0.0000000000003028    0.0000000000003026    0.0000000000003015    0.0000000000003038    0.0000000000003024
1349.0    0.0000000000003033    0.0000000000003031    0.0000000000003020    0.0000000000003043    0.0000000000003029
1351.0    0.0000000000003038    0.0000000000003037    0.0000000000003025    0.0000000000003048    0.0000000000003034
1353.0    0.0000000000003043    0.0000000000003042    0.0000000000003031    0.0000000000003053    0.0000000000003039
1355.0    0.0000000000003048    0.0000000000003047    0.0000000000003036    0.0000000000003058    0.0000000000003044
1357.0    0.0000000000003053    0.0000000000003052    0.0000000000003041    0.0000000000003062    0.0000000000003049
1359.0    0.0000000000003058    0.0000000000003056    0.0000000000003045    0.0000000000003067    0.0000000000003054
1361.0    0.0000000000003063    0.0000000000003061    0.0000000000003051    0.0000000000003072    0.0000000000003058
1363.0    0.0000000000003068    0.0000000000003066    0.0000000000003056    0.0000000000003077    0.0000000000003063
1365.0    0.0000000000003073    0.0000000000003071    0.0000000000003060    0.0000000000003081    0.0000000000003068
1367.0    0.0000000000003077    0.0000000000003076    0.0000000000003065    0.0000000000003086    0.0000000000003073
1369.0    0.0000000000003082    0.0000000000003080    0.0000000000003070    0.0000000000003091    0.0000000000003078
1371.0    0.0000000000003087    0.0000000000003085    0.0000000000003075    0.0000000000003095    0.0000000000003082
1373.0    0.0000000000003091    0.0000000000003090    0.0000000000003079    0.0000000000003100    0.0000000000003087
1375.0    0.0000000000003096    0.0000000000003094    0.0000000000003084    0.0000000000003105    0.0000000000003091
1377.0    0.0000000000003100    0.0000000000003099    0.0000000000003089    0.0000000000003109    0.0000000000003096
1379.0    0.0000000000003105    0.0000000000003103    0.0000000000003093    0.0000000000003113    0.0000000000003101
1381.0    0.0000000000003109    0.0000000000003108    0.0000000000003098    0.0000000000003118    0.0000000000003105
1383.0    0.0000000000003114    0.0000000000003112    0.0000000000003102    0.0000000000003122    0.0000000000003109
1385.0    0.0000000000003118    0.0000000000003117    0.0000000000003107    0.0000000000003127    0.0000000000003114
1387.0    0.0000000000003122    0.0000000000003121    0.0000000000003111    0.0000000000003131    0.0000000000003118
1389.0    0.0000000000003127    0.0000000000003125    0.0000000000003115    0.0000000000003135    0.0000000000003123
1391.0    0.0000000000003131    0.0000000000003129    0.0000000000003120    0.0000000000003139    0.0000000000003127
1393.0    0.0000000000003135    0.0000000000003134    0.0000000000003124    0.0000000000003144    0.0000000000003131
1395.0    0.0000000000003140    0.0000000000003138    0.0000000000003128    0.0000000000003148    0.0000000000003135
1397.0    0.0000000000003144    0.0000000000003142    0.0000000000003133    0.0000000000003152    0.0000000000003139
1399.0    0.0000000000003148    0.0000000000003146    0.0000000000003137    0.0000000000003156    0.0000000000003144
1401.0    0.0000000000003152    0.0000000000003150    0.0000000000003141    0.0000000000003160    0.0000000000003148
1403.0    0.0000000000003156    0.0000000000003154    0.0000000000003145    0.0000000000003164    0.0000000000003152
1405.0    0.0000000000003160    0.0000000000003158    0.0000000000003149    0.0000000000003168    0.0000000000003156
1407.0    0.0000000000003164    0.0000000000003162    0.0000000000003153    0.0000000000003173    0.0000000000003160
1409.0    0.0000000000003168    0.0000000000003166    0.0000000000003157    0.0000000000003176    0.0000000000003164
1411.0    0.0000000000003172    0.0000000000003170    0.0000000000003162    0.0000000000003181    0.0000000000003168
1413.0    0.0000000000003176    0.0000000000003174    0.0000000000003166    0.0000000000003185    0.0000000000003172
1415.0    0.0000000000003180    0.0000000000003178    0.0000000000003169    0.0000000000003188    0.0000000000003176
1417.0    0.0000000000003184    0.0000000000003182    0.0000000000003174    0.0000000000003193    0.0000000000003180
1419.0    0.0000000000003188    0.0000000000003186    0.0000000000003178    0.0000000000003197    0.0000000000003183
1421.0    0.0000000000003192    0.0000000000003190    0.0000000000003181    0.0000000000003200    0.0000000000003187
1423.0    0.0000000000003196    0.0000000000003194    0.0000000000003185    0.0000000000003204    0.0000000000003191
1425.0    0.0000000000003200    0.0000000000003197    0.0000000000003189    0.0000000000003208    0.0000000000003195
1427.0    0.0000000000003204    0.0000000000003201    0.0000000000003193    0.0000000000003212    0.0000000000003199
1429.0    0.0000000000003208    0.0000000000003205    0.0000000000003197    0.0000000000003216    0.0000000000003203
1431.0    0.0000000000003212    0.0000000000003209    0.0000000000003201    0.0000000000003220    0.0000000000003207
1433.0    0.0000000000003216    0.0000000000003213    0.0000000000003205    0.0000000000003224    0.0000000000003210
1435.0    0.0000000000003220    0.0000000000003216    0.0000000000003209    0.0000000000003228    0.0000000000003214
1437.0    0.0000000000003223    0.0000000000003220    0.0000000000003213    0.0000000000003232    0.0000000000003218
1439.0    0.0000000000003227    0.0000000000003224    0.0000000000003216    0.0000000000003236    0.0000000000003222
1441.0    0.0000000000003231    0.0000000000003228    0.0000000000003220    0.0000000000003240    0.0000000000003226
1443.0    0.0000000000003235    0.0000000000003232    0.0000000000003224    0.0000000000003244    0.0000000000003229
1445.0    0.0000000000003239    0.0000000000003235    0.0000000000003228    0.0000000000003248    0.0000000000003233
1447.0    0.0000000000003243    0.0000000000003239    0.0000000000003232    0.0000000000003252    0.0000000000003237
1449.0    0.0000000000003247    0.0000000000003243    0.0000000000003236    0.0000000000003256    0.0000000000003241
1451.0    0.0000000000003251    0.0000000000003247    0.0000000000003240    0.0000000000003260    0.0000000000003245
1453.0    0.0000000000003255    0.0000000000003251    0.0000000000003244    0.0000000000003264    0.0000000000003249
1455.0    0.0000000000003259    0.0000000000003255    0.0000000000003247    0.0000000000003268    0.0000000000003252
1457.0    0.0000000000003263    0.0000000000003259    0.0000000000003251    0.0000000000003272    0.0000000000003256
1459.0    0.0000000000003267    0.0000000000003262    0.0000000000003255    0.0000000000003276    0.0000000000003260
1461.0    0.0000000000003271    0.0000000000003266    0.0000000000003259    0.0000000000003280    0.0000000000003264
1463.0    0.0000000000003275    0.0000000000003270    0.0000000000003263    0.0000000000003284    0.0000000000003268
1465.0    0.0000000000003279    0.0000000000003274    0.0000000000003267    0.0000000000003288    0.0000000000003272
1467.0    0.0000000000003283    0.0000000000003278    0.0000000000003271    0.0000000000003292    0.0000000000003276
1469.0    0.0000000000003287    0.0000000000003282    0.0000000000003275    0.0000000000003297    0.0000000000003280
1471.0    0.0000000000003291    0.0000000000003287    0.0000000000003279    0.0000000000003301    0.0000000000003284
1473.0    0.0000000000003295    0.0000000000003291    0.0000000000003283    0.0000000000003305    0.0000000000003288
1475.0    0.0000000000003300    0.0000000000003295    0.0000000000003287    0.0000000000003310    0.0000000000003292
1477.0    0.0000000000003304    0.0000000000003299    0.0000000000003291    0.0000000000003314    0.0000000000003296
1479.0    0.0000000000003308    0.0000000000003303    0.0000000000003296    0.0000000000003318    0.0000000000003300
1481.0    0.0000000000003312    0.0000000000003307    0.0000000000003300    0.0000000000003323    0.0000000000003305
1483.0    0.0000000000003317    0.0000000000003312    0.0000000000003304    0.0000000000003327    0.0000000000003309
1485.0    0.0000000000003321    0.0000000000003316    0.0000000000003308    0.0000000000003331    0.0000000000003313
