9.0    0.0000000000000000    0.0000000000000000    0.0000000000000000    0.0000000000000000    0.0000000000000000
11.0    0.0000000000000003    0.0000000000000001    0.0000000000000004    0.0000000000000002    0.0000000000000004
13.0    0.0000000000000007    0.0000000000000004    0.0000000000000009    0.0000000000000005    0.0000000000000010
15.0    0.0000000000000016    0.0000000000000011    0.0000000000000021    0.0000000000000014    0.0000000000000022
17.0    0.0000000000000036    0.0000000000000026    0.0000000000000044    0.0000000000000031    0.0000000000000047
19.0    0.0000000000000076    0.0000000000000057    0.0000000000000089    0.0000000000000068    0.0000000000000095
21.0    0.0000000000000149    0.0000000000000117    0.0000000000000169    0.0000000000000137    0.0000000000000174
23.0    0.0000000000000268    0.0000000000000228    0.0000000000000294    0.0000000000000253    0.0000000000000301
25.0    0.0000000000000459    0.0000000000000411    0.0000000000000483    0.0000000000000445    0.0000000000000499
27.0    0.0000000000000733    0.0000000000000686    0.0000000000000757    0.0000000000000726    0.0000000000000776
29.0    0.0000000000001094    0.0000000000001043    0.0000000000001110    0.0000000000001083    0.0000000000001129
31.0    0.0000000000001522    0.0000000000001479    0.0000000000001505    0.0000000000001530    0.0000000000001541
33.0    0.0000000000001978    0.0000000000001973    0.0000000000001924    0.0000000000002009    0.0000000000001954
35.0    0.0000000000002404    0.0000000000002441    0.0000000000002334    0.0000000000002437    0.0000000000002340
37.0    0.0000000000002728    0.0000000000002808    0.0000000000002664    0.0000000000002783    0.0000000000002662
39.0    0.0000000000002930    0.0000000000003010    0.0000000000002866    0.0000000000002980    0.0000000000002865
41.0    0.0000000000002983    0.0000000000003042    0.0000000000002941    0.0000000000003010    0.0000000000002935
43.0    0.0000000000002910    0.0000000000002928    0.0000000000002909    0.0000000000002909    0.0000000000002901
45.0    0.0000000000002776    0.0000000000002737    0.0000000000002813    0.0000000000002745    0.0000000000002813
47.0    0.0000000000002661    0.0000000000002566    0.0000000000002726    0.0000000000002610    0.0000000000002730
49.0    0.0000000000002627    0.0000000000002504    0.0000000000002704    0.0000000000002571    0.0000000000002718
51.0    0.0000000000002728    0.0000000000002598    0.0000000000002795    0.0000000000002682    0.0000000000002820
53.0    0.0000000000002977    0.0000000000002872    0.0000000000003016    0.0000000000002956    0.0000000000003037
55.0    0.0000000000003347    0.0000000000003295    0.0000000000003332    0.0000000000003344    0.0000000000003352
57.0    0.0000000000003767    0.0000000000003801    0.0000000000003709    0.0000000000003819    0.0000000000003740
59.0    0.0000000000004201    0.0000000000004286    0.0000000000004107    0.0000000000004285    0.0000000000004129
61.0    0.0000000000004564    0.0000000000004691    0.0000000000004445    0.0000000000004651    0.0000000000004454
63.0    0.0000000000004795    0.0000000000004961    0.0000000000004664    0.0000000000004886    0.0000000000004665
65.0    0.0000000000004862    0.0000000000005036    0.0000000000004744    0.0000000000004940    0.0000000000004729
67.0    0.0000000000004753    0.0000000000004906    0.0000000000004671    0.0000000000004812    0.0000000000004647
69.0    0.0000000000004492    0.0000000000004612    0.0000000000004452    0.0000000000004516    0.0000000000004424
71.0    0.0000000000004132    0.0000000000004198    0.0000000000004135    0.0000000000004103    0.0000000000004091
73.0    0.0000000000003695    0.0000000000003703    0.0000000000003752    0.0000000000003652    0.0000000000003693
75.0    0.0000000000003248    0.0000000000003207    0.0000000000003331    0.0000000000003182    0.0000000000003294
77.0    0.0000000000002836    0.0000000000002763    0.0000000000002930    0.0000000000002758    0.0000000000002916
79.0    0.0000000000002489    0.0000000000002417    0.0000000000002592    0.0000000000002426    0.0000000000002571
81.0    0.0000000000002230    0.0000000000002162    0.0000000000002318    0.0000000000002167    0.0000000000002294
83.0    0.0000000000002037    0.0000000000001985    0.0000000000002102    0.0000000000001989    0.0000000000002085
85.0    0.0000000000001906    0.0000000000001879    0.0000000000001947    0.0000000000001881    0.0000000000001941
87.0    0.0000000000001819    0.0000000000001817    0.0000000000001841    0.0000000000001808    0.0000000000001837
89.0    0.0000000000001753    0.0000000000001772    0.0000000000001762    0.0000000000001751    0.0000000000001754
91.0    0.0000000000001691    0.0000000000001723    0.0000000000001690    0.0000000000001695    0.0000000000001681
93.0    0.0000000000001619    0.0000000000001655    0.0000000000001615    0.0000000000001626    0.0000000000001605
95.0    0.0000000000001535    0.0000000000001563    0.0000000000001533    0.0000000000001534    0.0000000000001519
97.0    0.0000000000001432    0.0000000000001450    0.0000000000001440    0.0000000000001424    0.0000000000001425
99.0    0.0000000000001317    0.0000000000001327    0.0000000000001333    0.0000000000001307    0.0000000000001322
101.0    0.0000000000001198    0.0000000000001199    0.0000000000001220    0.0000000000001182    0.0000000000001209
103.0    0.0000000000001082    0.0000000000001071    0.0000000000001113    0.0000000000001060    0.0000000000001099
105.0    0.0000000000000979    0.0000000000000957    0.0000000000001011    0.0000000000000956    0.0000000000000995
107.0    0.0000000000000886    0.0000000000000861    0.0000000000000917    0.0000000000000863    0.0000000000000907
109.0    0.0000000000000810    0.0000000000000788    0.0000000000000837    0.0000000000000789    0.0000000000000832
111.0    0.0000000000000750    0.0000000000000734    0.0000000000000774    0.0000000000000736    0.0000000000000769
113.0    0.0000000000000705    0.0000000000000694    0.0000000000000725    0.0000000000000694    0.0000000000000719
115.0    0.0000000000000672    0.0000000000000667    0.0000000000000685    0.0000000000000664    0.0000000000000680
117.0    0.0000000000000646    0.0000000000000647    0.0000000000000653    0.0000000000000642    0.0000000000000650
119.0    0.0000000000000623    0.0000000000000629    0.0000000000000628    0.0000000000000621    0.0000000000000625
121.0    0.0000000000000602    0.0000000000000609    0.0000000000000604    0.0000000000000600    0.0000000000000601
123.0    0.0000000000000578    0.0000000000000587    0.0000000000000581    0.0000000000000578    0.0000000000000577
125.0    0.0000000000000553    0.0000000000000560    0.0000000000000556    0.0000000000000551    0.0000000000000552
127.0    0.0000000000000525    0.0000000000000531    0.0000000000000530    0.0000000000000522    0.0000000000000525
129.0    0.0000000000000497    0.0000000000000500    0.0000000000000503    0.0000000000000492    0.0000000000000498
131.0    0.0000000000000467    0.0000000000000467    0.0000000000000475    0.0000000000000461    0.0000000000000471
133.0    0.0000000000000438    0.0000000000000435    0.0000000000000446    0.0000000000000431    0.0000000000000443
135.0    0.0000000000000411    0.0000000000000406    0.0000000000000421    0.0000000000000404    0.0000000000000416
137.0    0.0000000000000387    0.0000000000000382    0.0000000000000397    0.0000000000000380    0.0000000000000392
139.0    0.0000000000000366    0.0000000000000361    0.0000000000000375    0.0000000000000359    0.0000000000000372
141.0    0.0000000000000349    0.0000000000000344    0.0000000000000356    0.0000000000000343    0.0000000000000354
143.0    0.0000000000000334    0.0000000000000331    0.0000000000000340    0.0000000000000330    0.0000000000000338
145.0    0.0000000000000322    0.0000000000000320    0.0000000000000327    0.0000000000000319    0.0000000000000325
147.0    0.0000000000000311    0.0000000000000312    0.0000000000000315    0.0000000000000309    0.0000000000000313
149.0    0.0000000000000302    0.0000000000000304    0.0000000000000305    0.0000000000000301    0.0000000000000303
151.0    0.0000000000000294    0.0000000000000296    0.0000000000000295    0.0000000000000292    0.0000000000000294
153.0    0.0000000000000285    0.0000000000000287    0.0000000000000286    0.0000000000000283    0.0000000000000285
155.0    0.0000000000000275    0.0000000000000278    0.0000000000000277    0.0000000000000274    0.0000000000000275
157.0    0.0000000000000265    0.0000000000000267    0.0000000000000267    0.0000000000000264    0.0000000000000265
159.0    0.0000000000000255    0.0000000000000257    0.0000000000000257    0.0000000000000253    0.0000000000000255
161.0    0.0000000000000244    0.0000000000000245    0.0000000000000247    0.0000000000000242    0.0000000000000245
163.0    0.0000000000000234    0.0000000000000233    0.0000000000000237    0.0000000000000231    0.0000000000000235
165.0    0.0000000000000223    0.0000000000000222    0.0000000000000227    0.0000000000000220    0.0000000000000225
167.0    0.0000000000000214    0.0000000000000212    0.0000000000000217    0.0000000000000211    0.0000000000000215
169.0    0.0000000000000204    0.0000000000000203    0.0000000000000208    0.0000000000000202    0.0000000000000206
171.0    0.0000000000000196    0.0000000000000195    0.0000000000000200    0.0000000000000194    0.0000000000000198
173.0    0.0000000000000189    0.0000000000000188    0.0000000000000192    0.0000000000000187    0.0000000000000191
175.0    0.0000000000000182    0.0000000000000181    0.0000000000000185    0.0000000000000180    0.0000000000000184
177.0    0.0000000000000176    0.0000000000000176    0.0000000000000178    0.0000000000000174    0.0000000000000177
179.0    0.0000000000000170    0.0000000000000171    0.0000000000000172    0.0000000000000169    0.0000000000000171
181.0    0.0000000000000165    0.0000000000000166    0.0000000000000166    0.0000000000000164    0.0000000000000165
183.0    0.0000000000000159    0.0000000000000161    0.0000000000000161    0.0000000000000158    0.0000000000000160
185.0    0.0000000000000154    0.0000000000000155    0.0000000000000156    0.0000000000000153    0.0000000000000154
187.0    0.0000000000000149    0.0000000000000150    0.0000000000000150    0.0000000000000148    0.0000000000000149
189.0    0.0000000000000143    0.0000000000000144    0.0000000000000144    0.0000000000000142    0.0000000000000143
191.0    0.0000000000000137    0.0000000000000138    0.0000000000000139    0.0000000000000136    0.0000000000000137
193.0    0.0000000000000131    0.0000000000000131    0.0000000000000133    0.0000000000000130    0.0000000000000132
195.0    0.0000000000000125    0.0000000000000125    0.0000000000000127    0.0000000000000124    0.0000000000000126
197.0    0.0000000000000120    0.0000000000000119    0.0000000000000122    0.0000000000000118    0.0000000000000120
199.0    0.0000000000000114    0.0000000000000114    0.0000000000000116    0.0000000000000112    0.0000000000000115
201.0    0.0000000000000109    0.0000000000000108    0.0000000000000111    0.0000000000000107    0.0000000000000110
203.0    0.0000000000000104    0.0000000000000103    0.0000000000000106    0.0000000000000102    0.0000000000000105
205.0    0.0000000000000099    0.0000000000000098    0.0000000000000101    0.0000000000000098    0.0000000000000100
207.0    0.0000000000000095    0.0000000000000094    0.0000000000000097    0.0000000000000094    0.0000000000000096
209.0    0.0000000000000091    0.0000000000000091    0.0000000000000093    0.0000000000000090    0.0000000000000092
211.0    0.0000000000000088    0.0000000000000087    0.0000000000000090    0.0000000000000087    0.0000000000000089
213.0    0.0000000000000085    0.0000000000000084    0.0000000000000086    0.0000000000000084    0.0000000000000086
215.0    0.0000000000000082    0.0000000000000082    0.0000000000000083    0.0000000000000081    0.0000000000000083
217.0    0.0000000000000079    0.0000000000000079    0.0000000000000081    0.0000000000000079    0.0000000000000080
219.0    0.0000000000000077    0.0000000000000077    0.0000000000000078    0.0000000000000076    0.0000000000000077
221.0    0.0000000000000075    0.0000000000000075    0.0000000000000076    0.0000000000000074    0.0000000000000075
223.0    0.0000000000000072    0.0000000000000072    0.0000000000000073    0.0000000000000072    0.0000000000000073
225.0    0.0000000000000070    0.0000000000000070    0.0000000000000071    0.0000000000000070    0.0000000000000071
227.0    0.0000000000000068    0.0000000000000068    0.0000000000000069    0.0000000000000067    0.0000000000000069
229.0    0.0000000000000066    0.0000000000000066    0.0000000000000067    0.0000000000000066    0.0000000000000067
231.0    0.0000000000000064    0.0000000000000064    0.0000000000000065    0.0000000000000064    0.0000000000000065
233.0    0.0000000000000063    0.0000000000000062    0.0000000000000064    0.0000000000000062    0.0000000000000063
235.0    0.0000000000000061    0.0000000000000061    0.0000000000000062    0.0000000000000060    0.0000000000000061
237.0    0.0000000000000059    0.0000000000000059    0.0000000000000060    0.0000000000000059    0.0000000000000060
239.0    0.0000000000000058    0.0000000000000058    0.0000000000000059    0.0000000000000057    0.0000000000000058
241.0    0.0000000000000056    0.0000000000000056    0.0000000000000057    0.0000000000000056    0.0000000000000057
243.0    0.0000000000000055    0.0000000000000055    0.0000000000000056    0.0000000000000055    0.0000000000000055
245.0    0.0000000000000054    0.0000000000000054    0.0000000000000054    0.0000000000000053    0.0000000000000054
247.0    0.0000000000000052    0.0000000000000053    0.0000000000000053    0.0000000000000052    0.0000000000000053
249.0    0.0000000000000051    0.0000000000000051    0.0000000000000052    0.0000000000000051    0.0000000000000051
251.0    0.0000000000000050    0.0000000000000050    0.0000000000000050    0.0000000000000049    0.0000000000000050
253.0    0.0000000000000049    0.0000000000000049    0.0000000000000049    0.0000000000000048    0.0000000000000049
255.0    0.0000000000000047    0.0000000000000048    0.0000000000000048    0.0000000000000047    0.0000000000000048
257.0    0.0000000000000046    0.0000000000000046    0.0000000000000047    0.0000000000000046    0.0000000000000046
259.0    0.0000000000000045    0.0000000000000045    0.0000000000000045    0.0000000000000044    0.0000000000000045
261.0    0.0000000000000044    0.0000000000000044    0.0000000000000044    0.0000000000000043    0.0000000000000044
263.0    0.0000000000000042    0.0000000000000043    0.0000000000000043    0.0000000000000042    0.0000000000000043
265.0    0.0000000000000041    0.0000000000000041    0.0000000000000042    0.0000000000000041    0.0000000000000042
267.0    0.0000000000000040    0.0000000000000040    0.0000000000000041    0.0000000000000040    0.0000000000000040
269.0    0.0000000000000039    0.0000000000000039    0.0000000000000040    0.0000000000000039    0.0000000000000039
271.0    0.0000000000000038    0.0000000000000038    0.0000000000000039    0.0000000000000038    0.0000000000000038
273.0    0.0000000000000037    0.0000000000000037    0.0000000000000038    0.0000000000000037    0.0000000000000037
275.0    0.0000000000000036    0.0000000000000036    0.0000000000000037    0.0000000000000036    0.0000000000000036
277.0    0.0000000000000035    0.0000000000000035    0.0000000000000036    0.0000000000000035    0.0000000000000035
279.0    0.0000000000000034    0.0000000000000034    0.0000000000000035    0.0000000000000034    0.0000000000000035
281.0    0.0000000000000033    0.0000000000000033    0.0000000000000034    0.0000000000000033    0.0000000000000034
283.0    0.0000000000000033    0.0000000000000033    0.0000000000000033    0.0000000000000032    0.0000000000000033
285.0    0.0000000000000032    0.0000000000000032    0.0000000000000032    0.0000000000000032    0.0000000000000032
287.0    0.0000000000000031    0.0000000000000031    0.0000000000000032    0.0000000000000031    0.0000000000000031
289.0    0.0000000000000030    0.0000000000000030    0.0000000000000031    0.0000000000000030    0.0000000000000031
291.0    0.0000000000000030    0.0000000000000030    0.0000000000000030    0.0000000000000029    0.0000000000000030
293.0    0.0000000000000029    0.0000000000000029    0.0000000000000029    0.0000000000000029    0.0000000000000029
295.0    0.0000000000000028    0.0000000000000028    0.0000000000000029    0.0000000000000028    0.0000000000000028
297.0    0.0000000000000028    0.0000000000000028    0.0000000000000028    0.0000000000000027    0.0000000000000028
299.0    0.0000000000000027    0.0000000000000027    0.0000000000000027    0.0000000000000027    0.0000000000000027
301.0    0.0000000000000026    0.0000000000000026    0.0000000000000027    0.0000000000000026    0.0000000000000027
303.0    0.0000000000000026    0.0000000000000026    0.0000000000000026    0.0000000000000026    0.0000000000000026
305.0    0.0000000000000025    0.0000000000000025    0.0000000000000026    0.0000000000000025    0.0000000000000025
307.0    0.0000000000000025    0.0000000000000025    0.0000000000000025    0.0000000000000025    0.0000000000000025
309.0    0.0000000000000024    0.0000000000000024    0.0000000000000025    0.0000000000000024    0.0000000000000024
311.0    0.0000000000000024    0.0000000000000024    0.0000000000000024    0.0000000000000024    0.0000000000000024
313.0    0.0000000000000023    0.0000000000000023    0.0000000000000024    0.0000000000000023    0.0000000000000023
315.0    0.0000000000000023    0.0000000000000023    0.0000000000000023    0.0000000000000023    0.0000000000000023
317.0    0.0000000000000022    0.0000000000000022    0.0000000000000023    0.0000000000000022    0.0000000000000023
319.0    0.0000000000000022    0.0000000000000022    0.0000000000000022    0.0000000000000022    0.0000000000000022
321.0    0.0000000000000022    0.0000000000000022    0.0000000000000022    0.0000000000000021    0.0000000000000022
323.0    0.0000000000000021    0.0000000000000021    0.0000000000000021    0.0000000000000021    0.0000000000000021
325.0    0.0000000000000021    0.0000000000000021    0.0000000000000021    0.0000000000000021    0.0000000000000021
327.0    0.0000000000000020    0.0000000000000020    0.0000000000000021    0.0000000000000020    0.0000000000000021
329.0    0.0000000000000020    0.0000000000000020    0.0000000000000020    0.0000000000000020    0.0000000000000020
331.0    0.0000000000000020    0.0000000000000020    0.0000000000000020    0.0000000000000020    0.0000000000000020
333.0    0.0000000000000019    0.0000000000000019    0.0000000000000020    0.0000000000000019    0.0000000000000019
335.0    0.0000000000000019    0.0000000000000019    0.0000000000000019    0.0000000000000019    0.0000000000000019
337.0    0.0000000000000019    0.0000000000000019    0.0000000000000019    0.0000000000000019    0.0000000000000019
339.0    0.0000000000000018    0.0000000000000018    0.0000000000000019    0.0000000000000018    0.0000000000000018
341.0    0.0000000000000018    0.0000000000000018    0.0000000000000018    0.0000000000000018    0.0000000000000018
343.0    0.0000000000000018    0.0000000000000018    0.0000000000000018    0.0000000000000018    0.0000000000000018
345.0    0.0000000000000017    0.0000000000000017    0.0000000000000018    0.0000000000000017    0.0000000000000017
347.0    0.0000000000000017    0.0000000000000017    0.0000000000000017    0.0000000000000017    0.0000000000000017
349.0    0.0000000000000017    0.0000000000000017    0.0000000000000017    0.0000000000000017    0.0000000000000017
351.0    0.0000000000000016    0.0000000000000017    0.0000000000000017    0.0000000000000016    0.0000000000000017
353.0    0.0000000000000016    0.0000000000000016    0.0000000000000016    0.0000000000000016    0.0000000000000016
355.0    0.0000000000000016    0.0000000000000016    0.0000000000000016    0.0000000000000016    0.0000000000000016
357.0    0.0000000000000016    0.0000000000000016    0.0000000000000016    0.0000000000000015    0.0000000000000016
359.0    0.0000000000000015    0.0000000000000015    0.0000000000000016    0.0000000000000015    0.0000000000000015
361.0    0.0000000000000015    0.0000000000000015    0.0000000000000015    0.0000000000000015    0.0000000000000015
363.0    0.0000000000000015    0.0000000000000015    0.0000000000000015    0.0000000000000015    0.0000000000000015
365.0    0.0000000000000014    0.0000000000000015    0.0000000000000015    0.0000000000000014    0.0000000000000015
367.0    0.0000000000000014    0.0000000000000014    0.0000000000000014    0.0000000000000014    0.0000000000000014
369.0    0.0000000000000014    0.0000000000000014    0.0000000000000014    0.0000000000000014    0.0000000000000014
371.0    0.0000000000000014    0.0000000000000014    0.0000000000000014    0.0000000000000014    0.0000000000000014
373.0    0.0000000000000013    0.0000000000000013    0.0000000000000014    0.0000000000000013    0.0000000000000014
375.0    0.0000000000000013    0.0000000000000013    0.0000000000000013    0.0000000000000013    0.0000000000000013
377.0    0.0000000000000013    0.0000000000000013    0.0000000000000013    0.0000000000000013    0.0000000000000013
379.0    0.0000000000000013    0.0000000000000013    0.0000000000000013    0.0000000000000013    0.0000000000000013
381.0    0.0000000000000012    0.0000000000000012    0.0000000000000013    0.0000000000000012    0.0000000000000012
383.0    0.0000000000000012    0.0000000000000012    0.0000000000000012    0.0000000000000012    0.0000000000000012
385.0    0.0000000000000012    0.0000000000000012    0.0000000000000012    0.0000000000000012    0.0000000000000012
387.0    0.0000000000000012    0.0000000000000012    0.0000000000000012    0.0000000000000012    0.0000000000000012
389.0    0.0000000000000011    0.0000000000000012    0.0000000000000012    0.0000000000000011    0.0000000000000012
391.0    0.0000000000000011    0.0000000000000011    0.0000000000000011    0.0000000000000011    0.0000000000000011
393.0    0.0000000000000011    0.0000000000000011    0.0000000000000011    0.0000000000000011    0.0000000000000011
395.0    0.0000000000000011    0.0000000000000011    0.0000000000000011    0.0000000000000011    0.0000000000000011
397.0    0.0000000000000011    0.0000000000000011    0.0000000000000011    0.0000000000000010    0.0000000000000011
399.0    0.0000000000000010    0.0000000000000010    0.0000000000000011    0.0000000000000010    0.0000000000000010
401.0    0.0000000000000010    0.0000000000000010    0.0000000000000010    0.0000000000000010    0.0000000000000010
403.0    0.0000000000000010    0.0000000000000010    0.0000000000000010    0.0000000000000010    0.0000000000000010
405.0    0.0000000000000010    0.0000000000000010    0.0000000000000010    0.0000000000000010    0.0000000000000010
407.0    0.0000000000000009    0.0000000000000009    0.0000000000000010    0.0000000000000009    0.0000000000000010
409.0    0.0000000000000009    0.0000000000000009    0.0000000000000009    0.0000000000000009    0.0000000000000009
411.0    0.0000000000000009    0.0000000000000009    0.0000000000000009    0.0000000000000009    0.0000000000000009
413.0    0.0000000000000009    0.0000000000000009    0.0000000000000009    0.0000000000000009    0.0000000000000009
415.0    0.0000000000000009    0.0000000000000009    0.0000000000000009    0.0000000000000009    0.0000000000000009
417.0    0.0000000000000008    0.0000000000000008    0.0000000000000009    0.0000000000000008    0.0000000000000009
419.0    0.0000000000000008    0.0000000000000008    0.0000000000000008    0.0000000000000008    0.0000000000000008
421.0    0.0000000000000008    0.0000000000000008    0.0000000000000008    0.0000000000000008    0.0000000000000008
423.0    0.0000000000000008    0.0000000000000008    0.0000000000000008    0.0000000000000008    0.0000000000000008
425.0    0.0000000000000008    0.0000000000000008    0.0000000000000008    0.0000000000000008    0.0000000000000008
427.0    0.0000000000000008    0.0000000000000008    0.0000000000000008    0.0000000000000008    0.0000000000000008
429.0    0.0000000000000007    0.0000000000000007    0.0000000000000008    0.0000000000000007    0.0000000000000008
431.0    0.0000000000000007    0.0000000000000007    0.0000000000000007    0.0000000000000007    0.0000000000000007
433.0    0.0000000000000007    0.0000000000000007    0.0000000000000007    0.0000000000000007    0.0000000000000007
435.0    0.0000000000000007    0.0000000000000007    0.0000000000000007    0.0000000000000007    0.0000000000000007
437.0    0.0000000000000007    0.0000000000000007    0.0000000000000007    0.0000000000000007    0.0000000000000007
439.0    0.0000000000000007    0.0000000000000007    0.0000000000000007    0.0000000000000007    0.0000000000000007
441.0    0.0000000000000007    0.0000000000000007    0.0000000000000007    0.0000000000000007    0.0000000000000007
443.0    0.0000000000000007    0.0000000000000007    0.0000000000000007    0.0000000000000007    0.0000000000000007
445.0    0.0000000000000007    0.0000000000000006    0.0000000000000007    0.0000000000000007    0.0000000000000007
447.0    0.0000000000000007    0.0000000000000006    0.0000000000000007    0.0000000000000006    0.0000000000000007
449.0    0.0000000000000007    0.0000000000000006    0.0000000000000007    0.0000000000000006    0.0000000000000007
451.0    0.0000000000000006    0.0000000000000006    0.0000000000000007    0.0000000000000006    0.0000000000000006
453.0    0.0000000000000006    0.0000000000000006    0.0000000000000007    0.0000000000000006    0.0000000000000006
455.0    0.0000000000000006    0.0000000000000006    0.0000000000000007    0.0000000000000006    0.0000000000000006
457.0    0.0000000000000007    0.0000000000000006    0.0000000000000007    0.0000000000000007    0.0000000000000006
459.0    0.0000000000000007    0.0000000000000006    0.0000000000000007    0.0000000000000007    0.0000000000000007
461.0    0.0000000000000007    0.0000000000000006    0.0000000000000007    0.0000000000000007    0.0000000000000007
463.0    0.0000000000000007    0.0000000000000007    0.0000000000000007    0.0000000000000007    0.0000000000000007
465.0    0.0000000000000007    0.0000000000000007    0.0000000000000007    0.0000000000000007    0.0000000000000007
467.0    0.0000000000000007    0.0000000000000007    0.0000000000000007    0.0000000000000007    0.0000000000000007
469.0    0.0000000000000007    0.0000000000000007    0.0000000000000007    0.0000000000000007    0.0000000000000007
471.0    0.0000000000000007    0.0000000000000007    0.0000000000000007    0.0000000000000007    0.0000000000000007
473.0    0.0000000000000007    0.0000000000000007    0.0000000000000007    0.0000000000000007    0.0000000000000007
475.0    0.0000000000000008    0.0000000000000007    0.0000000000000007    0.0000000000000008    0.0000000000000007
477.0    0.0000000000000008    0.0000000000000008    0.0000000000000008    0.0000000000000008    0.0000000000000008
479.0    0.0000000000000008    0.0000000000000008    0.0000000000000008    0.0000000000000008    0.0000000000000008
481.0    0.0000000000000008    0.0000000000000008    0.0000000000000008    0.0000000000000008    0.0000000000000008
483.0    0.0000000000000008    0.0000000000000008    0.0000000000000008    0.0000000000000009    0.0000000000000008
485.0    0.0000000000000009    0.0000000000000009    0.0000000000000008    0.0000000000000009    0.0000000000000009
487.0    0.0000000000000009    0.0000000000000009    0.0000000000000009    0.0000000000000009    0.0000000000000009
489.0    0.0000000000000009    0.0000000000000009    0.0000000000000009    0.0000000000000009    0.0000000000000009
491.0    0.0000000000000009    0.0000000000000009    0.0000000000000009    0.0000000000000010    0.0000000000000009
493.0    0.0000000000000010    0.0000000000000010    0.0000000000000009    0.0000000000000010    0.0000000000000010
495.0    0.0000000000000010    0.0000000000000010    0.0000000000000010    0.0000000000000010    0.0000000000000010
497.0    0.0000000000000010    0.0000000000000010    0.0000000000000010    0.0000000000000010    0.0000000000000010
499.0    0.0000000000000011    0.0000000000000011    0.0000000000000010    0.0000000000000011    0.0000000000000010
501.0    0.0000000000000011    0.0000000000000011    0.0000000000000011    0.0000000000000011    0.0000000000000011
503.0    0.0000000000000011    0.0000000000000011    0.0000000000000011    0.0000000000000011    0.0000000000000011
505.0    0.0000000000000011    0.0000000000000011    0.0000000000000011    0.0000000000000011    0.0000000000000011
507.0    0.0000000000000012    0.0000000000000012    0.0000000000000011    0.0000000000000012    0.0000000000000011
509.0    0.0000000000000012    0.0000000000000012    0.0000000000000012    0.0000000000000012    0.0000000000000012
511.0    0.0000000000000012    0.0000000000000012    0.0000000000000012    0.0000000000000012    0.0000000000000012
513.0    0.0000000000000012    0.0000000000000012    0.0000000000000012    0.0000000000000012    0.0000000000000012
515.0    0.0000000000000012    0.0000000000000012    0.0000000000000012    0.0000000000000012    0.0000000000000012
517.0    0.0000000000000013    0.0000000000000013    0.0000000000000012    0.0000000000000013    0.0000000000000012
519.0    0.0000000000000013    0.0000000000000013    0.0000000000000012    0.0000000000000013    0.0000000000000013
521.0    0.0000000000000013    0.0000000000000013    0.0000000000000013    0.0000000000000013    0.0000000000000013
523.0    0.0000000000000013    0.0000000000000013    0.0000000000000013    0.0000000000000013    0.0000000000000013
525.0    0.0000000000000013    0.0000000000000013    0.0000000000000013    0.0000000000000013    0.0000000000000013
527.0    0.0000000000000013    0.0000000000000013    0.0000000000000013    0.0000000000000013    0.0000000000000013
529.0    0.0000000000000013    0.0000000000000013    0.0000000000000013    0.0000000000000013    0.0000000000000013
531.0    0.0000000000000013    0.0000000000000013    0.0000000000000013    0.0000000000000013    0.0000000000000013
533.0    0.0000000000000013    0.0000000000000013    0.0000000000000013    0.0000000000000013    0.0000000000000013
535.0    0.0000000000000013    0.0000000000000014    0.0000000000000013    0.0000000000000013    0.0000000000000013
537.0    0.0000000000000013    0.0000000000000014    0.0000000000000013    0.0000000000000013    0.0000000000000013
539.0    0.0000000000000013    0.0000000000000014    0.0000000000000013    0.0000000000000013    0.0000000000000013
541.0    0.0000000000000013    0.0000000000000014    0.0000000000000013    0.0000000000000013    0.0000000000000013
543.0    0.0000000000000013    0.0000000000000013    0.0000000000000013    0.0000000000000013    0.0000000000000013
545.0    0.0000000000000013    0.0000000000000013    0.0000000000000013    0.0000000000000013    0.0000000000000013
547.0    0.0000000000000013    0.0000000000000013    0.0000000000000013    0.0000000000000013    0.0000000000000013
549.0    0.0000000000000013    0.0000000000000013    0.0000000000000013    0.0000000000000013    0.0000000000000013
551.0    0.0000000000000013    0.0000000000000013    0.0000000000000013    0.0000000000000013    0.0000000000000013
553.0    0.0000000000000013    0.0000000000000013    0.0000000000000013    0.0000000000000013    0.0000000000000013
555.0    0.0000000000000013    0.0000000000000013    0.0000000000000013    0.0000000000000013    0.0000000000000013
557.0    0.0000000000000013    0.0000000000000013    0.0000000000000013    0.0000000000000013    0.0000000000000013
559.0    0.0000000000000013    0.0000000000000013    0.0000000000000013    0.0000000000000013    0.0000000000000013
561.0    0.0000000000000013    0.0000000000000013    0.0000000000000013    0.0000000000000013    0.0000000000000013
563.0    0.0000000000000013    0.0000000000000013    0.0000000000000013    0.0000000000000013    0.0000000000000013
565.0    0.0000000000000013    0.0000000000000013    0.0000000000000013    0.0000000000000012    0.0000000000000013
567.0    0.0000000000000012    0.0000000000000012    0.0000000000000013    0.0000000000000012    0.0000000000000012
569.0    0.0000000000000012    0.0000000000000012    0.0000000000000012    0.0000000000000012    0.0000000000000012
571.0    0.0000000000000012    0.0000000000000012    0.0000000000000012    0.0000000000000012    0.0000000000000012
573.0    0.0000000000000012    0.0000000000000012    0.0000000000000012    0.0000000000000012    0.0000000000000012
575.0    0.0000000000000012    0.0000000000000012    0.0000000000000012    0.0000000000000012    0.0000000000000012
577.0    0.0000000000000012    0.0000000000000012    0.0000000000000012    0.0000000000000012    0.0000000000000012
579.0    0.0000000000000012    0.0000000000000012    0.0000000000000012    0.0000000000000012    0.0000000000000012
581.0    0.0000000000000012    0.0000000000000012    0.0000000000000012    0.0000000000000012    0.0000000000000012
583.0    0.0000000000000011    0.0000000000000012    0.0000000000000012    0.0000000000000011    0.0000000000000012
585.0    0.0000000000000011    0.0000000000000011    0.0000000000000012    0.0000000000000011    0.0000000000000011
587.0    0.0000000000000011    0.0000000000000011    0.0000000000000011    0.0000000000000011    0.0000000000000011
589.0    0.0000000000000011    0.0000000000000011    0.0000000000000011    0.0000000000000011    0.0000000000000011
591.0    0.0000000000000011    0.0000000000000011    0.0000000000000011    0.0000000000000011    0.0000000000000011
593.0    0.0000000000000011    0.0000000000000011    0.0000000000000011    0.0000000000000011    0.0000000000000011
595.0    0.0000000000000011    0.0000000000000011    0.0000000000000011    0.0000000000000011    0.0000000000000011
597.0    0.0000000000000011    0.0000000000000011    0.0000000000000011    0.0000000000000011    0.0000000000000011
599.0    0.0000000000000011    0.0000000000000011    0.0000000000000011    0.0000000000000010    0.0000000000000011
601.0    0.0000000000000010    0.0000000000000010    0.0000000000000011    0.0000000000000010    0.0000000000000011
603.0    0.0000000000000010    0.0000000000000010    0.0000000000000010    0.0000000000000010    0.0000000000000010
605.0    0.0000000000000010    0.0000000000000010    0.0000000000000010    0.0000000000000010    0.0000000000000010
607.0    0.0000000000000010    0.0000000000000010    0.0000000000000010    0.0000000000000010    0.0000000000000010
609.0    0.0000000000000010    0.0000000000000010    0.0000000000000010    0.0000000000000010    0.0000000000000010
611.0    0.0000000000000010    0.0000000000000010    0.0000000000000010    0.0000000000000010    0.0000000000000010
613.0    0.0000000000000010    0.0000000000000010    0.0000000000000010    0.0000000000000010    0.0000000000000010
615.0    0.0000000000000010    0.0000000000000010    0.0000000000000010    0.0000000000000010    0.0000000000000010
617.0    0.0000000000000010    0.0000000000000010    0.0000000000000010    0.0000000000000010    0.0000000000000010
619.0    0.0000000000000010    0.0000000000000010    0.0000000000000010    0.0000000000000009    0.0000000000000010
621.0    0.0000000000000009    0.0000000000000009    0.0000000000000010    0.0000000000000009    0.0000000000000009
623.0    0.0000000000000009    0.0000000000000009    0.0000000000000009    0.0000000000000009    0.0000000000000009
625.0    0.0000000000000009    0.0000000000000009    0.0000000000000009    0.0000000000000009    0.0000000000000009
627.0    0.0000000000000009    0.0000000000000009    0.0000000000000009    0.0000000000000009    0.0000000000000009
629.0    0.0000000000000009    0.0000000000000009    0.0000000000000009    0.0000000000000009    0.0000000000000009
631.0    0.0000000000000009    0.0000000000000009    0.0000000000000009    0.0000000000000009    0.0000000000000009
633.0    0.0000000000000009    0.0000000000000009    0.0000000000000009    0.0000000000000009    0.0000000000000009
635.0    0.0000000000000009    0.0000000000000009    0.0000000000000009    0.0000000000000009    0.0000000000000009
637.0    0.0000000000000009    0.0000000000000009    0.0000000000000009    0.0000000000000009    0.0000000000000009
639.0    0.0000000000000009    0.0000000000000009    0.0000000000000009    0.0000000000000009    0.0000000000000009
641.0    0.0000000000000009    0.0000000000000009    0.0000000000000009    0.0000000000000008    0.0000000000000009
643.0    0.0000000000000008    0.0000000000000008    0.0000000000000009    0.0000000000000008    0.0000000000000008
645.0    0.0000000000000008    0.0000000000000008    0.0000000000000008    0.0000000000000008    0.0000000000000008
647.0    0.0000000000000008    0.0000000000000008    0.0000000000000008    0.0000000000000008    0.0000000000000008
649.0    0.0000000000000008    0.0000000000000008    0.0000000000000008    0.0000000000000008    0.0000000000000008
651.0    0.0000000000000008    0.0000000000000008    0.0000000000000008    0.0000000000000008    0.0000000000000008
653.0    0.0000000000000008    0.0000000000000008    0.0000000000000008    0.0000000000000008    0.0000000000000008
655.0    0.0000000000000008    0.0000000000000008    0.0000000000000008    0.0000000000000008    0.0000000000000008
657.0    0.0000000000000008    0.0000000000000008    0.0000000000000008    0.0000000000000008    0.0000000000000008
659.0    0.0000000000000008    0.0000000000000008    0.0000000000000008    0.0000000000000008    0.0000000000000008
661.0    0.0000000000000008    0.0000000000000008    0.0000000000000008    0.0000000000000008    0.0000000000000008
663.0    0.0000000000000008    0.0000000000000008    0.0000000000000008    0.0000000000000007    0.0000000000000008
665.0    0.0000000000000007    0.0000000000000007    0.0000000000000008    0.0000000000000007    0.0000000000000007
667.0    0.0000000000000007    0.0000000000000007    0.0000000000000007    0.0000000000000007    0.0000000000000007
669.0    0.0000000000000007    0.0000000000000007    0.0000000000000007    0.0000000000000007    0.0000000000000007
671.0    0.0000000000000007    0.0000000000000007    0.0000000000000007    0.0000000000000007    0.0000000000000007
673.0    0.0000000000000007    0.0000000000000007    0.0000000000000007    0.0000000000000007    0.0000000000000007
675.0    0.0000000000000007    0.0000000000000007    0.0000000000000007    0.0000000000000007    0.0000000000000007
677.0    0.0000000000000007    0.0000000000000007    0.0000000000000007    0.0000000000000007    0.0000000000000007
679.0    0.0000000000000007    0.0000000000000007    0.0000000000000007    0.0000000000000007    0.0000000000000007
681.0    0.0000000000000007    0.0000000000000007    0.0000000000000007    0.0000000000000007    0.0000000000000007
683.0    0.0000000000000007    0.0000000000000007    0.0000000000000007    0.0000000000000007    0.0000000000000007
685.0    0.0000000000000007    0.0000000000000007    0.0000000000000007    0.0000000000000007    0.0000000000000007
687.0    0.0000000000000007    0.0000000000000007    0.0000000000000007    0.0000000000000006    0.0000000000000007
689.0    0.0000000000000006    0.0000000000000006    0.0000000000000007    0.0000000000000006    0.0000000000000006
691.0    0.0000000000000006    0.0000000000000006    0.0000000000000006    0.0000000000000006    0.0000000000000006
693.0    0.0000000000000006    0.0000000000000006    0.0000000000000006    0.0000000000000006    0.0000000000000006
695.0    0.0000000000000006    0.0000000000000006    0.0000000000000006    0.0000000000000006    0.0000000000000006
697.0    0.0000000000000006    0.0000000000000006    0.0000000000000006    0.0000000000000006    0.0000000000000006
699.0    0.0000000000000006    0.0000000000000006    0.0000000000000006    0.0000000000000006    0.0000000000000006
701.0    0.0000000000000006    0.0000000000000006    0.0000000000000006    0.0000000000000006    0.0000000000000006
703.0    0.0000000000000006    0.0000000000000006    0.0000000000000006    0.0000000000000006    0.0000000000000006
705.0    0.0000000000000006    0.0000000000000006    0.0000000000000006    0.0000000000000006    0.0000000000000006
707.0    0.0000000000000006    0.0000000000000006    0.0000000000000006    0.0000000000000006    0.0000000000000006
709.0    0.0000000000000006    0.0000000000000006    0.0000000000000006    0.0000000000000006    0.0000000000000006
711.0    0.0000000000000006    0.0000000000000006    0.0000000000000006    0.0000000000000006    0.0000000000000006
713.0    0.0000000000000006    0.0000000000000006    0.0000000000000006    0.0000000000000005    0.0000000000000006
715.0    0.0000000000000005    0.0000000000000006    0.0000000000000006    0.0000000000000005    0.0000000000000006
717.0    0.0000000000000005    0.0000000000000005    0.0000000000000006    0.0000000000000005    0.0000000000000005
719.0    0.0000000000000005    0.0000000000000005    0.0000000000000005    0.0000000000000005    0.0000000000000005
721.0    0.0000000000000005    0.0000000000000005    0.0000000000000005    0.0000000000000005    0.0000000000000005
723.0    0.0000000000000005    0.0000000000000005    0.0000000000000005    0.0000000000000005    0.0000000000000005
725.0    0.0000000000000005    0.0000000000000005    0.0000000000000005    0.0000000000000005    0.0000000000000005
727.0    0.0000000000000005    0.0000000000000005    0.0000000000000005    0.0000000000000005    0.0000000000000005
729.0    0.0000000000000005    0.0000000000000005    0.0000000000000005    0.0000000000000005    0.0000000000000005
731.0    0.0000000000000005    0.0000000000000005    0.0000000000000005    0.0000000000000005    0.0000000000000005
733.0    0.0000000000000005    0.0000000000000005    0.0000000000000005    0.0000000000000005    0.0000000000000005
735.0    0.0000000000000005    0.0000000000000005    0.0000000000000005    0.0000000000000005    0.0000000000000005
737.0    0.0000000000000005    0.0000000000000005    0.0000000000000005    0.0000000000000005    0.0000000000000005
739.0    0.0000000000000005    0.0000000000000005    0.0000000000000005    0.0000000000000005    0.0000000000000005
741.0    0.0000000000000005    0.0000000000000005    0.0000000000000005    0.0000000000000005    0.0000000000000005
743.0    0.0000000000000005    0.0000000000000005    0.0000000000000005    0.0000000000000005    0.0000000000000005
745.0    0.0000000000000005    0.0000000000000005    0.0000000000000005    0.0000000000000004    0.0000000000000005
747.0    0.0000000000000004    0.0000000000000004    0.0000000000000005    0.0000000000000004    0.0000000000000004
749.0    0.0000000000000004    0.0000000000000004    0.0000000000000004    0.0000000000000004    0.0000000000000004
751.0    0.0000000000000004    0.0000000000000004    0.0000000000000004    0.0000000000000004    0.0000000000000004
753.0    0.0000000000000004    0.0000000000000004    0.0000000000000004    0.0000000000000004    0.0000000000000004
755.0    0.0000000000000004    0.0000000000000004    0.0000000000000004    0.0000000000000004    0.0000000000000004
757.0    0.0000000000000004    0.0000000000000004    0.0000000000000004    0.0000000000000004    0.0000000000000004
759.0    0.0000000000000004    0.0000000000000004    0.0000000000000004    0.0000000000000004    0.0000000000000004
761.0    0.0000000000000004    0.0000000000000004    0.0000000000000004    0.0000000000000004    0.0000000000000004
763.0    0.0000000000000004    0.0000000000000004    0.0000000000000004    0.0000000000000004    0.0000000000000004
765.0    0.0000000000000004    0.0000000000000004    0.0000000000000004    0.0000000000000004    0.0000000000000004
767.0    0.0000000000000004    0.0000000000000004    0.0000000000000004    0.0000000000000004    0.0000000000000004
769.0    0.0000000000000004    0.0000000000000004    0.0000000000000004    0.0000000000000004    0.0000000000000004
771.0    0.0000000000000004    0.0000000000000004    0.0000000000000004    0.0000000000000004    0.0000000000000004
773.0    0.0000000000000004    0.0000000000000004    0.0000000000000004    0.0000000000000004    0.0000000000000004
775.0    0.0000000000000004    0.0000000000000004    0.0000000000000004    0.0000000000000004    0.0000000000000004
777.0    0.0000000000000004    0.0000000000000004    0.0000000000000004    0.0000000000000004    0.0000000000000004
779.0    0.0000000000000004    0.0000000000000004    0.0000000000000004    0.0000000000000004    0.0000000000000004
781.0    0.0000000000000004    0.0000000000000004    0.0000000000000004    0.0000000000000003    0.0000000000000004
783.0    0.0000000000000003    0.0000000000000003    0.0000000000000004    0.0000000000000003    0.0000000000000004
785.0    0.0000000000000003    0.0000000000000003    0.0000000000000003    0.0000000000000003    0.0000000000000003
787.0    0.0000000000000003    0.0000000000000003    0.0000000000000003    0.0000000000000003    0.0000000000000003
789.0    0.0000000000000003    0.0000000000000003    0.0000000000000003    0.0000000000000003    0.0000000000000003
791.0    0.0000000000000003    0.0000000000000003    0.0000000000000003    0.0000000000000003    0.0000000000000003
793.0    0.0000000000000003    0.0000000000000003    0.0000000000000003    0.0000000000000003    0.0000000000000003
795.0    0.0000000000000003    0.0000000000000003    0.0000000000000003    0.0000000000000003    0.0000000000000003
797.0    0.0000000000000003    0.0000000000000003    0.0000000000000003    0.0000000000000003    0.0000000000000003
799.0    0.0000000000000003    0.0000000000000003    0.0000000000000003    0.0000000000000003    0.0000000000000003
801.0    0.0000000000000003    0.0000000000000003    0.0000000000000003    0.0000000000000003    0.0000000000000003
803.0    0.0000000000000003    0.0000000000000003    0.0000000000000003    0.0000000000000003    0.0000000000000003
805.0    0.0000000000000003    0.0000000000000003    0.0000000000000003    0.0000000000000003    0.0000000000000003
807.0    0.0000000000000003    0.0000000000000003    0.0000000000000003    0.0000000000000003    0.0000000000000003
809.0    0.0000000000000003    0.0000000000000003    0.0000000000000003    0.0000000000000003    0.0000000000000003
811.0    0.0000000000000003    0.0000000000000003    0.0000000000000003    0.0000000000000003    0.0000000000000003
813.0    0.0000000000000003    0.0000000000000003    0.0000000000000003    0.0000000000000003    0.0000000000000003
815.0    0.0000000000000003    0.0000000000000003    0.0000000000000003    0.0000000000000003    0.0000000000000003
817.0    0.0000000000000003    0.0000000000000003    0.0000000000000003    0.0000000000000003    0.0000000000000003
819.0    0.0000000000000003    0.0000000000000003    0.0000000000000003    0.0000000000000003    0.0000000000000003
821.0    0.0000000000000003    0.0000000000000003    0.0000000000000003    0.0000000000000003    0.0000000000000003
823.0    0.0000000000000003    0.0000000000000003    0.0000000000000003    0.0000000000000002    0.0000000000000003
825.0    0.0000000000000002    0.0000000000000002    0.0000000000000003    0.0000000000000002    0.0000000000000003
827.0    0.0000000000000002    0.0000000000000002    0.0000000000000003    0.0000000000000002    0.0000000000000002
829.0    0.0000000000000002    0.0000000000000002    0.0000000000000002    0.0000000000000002    0.0000000000000002
831.0    0.0000000000000002    0.0000000000000002    0.0000000000000002    0.0000000000000002    0.0000000000000002
833.0    0.0000000000000002    0.0000000000000002    0.0000000000000002    0.0000000000000002    0.0000000000000002
835.0    0.0000000000000002    0.0000000000000002    0.0000000000000002    0.0000000000000002    0.0000000000000002
837.0    0.0000000000000002    0.0000000000000002    0.0000000000000002    0.0000000000000002    0.0000000000000002
839.0    0.0000000000000002    0.0000000000000002    0.0000000000000002    0.0000000000000002    0.0000000000000002
841.0    0.0000000000000002    0.0000000000000002    0.0000000000000002    0.0000000000000002    0.0000000000000002
843.0    0.0000000000000002    0.0000000000000002    0.0000000000000002    0.0000000000000002    0.0000000000000002
845.0    0.0000000000000002    0.0000000000000002    0.0000000000000002    0.0000000000000002    0.0000000000000002
847.0    0.0000000000000002    0.0000000000000002    0.0000000000000002    0.0000000000000002    0.0000000000000002
849.0    0.0000000000000002    0.0000000000000002    0.0000000000000002    0.0000000000000002    0.0000000000000002
851.0    0.0000000000000002    0.0000000000000002    0.0000000000000002    0.0000000000000002    0.0000000000000002
853.0    0.0000000000000002    0.0000000000000002    0.0000000000000002    0.0000000000000002    0.0000000000000002
855.0    0.0000000000000002    0.0000000000000002    0.0000000000000002    0.0000000000000002    0.0000000000000002
857.0    0.0000000000000002    0.0000000000000002    0.0000000000000002    0.0000000000000002    0.0000000000000002
859.0    0.0000000000000002    0.0000000000000002    0.0000000000000002    0.0000000000000002    0.0000000000000002
861.0    0.0000000000000002    0.0000000000000002    0.0000000000000002    0.0000000000000002    0.0000000000000002
863.0    0.0000000000000002    0.0000000000000002    0.0000000000000002    0.0000000000000002    0.0000000000000002
865.0    0.0000000000000002    0.0000000000000002    0.0000000000000002    0.0000000000000001    0.0000000000000002
867.0    0.0000000000000001    0.0000000000000002    0.0000000000000002    0.0000000000000001    0.0000000000000002
869.0    0.0000000000000001    0.0000000000000001    0.0000000000000002    0.0000000000000001    0.0000000000000001
871.0    0.0000000000000001    0.0000000000000001    0.0000000000000001    0.0000000000000001    0.0000000000000001
873.0    0.0000000000000001    0.0000000000000001    0.0000000000000001    0.0000000000000001    0.0000000000000001
875.0    0.0000000000000001    0.0000000000000001    0.0000000000000001    0.0000000000000001    0.0000000000000001
877.0    0.0000000000000001    0.0000000000000001    0.0000000000000001    0.0000000000000001    0.0000000000000001
879.0    0.0000000000000001    0.0000000000000001    0.0000000000000001    0.0000000000000001    0.0000000000000001
881.0    0.0000000000000001    0.0000000000000001    0.0000000000000001    0.0000000000000001    0.0000000000000001
883.0    0.0000000000000001    0.0000000000000001    0.0000000000000001    0.0000000000000001    0.0000000000000001
885.0    0.0000000000000001    0.0000000000000001    0.0000000000000001    0.0000000000000001    0.0000000000000001
887.0    0.0000000000000001    0.0000000000000001    0.0000000000000001    0.0000000000000001    0.0000000000000001
889.0    0.0000000000000001    0.0000000000000001    0.0000000000000001    0.0000000000000001    0.0000000000000001
891.0    0.0000000000000001    0.0000000000000001    0.0000000000000001    0.0000000000000001    0.0000000000000001
893.0    0.0000000000000001    0.0000000000000001    0.0000000000000001    0.0000000000000001    0.0000000000000001
895.0    0.0000000000000001    0.0000000000000001    0.0000000000000001    0.0000000000000001    0.0000000000000001
897.0    0.0000000000000001    0.0000000000000001    0.0000000000000001    0.0000000000000001    0.0000000000000001
899.0    0.0000000000000001    0.0000000000000001    0.0000000000000001    0.0000000000000001    0.0000000000000001
901.0    0.0000000000000001    0.0000000000000001    0.0000000000000001    0.0000000000000001    0.0000000000000001
903.0    0.0000000000000001    0.0000000000000001    0.0000000000000001    0.0000000000000001    0.0000000000000001
905.0    0.0000000000000001    0.0000000000000001    0.0000000000000001    0.0000000000000001    0.0000000000000001
907.0    0.0000000000000001    0.0000000000000001    0.0000000000000001    0.0000000000000001    0.0000000000000001
909.0    0.0000000000000001    0.0000000000000001    0.0000000000000001    0.0000000000000001    0.0000000000000001
911.0    0.0000000000000001    0.0000000000000001    0.0000000000000001    0.0000000000000001    0.0000000000000001
913.0    0.0000000000000001    0.0000000000000001    0.0000000000000001    0.0000000000000001    0.0000000000000001
915.0    0.0000000000000001    0.0000000000000001    0.0000000000000001    0.0000000000000001    0.0000000000000001
917.0    0.0000000000000001    0.0000000000000000    0.0000000000000001    0.0000000000000000    0.0000000000000001
919.0    0.0000000000000000    0.0000000000000000    0.0000000000000001    0.0000000000000000    0.0000000000000000
921.0    0.0000000000000000    0.0000000000000000    0.0000000000000001    0.0000000000000000    0.0000000000000000
923.0    0.0000000000000000    0.0000000000000000    0.0000000000000000    0.0000000000000000    0.0000000000000000
925.0    0.0000000000000000    0.0000000000000000    0.0000000000000000    0.0000000000000000    0.0000000000000000
927.0    0.0000000000000000    0.0000000000000000    0.0000000000000000    0.0000000000000000    0.0000000000000000
929.0    0.0000000000000000    0.0000000000000000    0.0000000000000000    0.0000000000000000    0.0000000000000000
931.0    0.0000000000000000    0.0000000000000000    0.0000000000000000    0.0000000000000000    0.0000000000000000
933.0    0.0000000000000000    0.0000000000000000    0.0000000000000000    0.0000000000000000    0.0000000000000000
935.0    0.0000000000000000    0.0000000000000000    0.0000000000000000    0.0000000000000000    0.0000000000000000
937.0    0.0000000000000000    0.0000000000000000    0.0000000000000000    0.0000000000000000    0.0000000000000000
939.0    0.0000000000000000    0.0000000000000000    0.0000000000000000    0.0000000000000000    0.0000000000000000
941.0    0.0000000000000000    0.0000000000000000    0.0000000000000000    0.0000000000000000    0.0000000000000000
943.0    0.0000000000000000    0.0000000000000000    0.0000000000000000    0.0000000000000000    0.0000000000000000
945.0    0.0000000000000000    0.0000000000000000    0.0000000000000000    0.0000000000000000    0.0000000000000000
947.0    0.0000000000000000    0.0000000000000000    0.0000000000000000    0.0000000000000000    0.0000000000000000
949.0    0.0000000000000000    0.0000000000000000    0.0000000000000000    0.0000000000000000    0.0000000000000000
951.0    0.0000000000000000    0.0000000000000000    0.0000000000000000    0.0000000000000000    0.0000000000000000
953.0    0.0000000000000000    0.0000000000000000    0.0000000000000000    0.0000000000000000    0.0000000000000000
955.0    0.0000000000000000    0.0000000000000000    0.0000000000000000    0.0000000000000000    0.0000000000000000
957.0    0.0000000000000000    0.0000000000000000    0.0000000000000000    0.0000000000000000    0.0000000000000000
959.0    0.0000000000000000    0.0000000000000000    0.0000000000000000    0.0000000000000000    0.0000000000000000
961.0    0.0000000000000000    0.0000000000000000    0.0000000000000000    0.0000000000000000    0.0000000000000000
963.0    0.0000000000000000    0.0000000000000000    0.0000000000000000    0.0000000000000000    0.0000000000000000
965.0    0.0000000000000000    0.0000000000000000    0.0000000000000000    0.0000000000000000    0.0000000000000000
967.0    0.0000000000000000    0.0000000000000000    0.0000000000000000    0.0000000000000000    0.0000000000000000
969.0    0.0000000000000000    0.0000000000000000    0.0000000000000000    0.0000000000000000    0.0000000000000000
971.0    0.0000000000000000    0.0000000000000000    0.0000000000000000    0.0000000000000000    0.0000000000000000
973.0    0.0000000000000000    0.0000000000000000    0.0000000000000000    0.0000000000000000    0.0000000000000000
975.0    0.0000000000000000    0.0000000000000000    0.0000000000000000    0.0000000000000000    0.0000000000000000
977.0    0.0000000000000000    0.0000000000000000    0.0000000000000000    0.0000000000000000    0.0000000000000000
979.0    0.0000000000000000    0.0000000000000000    0.0000000000000000    0.0000000000000000    0.0000000000000000
981.0    0.0000000000000000    0.0000000000000000    0.0000000000000000    0.0000000000000000    0.0000000000000000
983.0    0.0000000000000000    0.0000000000000000    0.0000000000000000    0.0000000000000000    0.0000000000000000
985.0    0.0000000000000000    0.0000000000000000    0.0000000000000000    0.0000000000000000    0.0000000000000000
987.0    0.0000000000000000    0.0000000000000000    0.0000000000000000    0.0000000000000000    0.0000000000000000
989.0    0.0000000000000000    0.0000000000000000    0.0000000000000000    0.0000000000000000    0.0000000000000000
991.0    0.0000000000000000    0.0000000000000000    0.0000000000000000    0.0000000000000000    0.0000000000000000
993.0    0.0000000000000000    0.0000000000000000    0.0000000000000000    0.0000000000000000    0.0000000000000000
995.0    0.0000000000000000    0.0000000000000000    0.0000000000000000    0.0000000000000000    0.0000000000000000
997.0    0.0000000000000000    0.0000000000000000    0.0000000000000000    0.0000000000000000    0.0000000000000000
999.0    0.0000000000000000    0.0000000000000000    0.0000000000000000    0.0000000000000000    0.0000000000000000
1001.0    0.0000000000000000    0.0000000000000000    0.0000000000000000    0.0000000000000000    0.0000000000000000
1003.0    0.0000000000000000    0.0000000000000000    0.0000000000000000    0.0000000000000000    0.0000000000000000
1005.0    0.0000000000000000    0.0000000000000000    0.0000000000000000    0.0000000000000000    0.0000000000000000
1007.0    0.0000000000000000    0.0000000000000000    0.0000000000000000    0.0000000000000000    0.0000000000000000
1009.0    0.0000000000000000    0.0000000000000000    0.0000000000000000    0.0000000000000000    0.0000000000000000
1011.0    0.0000000000000000    0.0000000000000000    0.0000000000000000    0.0000000000000000    0.0000000000000000
1013.0    0.0000000000000000    0.0000000000000000    0.0000000000000000    0.0000000000000000    0.0000000000000000
1015.0    0.0000000000000000    0.0000000000000000    0.0000000000000000    0.0000000000000000    0.0000000000000000
1017.0    0.0000000000000000    0.0000000000000000    0.0000000000000000    0.0000000000000000    0.0000000000000000
1019.0    0.0000000000000000    0.0000000000000000    0.0000000000000000    0.0000000000000000    0.0000000000000000
1021.0    0.0000000000000000    0.0000000000000000    0.0000000000000000    0.0000000000000000    0.0000000000000000
1023.0    0.0000000000000000    0.0000000000000000    0.0000000000000000    0.0000000000000000    0.0000000000000000
1025.0    0.0000000000000000    0.0000000000000000    0.0000000000000000    0.0000000000000000    0.0000000000000000
1027.0    0.0000000000000000    0.0000000000000000    0.0000000000000000    0.0000000000000000    0.0000000000000000
1029.0    0.0000000000000000    0.0000000000000000    0.0000000000000000    0.0000000000000000    0.0000000000000000
1031.0    0.0000000000000000    0.0000000000000000    0.0000000000000000    0.0000000000000000    0.0000000000000000
1033.0    0.0000000000000000    0.0000000000000000    0.0000000000000000    0.0000000000000000    0.0000000000000000
1035.0    0.0000000000000000    0.0000000000000000    0.0000000000000000    0.0000000000000000    0.0000000000000000
1037.0    0.0000000000000000    0.0000000000000000    0.0000000000000000    0.0000000000000000    0.0000000000000000
1039.0    0.0000000000000000    0.0000000000000000    0.0000000000000000    0.0000000000000000    0.0000000000000000
1041.0    0.0000000000000000    0.0000000000000000    0.0000000000000000    0.0000000000000000    0.0000000000000000
1043.0    0.0000000000000000    0.0000000000000000    0.0000000000000000    0.0000000000000000    0.0000000000000000
1045.0    0.0000000000000000    0.0000000000000000    0.0000000000000000    0.0000000000000000    0.0000000000000000
1047.0    0.0000000000000000    0.0000000000000000    0.0000000000000000    0.0000000000000000    0.0000000000000000
1049.0    0.0000000000000000    0.0000000000000000    0.0000000000000000    0.0000000000000000    0.0000000000000000
1051.0    0.0000000000000000    0.0000000000000000    0.0000000000000000    0.0000000000000000    0.0000000000000000
1053.0    0.0000000000000000    0.0000000000000000    0.0000000000000000    0.0000000000000000    0.0000000000000000
1055.0    0.0000000000000000    0.0000000000000000    0.0000000000000000    0.0000000000000000    0.0000000000000000
1057.0    0.0000000000000000    0.0000000000000000    0.0000000000000000    0.0000000000000000    0.0000000000000000
1059.0    0.0000000000000000    0.0000000000000000    0.0000000000000000    0.0000000000000000    0.0000000000000000
1061.0    0.0000000000000000    0.0000000000000000    0.0000000000000000    0.0000000000000000    0.0000000000000000
1063.0    0.0000000000000000    0.0000000000000000    0.0000000000000000    0.0000000000000000    0.0000000000000000
1065.0    0.0000000000000000    0.0000000000000000    0.0000000000000000    0.0000000000000000    0.0000000000000000
1067.0    0.0000000000000000    0.0000000000000000    0.0000000000000000    0.0000000000000000    0.0000000000000000
1069.0    0.0000000000000000    0.0000000000000000    0.0000000000000000    0.0000000000000000    0.0000000000000000
1071.0    0.0000000000000000    0.0000000000000000    0.0000000000000000    0.0000000000000000    0.0000000000000000
1073.0    0.0000000000000000    0.0000000000000000    0.0000000000000000    0.0000000000000000    0.0000000000000000
1075.0    0.0000000000000000    0.0000000000000000    0.0000000000000000    0.0000000000000000    0.0000000000000000
1077.0    0.0000000000000000    0.0000000000000000    0.0000000000000000    0.0000000000000000    0.0000000000000000
1079.0    0.0000000000000000    0.0000000000000000    0.0000000000000000    0.0000000000000000    0.0000000000000000
1081.0    0.0000000000000000    0.0000000000000000    0.0000000000000000    0.0000000000000000    0.0000000000000000
1083.0    0.0000000000000000    0.0000000000000000    0.0000000000000000    0.0000000000000000    0.0000000000000000
1085.0    0.0000000000000000    0.0000000000000000    0.0000000000000000    0.0000000000000000    0.0000000000000000
1087.0    0.0000000000000000    0.0000000000000000    0.0000000000000000    0.0000000000000000    0.0000000000000000
1089.0    0.0000000000000000    0.0000000000000000    0.0000000000000000    0.0000000000000000    0.0000000000000000
1091.0    0.0000000000000000    0.0000000000000000    0.0000000000000000    0.0000000000000000    0.0000000000000000
1093.0    0.0000000000000000    0.0000000000000000    0.0000000000000000    0.0000000000000000    0.0000000000000000
1095.0    0.0000000000000000    0.0000000000000000    0.0000000000000000    0.0000000000000000    0.0000000000000000
1097.0    0.0000000000000000    0.0000000000000000    0.0000000000000000    0.0000000000000000    0.0000000000000000
1099.0    0.0000000000000000    0.0000000000000000    0.0000000000000000    0.0000000000000000    0.0000000000000000
1101.0    0.0000000000000000    0.0000000000000000    0.0000000000000000    0.0000000000000000    0.0000000000000000
1103.0    0.0000000000000000    0.0000000000000000    0.0000000000000000    0.0000000000000000    0.0000000000000000
1105.0    0.0000000000000000    0.0000000000000000    0.0000000000000000    0.0000000000000000    0.0000000000000000
1107.0    0.0000000000000000    0.0000000000000000    0.0000000000000000    0.0000000000000000    0.0000000000000000
1109.0    0.0000000000000000    0.0000000000000000    0.0000000000000000    0.0000000000000000    0.0000000000000000
1111.0    0.0000000000000000    0.0000000000000000    0.0000000000000000    0.0000000000000000    0.0000000000000000
1113.0    0.0000000000000000    0.0000000000000000    0.0000000000000000    0.0000000000000000    0.0000000000000000
1115.0    0.0000000000000000    0.0000000000000000    0.0000000000000000    0.0000000000000000    0.0000000000000000
1117.0    0.0000000000000000    0.0000000000000000    0.0000000000000000    0.0000000000000000    0.0000000000000000
1119.0    0.0000000000000000    0.0000000000000000    0.0000000000000000    0.0000000000000000    0.0000000000000000
1121.0    0.0000000000000000    0.0000000000000000    0.0000000000000000    0.0000000000000000    0.0000000000000000
1123.0    0.0000000000000000    0.0000000000000000    0.0000000000000000    0.0000000000000000    0.0000000000000000
1125.0    0.0000000000000000    0.0000000000000000    0.0000000000000000    0.0000000000000000    0.0000000000000000
1127.0    0.0000000000000000    0.0000000000000000    0.0000000000000000    0.0000000000000000    0.0000000000000000
1129.0    0.0000000000000000    0.0000000000000000    0.0000000000000000    0.0000000000000000    0.0000000000000000
1131.0    0.0000000000000000    0.0000000000000000    0.0000000000000000    0.0000000000000000    0.0000000000000000
1133.0    0.0000000000000000    0.0000000000000000    0.0000000000000000    0.0000000000000000    0.0000000000000000
1135.0    0.0000000000000000    0.0000000000000000    0.0000000000000000    0.0000000000000000    0.0000000000000000
1137.0    0.0000000000000000    0.0000000000000000    0.0000000000000000    0.0000000000000000    0.0000000000000000
1139.0    0.0000000000000000    0.0000000000000000    0.0000000000000000    0.0000000000000000    0.0000000000000000
1141.0    0.0000000000000000    0.0000000000000000    0.0000000000000000    0.0000000000000000    0.0000000000000000
1143.0    0.0000000000000000    0.0000000000000000    0.0000000000000000    0.0000000000000000    0.0000000000000000
1145.0    0.0000000000000000    0.0000000000000000    0.0000000000000000    0.0000000000000000    0.0000000000000000
1147.0    0.0000000000000000    0.0000000000000000    0.0000000000000000    0.0000000000000000    0.0000000000000000
1149.0    0.0000000000000000    0.0000000000000000    0.0000000000000000    0.0000000000000000    0.0000000000000000
1151.0    0.0000000000000000    0.0000000000000000    0.0000000000000000    0.0000000000000000    0.0000000000000000
1153.0    0.0000000000000000    0.0000000000000000    0.0000000000000000    0.0000000000000000    0.0000000000000000
1155.0    0.0000000000000000    0.0000000000000000    0.0000000000000000    0.0000000000000000    0.0000000000000000
1157.0    0.0000000000000000    0.0000000000000000    0.0000000000000000    0.0000000000000000    0.0000000000000000
1159.0    0.0000000000000000    0.0000000000000000    0.0000000000000000    0.0000000000000000    0.0000000000000000
1161.0    0.0000000000000000    0.0000000000000000    0.0000000000000000    0.0000000000000000    0.0000000000000000
1163.0    0.0000000000000000    0.0000000000000000    0.0000000000000000    0.0000000000000000    0.0000000000000000
1165.0    0.0000000000000000    0.0000000000000000    0.0000000000000000    0.0000000000000000    0.0000000000000000
1167.0    0.0000000000000000    0.0000000000000000    0.0000000000000000    0.0000000000000000    0.0000000000000000
1169.0    0.0000000000000000    0.0000000000000000    0.0000000000000000    0.0000000000000000    0.0000000000000000
1171.0    0.0000000000000000    0.0000000000000000    0.0000000000000000    0.0000000000000000    0.0000000000000000
1173.0    0.0000000000000000    0.0000000000000000    0.0000000000000000    0.0000000000000000    0.0000000000000000
1175.0    0.0000000000000000    0.0000000000000000    0.0000000000000000    0.0000000000000000    0.0000000000000000
1177.0    0.0000000000000000    0.0000000000000000    0.0000000000000000    0.0000000000000000    0.0000000000000000
1179.0    0.0000000000000000    0.0000000000000000    0.0000000000000000    0.0000000000000000    0.0000000000000000
1181.0    0.0000000000000000    0.0000000000000000    0.0000000000000000    0.0000000000000000    0.0000000000000000
1183.0    0.0000000000000000    0.0000000000000000    0.0000000000000000    0.0000000000000000    0.0000000000000000
1185.0    0.0000000000000000    0.0000000000000000    0.0000000000000000    0.0000000000000000    0.0000000000000000
1187.0    0.0000000000000000    0.0000000000000000    0.0000000000000000    0.0000000000000000    0.0000000000000000
1189.0    0.0000000000000000    0.0000000000000000    0.0000000000000000    0.0000000000000000    0.0000000000000000
1191.0    0.0000000000000000    0.0000000000000000    0.0000000000000000    0.0000000000000000    0.0000000000000000
1193.0    0.0000000000000000    0.0000000000000000    0.0000000000000000    0.0000000000000000    0.0000000000000000
1195.0    0.0000000000000000    0.0000000000000000    0.0000000000000000    0.0000000000000000    0.0000000000000000
1197.0    0.0000000000000000    0.0000000000000000    0.0000000000000000    0.0000000000000000    0.0000000000000000
1199.0    0.0000000000000000    0.0000000000000000    0.0000000000000000    0.0000000000000000    0.0000000000000000
1201.0    0.0000000000000000    0.0000000000000000    0.0000000000000000    0.0000000000000000    0.0000000000000000
1203.0    0.0000000000000000    0.0000000000000000    0.0000000000000000    0.0000000000000000    0.0000000000000000
1205.0    0.0000000000000000    0.0000000000000000    0.0000000000000000    0.0000000000000000    0.0000000000000000
1207.0    0.0000000000000000    0.0000000000000000    0.0000000000000000    0.0000000000000000    0.0000000000000000
1209.0    0.0000000000000000    0.0000000000000000    0.0000000000000000    0.0000000000000000    0.0000000000000000
1211.0    0.0000000000000000    0.0000000000000000    0.0000000000000000    0.0000000000000000    0.0000000000000000
1213.0    0.0000000000000000    0.0000000000000000    0.0000000000000000    0.0000000000000000    0.0000000000000000
1215.0    0.0000000000000000    0.0000000000000000    0.0000000000000000    0.0000000000000000    0.0000000000000000
1217.0    0.0000000000000000    0.0000000000000000    0.0000000000000000    0.0000000000000000    0.0000000000000000
1219.0    0.0000000000000000    0.0000000000000000    0.0000000000000000    0.0000000000000000    0.0000000000000000
1221.0    0.0000000000000000    0.0000000000000000    0.0000000000000000    0.0000000000000000    0.0000000000000000
1223.0    0.0000000000000000    0.0000000000000000    0.0000000000000000    0.0000000000000000    0.0000000000000000
1225.0    0.0000000000000000    0.0000000000000000    0.0000000000000000    0.0000000000000000    0.0000000000000000
1227.0    0.0000000000000000    0.0000000000000000    0.0000000000000000    0.0000000000000000    0.0000000000000000
1229.0    0.0000000000000000    0.0000000000000000    0.0000000000000000    0.0000000000000000    0.0000000000000000
1231.0    0.0000000000000000    0.0000000000000000    0.0000000000000000    0.0000000000000000    0.0000000000000000
1233.0    0.0000000000000000    0.0000000000000000    0.0000000000000000    0.0000000000000000    0.0000000000000000
1235.0    0.0000000000000000    0.0000000000000000    0.0000000000000000    0.0000000000000000    0.0000000000000000
1237.0    0.0000000000000000    0.0000000000000000    0.0000000000000000    0.0000000000000000    0.0000000000000000
1239.0    0.0000000000000000    0.0000000000000000    0.0000000000000000    0.0000000000000000    0.0000000000000000
1241.0    0.0000000000000000    0.0000000000000000    0.0000000000000000    0.0000000000000000    0.0000000000000000
1243.0    0.0000000000000000    0.0000000000000000    0.0000000000000000    0.0000000000000000    0.0000000000000000
1245.0    0.0000000000000000    0.0000000000000000    0.0000000000000000    0.0000000000000000    0.0000000000000000
1247.0    0.0000000000000000    0.0000000000000000    0.0000000000000000    0.0000000000000000    0.0000000000000000
1249.0    0.0000000000000000    0.0000000000000000    0.0000000000000000    0.0000000000000000    0.0000000000000000
1251.0    0.0000000000000000    0.0000000000000000    0.0000000000000000    0.0000000000000000    0.0000000000000000
1253.0    0.0000000000000000    0.0000000000000000    0.0000000000000000    0.0000000000000000    0.0000000000000000
1255.0    0.0000000000000000    0.0000000000000000    0.0000000000000000    0.0000000000000000    0.0000000000000000
1257.0    0.0000000000000000    0.0000000000000000    0.0000000000000000    0.0000000000000000    0.0000000000000000
1259.0    0.0000000000000000    0.0000000000000000    0.0000000000000000    0.0000000000000000    0.0000000000000000
1261.0    0.0000000000000000    0.0000000000000000    0.0000000000000000    0.0000000000000000    0.0000000000000000
1263.0    0.0000000000000000    0.0000000000000000    0.0000000000000000    0.0000000000000000    0.0000000000000000
1265.0    0.0000000000000000    0.0000000000000000    0.0000000000000000    0.0000000000000000    0.0000000000000000
1267.0    0.0000000000000000    0.0000000000000000    0.0000000000000000    0.0000000000000000    0.0000000000000000
1269.0    0.0000000000000000    0.0000000000000000    0.0000000000000000    0.0000000000000000    0.0000000000000000
1271.0    0.0000000000000000    0.0000000000000000    0.0000000000000000    0.0000000000000000    0.0000000000000000
1273.0    0.0000000000000000    0.0000000000000000    0.0000000000000000    0.0000000000000000    0.0000000000000000
1275.0    0.0000000000000000    0.0000000000000000    0.0000000000000000    0.0000000000000000    0.0000000000000000
1277.0    0.0000000000000000    0.0000000000000000    0.0000000000000000    0.0000000000000000    0.0000000000000000
1279.0    0.0000000000000000    0.0000000000000000    0.0000000000000000    0.0000000000000000    0.0000000000000000
1281.0    0.0000000000000000    0.0000000000000000    0.0000000000000000    0.0000000000000000    0.0000000000000000
1283.0    0.0000000000000000    0.0000000000000000    0.0000000000000000    0.0000000000000000    0.0000000000000000
1285.0    0.0000000000000000    0.0000000000000000    0.0000000000000000    0.0000000000000000    0.0000000000000000
1287.0    0.0000000000000000    0.0000000000000000    0.0000000000000000    0.0000000000000000    0.0000000000000000
1289.0    0.0000000000000000    0.0000000000000000    0.0000000000000000    0.0000000000000000    0.0000000000000000
1291.0    0.0000000000000000    0.0000000000000000    0.0000000000000000    0.0000000000000000    0.0000000000000000
1293.0    0.0000000000000000    0.0000000000000000    0.0000000000000000    0.0000000000000000    0.0000000000000000
1295.0    0.0000000000000000    0.0000000000000000    0.0000000000000000    0.0000000000000000    0.0000000000000000
1297.0    0.0000000000000000    0.0000000000000000    0.0000000000000000    0.0000000000000000    0.0000000000000000
1299.0    0.0000000000000000    0.0000000000000000    0.0000000000000000    0.0000000000000000    0.0000000000000000
1301.0    0.0000000000000000    0.0000000000000000    0.0000000000000000    0.0000000000000000    0.0000000000000000
1303.0    0.0000000000000000    0.0000000000000000    0.0000000000000000    0.0000000000000000    0.0000000000000000
1305.0    0.0000000000000000    0.0000000000000000    0.0000000000000000    0.0000000000000000    0.0000000000000000
1307.0    0.0000000000000000    0.0000000000000000    0.0000000000000000    0.0000000000000000    0.0000000000000000
1309.0    0.0000000000000000    0.0000000000000000    0.0000000000000000    0.0000000000000000    0.0000000000000000
1311.0    0.0000000000000000    0.0000000000000000    0.0000000000000000    0.0000000000000000    0.0000000000000000
1313.0    0.0000000000000000    0.0000000000000000    0.0000000000000000    0.0000000000000000    0.0000000000000000
1315.0    0.0000000000000000    0.0000000000000000    0.0000000000000000    0.0000000000000000    0.0000000000000000
1317.0    0.0000000000000000    0.0000000000000000    0.0000000000000000    0.0000000000000000    0.0000000000000000
1319.0    0.0000000000000000    0.0000000000000000    0.0000000000000000    0.0000000000000000    0.0000000000000000
1321.0    0.0000000000000000    0.0000000000000000    0.0000000000000000    0.0000000000000000    0.0000000000000000
1323.0    0.0000000000000000    0.0000000000000000    0.0000000000000000    0.0000000000000000    0.0000000000000000
1325.0    0.0000000000000000    0.0000000000000000    0.0000000000000000    0.0000000000000000    0.0000000000000000
1327.0    0.0000000000000000    0.0000000000000000    0.0000000000000000    0.0000000000000000    0.0000000000000000
1329.0    0.0000000000000000    0.0000000000000000    0.0000000000000000    0.0000000000000000    0.0000000000000000
1331.0    0.0000000000000000    0.0000000000000000    0.0000000000000000    0.0000000000000000    0.0000000000000000
1333.0    0.0000000000000000    0.0000000000000000    0.0000000000000000    0.0000000000000000    0.0000000000000000
1335.0    0.0000000000000000    0.0000000000000000    0.0000000000000000    0.0000000000000000    0.0000000000000000
1337.0    0.0000000000000000    0.0000000000000000    0.0000000000000000    0.0000000000000000    0.0000000000000000
1339.0    0.0000000000000000    0.0000000000000000    0.0000000000000000    0.0000000000000000    0.0000000000000000
1341.0    0.0000000000000000    0.0000000000000000    0.0000000000000000    0.0000000000000000    0.0000000000000000
1343.0    0.0000000000000000    0.0000000000000000    0.0000000000000000    0.0000000000000000    0.0000000000000000
1345.0    0.0000000000000000    0.0000000000000000    0.0000000000000000    0.0000000000000000    0.0000000000000000
1347.0    0.0000000000000000    0.0000000000000000    0.0000000000000000    0.0000000000000000    0.0000000000000000
1349.0    0.0000000000000000    0.0000000000000000    0.0000000000000000    0.0000000000000000    0.0000000000000000
1351.0    0.0000000000000000    0.0000000000000000    0.0000000000000000    0.0000000000000000    0.0000000000000000
1353.0    0.0000000000000000    0.0000000000000000    0.0000000000000000    0.0000000000000000    0.0000000000000000
1355.0    0.0000000000000000    0.0000000000000000    0.0000000000000000    0.0000000000000000    0.0000000000000000
1357.0    0.0000000000000000    0.0000000000000000    0.0000000000000000    0.0000000000000000    0.0000000000000000
1359.0    0.0000000000000000    0.0000000000000000    0.0000000000000000    0.0000000000000000    0.0000000000000000
1361.0    0.0000000000000000    0.0000000000000000    0.0000000000000000    0.0000000000000000    0.0000000000000000
1363.0    0.0000000000000000    0.0000000000000000    0.0000000000000000    0.0000000000000000    0.0000000000000000
1365.0    0.0000000000000000    0.0000000000000000    0.0000000000000000    0.0000000000000000    0.0000000000000000
1367.0    0.0000000000000000    0.0000000000000000    0.0000000000000000    0.0000000000000000    0.0000000000000000
1369.0    0.0000000000000000    0.0000000000000000    0.0000000000000000    0.0000000000000000    0.0000000000000000
1371.0    0.0000000000000000    0.0000000000000000    0.0000000000000000    0.0000000000000000    0.0000000000000000
1373.0    0.0000000000000000    0.0000000000000000    0.0000000000000000    0.0000000000000000    0.0000000000000000
1375.0    0.0000000000000000    0.0000000000000000    0.0000000000000000    0.0000000000000000    0.0000000000000000
1377.0    0.0000000000000000    0.0000000000000000    0.0000000000000000    0.0000000000000000    0.0000000000000000
1379.0    0.0000000000000000    0.0000000000000000    0.0000000000000000    0.0000000000000000    0.0000000000000000
1381.0    0.0000000000000000    0.0000000000000000    0.0000000000000000    0.0000000000000000    0.0000000000000000
1383.0    0.0000000000000000    0.0000000000000000    0.0000000000000000    0.0000000000000000    0.0000000000000000
1385.0    0.0000000000000000    0.0000000000000000    0.0000000000000000    0.0000000000000000    0.0000000000000000
1387.0    0.0000000000000000    0.0000000000000000    0.0000000000000000    0.0000000000000000    0.0000000000000000
1389.0    0.0000000000000000    0.0000000000000000    0.0000000000000000    0.0000000000000000    0.0000000000000000
1391.0    0.0000000000000000    0.0000000000000000    0.0000000000000000    0.0000000000000000    0.0000000000000000
1393.0    0.0000000000000000    0.0000000000000000    0.0000000000000000    0.0000000000000000    0.0000000000000000
1395.0    0.0000000000000000    0.0000000000000000    0.0000000000000000    0.0000000000000000    0.0000000000000000
1397.0    0.0000000000000000    0.0000000000000000    0.0000000000000000    0.0000000000000000    0.0000000000000000
1399.0    0.0000000000000000    0.0000000000000000    0.0000000000000000    0.0000000000000000    0.0000000000000000
1401.0    0.0000000000000000    0.0000000000000000    0.0000000000000000    0.0000000000000000    0.0000000000000000
1403.0    0.0000000000000000    0.0000000000000000    0.0000000000000000    0.0000000000000000    0.0000000000000000
1405.0    0.0000000000000000    0.0000000000000000    0.0000000000000000    0.0000000000000000    0.0000000000000000
1407.0    0.0000000000000000    0.0000000000000000    0.0000000000000000    0.0000000000000000    0.0000000000000000
1409.0    0.0000000000000000    0.0000000000000000    0.0000000000000000    0.0000000000000000    0.0000000000000000
1411.0    0.0000000000000000    0.0000000000000000    0.0000000000000000    0.0000000000000000    0.0000000000000000
1413.0    0.0000000000000000    0.0000000000000000    0.0000000000000000    0.0000000000000000    0.0000000000000000
1415.0    0.0000000000000000    0.0000000000000000    0.0000000000000000    0.0000000000000000    0.0000000000000000
1417.0    0.0000000000000000    0.0000000000000000    0.0000000000000000    0.0000000000000000    0.0000000000000000
1419.0    0.0000000000000000    0.0000000000000000    0.0000000000000000    0.0000000000000000    0.0000000000000000
1421.0    0.0000000000000000    0.0000000000000000    0.0000000000000000    0.0000000000000000    0.0000000000000000
1423.0    0.0000000000000000    0.0000000000000000    0.0000000000000000    0.0000000000000000    0.0000000000000000
1425.0    0.0000000000000000    0.0000000000000000    0.0000000000000000    0.0000000000000000    0.0000000000000000
1427.0    0.0000000000000000    0.0000000000000000    0.0000000000000000    0.0000000000000000    0.0000000000000000
1429.0    0.0000000000000000    0.0000000000000000    0.0000000000000000    0.0000000000000000    0.0000000000000000
1431.0    0.0000000000000000    0.0000000000000000    0.0000000000000000    0.0000000000000000    0.0000000000000000
1433.0    0.0000000000000000    0.0000000000000000    0.0000000000000000    0.0000000000000000    0.0000000000000000
1435.0    0.0000000000000000    0.0000000000000000    0.0000000000000000    0.0000000000000000    0.0000000000000000
1437.0    0.0000000000000000    0.0000000000000000    0.0000000000000000    0.0000000000000000    0.0000000000000000
1439.0    0.0000000000000000    0.0000000000000000    0.0000000000000000    0.0000000000000000    0.0000000000000000
1441.0    0.0000000000000000    0.0000000000000000    0.0000000000000000    0.0000000000000000    0.0000000000000000
1443.0    0.0000000000000000    0.0000000000000000    0.0000000000000000    0.0000000000000000    0.0000000000000000
1445.0    0.0000000000000000    0.0000000000000000    0.0000000000000000    0.0000000000000000    0.0000000000000000
1447.0    0.0000000000000000    0.0000000000000000    0.0000000000000000    0.0000000000000000    0.0000000000000000
1449.0    0.0000000000000000    0.0000000000000000    0.0000000000000000    0.0000000000000000    0.0000000000000000
1451.0    0.0000000000000000    0.0000000000000000    0.0000000000000000    0.0000000000000000    0.0000000000000000
1453.0    0.0000000000000000    0.0000000000000000    0.0000000000000000    0.0000000000000000    0.0000000000000000
1455.0    0.0000000000000000    0.0000000000000000    0.0000000000000000    0.0000000000000000    0.0000000000000000
1457.0    0.0000000000000000    0.0000000000000000    0.0000000000000000    0.0000000000000000    0.0000000000000000
1459.0    0.0000000000000000    0.0000000000000000    0.0000000000000000    0.0000000000000000    0.0000000000000000
1461.0    0.0000000000000000    0.0000000000000000    0.0000000000000000    0.0000000000000000    0.0000000000000000
1463.0    0.0000000000000000    0.0000000000000000    0.0000000000000000    0.0000000000000000    0.0000000000000000
1465.0    0.0000000000000000    0.0000000000000000    0.0000000000000000    0.0000000000000000    0.0000000000000000
1467.0    0.0000000000000000    0.0000000000000000    0.0000000000000000    0.0000000000000000    0.0000000000000000
1469.0    0.0000000000000000    0.0000000000000000    0.0000000000000000    0.0000000000000000    0.0000000000000000
1471.0    0.0000000000000000    0.0000000000000000    0.0000000000000000    0.0000000000000000    0.0000000000000000
1473.0    0.0000000000000000    0.0000000000000000    0.0000000000000000    0.0000000000000000    0.0000000000000000
1475.0    0.0000000000000000    0.0000000000000000    0.0000000000000000    0.0000000000000000    0.0000000000000000
1477.0    0.0000000000000000    0.0000000000000000    0.0000000000000000    0.0000000000000000    0.0000000000000000
1479.0    0.0000000000000000    0.0000000000000000    0.0000000000000000    0.0000000000000000    0.0000000000000000
1481.0    0.0000000000000000    0.0000000000000000    0.0000000000000000    0.0000000000000000    0.0000000000000000
1483.0    0.0000000000000000    0.0000000000000000    0.0000000000000000    0.0000000000000000    0.0000000000000000
1485.0    0.0000000000000000    0.0000000000000000    0.0000000000000000    0.0000000000000000    0.0000000000000000
