9.0    0.0000000000000000    0.0000000000000000    0.0000000000000000    0.0000000000000000    0.0000000000000000
11.0    0.0000000000000000    0.0000000000000000    0.0000000000000000    0.0000000000000000    0.0000000000000000
13.0    0.0000000000000000    0.0000000000000000    0.0000000000000000    0.0000000000000000    0.0000000000000000
15.0    0.0000000000000000    0.0000000000000000    0.0000000000000000    0.0000000000000000    0.0000000000000000
17.0    0.0000000000000000    0.0000000000000000    0.0000000000000000    0.0000000000000000    0.0000000000000000
19.0    0.0000000000000000    0.0000000000000000    0.0000000000000000    0.0000000000000000    0.0000000000000000
21.0    0.0000000000000000    0.0000000000000000    0.0000000000000000    0.0000000000000000    0.0000000000000000
23.0    0.0000000000000000    0.0000000000000000    0.0000000000000000    0.0000000000000000    0.0000000000000000
25.0    0.0000000000000000    0.0000000000000000    0.0000000000000000    0.0000000000000000    0.0000000000000000
27.0    0.0000000000000000    0.0000000000000000    0.0000000000000000    0.0000000000000000    0.0000000000000000
29.0    0.0000000000000000    0.0000000000000000    0.0000000000000000    0.0000000000000000    0.0000000000000000
31.0    0.0000000000000000    0.0000000000000000    0.0000000000000000    0.0000000000000000    0.0000000000000000
33.0    0.0000000000000000    0.0000000000000000    0.0000000000000000    0.0000000000000000    0.0000000000000000
35.0    0.0000000000000000    0.0000000000000000    0.0000000000000000    0.0000000000000000    0.0000000000000000
37.0    0.0000000000000000    0.0000000000000000    0.0000000000000000    0.0000000000000000    0.0000000000000000
39.0    0.0000000000000000    0.0000000000000000    0.0000000000000000    0.0000000000000000    0.0000000000000000
41.0    0.0000000000000000    0.0000000000000000    0.0000000000000000    0.0000000000000000    0.0000000000000000
43.0    0.0000000000000000    0.0000000000000000    0.0000000000000000    0.0000000000000000    0.0000000000000000
45.0    0.0000000000000000    0.0000000000000000    0.0000000000000000    0.0000000000000000    0.0000000000000000
47.0    0.0000000000000000    0.0000000000000000    0.0000000000000000    0.0000000000000000    0.0000000000000000
49.0    0.0000000000000000    0.0000000000000000    0.0000000000000000    0.0000000000000000    0.0000000000000000
51.0    0.0000000000000000    0.0000000000000000    0.0000000000000000    0.0000000000000000    0.0000000000000000
53.0    0.0000000000000000    0.0000000000000000    0.0000000000000000    0.0000000000000000    0.0000000000000000
55.0    0.0000000000000000    0.0000000000000000    0.0000000000000000    0.0000000000000000    0.0000000000000000
57.0    0.0000000000000000    0.0000000000000000    0.0000000000000000    0.0000000000000000    0.0000000000000000
59.0    0.0000000000000000    0.0000000000000000    0.0000000000000000    0.0000000000000000    0.0000000000000000
61.0    0.0000000000000000    0.0000000000000000    0.0000000000000000    0.0000000000000000    0.0000000000000000
63.0    0.0000000000000000    0.0000000000000000    0.0000000000000000    0.0000000000000000    0.0000000000000000
65.0    0.0000000000000000    0.0000000000000000    0.0000000000000000    0.0000000000000000    0.0000000000000000
67.0    0.0000000000000000    0.0000000000000000    0.0000000000000000    0.0000000000000000    0.0000000000000000
69.0    0.0000000000000000    0.0000000000000000    0.0000000000000000    0.0000000000000000    0.0000000000000000
71.0    0.0000000000000000    0.0000000000000000    0.0000000000000000    0.0000000000000000    0.0000000000000000
73.0    0.0000000000000000    0.0000000000000000    0.0000000000000000    0.0000000000000000    0.0000000000000000
75.0    0.0000000000000000    0.0000000000000000    0.0000000000000000    0.0000000000000000    0.0000000000000000
77.0    0.0000000000000000    0.0000000000000000    0.0000000000000000    0.0000000000000000    0.0000000000000000
79.0    0.0000000000000000    0.0000000000000000    0.0000000000000000    0.0000000000000000    0.0000000000000000
81.0    0.0000000000000000    0.0000000000000000    0.0000000000000000    0.0000000000000000    0.0000000000000000
83.0    0.0000000000000000    0.0000000000000000    0.0000000000000000    0.0000000000000000    0.0000000000000000
85.0    0.0000000000000000    0.0000000000000000    0.0000000000000000    0.0000000000000000    0.0000000000000000
87.0    0.0000000000000000    0.0000000000000000    0.0000000000000000    0.0000000000000000    0.0000000000000000
89.0    0.0000000000000000    0.0000000000000000    0.0000000000000000    0.0000000000000000    0.0000000000000000
91.0    0.0000000000000000    0.0000000000000000    0.0000000000000000    0.0000000000000000    0.0000000000000000
93.0    0.0000000000000000    0.0000000000000000    0.0000000000000000    0.0000000000000000    0.0000000000000000
95.0    0.0000000000000000    0.0000000000000000    0.0000000000000000    0.0000000000000000    0.0000000000000000
97.0    0.0000000000000000    0.0000000000000000    0.0000000000000000    0.0000000000000000    0.0000000000000000
99.0    0.0000000000000000    0.0000000000000000    0.0000000000000000    0.0000000000000000    0.0000000000000000
101.0    0.0000000000000000    0.0000000000000000    0.0000000000000000    0.0000000000000000    0.0000000000000000
103.0    0.0000000000000000    0.0000000000000000    0.0000000000000000    0.0000000000000000    0.0000000000000000
105.0    0.0000000000000000    0.0000000000000000    0.0000000000000000    0.0000000000000000    0.0000000000000000
107.0    0.0000000000000000    0.0000000000000000    0.0000000000000000    0.0000000000000000    0.0000000000000000
109.0    0.0000000000000000    0.0000000000000000    0.0000000000000000    0.0000000000000000    0.0000000000000000
111.0    0.0000000000000000    0.0000000000000000    0.0000000000000000    0.0000000000000000    0.0000000000000000
113.0    0.0000000000000000    0.0000000000000000    0.0000000000000000    0.0000000000000000    0.0000000000000000
115.0    0.0000000000000000    0.0000000000000000    0.0000000000000000    0.0000000000000000    0.0000000000000000
117.0    0.0000000000000000    0.0000000000000000    0.0000000000000000    0.0000000000000000    0.0000000000000000
119.0    0.0000000000000000    0.0000000000000000    0.0000000000000000    0.0000000000000000    0.0000000000000000
121.0    0.0000000000000000    0.0000000000000000    0.0000000000000000    0.0000000000000000    0.0000000000000000
123.0    0.0000000000000000    0.0000000000000000    0.0000000000000000    0.0000000000000000    0.0000000000000000
125.0    0.0000000000000000    0.0000000000000000    0.0000000000000000    0.0000000000000000    0.0000000000000000
127.0    0.0000000000000000    0.0000000000000000    0.0000000000000000    0.0000000000000000    0.0000000000000000
129.0    0.0000000000000000    0.0000000000000000    0.0000000000000000    0.0000000000000000    0.0000000000000000
131.0    0.0000000000000000    0.0000000000000000    0.0000000000000000    0.0000000000000000    0.0000000000000000
133.0    0.0000000000000000    0.0000000000000000    0.0000000000000000    0.0000000000000000    0.0000000000000000
135.0    0.0000000000000000    0.0000000000000000    0.0000000000000000    0.0000000000000000    0.0000000000000000
137.0    0.0000000000000000    0.0000000000000000    0.0000000000000000    0.0000000000000000    0.0000000000000000
139.0    0.0000000000000000    0.0000000000000000    0.0000000000000000    0.0000000000000000    0.0000000000000000
141.0    0.0000000000000000    0.0000000000000000    0.0000000000000000    0.0000000000000000    0.0000000000000000
143.0    0.0000000000000000    0.0000000000000000    0.0000000000000000    0.0000000000000000    0.0000000000000000
145.0    0.0000000000000000    0.0000000000000000    0.0000000000000000    0.0000000000000000    0.0000000000000000
147.0    0.0000000000000000    0.0000000000000000    0.0000000000000000    0.0000000000000000    0.0000000000000000
149.0    0.0000000000000000    0.0000000000000000    0.0000000000000000    0.0000000000000000    0.0000000000000000
151.0    0.0000000000000000    0.0000000000000000    0.0000000000000000    0.0000000000000000    0.0000000000000000
153.0    0.0000000000000000    0.0000000000000000    0.0000000000000000    0.0000000000000000    0.0000000000000000
155.0    0.0000000000000000    0.0000000000000000    0.0000000000000000    0.0000000000000000    0.0000000000000000
157.0    0.0000000000000000    0.0000000000000000    0.0000000000000000    0.0000000000000000    0.0000000000000000
159.0    0.0000000000000000    0.0000000000000000    0.0000000000000000    0.0000000000000000    0.0000000000000000
161.0    0.0000000000000000    0.0000000000000000    0.0000000000000000    0.0000000000000000    0.0000000000000000
163.0    0.0000000000000000    0.0000000000000000    0.0000000000000000    0.0000000000000000    0.0000000000000000
165.0    0.0000000000000000    0.0000000000000000    0.0000000000000000    0.0000000000000000    0.0000000000000000
167.0    0.0000000000000000    0.0000000000000000    0.0000000000000000    0.0000000000000000    0.0000000000000000
169.0    0.0000000000000000    0.0000000000000000    0.0000000000000000    0.0000000000000000    0.0000000000000000
171.0    0.0000000000000000    0.0000000000000000    0.0000000000000000    0.0000000000000000    0.0000000000000000
173.0    0.0000000000000000    0.0000000000000000    0.0000000000000000    0.0000000000000000    0.0000000000000000
175.0    0.0000000000000000    0.0000000000000000    0.0000000000000000    0.0000000000000000    0.0000000000000000
177.0    0.0000000000000000    0.0000000000000000    0.0000000000000000    0.0000000000000000    0.0000000000000000
179.0    0.0000000000000000    0.0000000000000000    0.0000000000000000    0.0000000000000000    0.0000000000000000
181.0    0.0000000000000000    0.0000000000000000    0.0000000000000000    0.0000000000000000    0.0000000000000000
183.0    0.0000000000000000    0.0000000000000000    0.0000000000000000    0.0000000000000000    0.0000000000000000
185.0    0.0000000000000000    0.0000000000000000    0.0000000000000000    0.0000000000000000    0.0000000000000000
187.0    0.0000000000000000    0.0000000000000000    0.0000000000000000    0.0000000000000000    0.0000000000000000
189.0    0.0000000000000000    0.0000000000000000    0.0000000000000000    0.0000000000000000    0.0000000000000000
191.0    0.0000000000000000    0.0000000000000000    0.0000000000000000    0.0000000000000000    0.0000000000000000
193.0    0.0000000000000000    0.0000000000000000    0.0000000000000000    0.0000000000000000    0.0000000000000000
195.0    0.0000000000000000    0.0000000000000000    0.0000000000000000    0.0000000000000000    0.0000000000000000
197.0    0.0000000000000000    0.0000000000000000    0.0000000000000000    0.0000000000000000    0.0000000000000000
199.0    0.0000000000000000    0.0000000000000000    0.0000000000000000    0.0000000000000000    0.0000000000000000
201.0    0.0000000000000000    0.0000000000000000    0.0000000000000000    0.0000000000000000    0.0000000000000000
203.0    0.0000000000000000    0.0000000000000000    0.0000000000000000    0.0000000000000000    0.0000000000000000
205.0    0.0000000000000000    0.0000000000000000    0.0000000000000000    0.0000000000000000    0.0000000000000000
207.0    0.0000000000000000    0.0000000000000000    0.0000000000000000    0.0000000000000000    0.0000000000000000
209.0    0.0000000000000000    0.0000000000000000    0.0000000000000000    0.0000000000000000    0.0000000000000000
211.0    0.0000000000000000    0.0000000000000000    0.0000000000000000    0.0000000000000000    0.0000000000000000
213.0    0.0000000000000000    0.0000000000000000    0.0000000000000000    0.0000000000000000    0.0000000000000000
215.0    0.0000000000000000    0.0000000000000000    0.0000000000000000    0.0000000000000000    0.0000000000000000
217.0    0.0000000000000000    0.0000000000000000    0.0000000000000000    0.0000000000000000    0.0000000000000000
219.0    0.0000000000000000    0.0000000000000000    0.0000000000000000    0.0000000000000000    0.0000000000000000
221.0    0.0000000000000000    0.0000000000000000    0.0000000000000000    0.0000000000000000    0.0000000000000000
223.0    0.0000000000000000    0.0000000000000000    0.0000000000000000    0.0000000000000000    0.0000000000000000
225.0    0.0000000000000000    0.0000000000000000    0.0000000000000000    0.0000000000000000    0.0000000000000000
227.0    0.0000000000000000    0.0000000000000000    0.0000000000000000    0.0000000000000000    0.0000000000000000
229.0    0.0000000000000000    0.0000000000000000    0.0000000000000000    0.0000000000000000    0.0000000000000000
231.0    0.0000000000000000    0.0000000000000000    0.0000000000000000    0.0000000000000000    0.0000000000000000
233.0    0.0000000000000000    0.0000000000000000    0.0000000000000000    0.0000000000000000    0.0000000000000000
235.0    0.0000000000000000    0.0000000000000000    0.0000000000000000    0.0000000000000000    0.0000000000000000
237.0    0.0000000000000000    0.0000000000000000    0.0000000000000000    0.0000000000000000    0.0000000000000000
239.0    0.0000000000000000    0.0000000000000000    0.0000000000000000    0.0000000000000000    0.0000000000000000
241.0    0.0000000000000000    0.0000000000000000    0.0000000000000000    0.0000000000000000    0.0000000000000000
243.0    0.0000000000000000    0.0000000000000000    0.0000000000000000    0.0000000000000000    0.0000000000000000
245.0    0.0000000000000000    0.0000000000000000    0.0000000000000000    0.0000000000000000    0.0000000000000000
247.0    0.0000000000000000    0.0000000000000000    0.0000000000000000    0.0000000000000000    0.0000000000000000
249.0    0.0000000000000000    0.0000000000000000    0.0000000000000000    0.0000000000000000    0.0000000000000000
251.0    0.0000000000000000    0.0000000000000000    0.0000000000000000    0.0000000000000000    0.0000000000000000
253.0    0.0000000000000000    0.0000000000000000    0.0000000000000000    0.0000000000000000    0.0000000000000000
255.0    0.0000000000000000    0.0000000000000000    0.0000000000000000    0.0000000000000000    0.0000000000000000
257.0    0.0000000000000000    0.0000000000000000    0.0000000000000000    0.0000000000000000    0.0000000000000000
259.0    0.0000000000000000    0.0000000000000000    0.0000000000000000    0.0000000000000000    0.0000000000000000
261.0    0.0000000000000000    0.0000000000000000    0.0000000000000000    0.0000000000000000    0.0000000000000000
263.0    0.0000000000000000    0.0000000000000000    0.0000000000000000    0.0000000000000000    0.0000000000000000
265.0    0.0000000000000000    0.0000000000000000    0.0000000000000000    0.0000000000000000    0.0000000000000000
267.0    0.0000000000000000    0.0000000000000000    0.0000000000000000    0.0000000000000000    0.0000000000000000
269.0    0.0000000000000000    0.0000000000000000    0.0000000000000000    0.0000000000000000    0.0000000000000000
271.0    0.0000000000000000    0.0000000000000000    0.0000000000000000    0.0000000000000000    0.0000000000000000
273.0    0.0000000000000000    0.0000000000000000    0.0000000000000000    0.0000000000000000    0.0000000000000000
275.0    0.0000000000000000    0.0000000000000000    0.0000000000000000    0.0000000000000000    0.0000000000000000
277.0    0.0000000000000000    0.0000000000000000    0.0000000000000000    0.0000000000000000    0.0000000000000000
279.0    0.0000000000000000    0.0000000000000000    0.0000000000000000    0.0000000000000000    0.0000000000000000
281.0    0.0000000000000000    0.0000000000000000    0.0000000000000000    0.0000000000000000    0.0000000000000000
283.0    0.0000000000000000    0.0000000000000000    0.0000000000000000    0.0000000000000000    0.0000000000000000
285.0    0.0000000000000000    0.0000000000000000    0.0000000000000000    0.0000000000000000    0.0000000000000000
287.0    0.0000000000000000    0.0000000000000000    0.0000000000000000    0.0000000000000000    0.0000000000000000
289.0    0.0000000000000000    0.0000000000000000    0.0000000000000000    0.0000000000000000    0.0000000000000000
291.0    0.0000000000000000    0.0000000000000000    0.0000000000000000    0.0000000000000000    0.0000000000000000
293.0    0.0000000000000000    0.0000000000000000    0.0000000000000000    0.0000000000000000    0.0000000000000000
295.0    0.0000000000000000    0.0000000000000000    0.0000000000000000    0.0000000000000000    0.0000000000000000
297.0    0.0000000000000000    0.0000000000000000    0.0000000000000000    0.0000000000000000    0.0000000000000000
299.0    0.0000000000000000    0.0000000000000000    0.0000000000000000    0.0000000000000000    0.0000000000000000
301.0    0.0000000000000000    0.0000000000000000    0.0000000000000000    0.0000000000000000    0.0000000000000000
303.0    0.0000000000000000    0.0000000000000000    0.0000000000000000    0.0000000000000000    0.0000000000000000
305.0    0.0000000000000000    0.0000000000000000    0.0000000000000000    0.0000000000000000    0.0000000000000000
307.0    0.0000000000000000    0.0000000000000000    0.0000000000000000    0.0000000000000000    0.0000000000000000
309.0    0.0000000000000000    0.0000000000000000    0.0000000000000000    0.0000000000000000    0.0000000000000000
311.0    0.0000000000000000    0.0000000000000000    0.0000000000000000    0.0000000000000000    0.0000000000000000
313.0    0.0000000000000000    0.0000000000000000    0.0000000000000000    0.0000000000000000    0.0000000000000000
315.0    0.0000000000000000    0.0000000000000000    0.0000000000000000    0.0000000000000000    0.0000000000000000
317.0    0.0000000000000000    0.0000000000000000    0.0000000000000000    0.0000000000000000    0.0000000000000000
319.0    0.0000000000000000    0.0000000000000000    0.0000000000000000    0.0000000000000000    0.0000000000000000
321.0    0.0000000000000000    0.0000000000000000    0.0000000000000000    0.0000000000000000    0.0000000000000000
323.0    0.0000000000000000    0.0000000000000000    0.0000000000000000    0.0000000000000000    0.0000000000000000
325.0    0.0000000000000000    0.0000000000000000    0.0000000000000000    0.0000000000000000    0.0000000000000000
327.0    0.0000000000000000    0.0000000000000000    0.0000000000000000    0.0000000000000000    0.0000000000000000
329.0    0.0000000000000000    0.0000000000000000    0.0000000000000000    0.0000000000000000    0.0000000000000000
331.0    0.0000000000000000    0.0000000000000000    0.0000000000000000    0.0000000000000000    0.0000000000000000
333.0    0.0000000000000000    0.0000000000000000    0.0000000000000000    0.0000000000000000    0.0000000000000000
335.0    0.0000000000000000    0.0000000000000000    0.0000000000000000    0.0000000000000000    0.0000000000000000
337.0    0.0000000000000000    0.0000000000000000    0.0000000000000000    0.0000000000000000    0.0000000000000000
339.0    0.0000000000000000    0.0000000000000000    0.0000000000000000    0.0000000000000000    0.0000000000000000
341.0    0.0000000000000000    0.0000000000000000    0.0000000000000000    0.0000000000000000    0.0000000000000000
343.0    0.0000000000000000    0.0000000000000000    0.0000000000000000    0.0000000000000000    0.0000000000000000
345.0    0.0000000000000000    0.0000000000000000    0.0000000000000000    0.0000000000000000    0.0000000000000000
347.0    0.0000000000000000    0.0000000000000000    0.0000000000000000    0.0000000000000000    0.0000000000000000
349.0    0.0000000000000000    0.0000000000000000    0.0000000000000000    0.0000000000000000    0.0000000000000000
351.0    0.0000000000000000    0.0000000000000000    0.0000000000000000    0.0000000000000000    0.0000000000000000
353.0    0.0000000000000000    0.0000000000000000    0.0000000000000000    0.0000000000000000    0.0000000000000000
355.0    0.0000000000000000    0.0000000000000000    0.0000000000000000    0.0000000000000000    0.0000000000000000
357.0    0.0000000000000000    0.0000000000000000    0.0000000000000000    0.0000000000000000    0.0000000000000000
359.0    0.0000000000000000    0.0000000000000000    0.0000000000000000    0.0000000000000000    0.0000000000000000
361.0    0.0000000000000000    0.0000000000000000    0.0000000000000000    0.0000000000000000    0.0000000000000000
363.0    0.0000000000000000    0.0000000000000000    0.0000000000000000    0.0000000000000000    0.0000000000000000
365.0    0.0000000000000000    0.0000000000000000    0.0000000000000000    0.0000000000000000    0.0000000000000000
367.0    0.0000000000000000    0.0000000000000000    0.0000000000000000    0.0000000000000000    0.0000000000000000
369.0    0.0000000000000000    0.0000000000000000    0.0000000000000000    0.0000000000000000    0.0000000000000000
371.0    0.0000000000000000    0.0000000000000000    0.0000000000000000    0.0000000000000000    0.0000000000000000
373.0    0.0000000000000000    0.0000000000000000    0.0000000000000000    0.0000000000000000    0.0000000000000000
375.0    0.0000000000000000    0.0000000000000000    0.0000000000000000    0.0000000000000000    0.0000000000000000
377.0    0.0000000000000000    0.0000000000000000    0.0000000000000000    0.0000000000000000    0.0000000000000000
379.0    0.0000000000000000    0.0000000000000000    0.0000000000000000    0.0000000000000000    0.0000000000000000
381.0    0.0000000000000000    0.0000000000000000    0.0000000000000000    0.0000000000000000    0.0000000000000000
383.0    0.0000000000000000    0.0000000000000000    0.0000000000000000    0.0000000000000000    0.0000000000000000
385.0    0.0000000000000000    0.0000000000000000    0.0000000000000000    0.0000000000000000    0.0000000000000000
387.0    0.0000000000000000    0.0000000000000000    0.0000000000000000    0.0000000000000000    0.0000000000000000
389.0    0.0000000000000000    0.0000000000000000    0.0000000000000000    0.0000000000000000    0.0000000000000000
391.0    0.0000000000000000    0.0000000000000000    0.0000000000000000    0.0000000000000000    0.0000000000000000
393.0    0.0000000000000000    0.0000000000000000    0.0000000000000000    0.0000000000000000    0.0000000000000000
395.0    0.0000000000000000    0.0000000000000000    0.0000000000000000    0.0000000000000000    0.0000000000000000
397.0    0.0000000000000000    0.0000000000000000    0.0000000000000000    0.0000000000000000    0.0000000000000000
399.0    0.0000000000000000    0.0000000000000000    0.0000000000000000    0.0000000000000000    0.0000000000000000
401.0    0.0000000000000000    0.0000000000000000    0.0000000000000000    0.0000000000000000    0.0000000000000000
403.0    0.0000000000000000    0.0000000000000000    0.0000000000000000    0.0000000000000000    0.0000000000000000
405.0    0.0000000000000000    0.0000000000000000    0.0000000000000000    0.0000000000000000    0.0000000000000000
407.0    0.0000000000000000    0.0000000000000000    0.0000000000000000    0.0000000000000000    0.0000000000000000
409.0    0.0000000000000000    0.0000000000000000    0.0000000000000000    0.0000000000000000    0.0000000000000000
411.0    0.0000000000000000    0.0000000000000000    0.0000000000000000    0.0000000000000000    0.0000000000000000
413.0    0.0000000000000000    0.0000000000000000    0.0000000000000000    0.0000000000000000    0.0000000000000000
415.0    0.0000000000000000    0.0000000000000000    0.0000000000000000    0.0000000000000000    0.0000000000000000
417.0    0.0000000000000000    0.0000000000000000    0.0000000000000000    0.0000000000000000    0.0000000000000000
419.0    0.0000000000000000    0.0000000000000000    0.0000000000000000    0.0000000000000000    0.0000000000000000
421.0    0.0000000000000000    0.0000000000000000    0.0000000000000000    0.0000000000000000    0.0000000000000000
423.0    0.0000000000000000    0.0000000000000000    0.0000000000000000    0.0000000000000000    0.0000000000000000
425.0    0.0000000000000000    0.0000000000000000    0.0000000000000000    0.0000000000000000    0.0000000000000000
427.0    0.0000000000000000    0.0000000000000000    0.0000000000000000    0.0000000000000000    0.0000000000000000
429.0    0.0000000000000000    0.0000000000000000    0.0000000000000000    0.0000000000000000    0.0000000000000000
431.0    0.0000000000000000    0.0000000000000000    0.0000000000000000    0.0000000000000000    0.0000000000000000
433.0    0.0000000000000000    0.0000000000000000    0.0000000000000000    0.0000000000000000    0.0000000000000000
435.0    0.0000000000000000    0.0000000000000000    0.0000000000000000    0.0000000000000000    0.0000000000000000
437.0    0.0000000000000000    0.0000000000000000    0.0000000000000000    0.0000000000000000    0.0000000000000000
439.0    0.0000000000000000    0.0000000000000000    0.0000000000000000    0.0000000000000000    0.0000000000000000
441.0    0.0000000000000000    0.0000000000000000    0.0000000000000000    0.0000000000000000    0.0000000000000000
443.0    0.0000000000000000    0.0000000000000000    0.0000000000000000    0.0000000000000000    0.0000000000000000
445.0    0.0000000000000001    0.0000000000000000    0.0000000000000001    0.0000000000000001    0.0000000000000000
447.0    0.0000000000000001    0.0000000000000000    0.0000000000000001    0.0000000000000001    0.0000000000000001
449.0    0.0000000000000001    0.0000000000000001    0.0000000000000001    0.0000000000000001    0.0000000000000001
451.0    0.0000000000000001    0.0000000000000001    0.0000000000000001    0.0000000000000001    0.0000000000000001
453.0    0.0000000000000001    0.0000000000000001    0.0000000000000001    0.0000000000000001    0.0000000000000001
455.0    0.0000000000000001    0.0000000000000001    0.0000000000000001    0.0000000000000002    0.0000000000000001
457.0    0.0000000000000002    0.0000000000000001    0.0000000000000002    0.0000000000000002    0.0000000000000002
459.0    0.0000000000000002    0.0000000000000001    0.0000000000000002    0.0000000000000002    0.0000000000000002
461.0    0.0000000000000003    0.0000000000000002    0.0000000000000002    0.0000000000000003    0.0000000000000002
463.0    0.0000000000000003    0.0000000000000002    0.0000000000000003    0.0000000000000003    0.0000000000000003
465.0    0.0000000000000004    0.0000000000000003    0.0000000000000003    0.0000000000000004    0.0000000000000003
467.0    0.0000000000000004    0.0000000000000003    0.0000000000000004    0.0000000000000005    0.0000000000000004
469.0    0.0000000000000005    0.0000000000000004    0.0000000000000005    0.0000000000000005    0.0000000000000005
471.0    0.0000000000000006    0.0000000000000004    0.0000000000000005    0.0000000000000006    0.0000000000000005
473.0    0.0000000000000007    0.0000000000000005    0.0000000000000006    0.0000000000000008    0.0000000000000006
475.0    0.0000000000000008    0.0000000000000006    0.0000000000000008    0.0000000000000009    0.0000000000000008
477.0    0.0000000000000009    0.0000000000000007    0.0000000000000009    0.0000000000000010    0.0000000000000009
479.0    0.0000000000000011    0.0000000000000008    0.0000000000000010    0.0000000000000012    0.0000000000000010
481.0    0.0000000000000013    0.0000000000000010    0.0000000000000012    0.0000000000000014    0.0000000000000012
483.0    0.0000000000000015    0.0000000000000011    0.0000000000000014    0.0000000000000016    0.0000000000000014
485.0    0.0000000000000017    0.0000000000000013    0.0000000000000016    0.0000000000000018    0.0000000000000016
487.0    0.0000000000000019    0.0000000000000016    0.0000000000000018    0.0000000000000021    0.0000000000000018
489.0    0.0000000000000022    0.0000000000000018    0.0000000000000020    0.0000000000000024    0.0000000000000021
491.0    0.0000000000000025    0.0000000000000021    0.0000000000000023    0.0000000000000027    0.0000000000000024
493.0    0.0000000000000028    0.0000000000000023    0.0000000000000026    0.0000000000000030    0.0000000000000027
495.0    0.0000000000000032    0.0000000000000027    0.0000000000000030    0.0000000000000034    0.0000000000000030
497.0    0.0000000000000036    0.0000000000000031    0.0000000000000033    0.0000000000000039    0.0000000000000034
499.0    0.0000000000000040    0.0000000000000035    0.0000000000000038    0.0000000000000043    0.0000000000000038
501.0    0.0000000000000045    0.0000000000000039    0.0000000000000042    0.0000000000000049    0.0000000000000043
503.0    0.0000000000000051    0.0000000000000044    0.0000000000000047    0.0000000000000054    0.0000000000000048
505.0    0.0000000000000056    0.0000000000000050    0.0000000000000052    0.0000000000000060    0.0000000000000054
507.0    0.0000000000000062    0.0000000000000056    0.0000000000000058    0.0000000000000067    0.0000000000000060
509.0    0.0000000000000069    0.0000000000000062    0.0000000000000064    0.0000000000000074    0.0000000000000066
511.0    0.0000000000000076    0.0000000000000069    0.0000000000000071    0.0000000000000081    0.0000000000000073
513.0    0.0000000000000084    0.0000000000000076    0.0000000000000078    0.0000000000000089    0.0000000000000081
515.0    0.0000000000000092    0.0000000000000084    0.0000000000000086    0.0000000000000098    0.0000000000000088
517.0    0.0000000000000101    0.0000000000000093    0.0000000000000094    0.0000000000000107    0.0000000000000097
519.0    0.0000000000000110    0.0000000000000102    0.0000000000000103    0.0000000000000116    0.0000000000000106
521.0    0.0000000000000119    0.0000000000000111    0.0000000000000112    0.0000000000000126    0.0000000000000116
523.0    0.0000000000000130    0.0000000000000121    0.0000000000000122    0.0000000000000137    0.0000000000000126
525.0    0.0000000000000140    0.0000000000000132    0.0000000000000131    0.0000000000000147    0.0000000000000136
527.0    0.0000000000000151    0.0000000000000143    0.0000000000000142    0.0000000000000159    0.0000000000000146
529.0    0.0000000000000163    0.0000000000000155    0.0000000000000153    0.0000000000000171    0.0000000000000158
531.0    0.0000000000000174    0.0000000000000167    0.0000000000000164    0.0000000000000183    0.0000000000000170
533.0    0.0000000000000186    0.0000000000000179    0.0000000000000176    0.0000000000000195    0.0000000000000182
535.0    0.0000000000000199    0.0000000000000192    0.0000000000000188    0.0000000000000208    0.0000000000000194
537.0    0.0000000000000212    0.0000000000000206    0.0000000000000200    0.0000000000000221    0.0000000000000206
539.0    0.0000000000000225    0.0000000000000219    0.0000000000000213    0.0000000000000235    0.0000000000000220
541.0    0.0000000000000238    0.0000000000000233    0.0000000000000226    0.0000000000000248    0.0000000000000233
543.0    0.0000000000000252    0.0000000000000246    0.0000000000000239    0.0000000000000262    0.0000000000000247
545.0    0.0000000000000265    0.0000000000000261    0.0000000000000252    0.0000000000000275    0.0000000000000260
547.0    0.0000000000000279    0.0000000000000275    0.0000000000000265    0.0000000000000289    0.0000000000000273
549.0    0.0000000000000293    0.0000000000000289    0.0000000000000279    0.0000000000000303    0.0000000000000287
551.0    0.0000000000000306    0.0000000000000303    0.0000000000000292    0.0000000000000317    0.0000000000000301
553.0    0.0000000000000320    0.0000000000000317    0.0000000000000306    0.0000000000000331    0.0000000000000315
555.0    0.0000000000000333    0.0000000000000331    0.0000000000000319    0.0000000000000344    0.0000000000000329
557.0    0.0000000000000347    0.0000000000000345    0.0000000000000333    0.0000000000000357    0.0000000000000342
559.0    0.0000000000000360    0.0000000000000359    0.0000000000000346    0.0000000000000371    0.0000000000000355
561.0    0.0000000000000373    0.0000000000000372    0.0000000000000360    0.0000000000000384    0.0000000000000368
563.0    0.0000000000000386    0.0000000000000385    0.0000000000000372    0.0000000000000396    0.0000000000000381
565.0    0.0000000000000399    0.0000000000000398    0.0000000000000385    0.0000000000000409    0.0000000000000394
567.0    0.0000000000000411    0.0000000000000411    0.0000000000000398    0.0000000000000421    0.0000000000000406
569.0    0.0000000000000424    0.0000000000000424    0.0000000000000411    0.0000000000000433    0.0000000000000418
571.0    0.0000000000000436    0.0000000000000435    0.0000000000000422    0.0000000000000445    0.0000000000000431
573.0    0.0000000000000448    0.0000000000000447    0.0000000000000434    0.0000000000000457    0.0000000000000443
575.0    0.0000000000000459    0.0000000000000458    0.0000000000000446    0.0000000000000468    0.0000000000000454
577.0    0.0000000000000471    0.0000000000000469    0.0000000000000458    0.0000000000000480    0.0000000000000465
579.0    0.0000000000000482    0.0000000000000480    0.0000000000000469    0.0000000000000491    0.0000000000000476
581.0    0.0000000000000493    0.0000000000000490    0.0000000000000480    0.0000000000000502    0.0000000000000487
583.0    0.0000000000000504    0.0000000000000500    0.0000000000000492    0.0000000000000513    0.0000000000000498
585.0    0.0000000000000515    0.0000000000000511    0.0000000000000503    0.0000000000000524    0.0000000000000509
587.0    0.0000000000000526    0.0000000000000521    0.0000000000000514    0.0000000000000535    0.0000000000000520
589.0    0.0000000000000537    0.0000000000000531    0.0000000000000525    0.0000000000000546    0.0000000000000531
591.0    0.0000000000000548    0.0000000000000541    0.0000000000000536    0.0000000000000558    0.0000000000000541
593.0    0.0000000000000560    0.0000000000000551    0.0000000000000548    0.0000000000000569    0.0000000000000553
595.0    0.0000000000000571    0.0000000000000562    0.0000000000000559    0.0000000000000582    0.0000000000000564
597.0    0.0000000000000583    0.0000000000000573    0.0000000000000571    0.0000000000000594    0.0000000000000576
599.0    0.0000000000000596    0.0000000000000584    0.0000000000000583    0.0000000000000607    0.0000000000000588
601.0    0.0000000000000609    0.0000000000000596    0.0000000000000596    0.0000000000000621    0.0000000000000600
603.0    0.0000000000000622    0.0000000000000608    0.0000000000000609    0.0000000000000635    0.0000000000000613
605.0    0.0000000000000637    0.0000000000000621    0.0000000000000622    0.0000000000000649    0.0000000000000627
607.0    0.0000000000000652    0.0000000000000635    0.0000000000000636    0.0000000000000665    0.0000000000000641
609.0    0.0000000000000668    0.0000000000000649    0.0000000000000652    0.0000000000000682    0.0000000000000656
611.0    0.0000000000000684    0.0000000000000664    0.0000000000000667    0.0000000000000699    0.0000000000000672
613.0    0.0000000000000701    0.0000000000000680    0.0000000000000684    0.0000000000000717    0.0000000000000689
615.0    0.0000000000000720    0.0000000000000698    0.0000000000000702    0.0000000000000737    0.0000000000000707
617.0    0.0000000000000740    0.0000000000000717    0.0000000000000721    0.0000000000000759    0.0000000000000726
619.0    0.0000000000000761    0.0000000000000736    0.0000000000000740    0.0000000000000780    0.0000000000000747
621.0    0.0000000000000784    0.0000000000000756    0.0000000000000760    0.0000000000000804    0.0000000000000768
623.0    0.0000000000000807    0.0000000000000779    0.0000000000000783    0.0000000000000829    0.0000000000000790
625.0    0.0000000000000832    0.0000000000000803    0.0000000000000807    0.0000000000000855    0.0000000000000814
627.0    0.0000000000000858    0.0000000000000828    0.0000000000000831    0.0000000000000883    0.0000000000000840
629.0    0.0000000000000887    0.0000000000000854    0.0000000000000857    0.0000000000000913    0.0000000000000868
631.0    0.0000000000000916    0.0000000000000882    0.0000000000000885    0.0000000000000943    0.0000000000000895
633.0    0.0000000000000947    0.0000000000000912    0.0000000000000915    0.0000000000000976    0.0000000000000924
635.0    0.0000000000000980    0.0000000000000944    0.0000000000000945    0.0000000000001011    0.0000000000000957
637.0    0.0000000000001013    0.0000000000000978    0.0000000000000977    0.0000000000001046    0.0000000000000990
639.0    0.0000000000001050    0.0000000000001012    0.0000000000001011    0.0000000000001084    0.0000000000001026
641.0    0.0000000000001088    0.0000000000001048    0.0000000000001048    0.0000000000001124    0.0000000000001063
643.0    0.0000000000001127    0.0000000000001087    0.0000000000001084    0.0000000000001164    0.0000000000001101
645.0    0.0000000000001169    0.0000000000001128    0.0000000000001122    0.0000000000001207    0.0000000000001140
647.0    0.0000000000001210    0.0000000000001171    0.0000000000001164    0.0000000000001253    0.0000000000001182
649.0    0.0000000000001255    0.0000000000001214    0.0000000000001207    0.0000000000001298    0.0000000000001227
651.0    0.0000000000001302    0.0000000000001258    0.0000000000001251    0.0000000000001347    0.0000000000001273
653.0    0.0000000000001351    0.0000000000001307    0.0000000000001295    0.0000000000001398    0.0000000000001319
655.0    0.0000000000001401    0.0000000000001357    0.0000000000001344    0.0000000000001448    0.0000000000001367
657.0    0.0000000000001451    0.0000000000001409    0.0000000000001394    0.0000000000001500    0.0000000000001418
659.0    0.0000000000001504    0.0000000000001461    0.0000000000001444    0.0000000000001556    0.0000000000001471
661.0    0.0000000000001560    0.0000000000001515    0.0000000000001496    0.0000000000001613    0.0000000000001526
663.0    0.0000000000001617    0.0000000000001572    0.0000000000001552    0.0000000000001670    0.0000000000001581
665.0    0.0000000000001676    0.0000000000001631    0.0000000000001609    0.0000000000001731    0.0000000000001637
667.0    0.0000000000001736    0.0000000000001692    0.0000000000001665    0.0000000000001794    0.0000000000001697
669.0    0.0000000000001798    0.0000000000001752    0.0000000000001724    0.0000000000001855    0.0000000000001759
671.0    0.0000000000001859    0.0000000000001814    0.0000000000001786    0.0000000000001920    0.0000000000001822
673.0    0.0000000000001924    0.0000000000001880    0.0000000000001849    0.0000000000001987    0.0000000000001887
675.0    0.0000000000001990    0.0000000000001947    0.0000000000001912    0.0000000000002053    0.0000000000001951
677.0    0.0000000000002058    0.0000000000002016    0.0000000000001976    0.0000000000002123    0.0000000000002015
679.0    0.0000000000002127    0.0000000000002083    0.0000000000002044    0.0000000000002194    0.0000000000002085
681.0    0.0000000000002195    0.0000000000002152    0.0000000000002113    0.0000000000002263    0.0000000000002155
683.0    0.0000000000002266    0.0000000000002224    0.0000000000002181    0.0000000000002336    0.0000000000002227
685.0    0.0000000000002339    0.0000000000002298    0.0000000000002249    0.0000000000002411    0.0000000000002296
687.0    0.0000000000002412    0.0000000000002373    0.0000000000002322    0.0000000000002483    0.0000000000002367
689.0    0.0000000000002487    0.0000000000002446    0.0000000000002396    0.0000000000002559    0.0000000000002442
691.0    0.0000000000002563    0.0000000000002520    0.0000000000002468    0.0000000000002637    0.0000000000002518
693.0    0.0000000000002639    0.0000000000002598    0.0000000000002541    0.0000000000002711    0.0000000000002595
695.0    0.0000000000002713    0.0000000000002677    0.0000000000002618    0.0000000000002790    0.0000000000002669
697.0    0.0000000000002791    0.0000000000002756    0.0000000000002695    0.0000000000002869    0.0000000000002744
699.0    0.0000000000002869    0.0000000000002833    0.0000000000002770    0.0000000000002946    0.0000000000002823
701.0    0.0000000000002948    0.0000000000002911    0.0000000000002846    0.0000000000003023    0.0000000000002903
703.0    0.0000000000003028    0.0000000000002992    0.0000000000002926    0.0000000000003104    0.0000000000002983
705.0    0.0000000000003105    0.0000000000003073    0.0000000000003006    0.0000000000003185    0.0000000000003064
707.0    0.0000000000003185    0.0000000000003152    0.0000000000003083    0.0000000000003263    0.0000000000003141
709.0    0.0000000000003266    0.0000000000003231    0.0000000000003161    0.0000000000003345    0.0000000000003219
711.0    0.0000000000003347    0.0000000000003314    0.0000000000003242    0.0000000000003427    0.0000000000003301
713.0    0.0000000000003428    0.0000000000003396    0.0000000000003323    0.0000000000003505    0.0000000000003383
715.0    0.0000000000003505    0.0000000000003479    0.0000000000003401    0.0000000000003587    0.0000000000003465
717.0    0.0000000000003586    0.0000000000003558    0.0000000000003480    0.0000000000003669    0.0000000000003543
719.0    0.0000000000003668    0.0000000000003638    0.0000000000003562    0.0000000000003748    0.0000000000003622
721.0    0.0000000000003749    0.0000000000003720    0.0000000000003643    0.0000000000003829    0.0000000000003703
723.0    0.0000000000003830    0.0000000000003802    0.0000000000003722    0.0000000000003911    0.0000000000003785
725.0    0.0000000000003910    0.0000000000003885    0.0000000000003800    0.0000000000003989    0.0000000000003867
727.0    0.0000000000003991    0.0000000000003963    0.0000000000003882    0.0000000000004071    0.0000000000003945
729.0    0.0000000000004068    0.0000000000004042    0.0000000000003963    0.0000000000004152    0.0000000000004023
731.0    0.0000000000004148    0.0000000000004123    0.0000000000004041    0.0000000000004229    0.0000000000004103
733.0    0.0000000000004228    0.0000000000004204    0.0000000000004119    0.0000000000004309    0.0000000000004184
735.0    0.0000000000004308    0.0000000000004285    0.0000000000004199    0.0000000000004390    0.0000000000004264
737.0    0.0000000000004387    0.0000000000004362    0.0000000000004280    0.0000000000004466    0.0000000000004344
739.0    0.0000000000004462    0.0000000000004438    0.0000000000004357    0.0000000000004545    0.0000000000004421
741.0    0.0000000000004541    0.0000000000004518    0.0000000000004433    0.0000000000004624    0.0000000000004497
743.0    0.0000000000004619    0.0000000000004597    0.0000000000004512    0.0000000000004700    0.0000000000004576
745.0    0.0000000000004697    0.0000000000004675    0.0000000000004592    0.0000000000004778    0.0000000000004654
747.0    0.0000000000004774    0.0000000000004750    0.0000000000004667    0.0000000000004856    0.0000000000004732
749.0    0.0000000000004849    0.0000000000004825    0.0000000000004742    0.0000000000004931    0.0000000000004807
751.0    0.0000000000004925    0.0000000000004902    0.0000000000004820    0.0000000000005005    0.0000000000004881
753.0    0.0000000000005002    0.0000000000004979    0.0000000000004898    0.0000000000005082    0.0000000000004958
755.0    0.0000000000005078    0.0000000000005055    0.0000000000004972    0.0000000000005158    0.0000000000005035
757.0    0.0000000000005154    0.0000000000005129    0.0000000000005046    0.0000000000005232    0.0000000000005111
759.0    0.0000000000005229    0.0000000000005201    0.0000000000005123    0.0000000000005308    0.0000000000005184
761.0    0.0000000000005305    0.0000000000005277    0.0000000000005199    0.0000000000005384    0.0000000000005256
763.0    0.0000000000005377    0.0000000000005352    0.0000000000005272    0.0000000000005456    0.0000000000005332
765.0    0.0000000000005452    0.0000000000005427    0.0000000000005345    0.0000000000005532    0.0000000000005407
767.0    0.0000000000005526    0.0000000000005499    0.0000000000005421    0.0000000000005607    0.0000000000005482
769.0    0.0000000000005601    0.0000000000005571    0.0000000000005496    0.0000000000005679    0.0000000000005557
771.0    0.0000000000005675    0.0000000000005645    0.0000000000005569    0.0000000000005755    0.0000000000005629
773.0    0.0000000000005747    0.0000000000005720    0.0000000000005641    0.0000000000005830    0.0000000000005700
775.0    0.0000000000005821    0.0000000000005794    0.0000000000005716    0.0000000000005902    0.0000000000005775
777.0    0.0000000000005895    0.0000000000005865    0.0000000000005791    0.0000000000005977    0.0000000000005849
779.0    0.0000000000005969    0.0000000000005937    0.0000000000005863    0.0000000000006052    0.0000000000005924
781.0    0.0000000000006043    0.0000000000006011    0.0000000000005935    0.0000000000006124    0.0000000000005995
783.0    0.0000000000006118    0.0000000000006085    0.0000000000006010    0.0000000000006199    0.0000000000006067
785.0    0.0000000000006192    0.0000000000006160    0.0000000000006085    0.0000000000006274    0.0000000000006141
787.0    0.0000000000006263    0.0000000000006231    0.0000000000006157    0.0000000000006346    0.0000000000006216
789.0    0.0000000000006338    0.0000000000006303    0.0000000000006229    0.0000000000006422    0.0000000000006291
791.0    0.0000000000006412    0.0000000000006378    0.0000000000006304    0.0000000000006497    0.0000000000006363
793.0    0.0000000000006487    0.0000000000006453    0.0000000000006379    0.0000000000006570    0.0000000000006435
795.0    0.0000000000006562    0.0000000000006528    0.0000000000006452    0.0000000000006642    0.0000000000006510
797.0    0.0000000000006634    0.0000000000006601    0.0000000000006524    0.0000000000006719    0.0000000000006585
799.0    0.0000000000006709    0.0000000000006673    0.0000000000006600    0.0000000000006795    0.0000000000006661
801.0    0.0000000000006784    0.0000000000006749    0.0000000000006676    0.0000000000006868    0.0000000000006737
803.0    0.0000000000006860    0.0000000000006825    0.0000000000006749    0.0000000000006945    0.0000000000006809
805.0    0.0000000000006936    0.0000000000006901    0.0000000000006822    0.0000000000007022    0.0000000000006882
807.0    0.0000000000007009    0.0000000000006975    0.0000000000006898    0.0000000000007095    0.0000000000006959
809.0    0.0000000000007085    0.0000000000007049    0.0000000000006975    0.0000000000007173    0.0000000000007035
811.0    0.0000000000007161    0.0000000000007126    0.0000000000007048    0.0000000000007250    0.0000000000007112
813.0    0.0000000000007238    0.0000000000007203    0.0000000000007122    0.0000000000007324    0.0000000000007186
815.0    0.0000000000007314    0.0000000000007281    0.0000000000007200    0.0000000000007402    0.0000000000007260
817.0    0.0000000000007391    0.0000000000007355    0.0000000000007277    0.0000000000007480    0.0000000000007337
819.0    0.0000000000007468    0.0000000000007430    0.0000000000007351    0.0000000000007554    0.0000000000007415
821.0    0.0000000000007542    0.0000000000007508    0.0000000000007426    0.0000000000007632    0.0000000000007493
823.0    0.0000000000007619    0.0000000000007586    0.0000000000007503    0.0000000000007711    0.0000000000007567
825.0    0.0000000000007697    0.0000000000007662    0.0000000000007578    0.0000000000007785    0.0000000000007642
827.0    0.0000000000007774    0.0000000000007737    0.0000000000007653    0.0000000000007864    0.0000000000007720
829.0    0.0000000000007851    0.0000000000007816    0.0000000000007731    0.0000000000007942    0.0000000000007798
831.0    0.0000000000007926    0.0000000000007894    0.0000000000007809    0.0000000000008017    0.0000000000007877
833.0    0.0000000000008003    0.0000000000007973    0.0000000000007884    0.0000000000008095    0.0000000000007955
835.0    0.0000000000008081    0.0000000000008049    0.0000000000007959    0.0000000000008174    0.0000000000008030
837.0    0.0000000000008158    0.0000000000008124    0.0000000000008038    0.0000000000008249    0.0000000000008105
839.0    0.0000000000008236    0.0000000000008203    0.0000000000008116    0.0000000000008327    0.0000000000008183
841.0    0.0000000000008313    0.0000000000008281    0.0000000000008191    0.0000000000008405    0.0000000000008261
843.0    0.0000000000008390    0.0000000000008360    0.0000000000008266    0.0000000000008479    0.0000000000008339
845.0    0.0000000000008464    0.0000000000008435    0.0000000000008344    0.0000000000008554    0.0000000000008414
847.0    0.0000000000008541    0.0000000000008510    0.0000000000008422    0.0000000000008631    0.0000000000008489
849.0    0.0000000000008618    0.0000000000008588    0.0000000000008496    0.0000000000008709    0.0000000000008566
851.0    0.0000000000008694    0.0000000000008666    0.0000000000008571    0.0000000000008783    0.0000000000008644
853.0    0.0000000000008771    0.0000000000008743    0.0000000000008648    0.0000000000008860    0.0000000000008721
855.0    0.0000000000008844    0.0000000000008817    0.0000000000008725    0.0000000000008936    0.0000000000008798
857.0    0.0000000000008920    0.0000000000008892    0.0000000000008799    0.0000000000009009    0.0000000000008871
859.0    0.0000000000008995    0.0000000000008968    0.0000000000008873    0.0000000000009085    0.0000000000008945
861.0    0.0000000000009071    0.0000000000009045    0.0000000000008949    0.0000000000009161    0.0000000000009021
863.0    0.0000000000009146    0.0000000000009121    0.0000000000009026    0.0000000000009233    0.0000000000009097
865.0    0.0000000000009217    0.0000000000009194    0.0000000000009098    0.0000000000009309    0.0000000000009172
867.0    0.0000000000009292    0.0000000000009266    0.0000000000009171    0.0000000000009383    0.0000000000009244
869.0    0.0000000000009366    0.0000000000009341    0.0000000000009246    0.0000000000009454    0.0000000000009316
871.0    0.0000000000009439    0.0000000000009416    0.0000000000009321    0.0000000000009528    0.0000000000009391
873.0    0.0000000000009513    0.0000000000009490    0.0000000000009393    0.0000000000009602    0.0000000000009465
875.0    0.0000000000009585    0.0000000000009561    0.0000000000009464    0.0000000000009672    0.0000000000009538
877.0    0.0000000000009658    0.0000000000009631    0.0000000000009538    0.0000000000009745    0.0000000000009609
879.0    0.0000000000009727    0.0000000000009704    0.0000000000009611    0.0000000000009817    0.0000000000009679
881.0    0.0000000000009799    0.0000000000009777    0.0000000000009681    0.0000000000009886    0.0000000000009751
883.0    0.0000000000009870    0.0000000000009849    0.0000000000009751    0.0000000000009958    0.0000000000009823
885.0    0.0000000000009941    0.0000000000009918    0.0000000000009823    0.0000000000010029    0.0000000000009895
887.0    0.0000000000010011    0.0000000000009986    0.0000000000009895    0.0000000000010097    0.0000000000009966
889.0    0.0000000000010079    0.0000000000010057    0.0000000000009964    0.0000000000010164    0.0000000000010034
891.0    0.0000000000010148    0.0000000000010127    0.0000000000010032    0.0000000000010234    0.0000000000010101
893.0    0.0000000000010217    0.0000000000010197    0.0000000000010102    0.0000000000010304    0.0000000000010171
895.0    0.0000000000010286    0.0000000000010264    0.0000000000010172    0.0000000000010370    0.0000000000010241
897.0    0.0000000000010355    0.0000000000010330    0.0000000000010239    0.0000000000010439    0.0000000000010310
899.0    0.0000000000010420    0.0000000000010399    0.0000000000010306    0.0000000000010507    0.0000000000010376
901.0    0.0000000000010488    0.0000000000010467    0.0000000000010375    0.0000000000010572    0.0000000000010441
903.0    0.0000000000010555    0.0000000000010535    0.0000000000010444    0.0000000000010640    0.0000000000010509
905.0    0.0000000000010622    0.0000000000010600    0.0000000000010509    0.0000000000010707    0.0000000000010577
907.0    0.0000000000010688    0.0000000000010664    0.0000000000010574    0.0000000000010771    0.0000000000010644
909.0    0.0000000000010755    0.0000000000010731    0.0000000000010641    0.0000000000010837    0.0000000000010708
911.0    0.0000000000010820    0.0000000000010797    0.0000000000010709    0.0000000000010903    0.0000000000010772
913.0    0.0000000000010883    0.0000000000010863    0.0000000000010772    0.0000000000010966    0.0000000000010838
915.0    0.0000000000010948    0.0000000000010926    0.0000000000010836    0.0000000000011032    0.0000000000010903
917.0    0.0000000000011013    0.0000000000010989    0.0000000000010902    0.0000000000011097    0.0000000000010969
919.0    0.0000000000011078    0.0000000000011054    0.0000000000010968    0.0000000000011159    0.0000000000011034
921.0    0.0000000000011142    0.0000000000011118    0.0000000000011031    0.0000000000011224    0.0000000000011096
923.0    0.0000000000011203    0.0000000000011183    0.0000000000011093    0.0000000000011288    0.0000000000011158
925.0    0.0000000000011267    0.0000000000011244    0.0000000000011158    0.0000000000011349    0.0000000000011222
927.0    0.0000000000011330    0.0000000000011305    0.0000000000011222    0.0000000000011413    0.0000000000011286
929.0    0.0000000000011393    0.0000000000011369    0.0000000000011284    0.0000000000011476    0.0000000000011349
931.0    0.0000000000011456    0.0000000000011432    0.0000000000011345    0.0000000000011537    0.0000000000011410
933.0    0.0000000000011518    0.0000000000011495    0.0000000000011408    0.0000000000011597    0.0000000000011470
935.0    0.0000000000011580    0.0000000000011555    0.0000000000011472    0.0000000000011659    0.0000000000011533
937.0    0.0000000000011640    0.0000000000011615    0.0000000000011532    0.0000000000011722    0.0000000000011596
939.0    0.0000000000011702    0.0000000000011678    0.0000000000011592    0.0000000000011781    0.0000000000011658
941.0    0.0000000000011763    0.0000000000011740    0.0000000000011655    0.0000000000011843    0.0000000000011717
943.0    0.0000000000011824    0.0000000000011799    0.0000000000011717    0.0000000000011905    0.0000000000011776
945.0    0.0000000000011885    0.0000000000011858    0.0000000000011777    0.0000000000011964    0.0000000000011838
947.0    0.0000000000011944    0.0000000000011919    0.0000000000011836    0.0000000000012025    0.0000000000011899
949.0    0.0000000000012004    0.0000000000011981    0.0000000000011898    0.0000000000012086    0.0000000000011961
951.0    0.0000000000012065    0.0000000000012041    0.0000000000011959    0.0000000000012144    0.0000000000012022
953.0    0.0000000000012125    0.0000000000012100    0.0000000000012018    0.0000000000012205    0.0000000000012080
955.0    0.0000000000012185    0.0000000000012158    0.0000000000012076    0.0000000000012265    0.0000000000012138
957.0    0.0000000000012242    0.0000000000012218    0.0000000000012137    0.0000000000012323    0.0000000000012198
959.0    0.0000000000012302    0.0000000000012279    0.0000000000012197    0.0000000000012383    0.0000000000012258
961.0    0.0000000000012361    0.0000000000012339    0.0000000000012255    0.0000000000012442    0.0000000000012318
963.0    0.0000000000012420    0.0000000000012396    0.0000000000012313    0.0000000000012499    0.0000000000012376
965.0    0.0000000000012479    0.0000000000012453    0.0000000000012373    0.0000000000012559    0.0000000000012433
967.0    0.0000000000012538    0.0000000000012513    0.0000000000012433    0.0000000000012618    0.0000000000012492
969.0    0.0000000000012596    0.0000000000012572    0.0000000000012490    0.0000000000012674    0.0000000000012551
971.0    0.0000000000012652    0.0000000000012631    0.0000000000012546    0.0000000000012733    0.0000000000012610
973.0    0.0000000000012710    0.0000000000012687    0.0000000000012605    0.0000000000012791    0.0000000000012666
975.0    0.0000000000012768    0.0000000000012744    0.0000000000012664    0.0000000000012847    0.0000000000012722
977.0    0.0000000000012826    0.0000000000012802    0.0000000000012721    0.0000000000012905    0.0000000000012781
979.0    0.0000000000012883    0.0000000000012860    0.0000000000012776    0.0000000000012962    0.0000000000012839
981.0    0.0000000000012938    0.0000000000012918    0.0000000000012835    0.0000000000013017    0.0000000000012897
983.0    0.0000000000012995    0.0000000000012973    0.0000000000012893    0.0000000000013072    0.0000000000012954
985.0    0.0000000000013052    0.0000000000013029    0.0000000000012948    0.0000000000013129    0.0000000000013009
987.0    0.0000000000013108    0.0000000000013086    0.0000000000013003    0.0000000000013186    0.0000000000013064
989.0    0.0000000000013164    0.0000000000013143    0.0000000000013060    0.0000000000013240    0.0000000000013121
991.0    0.0000000000013220    0.0000000000013199    0.0000000000013117    0.0000000000013296    0.0000000000013178
993.0    0.0000000000013276    0.0000000000013254    0.0000000000013172    0.0000000000013351    0.0000000000013234
995.0    0.0000000000013329    0.0000000000013308    0.0000000000013226    0.0000000000013404    0.0000000000013288
997.0    0.0000000000013384    0.0000000000013364    0.0000000000013282    0.0000000000013460    0.0000000000013341
999.0    0.0000000000013438    0.0000000000013419    0.0000000000013338    0.0000000000013514    0.0000000000013397
1001.0    0.0000000000013493    0.0000000000013474    0.0000000000013391    0.0000000000013567    0.0000000000013452
1003.0    0.0000000000013547    0.0000000000013527    0.0000000000013444    0.0000000000013621    0.0000000000013507
1005.0    0.0000000000013598    0.0000000000013580    0.0000000000013499    0.0000000000013675    0.0000000000013559
1007.0    0.0000000000013652    0.0000000000013634    0.0000000000013553    0.0000000000013726    0.0000000000013611
1009.0    0.0000000000013705    0.0000000000013688    0.0000000000013605    0.0000000000013779    0.0000000000013665
1011.0    0.0000000000013758    0.0000000000013742    0.0000000000013657    0.0000000000013832    0.0000000000013718
1013.0    0.0000000000013810    0.0000000000013793    0.0000000000013711    0.0000000000013882    0.0000000000013772
1015.0    0.0000000000013860    0.0000000000013844    0.0000000000013764    0.0000000000013934    0.0000000000013825
1017.0    0.0000000000013911    0.0000000000013896    0.0000000000013814    0.0000000000013985    0.0000000000013875
1019.0    0.0000000000013962    0.0000000000013948    0.0000000000013865    0.0000000000014034    0.0000000000013925
1021.0    0.0000000000014013    0.0000000000014000    0.0000000000013917    0.0000000000014085    0.0000000000013976
1023.0    0.0000000000014063    0.0000000000014049    0.0000000000013968    0.0000000000014135    0.0000000000014028
1025.0    0.0000000000014113    0.0000000000014098    0.0000000000014018    0.0000000000014182    0.0000000000014078
1027.0    0.0000000000014163    0.0000000000014148    0.0000000000014066    0.0000000000014229    0.0000000000014127
1029.0    0.0000000000014210    0.0000000000014198    0.0000000000014117    0.0000000000014278    0.0000000000014175
1031.0    0.0000000000014258    0.0000000000014248    0.0000000000014167    0.0000000000014327    0.0000000000014224
1033.0    0.0000000000014306    0.0000000000014295    0.0000000000014214    0.0000000000014372    0.0000000000014273
1035.0    0.0000000000014354    0.0000000000014342    0.0000000000014261    0.0000000000014420    0.0000000000014322
1037.0    0.0000000000014401    0.0000000000014390    0.0000000000014310    0.0000000000014467    0.0000000000014368
1039.0    0.0000000000014446    0.0000000000014437    0.0000000000014358    0.0000000000014511    0.0000000000014413
1041.0    0.0000000000014492    0.0000000000014484    0.0000000000014403    0.0000000000014557    0.0000000000014460
1043.0    0.0000000000014537    0.0000000000014529    0.0000000000014448    0.0000000000014602    0.0000000000014507
1045.0    0.0000000000014582    0.0000000000014573    0.0000000000014495    0.0000000000014645    0.0000000000014553
1047.0    0.0000000000014627    0.0000000000014619    0.0000000000014541    0.0000000000014689    0.0000000000014598
1049.0    0.0000000000014669    0.0000000000014663    0.0000000000014585    0.0000000000014732    0.0000000000014641
1051.0    0.0000000000014713    0.0000000000014706    0.0000000000014628    0.0000000000014774    0.0000000000014684
1053.0    0.0000000000014755    0.0000000000014748    0.0000000000014672    0.0000000000014816    0.0000000000014728
1055.0    0.0000000000014798    0.0000000000014791    0.0000000000014716    0.0000000000014858    0.0000000000014771
1057.0    0.0000000000014839    0.0000000000014834    0.0000000000014757    0.0000000000014897    0.0000000000014814
1059.0    0.0000000000014880    0.0000000000014876    0.0000000000014798    0.0000000000014938    0.0000000000014854
1061.0    0.0000000000014921    0.0000000000014916    0.0000000000014840    0.0000000000014978    0.0000000000014894
1063.0    0.0000000000014959    0.0000000000014955    0.0000000000014880    0.0000000000015015    0.0000000000014934
1065.0    0.0000000000014998    0.0000000000014995    0.0000000000014919    0.0000000000015054    0.0000000000014975
1067.0    0.0000000000015037    0.0000000000015034    0.0000000000014960    0.0000000000015092    0.0000000000015014
1069.0    0.0000000000015075    0.0000000000015073    0.0000000000014999    0.0000000000015128    0.0000000000015052
1071.0    0.0000000000015112    0.0000000000015110    0.0000000000015037    0.0000000000015163    0.0000000000015088
1073.0    0.0000000000015147    0.0000000000015146    0.0000000000015074    0.0000000000015199    0.0000000000015126
1075.0    0.0000000000015184    0.0000000000015183    0.0000000000015111    0.0000000000015235    0.0000000000015163
1077.0    0.0000000000015219    0.0000000000015219    0.0000000000015148    0.0000000000015268    0.0000000000015199
1079.0    0.0000000000015254    0.0000000000015255    0.0000000000015183    0.0000000000015302    0.0000000000015235
1081.0    0.0000000000015288    0.0000000000015288    0.0000000000015218    0.0000000000015336    0.0000000000015269
1083.0    0.0000000000015320    0.0000000000015321    0.0000000000015253    0.0000000000015367    0.0000000000015302
1085.0    0.0000000000015353    0.0000000000015355    0.0000000000015287    0.0000000000015399    0.0000000000015335
1087.0    0.0000000000015385    0.0000000000015388    0.0000000000015320    0.0000000000015431    0.0000000000015368
1089.0    0.0000000000015416    0.0000000000015420    0.0000000000015352    0.0000000000015460    0.0000000000015401
1091.0    0.0000000000015447    0.0000000000015450    0.0000000000015384    0.0000000000015490    0.0000000000015431
1093.0    0.0000000000015477    0.0000000000015480    0.0000000000015416    0.0000000000015520    0.0000000000015461
1095.0    0.0000000000015507    0.0000000000015510    0.0000000000015446    0.0000000000015547    0.0000000000015491
1097.0    0.0000000000015535    0.0000000000015539    0.0000000000015475    0.0000000000015576    0.0000000000015521
1099.0    0.0000000000015563    0.0000000000015568    0.0000000000015505    0.0000000000015603    0.0000000000015550
1101.0    0.0000000000015590    0.0000000000015595    0.0000000000015534    0.0000000000015629    0.0000000000015577
1103.0    0.0000000000015617    0.0000000000015621    0.0000000000015561    0.0000000000015655    0.0000000000015603
1105.0    0.0000000000015643    0.0000000000015648    0.0000000000015588    0.0000000000015681    0.0000000000015630
1107.0    0.0000000000015668    0.0000000000015674    0.0000000000015615    0.0000000000015704    0.0000000000015656
1109.0    0.0000000000015693    0.0000000000015699    0.0000000000015642    0.0000000000015729    0.0000000000015682
1111.0    0.0000000000015717    0.0000000000015722    0.0000000000015667    0.0000000000015752    0.0000000000015707
1113.0    0.0000000000015741    0.0000000000015746    0.0000000000015691    0.0000000000015774    0.0000000000015730
1115.0    0.0000000000015764    0.0000000000015769    0.0000000000015715    0.0000000000015797    0.0000000000015752
1117.0    0.0000000000015786    0.0000000000015792    0.0000000000015739    0.0000000000015819    0.0000000000015775
1119.0    0.0000000000015808    0.0000000000015814    0.0000000000015762    0.0000000000015839    0.0000000000015798
1121.0    0.0000000000015829    0.0000000000015834    0.0000000000015784    0.0000000000015859    0.0000000000015819
1123.0    0.0000000000015850    0.0000000000015854    0.0000000000015806    0.0000000000015879    0.0000000000015840
1125.0    0.0000000000015870    0.0000000000015874    0.0000000000015827    0.0000000000015899    0.0000000000015859
1127.0    0.0000000000015889    0.0000000000015894    0.0000000000015847    0.0000000000015917    0.0000000000015879
1129.0    0.0000000000015909    0.0000000000015913    0.0000000000015867    0.0000000000015936    0.0000000000015899
1131.0    0.0000000000015926    0.0000000000015931    0.0000000000015887    0.0000000000015954    0.0000000000015917
1133.0    0.0000000000015945    0.0000000000015948    0.0000000000015906    0.0000000000015971    0.0000000000015936
1135.0    0.0000000000015962    0.0000000000015965    0.0000000000015924    0.0000000000015988    0.0000000000015953
1137.0    0.0000000000015979    0.0000000000015982    0.0000000000015942    0.0000000000016005    0.0000000000015969
1139.0    0.0000000000015996    0.0000000000015999    0.0000000000015960    0.0000000000016021    0.0000000000015986
1141.0    0.0000000000016012    0.0000000000016014    0.0000000000015977    0.0000000000016037    0.0000000000016002
1143.0    0.0000000000016028    0.0000000000016029    0.0000000000015993    0.0000000000016053    0.0000000000016018
1145.0    0.0000000000016043    0.0000000000016045    0.0000000000016009    0.0000000000016067    0.0000000000016033
1147.0    0.0000000000016059    0.0000000000016059    0.0000000000016025    0.0000000000016083    0.0000000000016048
1149.0    0.0000000000016074    0.0000000000016074    0.0000000000016041    0.0000000000016097    0.0000000000016062
1151.0    0.0000000000016088    0.0000000000016087    0.0000000000016055    0.0000000000016111    0.0000000000016077
1153.0    0.0000000000016102    0.0000000000016100    0.0000000000016070    0.0000000000016125    0.0000000000016091
1155.0    0.0000000000016116    0.0000000000016114    0.0000000000016085    0.0000000000016139    0.0000000000016104
1157.0    0.0000000000016130    0.0000000000016127    0.0000000000016099    0.0000000000016152    0.0000000000016117
1159.0    0.0000000000016143    0.0000000000016140    0.0000000000016112    0.0000000000016166    0.0000000000016130
1161.0    0.0000000000016157    0.0000000000016152    0.0000000000016126    0.0000000000016179    0.0000000000016143
1163.0    0.0000000000016170    0.0000000000016164    0.0000000000016139    0.0000000000016192    0.0000000000016156
1165.0    0.0000000000016182    0.0000000000016177    0.0000000000016153    0.0000000000016205    0.0000000000016169
1167.0    0.0000000000016195    0.0000000000016189    0.0000000000016166    0.0000000000016218    0.0000000000016181
1169.0    0.0000000000016208    0.0000000000016201    0.0000000000016178    0.0000000000016231    0.0000000000016193
1171.0    0.0000000000016221    0.0000000000016212    0.0000000000016191    0.0000000000016243    0.0000000000016205
1173.0    0.0000000000016233    0.0000000000016224    0.0000000000016204    0.0000000000016256    0.0000000000016217
1175.0    0.0000000000016246    0.0000000000016236    0.0000000000016216    0.0000000000016269    0.0000000000016229
1177.0    0.0000000000016259    0.0000000000016248    0.0000000000016228    0.0000000000016281    0.0000000000016241
1179.0    0.0000000000016271    0.0000000000016260    0.0000000000016241    0.0000000000016294    0.0000000000016253
1181.0    0.0000000000016283    0.0000000000016272    0.0000000000016254    0.0000000000016307    0.0000000000016265
1183.0    0.0000000000016296    0.0000000000016284    0.0000000000016266    0.0000000000016320    0.0000000000016277
1185.0    0.0000000000016309    0.0000000000016296    0.0000000000016278    0.0000000000016333    0.0000000000016289
1187.0    0.0000000000016322    0.0000000000016308    0.0000000000016291    0.0000000000016346    0.0000000000016301
1189.0    0.0000000000016334    0.0000000000016320    0.0000000000016304    0.0000000000016359    0.0000000000016313
1191.0    0.0000000000016347    0.0000000000016332    0.0000000000016316    0.0000000000016373    0.0000000000016326
1193.0    0.0000000000016360    0.0000000000016345    0.0000000000016328    0.0000000000016386    0.0000000000016339
1195.0    0.0000000000016374    0.0000000000016358    0.0000000000016342    0.0000000000016399    0.0000000000016352
1197.0    0.0000000000016387    0.0000000000016371    0.0000000000016355    0.0000000000016413    0.0000000000016365
1199.0    0.0000000000016400    0.0000000000016384    0.0000000000016368    0.0000000000016428    0.0000000000016377
1201.0    0.0000000000016414    0.0000000000016397    0.0000000000016381    0.0000000000016441    0.0000000000016390
1203.0    0.0000000000016428    0.0000000000016410    0.0000000000016394    0.0000000000016456    0.0000000000016404
1205.0    0.0000000000016442    0.0000000000016424    0.0000000000016408    0.0000000000016470    0.0000000000016418
1207.0    0.0000000000016457    0.0000000000016438    0.0000000000016422    0.0000000000016485    0.0000000000016432
1209.0    0.0000000000016471    0.0000000000016452    0.0000000000016435    0.0000000000016500    0.0000000000016446
1211.0    0.0000000000016486    0.0000000000016466    0.0000000000016450    0.0000000000016515    0.0000000000016460
1213.0    0.0000000000016500    0.0000000000016481    0.0000000000016464    0.0000000000016530    0.0000000000016475
1215.0    0.0000000000016516    0.0000000000016497    0.0000000000016479    0.0000000000016545    0.0000000000016490
1217.0    0.0000000000016531    0.0000000000016512    0.0000000000016493    0.0000000000016561    0.0000000000016505
1219.0    0.0000000000016547    0.0000000000016527    0.0000000000016509    0.0000000000016577    0.0000000000016520
1221.0    0.0000000000016563    0.0000000000016543    0.0000000000016524    0.0000000000016593    0.0000000000016536
1223.0    0.0000000000016578    0.0000000000016559    0.0000000000016539    0.0000000000016609    0.0000000000016552
1225.0    0.0000000000016594    0.0000000000016576    0.0000000000016555    0.0000000000016626    0.0000000000016568
1227.0    0.0000000000016611    0.0000000000016592    0.0000000000016571    0.0000000000016642    0.0000000000016585
1229.0    0.0000000000016627    0.0000000000016609    0.0000000000016587    0.0000000000016659    0.0000000000016602
1231.0    0.0000000000016644    0.0000000000016625    0.0000000000016603    0.0000000000016677    0.0000000000016618
1233.0    0.0000000000016661    0.0000000000016643    0.0000000000016619    0.0000000000016693    0.0000000000016635
1235.0    0.0000000000016678    0.0000000000016660    0.0000000000016636    0.0000000000016711    0.0000000000016652
1237.0    0.0000000000016695    0.0000000000016678    0.0000000000016654    0.0000000000016729    0.0000000000016670
1239.0    0.0000000000016713    0.0000000000016696    0.0000000000016670    0.0000000000016746    0.0000000000016688
1241.0    0.0000000000016730    0.0000000000016713    0.0000000000016687    0.0000000000016764    0.0000000000016705
1243.0    0.0000000000016748    0.0000000000016731    0.0000000000016705    0.0000000000016782    0.0000000000016723
1245.0    0.0000000000016766    0.0000000000016750    0.0000000000016723    0.0000000000016799    0.0000000000016741
1247.0    0.0000000000016783    0.0000000000016769    0.0000000000016740    0.0000000000016817    0.0000000000016759
1249.0    0.0000000000016802    0.0000000000016787    0.0000000000016757    0.0000000000016836    0.0000000000016778
1251.0    0.0000000000016820    0.0000000000016805    0.0000000000016776    0.0000000000016853    0.0000000000016796
1253.0    0.0000000000016838    0.0000000000016824    0.0000000000016794    0.0000000000016872    0.0000000000016814
1255.0    0.0000000000016856    0.0000000000016843    0.0000000000016812    0.0000000000016890    0.0000000000016833
1257.0    0.0000000000016874    0.0000000000016862    0.0000000000016830    0.0000000000016908    0.0000000000016852
1259.0    0.0000000000016892    0.0000000000016880    0.0000000000016848    0.0000000000016925    0.0000000000016871
1261.0    0.0000000000016910    0.0000000000016899    0.0000000000016867    0.0000000000016944    0.0000000000016890
1263.0    0.0000000000016929    0.0000000000016918    0.0000000000016885    0.0000000000016962    0.0000000000016908
1265.0    0.0000000000016947    0.0000000000016937    0.0000000000016902    0.0000000000016979    0.0000000000016926
1267.0    0.0000000000016965    0.0000000000016956    0.0000000000016921    0.0000000000016998    0.0000000000016945
1269.0    0.0000000000016984    0.0000000000016974    0.0000000000016940    0.0000000000017016    0.0000000000016964
1271.0    0.0000000000017001    0.0000000000016992    0.0000000000016957    0.0000000000017033    0.0000000000016983
1273.0    0.0000000000017019    0.0000000000017011    0.0000000000016975    0.0000000000017051    0.0000000000017001
1275.0    0.0000000000017037    0.0000000000017030    0.0000000000016994    0.0000000000017069    0.0000000000017019
1277.0    0.0000000000017055    0.0000000000017048    0.0000000000017012    0.0000000000017085    0.0000000000017037
1279.0    0.0000000000017072    0.0000000000017066    0.0000000000017029    0.0000000000017103    0.0000000000017056
1281.0    0.0000000000017089    0.0000000000017084    0.0000000000017047    0.0000000000017120    0.0000000000017074
1283.0    0.0000000000017107    0.0000000000017102    0.0000000000017065    0.0000000000017137    0.0000000000017091
1285.0    0.0000000000017124    0.0000000000017120    0.0000000000017083    0.0000000000017154    0.0000000000017108
1287.0    0.0000000000017141    0.0000000000017137    0.0000000000017100    0.0000000000017170    0.0000000000017126
1289.0    0.0000000000017158    0.0000000000017154    0.0000000000017116    0.0000000000017186    0.0000000000017144
1291.0    0.0000000000017173    0.0000000000017171    0.0000000000017134    0.0000000000017202    0.0000000000017161
1293.0    0.0000000000017190    0.0000000000017188    0.0000000000017151    0.0000000000017218    0.0000000000017178
1295.0    0.0000000000017206    0.0000000000017205    0.0000000000017167    0.0000000000017233    0.0000000000017194
1297.0    0.0000000000017222    0.0000000000017221    0.0000000000017183    0.0000000000017249    0.0000000000017210
1299.0    0.0000000000017238    0.0000000000017237    0.0000000000017200    0.0000000000017264    0.0000000000017227
1301.0    0.0000000000017253    0.0000000000017253    0.0000000000017216    0.0000000000017278    0.0000000000017243
1303.0    0.0000000000017268    0.0000000000017269    0.0000000000017231    0.0000000000017293    0.0000000000017259
1305.0    0.0000000000017282    0.0000000000017284    0.0000000000017246    0.0000000000017307    0.0000000000017273
1307.0    0.0000000000017297    0.0000000000017299    0.0000000000017262    0.0000000000017321    0.0000000000017288
1309.0    0.0000000000017311    0.0000000000017313    0.0000000000017277    0.0000000000017334    0.0000000000017303
1311.0    0.0000000000017325    0.0000000000017328    0.0000000000017291    0.0000000000017347    0.0000000000017318
1313.0    0.0000000000017338    0.0000000000017342    0.0000000000017305    0.0000000000017360    0.0000000000017332
1315.0    0.0000000000017351    0.0000000000017356    0.0000000000017319    0.0000000000017372    0.0000000000017345
1317.0    0.0000000000017364    0.0000000000017369    0.0000000000017333    0.0000000000017385    0.0000000000017358
1319.0    0.0000000000017377    0.0000000000017381    0.0000000000017346    0.0000000000017397    0.0000000000017372
1321.0    0.0000000000017389    0.0000000000017394    0.0000000000017359    0.0000000000017408    0.0000000000017384
1323.0    0.0000000000017401    0.0000000000017407    0.0000000000017372    0.0000000000017419    0.0000000000017397
1325.0    0.0000000000017412    0.0000000000017419    0.0000000000017384    0.0000000000017430    0.0000000000017409
1327.0    0.0000000000017424    0.0000000000017430    0.0000000000017396    0.0000000000017441    0.0000000000017421
1329.0    0.0000000000017434    0.0000000000017441    0.0000000000017408    0.0000000000017451    0.0000000000017432
1331.0    0.0000000000017444    0.0000000000017452    0.0000000000017419    0.0000000000017461    0.0000000000017443
1333.0    0.0000000000017455    0.0000000000017462    0.0000000000017430    0.0000000000017470    0.0000000000017453
1335.0    0.0000000000017464    0.0000000000017472    0.0000000000017441    0.0000000000017479    0.0000000000017464
1337.0    0.0000000000017474    0.0000000000017482    0.0000000000017451    0.0000000000017488    0.0000000000017473
1339.0    0.0000000000017482    0.0000000000017491    0.0000000000017461    0.0000000000017496    0.0000000000017482
1341.0    0.0000000000017491    0.0000000000017500    0.0000000000017470    0.0000000000017504    0.0000000000017491
1343.0    0.0000000000017499    0.0000000000017508    0.0000000000017479    0.0000000000017511    0.0000000000017500
1345.0    0.0000000000017507    0.0000000000017517    0.0000000000017488    0.0000000000017518    0.0000000000017509
1347.0    0.0000000000017515    0.0000000000017524    0.0000000000017496    0.0000000000017525    0.0000000000017517
1349.0    0.0000000000017521    0.0000000000017531    0.0000000000017504    0.0000000000017532    0.0000000000017524
1351.0    0.0000000000017528    0.0000000000017538    0.0000000000017512    0.0000000000017538    0.0000000000017531
1353.0    0.0000000000017535    0.0000000000017545    0.0000000000017519    0.0000000000017543    0.0000000000017537
1355.0    0.0000000000017541    0.0000000000017551    0.0000000000017526    0.0000000000017549    0.0000000000017544
1357.0    0.0000000000017546    0.0000000000017557    0.0000000000017532    0.0000000000017554    0.0000000000017550
1359.0    0.0000000000017552    0.0000000000017562    0.0000000000017538    0.0000000000017558    0.0000000000017555
1361.0    0.0000000000017557    0.0000000000017567    0.0000000000017544    0.0000000000017563    0.0000000000017560
1363.0    0.0000000000017561    0.0000000000017572    0.0000000000017550    0.0000000000017567    0.0000000000017565
1365.0    0.0000000000017565    0.0000000000017576    0.0000000000017555    0.0000000000017570    0.0000000000017570
1367.0    0.0000000000017569    0.0000000000017580    0.0000000000017559    0.0000000000017573    0.0000000000017574
1369.0    0.0000000000017573    0.0000000000017583    0.0000000000017564    0.0000000000017577    0.0000000000017577
1371.0    0.0000000000017576    0.0000000000017586    0.0000000000017568    0.0000000000017579    0.0000000000017581
1373.0    0.0000000000017579    0.0000000000017589    0.0000000000017571    0.0000000000017581    0.0000000000017584
1375.0    0.0000000000017581    0.0000000000017592    0.0000000000017575    0.0000000000017584    0.0000000000017586
1377.0    0.0000000000017583    0.0000000000017594    0.0000000000017578    0.0000000000017585    0.0000000000017589
1379.0    0.0000000000017585    0.0000000000017596    0.0000000000017580    0.0000000000017587    0.0000000000017591
1381.0    0.0000000000017587    0.0000000000017597    0.0000000000017583    0.0000000000017588    0.0000000000017592
1383.0    0.0000000000017588    0.0000000000017598    0.0000000000017585    0.0000000000017589    0.0000000000017593
1385.0    0.0000000000017589    0.0000000000017599    0.0000000000017586    0.0000000000017590    0.0000000000017594
1387.0    0.0000000000017590    0.0000000000017599    0.0000000000017588    0.0000000000017590    0.0000000000017595
1389.0    0.0000000000017591    0.0000000000017600    0.0000000000017589    0.0000000000017590    0.0000000000017595
1391.0    0.0000000000017591    0.0000000000017600    0.0000000000017590    0.0000000000017590    0.0000000000017596
1393.0    0.0000000000017591    0.0000000000017599    0.0000000000017590    0.0000000000017590    0.0000000000017595
1395.0    0.0000000000017591    0.0000000000017599    0.0000000000017591    0.0000000000017590    0.0000000000017595
1397.0    0.0000000000017590    0.0000000000017598    0.0000000000017591    0.0000000000017589    0.0000000000017594
1399.0    0.0000000000017590    0.0000000000017597    0.0000000000017591    0.0000000000017588    0.0000000000017593
1401.0    0.0000000000017589    0.0000000000017595    0.0000000000017590    0.0000000000017587    0.0000000000017592
1403.0    0.0000000000017588    0.0000000000017594    0.0000000000017589    0.0000000000017586    0.0000000000017591
1405.0    0.0000000000017587    0.0000000000017592    0.0000000000017589    0.0000000000017585    0.0000000000017589
1407.0    0.0000000000017585    0.0000000000017590    0.0000000000017588    0.0000000000017584    0.0000000000017587
1409.0    0.0000000000017584    0.0000000000017588    0.0000000000017587    0.0000000000017582    0.0000000000017585
1411.0    0.0000000000017582    0.0000000000017586    0.0000000000017585    0.0000000000017581    0.0000000000017583
1413.0    0.0000000000017581    0.0000000000017584    0.0000000000017584    0.0000000000017579    0.0000000000017581
1415.0    0.0000000000017579    0.0000000000017581    0.0000000000017582    0.0000000000017577    0.0000000000017579
1417.0    0.0000000000017577    0.0000000000017579    0.0000000000017580    0.0000000000017576    0.0000000000017576
1419.0    0.0000000000017575    0.0000000000017576    0.0000000000017578    0.0000000000017574    0.0000000000017574
1421.0    0.0000000000017573    0.0000000000017573    0.0000000000017576    0.0000000000017572    0.0000000000017571
1423.0    0.0000000000017571    0.0000000000017571    0.0000000000017575    0.0000000000017570    0.0000000000017568
1425.0    0.0000000000017570    0.0000000000017568    0.0000000000017572    0.0000000000017569    0.0000000000017566
1427.0    0.0000000000017568    0.0000000000017565    0.0000000000017570    0.0000000000017567    0.0000000000017563
1429.0    0.0000000000017566    0.0000000000017562    0.0000000000017568    0.0000000000017566    0.0000000000017560
1431.0    0.0000000000017564    0.0000000000017560    0.0000000000017566    0.0000000000017564    0.0000000000017557
1433.0    0.0000000000017562    0.0000000000017557    0.0000000000017564    0.0000000000017563    0.0000000000017555
1435.0    0.0000000000017560    0.0000000000017554    0.0000000000017562    0.0000000000017561    0.0000000000017552
1437.0    0.0000000000017559    0.0000000000017552    0.0000000000017560    0.0000000000017560    0.0000000000017550
1439.0    0.0000000000017557    0.0000000000017549    0.0000000000017558    0.0000000000017559    0.0000000000017547
1441.0    0.0000000000017556    0.0000000000017547    0.0000000000017556    0.0000000000017558    0.0000000000017545
1443.0    0.0000000000017554    0.0000000000017545    0.0000000000017554    0.0000000000017558    0.0000000000017542
1445.0    0.0000000000017553    0.0000000000017543    0.0000000000017552    0.0000000000017557    0.0000000000017540
1447.0    0.0000000000017552    0.0000000000017541    0.0000000000017551    0.0000000000017557    0.0000000000017539
1449.0    0.0000000000017551    0.0000000000017539    0.0000000000017549    0.0000000000017557    0.0000000000017537
1451.0    0.0000000000017551    0.0000000000017537    0.0000000000017548    0.0000000000017557    0.0000000000017535
1453.0    0.0000000000017551    0.0000000000017536    0.0000000000017547    0.0000000000017557    0.0000000000017534
1455.0    0.0000000000017551    0.0000000000017535    0.0000000000017546    0.0000000000017558    0.0000000000017533
1457.0    0.0000000000017551    0.0000000000017535    0.0000000000017546    0.0000000000017559    0.0000000000017532
1459.0    0.0000000000017551    0.0000000000017534    0.0000000000017545    0.0000000000017560    0.0000000000017531
1461.0    0.0000000000017552    0.0000000000017534    0.0000000000017545    0.0000000000017562    0.0000000000017531
1463.0    0.0000000000017553    0.0000000000017534    0.0000000000017545    0.0000000000017563    0.0000000000017531
1465.0    0.0000000000017554    0.0000000000017535    0.0000000000017546    0.0000000000017566    0.0000000000017532
1467.0    0.0000000000017556    0.0000000000017535    0.0000000000017546    0.0000000000017568    0.0000000000017532
1469.0    0.0000000000017558    0.0000000000017537    0.0000000000017547    0.0000000000017571    0.0000000000017533
1471.0    0.0000000000017560    0.0000000000017538    0.0000000000017548    0.0000000000017574    0.0000000000017535
1473.0    0.0000000000017563    0.0000000000017540    0.0000000000017550    0.0000000000017578    0.0000000000017537
1475.0    0.0000000000017566    0.0000000000017542    0.0000000000017552    0.0000000000017582    0.0000000000017539
1477.0    0.0000000000017570    0.0000000000017545    0.0000000000017554    0.0000000000017586    0.0000000000017541
1479.0    0.0000000000017573    0.0000000000017548    0.0000000000017557    0.0000000000017591    0.0000000000017544
1481.0    0.0000000000017577    0.0000000000017552    0.0000000000017560    0.0000000000017596    0.0000000000017548
1483.0    0.0000000000017582    0.0000000000017556    0.0000000000017564    0.0000000000017601    0.0000000000017551
1485.0    0.0000000000017587    0.0000000000017560    0.0000000000017567    0.0000000000017607    0.0000000000017556
