9.0    0.0000000000000000    0.0000000000000000    0.0000000000000000    0.0000000000000000    0.0000000000000000
11.0    0.0000000000000001    0.0000000000000001    0.0000000000000002    0.0000000000000001    0.0000000000000002
13.0    0.0000000000000004    0.0000000000000002    0.0000000000000005    0.0000000000000003    0.0000000000000005
15.0    0.0000000000000009    0.0000000000000006    0.0000000000000012    0.0000000000000008    0.0000000000000013
17.0    0.0000000000000020    0.0000000000000015    0.0000000000000025    0.0000000000000017    0.0000000000000027
19.0    0.0000000000000043    0.0000000000000032    0.0000000000000052    0.0000000000000038    0.0000000000000055
21.0    0.0000000000000086    0.0000000000000066    0.0000000000000100    0.0000000000000078    0.0000000000000104
23.0    0.0000000000000158    0.0000000000000130    0.0000000000000179    0.0000000000000146    0.0000000000000184
25.0    0.0000000000000278    0.0000000000000238    0.0000000000000304    0.0000000000000264    0.0000000000000318
27.0    0.0000000000000462    0.0000000000000409    0.0000000000000503    0.0000000000000446    0.0000000000000521
29.0    0.0000000000000733    0.0000000000000647    0.0000000000000793    0.0000000000000699    0.0000000000000818
31.0    0.0000000000001111    0.0000000000000977    0.0000000000001186    0.0000000000001068    0.0000000000001242
33.0    0.0000000000001638    0.0000000000001438    0.0000000000001736    0.0000000000001575    0.0000000000001809
35.0    0.0000000000002373    0.0000000000002065    0.0000000000002545    0.0000000000002242    0.0000000000002609
37.0    0.0000000000003376    0.0000000000002948    0.0000000000003710    0.0000000000003238    0.0000000000003800
39.0    0.0000000000004904    0.0000000000004188    0.0000000000005322    0.0000000000004702    0.0000000000005536
41.0    0.0000000000007155    0.0000000000006055    0.0000000000007649    0.0000000000006796    0.0000000000008059
43.0    0.0000000000010468    0.0000000000008989    0.0000000000011107    0.0000000000010053    0.0000000000011475
45.0    0.0000000000015157    0.0000000000013349    0.0000000000015930    0.0000000000014755    0.0000000000016168
47.0    0.0000000000021270    0.0000000000019546    0.0000000000022069    0.0000000000020964    0.0000000000022638
49.0    0.0000000000029500    0.0000000000027496    0.0000000000029861    0.0000000000029042    0.0000000000030854
51.0    0.0000000000039571    0.0000000000037493    0.0000000000039668    0.0000000000039491    0.0000000000040744
53.0    0.0000000000051215    0.0000000000049755    0.0000000000050897    0.0000000000051625    0.0000000000051486
55.0    0.0000000000063780    0.0000000000063274    0.0000000000062453    0.0000000000064215    0.0000000000062957
57.0    0.0000000000075903    0.0000000000077025    0.0000000000074067    0.0000000000077428    0.0000000000074920
59.0    0.0000000000087575    0.0000000000089315    0.0000000000085351    0.0000000000089567    0.0000000000085978
61.0    0.0000000000097317    0.0000000000099516    0.0000000000094883    0.0000000000099106    0.0000000000095252
63.0    0.0000000000104284    0.0000000000106998    0.0000000000101729    0.0000000000106059    0.0000000000102066
65.0    0.0000000000108169    0.0000000000110770    0.0000000000105935    0.0000000000109609    0.0000000000106001
67.0    0.0000000000109005    0.0000000000110955    0.0000000000107615    0.0000000000109906    0.0000000000107415
69.0    0.0000000000107456    0.0000000000108457    0.0000000000106967    0.0000000000107687    0.0000000000106724
71.0    0.0000000000104563    0.0000000000104400    0.0000000000104903    0.0000000000104021    0.0000000000104585
73.0    0.0000000000101175    0.0000000000099912    0.0000000000102276    0.0000000000100305    0.0000000000101937
75.0    0.0000000000098411    0.0000000000096428    0.0000000000099834    0.0000000000097336    0.0000000000099739
77.0    0.0000000000097045    0.0000000000094872    0.0000000000098402    0.0000000000096050    0.0000000000098495
79.0    0.0000000000097368    0.0000000000095527    0.0000000000098318    0.0000000000096709    0.0000000000098513
81.0    0.0000000000099193    0.0000000000098145    0.0000000000099516    0.0000000000099162    0.0000000000099843
83.0    0.0000000000102178    0.0000000000102240    0.0000000000101760    0.0000000000102755    0.0000000000102110
85.0    0.0000000000105518    0.0000000000106762    0.0000000000104428    0.0000000000106451    0.0000000000104601
87.0    0.0000000000108379    0.0000000000110629    0.0000000000106725    0.0000000000109643    0.0000000000106771
89.0    0.0000000000110037    0.0000000000112865    0.0000000000108141    0.0000000000111368    0.0000000000108083
91.0    0.0000000000109927    0.0000000000113027    0.0000000000108210    0.0000000000111112    0.0000000000107943
93.0    0.0000000000107872    0.0000000000110801    0.0000000000106563    0.0000000000108826    0.0000000000106110
95.0    0.0000000000104108    0.0000000000106266    0.0000000000103380    0.0000000000104400    0.0000000000102609
97.0    0.0000000000098667    0.0000000000099909    0.0000000000098816    0.0000000000098371    0.0000000000097938
99.0    0.0000000000092219    0.0000000000092742    0.0000000000093018    0.0000000000091657    0.0000000000092348
101.0    0.0000000000085361    0.0000000000085247    0.0000000000086672    0.0000000000084344    0.0000000000086048
103.0    0.0000000000078682    0.0000000000077819    0.0000000000080570    0.0000000000077367    0.0000000000079777
105.0    0.0000000000072890    0.0000000000071330    0.0000000000074869    0.0000000000071484    0.0000000000073976
107.0    0.0000000000067812    0.0000000000066129    0.0000000000069660    0.0000000000066466    0.0000000000069137
109.0    0.0000000000063815    0.0000000000062431    0.0000000000065386    0.0000000000062669    0.0000000000065164
111.0    0.0000000000060886    0.0000000000059929    0.0000000000062185    0.0000000000060115    0.0000000000061926
113.0    0.0000000000058822    0.0000000000058308    0.0000000000059780    0.0000000000058335    0.0000000000059509
115.0    0.0000000000057430    0.0000000000057335    0.0000000000057913    0.0000000000057140    0.0000000000057711
117.0    0.0000000000056310    0.0000000000056657    0.0000000000056470    0.0000000000056251    0.0000000000056349
119.0    0.0000000000055266    0.0000000000055931    0.0000000000055264    0.0000000000055302    0.0000000000055137
121.0    0.0000000000054093    0.0000000000054896    0.0000000000054050    0.0000000000054134    0.0000000000053847
123.0    0.0000000000052671    0.0000000000053449    0.0000000000052642    0.0000000000052703    0.0000000000052406
125.0    0.0000000000050956    0.0000000000051573    0.0000000000051022    0.0000000000050864    0.0000000000050756
127.0    0.0000000000048988    0.0000000000049441    0.0000000000049270    0.0000000000048745    0.0000000000048903
129.0    0.0000000000046939    0.0000000000047110    0.0000000000047367    0.0000000000046562    0.0000000000046992
131.0    0.0000000000044754    0.0000000000044645    0.0000000000045306    0.0000000000044257    0.0000000000045027
133.0    0.0000000000042638    0.0000000000042301    0.0000000000043269    0.0000000000042066    0.0000000000043014
135.0    0.0000000000040698    0.0000000000040216    0.0000000000041425    0.0000000000040184    0.0000000000041129
137.0    0.0000000000039002    0.0000000000038533    0.0000000000039758    0.0000000000038510    0.0000000000039440
139.0    0.0000000000037639    0.0000000000037199    0.0000000000038245    0.0000000000037153    0.0000000000038039
141.0    0.0000000000036490    0.0000000000036152    0.0000000000036974    0.0000000000036138    0.0000000000036859
143.0    0.0000000000035574    0.0000000000035391    0.0000000000035964    0.0000000000035348    0.0000000000035837
145.0    0.0000000000034834    0.0000000000034819    0.0000000000035122    0.0000000000034688    0.0000000000034984
147.0    0.0000000000034193    0.0000000000034353    0.0000000000034363    0.0000000000034110    0.0000000000034241
149.0    0.0000000000033607    0.0000000000033880    0.0000000000033667    0.0000000000033561    0.0000000000033578
151.0    0.0000000000032966    0.0000000000033309    0.0000000000033006    0.0000000000032927    0.0000000000032912
153.0    0.0000000000032254    0.0000000000032608    0.0000000000032312    0.0000000000032194    0.0000000000032178
155.0    0.0000000000031448    0.0000000000031761    0.0000000000031526    0.0000000000031383    0.0000000000031378
157.0    0.0000000000030549    0.0000000000030818    0.0000000000030667    0.0000000000030430    0.0000000000030507
159.0    0.0000000000029575    0.0000000000029780    0.0000000000029782    0.0000000000029398    0.0000000000029574
161.0    0.0000000000028555    0.0000000000028648    0.0000000000028852    0.0000000000028372    0.0000000000028642
163.0    0.0000000000027567    0.0000000000027514    0.0000000000027862    0.0000000000027300    0.0000000000027695
165.0    0.0000000000026563    0.0000000000026429    0.0000000000026880    0.0000000000026269    0.0000000000026722
167.0    0.0000000000025613    0.0000000000025467    0.0000000000025971    0.0000000000025352    0.0000000000025787
169.0    0.0000000000024739    0.0000000000024609    0.0000000000025114    0.0000000000024483    0.0000000000024912
171.0    0.0000000000023948    0.0000000000023831    0.0000000000024286    0.0000000000023710    0.0000000000024137
173.0    0.0000000000023266    0.0000000000023161    0.0000000000023530    0.0000000000023056    0.0000000000023428
175.0    0.0000000000022626    0.0000000000022580    0.0000000000022867    0.0000000000022446    0.0000000000022751
177.0    0.0000000000022039    0.0000000000022076    0.0000000000022255    0.0000000000021885    0.0000000000022125
179.0    0.0000000000021484    0.0000000000021598    0.0000000000021655    0.0000000000021372    0.0000000000021533
181.0    0.0000000000020940    0.0000000000021098    0.0000000000021076    0.0000000000020837    0.0000000000020982
183.0    0.0000000000020388    0.0000000000020571    0.0000000000020526    0.0000000000020284    0.0000000000020433
185.0    0.0000000000019815    0.0000000000020001    0.0000000000019968    0.0000000000019725    0.0000000000019849
187.0    0.0000000000019238    0.0000000000019407    0.0000000000019370    0.0000000000019134    0.0000000000019247
189.0    0.0000000000018608    0.0000000000018768    0.0000000000018752    0.0000000000018481    0.0000000000018624
191.0    0.0000000000017956    0.0000000000018069    0.0000000000018141    0.0000000000017803    0.0000000000017983
193.0    0.0000000000017289    0.0000000000017348    0.0000000000017518    0.0000000000017142    0.0000000000017359
195.0    0.0000000000016620    0.0000000000016626    0.0000000000016864    0.0000000000016452    0.0000000000016732
197.0    0.0000000000015988    0.0000000000015948    0.0000000000016215    0.0000000000015778    0.0000000000016087
199.0    0.0000000000015353    0.0000000000015300    0.0000000000015608    0.0000000000015161    0.0000000000015460
201.0    0.0000000000014750    0.0000000000014671    0.0000000000015025    0.0000000000014556    0.0000000000014862
203.0    0.0000000000014188    0.0000000000014096    0.0000000000014450    0.0000000000013997    0.0000000000014321
205.0    0.0000000000013670    0.0000000000013576    0.0000000000013913    0.0000000000013508    0.0000000000013816
207.0    0.0000000000013215    0.0000000000013127    0.0000000000013436    0.0000000000013045    0.0000000000013329
209.0    0.0000000000012782    0.0000000000012724    0.0000000000012997    0.0000000000012624    0.0000000000012882
211.0    0.0000000000012386    0.0000000000012345    0.0000000000012575    0.0000000000012258    0.0000000000012472
213.0    0.0000000000012023    0.0000000000011997    0.0000000000012188    0.0000000000011905    0.0000000000012109
215.0    0.0000000000011686    0.0000000000011673    0.0000000000011843    0.0000000000011576    0.0000000000011772
217.0    0.0000000000011369    0.0000000000011377    0.0000000000011522    0.0000000000011278    0.0000000000011442
219.0    0.0000000000011068    0.0000000000011090    0.0000000000011205    0.0000000000010979    0.0000000000011131
221.0    0.0000000000010790    0.0000000000010799    0.0000000000010904    0.0000000000010691    0.0000000000010834
223.0    0.0000000000010509    0.0000000000010514    0.0000000000010627    0.0000000000010422    0.0000000000010549
225.0    0.0000000000010238    0.0000000000010235    0.0000000000010361    0.0000000000010149    0.0000000000010285
227.0    0.0000000000009975    0.0000000000009974    0.0000000000010093    0.0000000000009885    0.0000000000010031
229.0    0.0000000000009722    0.0000000000009723    0.0000000000009834    0.0000000000009641    0.0000000000009775
231.0    0.0000000000009487    0.0000000000009473    0.0000000000009595    0.0000000000009397    0.0000000000009529
233.0    0.0000000000009254    0.0000000000009236    0.0000000000009365    0.0000000000009164    0.0000000000009293
235.0    0.0000000000009031    0.0000000000009021    0.0000000000009135    0.0000000000008952    0.0000000000009077
237.0    0.0000000000008819    0.0000000000008818    0.0000000000008916    0.0000000000008751    0.0000000000008869
239.0    0.0000000000008616    0.0000000000008620    0.0000000000008714    0.0000000000008551    0.0000000000008662
241.0    0.0000000000008423    0.0000000000008432    0.0000000000008520    0.0000000000008359    0.0000000000008463
243.0    0.0000000000008236    0.0000000000008251    0.0000000000008325    0.0000000000008182    0.0000000000008272
245.0    0.0000000000008062    0.0000000000008082    0.0000000000008137    0.0000000000008002    0.0000000000008086
247.0    0.0000000000007885    0.0000000000007915    0.0000000000007961    0.0000000000007825    0.0000000000007912
249.0    0.0000000000007709    0.0000000000007741    0.0000000000007789    0.0000000000007657    0.0000000000007741
251.0    0.0000000000007535    0.0000000000007567    0.0000000000007611    0.0000000000007482    0.0000000000007564
253.0    0.0000000000007362    0.0000000000007391    0.0000000000007435    0.0000000000007306    0.0000000000007389
255.0    0.0000000000007196    0.0000000000007220    0.0000000000007268    0.0000000000007138    0.0000000000007214
257.0    0.0000000000007023    0.0000000000007048    0.0000000000007101    0.0000000000006963    0.0000000000007048
259.0    0.0000000000006851    0.0000000000006869    0.0000000000006929    0.0000000000006788    0.0000000000006884
261.0    0.0000000000006681    0.0000000000006692    0.0000000000006758    0.0000000000006623    0.0000000000006714
263.0    0.0000000000006514    0.0000000000006518    0.0000000000006597    0.0000000000006454    0.0000000000006547
265.0    0.0000000000006357    0.0000000000006356    0.0000000000006439    0.0000000000006289    0.0000000000006383
267.0    0.0000000000006198    0.0000000000006198    0.0000000000006277    0.0000000000006137    0.0000000000006230
269.0    0.0000000000006045    0.0000000000006041    0.0000000000006121    0.0000000000005983    0.0000000000006081
271.0    0.0000000000005896    0.0000000000005891    0.0000000000005975    0.0000000000005835    0.0000000000005931
273.0    0.0000000000005754    0.0000000000005748    0.0000000000005834    0.0000000000005699    0.0000000000005787
275.0    0.0000000000005617    0.0000000000005617    0.0000000000005693    0.0000000000005563    0.0000000000005648
277.0    0.0000000000005486    0.0000000000005491    0.0000000000005563    0.0000000000005433    0.0000000000005514
279.0    0.0000000000005364    0.0000000000005365    0.0000000000005437    0.0000000000005313    0.0000000000005390
281.0    0.0000000000005242    0.0000000000005244    0.0000000000005310    0.0000000000005197    0.0000000000005271
283.0    0.0000000000005124    0.0000000000005126    0.0000000000005189    0.0000000000005079    0.0000000000005151
285.0    0.0000000000005010    0.0000000000005016    0.0000000000005076    0.0000000000004965    0.0000000000005035
287.0    0.0000000000004900    0.0000000000004908    0.0000000000004966    0.0000000000004860    0.0000000000004922
289.0    0.0000000000004796    0.0000000000004799    0.0000000000004856    0.0000000000004752    0.0000000000004818
291.0    0.0000000000004692    0.0000000000004693    0.0000000000004748    0.0000000000004647    0.0000000000004716
293.0    0.0000000000004590    0.0000000000004589    0.0000000000004649    0.0000000000004550    0.0000000000004613
295.0    0.0000000000004492    0.0000000000004492    0.0000000000004552    0.0000000000004451    0.0000000000004514
297.0    0.0000000000004396    0.0000000000004398    0.0000000000004454    0.0000000000004356    0.0000000000004417
299.0    0.0000000000004308    0.0000000000004304    0.0000000000004359    0.0000000000004268    0.0000000000004328
301.0    0.0000000000004219    0.0000000000004213    0.0000000000004272    0.0000000000004179    0.0000000000004241
303.0    0.0000000000004133    0.0000000000004127    0.0000000000004187    0.0000000000004094    0.0000000000004155
305.0    0.0000000000004051    0.0000000000004047    0.0000000000004102    0.0000000000004016    0.0000000000004071
307.0    0.0000000000003972    0.0000000000003971    0.0000000000004021    0.0000000000003938    0.0000000000003991
309.0    0.0000000000003897    0.0000000000003895    0.0000000000003946    0.0000000000003863    0.0000000000003914
311.0    0.0000000000003824    0.0000000000003823    0.0000000000003873    0.0000000000003794    0.0000000000003844
313.0    0.0000000000003757    0.0000000000003754    0.0000000000003801    0.0000000000003725    0.0000000000003775
315.0    0.0000000000003690    0.0000000000003690    0.0000000000003731    0.0000000000003659    0.0000000000003707
317.0    0.0000000000003626    0.0000000000003628    0.0000000000003667    0.0000000000003597    0.0000000000003641
319.0    0.0000000000003563    0.0000000000003565    0.0000000000003604    0.0000000000003535    0.0000000000003577
321.0    0.0000000000003502    0.0000000000003505    0.0000000000003541    0.0000000000003474    0.0000000000003518
323.0    0.0000000000003446    0.0000000000003446    0.0000000000003480    0.0000000000003418    0.0000000000003460
325.0    0.0000000000003388    0.0000000000003390    0.0000000000003423    0.0000000000003361    0.0000000000003402
327.0    0.0000000000003332    0.0000000000003336    0.0000000000003368    0.0000000000003305    0.0000000000003345
329.0    0.0000000000003277    0.0000000000003281    0.0000000000003312    0.0000000000003252    0.0000000000003289
331.0    0.0000000000003224    0.0000000000003227    0.0000000000003257    0.0000000000003201    0.0000000000003237
333.0    0.0000000000003171    0.0000000000003174    0.0000000000003205    0.0000000000003149    0.0000000000003186
335.0    0.0000000000003120    0.0000000000003125    0.0000000000003155    0.0000000000003097    0.0000000000003134
337.0    0.0000000000003072    0.0000000000003076    0.0000000000003103    0.0000000000003049    0.0000000000003083
339.0    0.0000000000003023    0.0000000000003027    0.0000000000003053    0.0000000000003000    0.0000000000003034
341.0    0.0000000000002974    0.0000000000002978    0.0000000000003005    0.0000000000002952    0.0000000000002985
343.0    0.0000000000002927    0.0000000000002931    0.0000000000002959    0.0000000000002906    0.0000000000002938
345.0    0.0000000000002880    0.0000000000002886    0.0000000000002911    0.0000000000002859    0.0000000000002893
347.0    0.0000000000002836    0.0000000000002842    0.0000000000002864    0.0000000000002813    0.0000000000002846
349.0    0.0000000000002790    0.0000000000002796    0.0000000000002819    0.0000000000002769    0.0000000000002800
351.0    0.0000000000002745    0.0000000000002751    0.0000000000002775    0.0000000000002724    0.0000000000002755
353.0    0.0000000000002701    0.0000000000002708    0.0000000000002730    0.0000000000002679    0.0000000000002712
355.0    0.0000000000002657    0.0000000000002665    0.0000000000002685    0.0000000000002637    0.0000000000002669
357.0    0.0000000000002615    0.0000000000002621    0.0000000000002642    0.0000000000002593    0.0000000000002625
359.0    0.0000000000002572    0.0000000000002578    0.0000000000002600    0.0000000000002549    0.0000000000002581
361.0    0.0000000000002529    0.0000000000002534    0.0000000000002557    0.0000000000002508    0.0000000000002538
363.0    0.0000000000002487    0.0000000000002493    0.0000000000002514    0.0000000000002465    0.0000000000002497
365.0    0.0000000000002444    0.0000000000002452    0.0000000000002473    0.0000000000002423    0.0000000000002456
367.0    0.0000000000002403    0.0000000000002410    0.0000000000002432    0.0000000000002383    0.0000000000002414
369.0    0.0000000000002361    0.0000000000002368    0.0000000000002390    0.0000000000002341    0.0000000000002372
371.0    0.0000000000002322    0.0000000000002326    0.0000000000002348    0.0000000000002300    0.0000000000002331
373.0    0.0000000000002281    0.0000000000002287    0.0000000000002309    0.0000000000002260    0.0000000000002290
375.0    0.0000000000002241    0.0000000000002248    0.0000000000002269    0.0000000000002222    0.0000000000002251
377.0    0.0000000000002201    0.0000000000002208    0.0000000000002229    0.0000000000002182    0.0000000000002213
379.0    0.0000000000002162    0.0000000000002168    0.0000000000002189    0.0000000000002142    0.0000000000002173
381.0    0.0000000000002124    0.0000000000002129    0.0000000000002151    0.0000000000002104    0.0000000000002133
383.0    0.0000000000002086    0.0000000000002091    0.0000000000002113    0.0000000000002066    0.0000000000002094
385.0    0.0000000000002047    0.0000000000002054    0.0000000000002074    0.0000000000002027    0.0000000000002057
387.0    0.0000000000002010    0.0000000000002016    0.0000000000002036    0.0000000000001990    0.0000000000002021
389.0    0.0000000000001972    0.0000000000001978    0.0000000000001999    0.0000000000001953    0.0000000000001983
391.0    0.0000000000001935    0.0000000000001940    0.0000000000001963    0.0000000000001915    0.0000000000001945
393.0    0.0000000000001898    0.0000000000001904    0.0000000000001925    0.0000000000001880    0.0000000000001908
395.0    0.0000000000001863    0.0000000000001869    0.0000000000001888    0.0000000000001843    0.0000000000001873
397.0    0.0000000000001827    0.0000000000001832    0.0000000000001853    0.0000000000001807    0.0000000000001838
399.0    0.0000000000001792    0.0000000000001796    0.0000000000001819    0.0000000000001773    0.0000000000001802
401.0    0.0000000000001757    0.0000000000001760    0.0000000000001783    0.0000000000001738    0.0000000000001767
403.0    0.0000000000001722    0.0000000000001726    0.0000000000001748    0.0000000000001703    0.0000000000001732
405.0    0.0000000000001689    0.0000000000001693    0.0000000000001714    0.0000000000001670    0.0000000000001697
407.0    0.0000000000001656    0.0000000000001659    0.0000000000001682    0.0000000000001636    0.0000000000001665
409.0    0.0000000000001623    0.0000000000001625    0.0000000000001648    0.0000000000001603    0.0000000000001633
411.0    0.0000000000001590    0.0000000000001592    0.0000000000001615    0.0000000000001572    0.0000000000001600
413.0    0.0000000000001559    0.0000000000001560    0.0000000000001584    0.0000000000001541    0.0000000000001568
415.0    0.0000000000001529    0.0000000000001529    0.0000000000001553    0.0000000000001510    0.0000000000001536
417.0    0.0000000000001499    0.0000000000001498    0.0000000000001522    0.0000000000001481    0.0000000000001507
419.0    0.0000000000001469    0.0000000000001468    0.0000000000001492    0.0000000000001452    0.0000000000001478
421.0    0.0000000000001441    0.0000000000001438    0.0000000000001464    0.0000000000001423    0.0000000000001449
423.0    0.0000000000001413    0.0000000000001410    0.0000000000001437    0.0000000000001397    0.0000000000001421
425.0    0.0000000000001387    0.0000000000001384    0.0000000000001410    0.0000000000001372    0.0000000000001394
427.0    0.0000000000001362    0.0000000000001357    0.0000000000001384    0.0000000000001347    0.0000000000001369
429.0    0.0000000000001339    0.0000000000001331    0.0000000000001360    0.0000000000001324    0.0000000000001345
431.0    0.0000000000001316    0.0000000000001307    0.0000000000001337    0.0000000000001303    0.0000000000001323
433.0    0.0000000000001295    0.0000000000001285    0.0000000000001315    0.0000000000001282    0.0000000000001301
435.0    0.0000000000001276    0.0000000000001265    0.0000000000001295    0.0000000000001264    0.0000000000001281
437.0    0.0000000000001258    0.0000000000001245    0.0000000000001277    0.0000000000001247    0.0000000000001263
439.0    0.0000000000001243    0.0000000000001228    0.0000000000001260    0.0000000000001232    0.0000000000001247
441.0    0.0000000000001229    0.0000000000001212    0.0000000000001245    0.0000000000001220    0.0000000000001233
443.0    0.0000000000001217    0.0000000000001199    0.0000000000001232    0.0000000000001209    0.0000000000001221
445.0    0.0000000000001208    0.0000000000001188    0.0000000000001221    0.0000000000001201    0.0000000000001210
447.0    0.0000000000001201    0.0000000000001179    0.0000000000001213    0.0000000000001196    0.0000000000001202
449.0    0.0000000000001197    0.0000000000001172    0.0000000000001207    0.0000000000001193    0.0000000000001197
451.0    0.0000000000001195    0.0000000000001169    0.0000000000001203    0.0000000000001192    0.0000000000001195
453.0    0.0000000000001196    0.0000000000001168    0.0000000000001202    0.0000000000001195    0.0000000000001195
455.0    0.0000000000001199    0.0000000000001170    0.0000000000001204    0.0000000000001200    0.0000000000001197
457.0    0.0000000000001206    0.0000000000001175    0.0000000000001208    0.0000000000001209    0.0000000000001203
459.0    0.0000000000001216    0.0000000000001184    0.0000000000001215    0.0000000000001220    0.0000000000001212
461.0    0.0000000000001228    0.0000000000001195    0.0000000000001225    0.0000000000001234    0.0000000000001223
463.0    0.0000000000001243    0.0000000000001210    0.0000000000001238    0.0000000000001252    0.0000000000001237
465.0    0.0000000000001262    0.0000000000001227    0.0000000000001254    0.0000000000001273    0.0000000000001255
467.0    0.0000000000001283    0.0000000000001249    0.0000000000001273    0.0000000000001296    0.0000000000001276
469.0    0.0000000000001308    0.0000000000001274    0.0000000000001295    0.0000000000001321    0.0000000000001300
471.0    0.0000000000001335    0.0000000000001301    0.0000000000001319    0.0000000000001351    0.0000000000001325
473.0    0.0000000000001364    0.0000000000001331    0.0000000000001346    0.0000000000001383    0.0000000000001354
475.0    0.0000000000001396    0.0000000000001365    0.0000000000001377    0.0000000000001416    0.0000000000001386
477.0    0.0000000000001431    0.0000000000001401    0.0000000000001408    0.0000000000001453    0.0000000000001420
479.0    0.0000000000001469    0.0000000000001441    0.0000000000001442    0.0000000000001492    0.0000000000001457
481.0    0.0000000000001508    0.0000000000001481    0.0000000000001479    0.0000000000001532    0.0000000000001494
483.0    0.0000000000001549    0.0000000000001523    0.0000000000001518    0.0000000000001574    0.0000000000001534
485.0    0.0000000000001591    0.0000000000001568    0.0000000000001557    0.0000000000001618    0.0000000000001576
487.0    0.0000000000001633    0.0000000000001615    0.0000000000001598    0.0000000000001661    0.0000000000001620
489.0    0.0000000000001678    0.0000000000001663    0.0000000000001641    0.0000000000001707    0.0000000000001664
491.0    0.0000000000001723    0.0000000000001710    0.0000000000001686    0.0000000000001753    0.0000000000001710
493.0    0.0000000000001768    0.0000000000001757    0.0000000000001729    0.0000000000001798    0.0000000000001753
495.0    0.0000000000001814    0.0000000000001806    0.0000000000001772    0.0000000000001844    0.0000000000001797
497.0    0.0000000000001857    0.0000000000001855    0.0000000000001817    0.0000000000001889    0.0000000000001843
499.0    0.0000000000001901    0.0000000000001903    0.0000000000001861    0.0000000000001932    0.0000000000001888
501.0    0.0000000000001945    0.0000000000001948    0.0000000000001904    0.0000000000001975    0.0000000000001932
503.0    0.0000000000001987    0.0000000000001992    0.0000000000001945    0.0000000000002017    0.0000000000001974
505.0    0.0000000000002028    0.0000000000002036    0.0000000000001987    0.0000000000002056    0.0000000000002014
507.0    0.0000000000002066    0.0000000000002079    0.0000000000002027    0.0000000000002094    0.0000000000002054
509.0    0.0000000000002103    0.0000000000002119    0.0000000000002065    0.0000000000002131    0.0000000000002092
511.0    0.0000000000002138    0.0000000000002155    0.0000000000002100    0.0000000000002163    0.0000000000002128
513.0    0.0000000000002171    0.0000000000002189    0.0000000000002135    0.0000000000002194    0.0000000000002161
515.0    0.0000000000002202    0.0000000000002222    0.0000000000002168    0.0000000000002223    0.0000000000002192
517.0    0.0000000000002230    0.0000000000002251    0.0000000000002197    0.0000000000002250    0.0000000000002221
519.0    0.0000000000002255    0.0000000000002278    0.0000000000002224    0.0000000000002273    0.0000000000002247
521.0    0.0000000000002277    0.0000000000002301    0.0000000000002249    0.0000000000002294    0.0000000000002271
523.0    0.0000000000002297    0.0000000000002322    0.0000000000002272    0.0000000000002313    0.0000000000002293
525.0    0.0000000000002315    0.0000000000002340    0.0000000000002291    0.0000000000002328    0.0000000000002310
527.0    0.0000000000002330    0.0000000000002355    0.0000000000002308    0.0000000000002341    0.0000000000002326
529.0    0.0000000000002342    0.0000000000002367    0.0000000000002323    0.0000000000002351    0.0000000000002339
531.0    0.0000000000002351    0.0000000000002377    0.0000000000002335    0.0000000000002359    0.0000000000002350
533.0    0.0000000000002358    0.0000000000002383    0.0000000000002345    0.0000000000002364    0.0000000000002358
535.0    0.0000000000002363    0.0000000000002388    0.0000000000002352    0.0000000000002367    0.0000000000002363
537.0    0.0000000000002366    0.0000000000002389    0.0000000000002357    0.0000000000002368    0.0000000000002366
539.0    0.0000000000002366    0.0000000000002389    0.0000000000002360    0.0000000000002366    0.0000000000002367
541.0    0.0000000000002364    0.0000000000002386    0.0000000000002360    0.0000000000002363    0.0000000000002366
543.0    0.0000000000002360    0.0000000000002382    0.0000000000002358    0.0000000000002357    0.0000000000002363
545.0    0.0000000000002354    0.0000000000002375    0.0000000000002355    0.0000000000002350    0.0000000000002358
547.0    0.0000000000002347    0.0000000000002366    0.0000000000002349    0.0000000000002341    0.0000000000002351
549.0    0.0000000000002338    0.0000000000002356    0.0000000000002342    0.0000000000002331    0.0000000000002342
551.0    0.0000000000002327    0.0000000000002345    0.0000000000002334    0.0000000000002319    0.0000000000002332
553.0    0.0000000000002315    0.0000000000002332    0.0000000000002323    0.0000000000002306    0.0000000000002320
555.0    0.0000000000002302    0.0000000000002318    0.0000000000002312    0.0000000000002292    0.0000000000002307
557.0    0.0000000000002288    0.0000000000002302    0.0000000000002299    0.0000000000002277    0.0000000000002294
559.0    0.0000000000002273    0.0000000000002286    0.0000000000002285    0.0000000000002261    0.0000000000002279
561.0    0.0000000000002256    0.0000000000002269    0.0000000000002270    0.0000000000002244    0.0000000000002263
563.0    0.0000000000002239    0.0000000000002252    0.0000000000002255    0.0000000000002227    0.0000000000002246
565.0    0.0000000000002223    0.0000000000002233    0.0000000000002239    0.0000000000002209    0.0000000000002229
567.0    0.0000000000002204    0.0000000000002214    0.0000000000002221    0.0000000000002190    0.0000000000002211
569.0    0.0000000000002186    0.0000000000002194    0.0000000000002203    0.0000000000002172    0.0000000000002193
571.0    0.0000000000002167    0.0000000000002175    0.0000000000002185    0.0000000000002152    0.0000000000002174
573.0    0.0000000000002147    0.0000000000002155    0.0000000000002167    0.0000000000002132    0.0000000000002155
575.0    0.0000000000002128    0.0000000000002135    0.0000000000002148    0.0000000000002113    0.0000000000002135
577.0    0.0000000000002108    0.0000000000002114    0.0000000000002128    0.0000000000002093    0.0000000000002116
579.0    0.0000000000002089    0.0000000000002094    0.0000000000002109    0.0000000000002073    0.0000000000002097
581.0    0.0000000000002069    0.0000000000002074    0.0000000000002090    0.0000000000002053    0.0000000000002077
583.0    0.0000000000002049    0.0000000000002054    0.0000000000002070    0.0000000000002033    0.0000000000002057
585.0    0.0000000000002029    0.0000000000002034    0.0000000000002050    0.0000000000002013    0.0000000000002037
587.0    0.0000000000002009    0.0000000000002013    0.0000000000002031    0.0000000000001994    0.0000000000002017
589.0    0.0000000000001990    0.0000000000001994    0.0000000000002011    0.0000000000001974    0.0000000000001997
591.0    0.0000000000001971    0.0000000000001974    0.0000000000001992    0.0000000000001954    0.0000000000001978
593.0    0.0000000000001951    0.0000000000001955    0.0000000000001972    0.0000000000001936    0.0000000000001959
595.0    0.0000000000001932    0.0000000000001935    0.0000000000001953    0.0000000000001916    0.0000000000001939
597.0    0.0000000000001913    0.0000000000001916    0.0000000000001935    0.0000000000001897    0.0000000000001920
599.0    0.0000000000001895    0.0000000000001897    0.0000000000001915    0.0000000000001879    0.0000000000001902
601.0    0.0000000000001876    0.0000000000001879    0.0000000000001896    0.0000000000001861    0.0000000000001884
603.0    0.0000000000001858    0.0000000000001860    0.0000000000001878    0.0000000000001842    0.0000000000001865
605.0    0.0000000000001840    0.0000000000001842    0.0000000000001860    0.0000000000001825    0.0000000000001847
607.0    0.0000000000001822    0.0000000000001824    0.0000000000001842    0.0000000000001808    0.0000000000001828
609.0    0.0000000000001804    0.0000000000001807    0.0000000000001824    0.0000000000001790    0.0000000000001811
611.0    0.0000000000001786    0.0000000000001790    0.0000000000001807    0.0000000000001772    0.0000000000001794
613.0    0.0000000000001770    0.0000000000001772    0.0000000000001790    0.0000000000001756    0.0000000000001777
615.0    0.0000000000001753    0.0000000000001755    0.0000000000001772    0.0000000000001739    0.0000000000001760
617.0    0.0000000000001736    0.0000000000001738    0.0000000000001755    0.0000000000001722    0.0000000000001743
619.0    0.0000000000001719    0.0000000000001722    0.0000000000001739    0.0000000000001706    0.0000000000001726
621.0    0.0000000000001703    0.0000000000001706    0.0000000000001722    0.0000000000001689    0.0000000000001710
623.0    0.0000000000001687    0.0000000000001690    0.0000000000001706    0.0000000000001673    0.0000000000001694
625.0    0.0000000000001671    0.0000000000001674    0.0000000000001689    0.0000000000001658    0.0000000000001678
627.0    0.0000000000001656    0.0000000000001658    0.0000000000001674    0.0000000000001642    0.0000000000001662
629.0    0.0000000000001640    0.0000000000001643    0.0000000000001658    0.0000000000001626    0.0000000000001646
631.0    0.0000000000001624    0.0000000000001628    0.0000000000001643    0.0000000000001612    0.0000000000001631
633.0    0.0000000000001609    0.0000000000001612    0.0000000000001627    0.0000000000001596    0.0000000000001616
635.0    0.0000000000001594    0.0000000000001597    0.0000000000001612    0.0000000000001581    0.0000000000001601
637.0    0.0000000000001579    0.0000000000001582    0.0000000000001597    0.0000000000001567    0.0000000000001586
639.0    0.0000000000001565    0.0000000000001568    0.0000000000001582    0.0000000000001552    0.0000000000001571
641.0    0.0000000000001550    0.0000000000001553    0.0000000000001567    0.0000000000001537    0.0000000000001556
643.0    0.0000000000001535    0.0000000000001539    0.0000000000001553    0.0000000000001523    0.0000000000001542
645.0    0.0000000000001521    0.0000000000001524    0.0000000000001538    0.0000000000001508    0.0000000000001528
647.0    0.0000000000001507    0.0000000000001510    0.0000000000001524    0.0000000000001494    0.0000000000001513
649.0    0.0000000000001493    0.0000000000001496    0.0000000000001509    0.0000000000001480    0.0000000000001499
651.0    0.0000000000001479    0.0000000000001482    0.0000000000001495    0.0000000000001466    0.0000000000001484
653.0    0.0000000000001465    0.0000000000001468    0.0000000000001482    0.0000000000001452    0.0000000000001471
655.0    0.0000000000001451    0.0000000000001454    0.0000000000001468    0.0000000000001438    0.0000000000001457
657.0    0.0000000000001437    0.0000000000001440    0.0000000000001453    0.0000000000001425    0.0000000000001443
659.0    0.0000000000001424    0.0000000000001427    0.0000000000001440    0.0000000000001411    0.0000000000001429
661.0    0.0000000000001410    0.0000000000001413    0.0000000000001427    0.0000000000001398    0.0000000000001416
663.0    0.0000000000001396    0.0000000000001400    0.0000000000001413    0.0000000000001385    0.0000000000001403
665.0    0.0000000000001383    0.0000000000001386    0.0000000000001399    0.0000000000001371    0.0000000000001390
667.0    0.0000000000001370    0.0000000000001373    0.0000000000001386    0.0000000000001358    0.0000000000001376
669.0    0.0000000000001356    0.0000000000001360    0.0000000000001373    0.0000000000001345    0.0000000000001363
671.0    0.0000000000001344    0.0000000000001347    0.0000000000001360    0.0000000000001331    0.0000000000001349
673.0    0.0000000000001331    0.0000000000001334    0.0000000000001346    0.0000000000001318    0.0000000000001336
675.0    0.0000000000001317    0.0000000000001320    0.0000000000001334    0.0000000000001306    0.0000000000001323
677.0    0.0000000000001305    0.0000000000001307    0.0000000000001321    0.0000000000001293    0.0000000000001311
679.0    0.0000000000001292    0.0000000000001295    0.0000000000001308    0.0000000000001280    0.0000000000001298
681.0    0.0000000000001279    0.0000000000001282    0.0000000000001295    0.0000000000001268    0.0000000000001285
683.0    0.0000000000001267    0.0000000000001270    0.0000000000001282    0.0000000000001255    0.0000000000001272
685.0    0.0000000000001254    0.0000000000001257    0.0000000000001270    0.0000000000001242    0.0000000000001260
687.0    0.0000000000001242    0.0000000000001244    0.0000000000001257    0.0000000000001230    0.0000000000001248
689.0    0.0000000000001229    0.0000000000001232    0.0000000000001245    0.0000000000001218    0.0000000000001235
691.0    0.0000000000001217    0.0000000000001220    0.0000000000001233    0.0000000000001205    0.0000000000001223
693.0    0.0000000000001205    0.0000000000001208    0.0000000000001221    0.0000000000001194    0.0000000000001210
695.0    0.0000000000001193    0.0000000000001195    0.0000000000001208    0.0000000000001181    0.0000000000001199
697.0    0.0000000000001181    0.0000000000001183    0.0000000000001196    0.0000000000001169    0.0000000000001187
699.0    0.0000000000001169    0.0000000000001172    0.0000000000001184    0.0000000000001158    0.0000000000001175
701.0    0.0000000000001157    0.0000000000001160    0.0000000000001173    0.0000000000001147    0.0000000000001163
703.0    0.0000000000001146    0.0000000000001148    0.0000000000001161    0.0000000000001135    0.0000000000001151
705.0    0.0000000000001134    0.0000000000001136    0.0000000000001149    0.0000000000001123    0.0000000000001139
707.0    0.0000000000001123    0.0000000000001125    0.0000000000001138    0.0000000000001112    0.0000000000001128
709.0    0.0000000000001112    0.0000000000001114    0.0000000000001127    0.0000000000001101    0.0000000000001117
711.0    0.0000000000001100    0.0000000000001103    0.0000000000001115    0.0000000000001090    0.0000000000001106
713.0    0.0000000000001089    0.0000000000001091    0.0000000000001104    0.0000000000001079    0.0000000000001094
715.0    0.0000000000001079    0.0000000000001080    0.0000000000001093    0.0000000000001068    0.0000000000001083
717.0    0.0000000000001068    0.0000000000001069    0.0000000000001082    0.0000000000001057    0.0000000000001072
719.0    0.0000000000001057    0.0000000000001059    0.0000000000001071    0.0000000000001047    0.0000000000001062
721.0    0.0000000000001046    0.0000000000001048    0.0000000000001060    0.0000000000001036    0.0000000000001051
723.0    0.0000000000001036    0.0000000000001037    0.0000000000001050    0.0000000000001025    0.0000000000001040
725.0    0.0000000000001025    0.0000000000001027    0.0000000000001040    0.0000000000001015    0.0000000000001030
727.0    0.0000000000001015    0.0000000000001017    0.0000000000001029    0.0000000000001005    0.0000000000001020
729.0    0.0000000000001005    0.0000000000001007    0.0000000000001019    0.0000000000000995    0.0000000000001010
731.0    0.0000000000000995    0.0000000000000997    0.0000000000001009    0.0000000000000985    0.0000000000001000
733.0    0.0000000000000985    0.0000000000000987    0.0000000000000999    0.0000000000000976    0.0000000000000990
735.0    0.0000000000000976    0.0000000000000977    0.0000000000000989    0.0000000000000966    0.0000000000000980
737.0    0.0000000000000966    0.0000000000000967    0.0000000000000979    0.0000000000000957    0.0000000000000970
739.0    0.0000000000000957    0.0000000000000958    0.0000000000000970    0.0000000000000947    0.0000000000000961
741.0    0.0000000000000948    0.0000000000000949    0.0000000000000960    0.0000000000000938    0.0000000000000952
743.0    0.0000000000000938    0.0000000000000939    0.0000000000000951    0.0000000000000929    0.0000000000000942
745.0    0.0000000000000929    0.0000000000000930    0.0000000000000942    0.0000000000000920    0.0000000000000933
747.0    0.0000000000000920    0.0000000000000921    0.0000000000000933    0.0000000000000911    0.0000000000000924
749.0    0.0000000000000912    0.0000000000000913    0.0000000000000924    0.0000000000000903    0.0000000000000916
751.0    0.0000000000000903    0.0000000000000904    0.0000000000000915    0.0000000000000895    0.0000000000000907
753.0    0.0000000000000895    0.0000000000000895    0.0000000000000906    0.0000000000000886    0.0000000000000899
755.0    0.0000000000000886    0.0000000000000887    0.0000000000000898    0.0000000000000878    0.0000000000000890
757.0    0.0000000000000878    0.0000000000000879    0.0000000000000890    0.0000000000000870    0.0000000000000882
759.0    0.0000000000000870    0.0000000000000871    0.0000000000000881    0.0000000000000862    0.0000000000000874
761.0    0.0000000000000862    0.0000000000000863    0.0000000000000873    0.0000000000000854    0.0000000000000866
763.0    0.0000000000000854    0.0000000000000855    0.0000000000000865    0.0000000000000846    0.0000000000000858
765.0    0.0000000000000846    0.0000000000000847    0.0000000000000857    0.0000000000000838    0.0000000000000850
767.0    0.0000000000000839    0.0000000000000839    0.0000000000000849    0.0000000000000831    0.0000000000000842
769.0    0.0000000000000831    0.0000000000000832    0.0000000000000842    0.0000000000000823    0.0000000000000834
771.0    0.0000000000000824    0.0000000000000825    0.0000000000000834    0.0000000000000816    0.0000000000000827
773.0    0.0000000000000816    0.0000000000000817    0.0000000000000827    0.0000000000000809    0.0000000000000820
775.0    0.0000000000000809    0.0000000000000810    0.0000000000000819    0.0000000000000802    0.0000000000000813
777.0    0.0000000000000802    0.0000000000000803    0.0000000000000812    0.0000000000000795    0.0000000000000805
779.0    0.0000000000000795    0.0000000000000796    0.0000000000000805    0.0000000000000787    0.0000000000000798
781.0    0.0000000000000788    0.0000000000000789    0.0000000000000798    0.0000000000000781    0.0000000000000791
783.0    0.0000000000000781    0.0000000000000782    0.0000000000000791    0.0000000000000774    0.0000000000000785
785.0    0.0000000000000774    0.0000000000000775    0.0000000000000784    0.0000000000000767    0.0000000000000778
787.0    0.0000000000000768    0.0000000000000769    0.0000000000000778    0.0000000000000761    0.0000000000000771
789.0    0.0000000000000761    0.0000000000000762    0.0000000000000771    0.0000000000000754    0.0000000000000764
791.0    0.0000000000000755    0.0000000000000756    0.0000000000000764    0.0000000000000748    0.0000000000000758
793.0    0.0000000000000748    0.0000000000000749    0.0000000000000758    0.0000000000000741    0.0000000000000752
795.0    0.0000000000000742    0.0000000000000743    0.0000000000000751    0.0000000000000735    0.0000000000000745
797.0    0.0000000000000736    0.0000000000000737    0.0000000000000745    0.0000000000000729    0.0000000000000739
799.0    0.0000000000000729    0.0000000000000731    0.0000000000000739    0.0000000000000723    0.0000000000000733
801.0    0.0000000000000723    0.0000000000000725    0.0000000000000732    0.0000000000000717    0.0000000000000726
803.0    0.0000000000000717    0.0000000000000718    0.0000000000000726    0.0000000000000711    0.0000000000000720
805.0    0.0000000000000711    0.0000000000000712    0.0000000000000720    0.0000000000000704    0.0000000000000714
807.0    0.0000000000000705    0.0000000000000706    0.0000000000000714    0.0000000000000699    0.0000000000000708
809.0    0.0000000000000699    0.0000000000000701    0.0000000000000708    0.0000000000000693    0.0000000000000702
811.0    0.0000000000000693    0.0000000000000695    0.0000000000000702    0.0000000000000687    0.0000000000000696
813.0    0.0000000000000688    0.0000000000000689    0.0000000000000696    0.0000000000000681    0.0000000000000691
815.0    0.0000000000000682    0.0000000000000683    0.0000000000000690    0.0000000000000675    0.0000000000000685
817.0    0.0000000000000676    0.0000000000000677    0.0000000000000684    0.0000000000000670    0.0000000000000679
819.0    0.0000000000000670    0.0000000000000672    0.0000000000000679    0.0000000000000664    0.0000000000000673
821.0    0.0000000000000665    0.0000000000000666    0.0000000000000673    0.0000000000000658    0.0000000000000668
823.0    0.0000000000000659    0.0000000000000660    0.0000000000000668    0.0000000000000653    0.0000000000000662
825.0    0.0000000000000654    0.0000000000000655    0.0000000000000662    0.0000000000000647    0.0000000000000657
827.0    0.0000000000000648    0.0000000000000650    0.0000000000000657    0.0000000000000642    0.0000000000000651
829.0    0.0000000000000643    0.0000000000000644    0.0000000000000651    0.0000000000000636    0.0000000000000646
831.0    0.0000000000000637    0.0000000000000639    0.0000000000000645    0.0000000000000631    0.0000000000000640
833.0    0.0000000000000632    0.0000000000000633    0.0000000000000640    0.0000000000000626    0.0000000000000635
835.0    0.0000000000000627    0.0000000000000628    0.0000000000000635    0.0000000000000620    0.0000000000000629
837.0    0.0000000000000621    0.0000000000000623    0.0000000000000629    0.0000000000000615    0.0000000000000624
839.0    0.0000000000000616    0.0000000000000617    0.0000000000000624    0.0000000000000610    0.0000000000000619
841.0    0.0000000000000611    0.0000000000000612    0.0000000000000619    0.0000000000000605    0.0000000000000614
843.0    0.0000000000000605    0.0000000000000607    0.0000000000000614    0.0000000000000600    0.0000000000000608
845.0    0.0000000000000600    0.0000000000000602    0.0000000000000608    0.0000000000000595    0.0000000000000603
847.0    0.0000000000000595    0.0000000000000597    0.0000000000000603    0.0000000000000590    0.0000000000000598
849.0    0.0000000000000590    0.0000000000000592    0.0000000000000598    0.0000000000000584    0.0000000000000593
851.0    0.0000000000000585    0.0000000000000586    0.0000000000000593    0.0000000000000580    0.0000000000000588
853.0    0.0000000000000580    0.0000000000000581    0.0000000000000588    0.0000000000000575    0.0000000000000583
855.0    0.0000000000000576    0.0000000000000577    0.0000000000000583    0.0000000000000570    0.0000000000000578
857.0    0.0000000000000571    0.0000000000000572    0.0000000000000578    0.0000000000000565    0.0000000000000573
859.0    0.0000000000000566    0.0000000000000567    0.0000000000000574    0.0000000000000560    0.0000000000000568
861.0    0.0000000000000561    0.0000000000000562    0.0000000000000569    0.0000000000000555    0.0000000000000564
863.0    0.0000000000000556    0.0000000000000557    0.0000000000000564    0.0000000000000551    0.0000000000000559
865.0    0.0000000000000552    0.0000000000000552    0.0000000000000559    0.0000000000000546    0.0000000000000554
867.0    0.0000000000000547    0.0000000000000548    0.0000000000000554    0.0000000000000541    0.0000000000000549
869.0    0.0000000000000542    0.0000000000000543    0.0000000000000550    0.0000000000000537    0.0000000000000545
871.0    0.0000000000000538    0.0000000000000539    0.0000000000000545    0.0000000000000532    0.0000000000000540
873.0    0.0000000000000533    0.0000000000000534    0.0000000000000541    0.0000000000000528    0.0000000000000536
875.0    0.0000000000000529    0.0000000000000530    0.0000000000000536    0.0000000000000524    0.0000000000000531
877.0    0.0000000000000524    0.0000000000000525    0.0000000000000532    0.0000000000000519    0.0000000000000527
879.0    0.0000000000000520    0.0000000000000521    0.0000000000000527    0.0000000000000515    0.0000000000000522
881.0    0.0000000000000516    0.0000000000000516    0.0000000000000523    0.0000000000000511    0.0000000000000518
883.0    0.0000000000000512    0.0000000000000512    0.0000000000000519    0.0000000000000507    0.0000000000000514
885.0    0.0000000000000507    0.0000000000000508    0.0000000000000514    0.0000000000000502    0.0000000000000509
887.0    0.0000000000000503    0.0000000000000504    0.0000000000000510    0.0000000000000498    0.0000000000000505
889.0    0.0000000000000499    0.0000000000000500    0.0000000000000506    0.0000000000000495    0.0000000000000501
891.0    0.0000000000000495    0.0000000000000496    0.0000000000000502    0.0000000000000490    0.0000000000000497
893.0    0.0000000000000491    0.0000000000000492    0.0000000000000498    0.0000000000000487    0.0000000000000493
895.0    0.0000000000000487    0.0000000000000488    0.0000000000000494    0.0000000000000483    0.0000000000000489
897.0    0.0000000000000483    0.0000000000000484    0.0000000000000490    0.0000000000000479    0.0000000000000485
899.0    0.0000000000000480    0.0000000000000480    0.0000000000000486    0.0000000000000475    0.0000000000000482
901.0    0.0000000000000476    0.0000000000000476    0.0000000000000482    0.0000000000000471    0.0000000000000478
903.0    0.0000000000000472    0.0000000000000472    0.0000000000000478    0.0000000000000468    0.0000000000000474
905.0    0.0000000000000469    0.0000000000000469    0.0000000000000475    0.0000000000000464    0.0000000000000470
907.0    0.0000000000000465    0.0000000000000465    0.0000000000000471    0.0000000000000461    0.0000000000000467
909.0    0.0000000000000461    0.0000000000000462    0.0000000000000467    0.0000000000000457    0.0000000000000463
911.0    0.0000000000000458    0.0000000000000458    0.0000000000000464    0.0000000000000454    0.0000000000000460
913.0    0.0000000000000455    0.0000000000000455    0.0000000000000460    0.0000000000000450    0.0000000000000456
915.0    0.0000000000000451    0.0000000000000451    0.0000000000000457    0.0000000000000447    0.0000000000000453
917.0    0.0000000000000448    0.0000000000000448    0.0000000000000453    0.0000000000000444    0.0000000000000449
919.0    0.0000000000000444    0.0000000000000445    0.0000000000000450    0.0000000000000441    0.0000000000000446
921.0    0.0000000000000441    0.0000000000000442    0.0000000000000447    0.0000000000000437    0.0000000000000443
923.0    0.0000000000000438    0.0000000000000438    0.0000000000000444    0.0000000000000434    0.0000000000000440
925.0    0.0000000000000435    0.0000000000000435    0.0000000000000440    0.0000000000000431    0.0000000000000437
927.0    0.0000000000000432    0.0000000000000432    0.0000000000000437    0.0000000000000428    0.0000000000000433
929.0    0.0000000000000429    0.0000000000000429    0.0000000000000434    0.0000000000000425    0.0000000000000430
931.0    0.0000000000000426    0.0000000000000426    0.0000000000000431    0.0000000000000422    0.0000000000000427
933.0    0.0000000000000423    0.0000000000000423    0.0000000000000428    0.0000000000000419    0.0000000000000424
935.0    0.0000000000000420    0.0000000000000420    0.0000000000000425    0.0000000000000416    0.0000000000000421
937.0    0.0000000000000417    0.0000000000000417    0.0000000000000422    0.0000000000000413    0.0000000000000418
939.0    0.0000000000000414    0.0000000000000414    0.0000000000000419    0.0000000000000411    0.0000000000000416
941.0    0.0000000000000411    0.0000000000000412    0.0000000000000416    0.0000000000000408    0.0000000000000413
943.0    0.0000000000000408    0.0000000000000409    0.0000000000000413    0.0000000000000405    0.0000000000000410
945.0    0.0000000000000406    0.0000000000000406    0.0000000000000411    0.0000000000000402    0.0000000000000407
947.0    0.0000000000000403    0.0000000000000403    0.0000000000000408    0.0000000000000400    0.0000000000000405
949.0    0.0000000000000400    0.0000000000000401    0.0000000000000405    0.0000000000000397    0.0000000000000402
951.0    0.0000000000000398    0.0000000000000398    0.0000000000000402    0.0000000000000394    0.0000000000000399
953.0    0.0000000000000395    0.0000000000000396    0.0000000000000400    0.0000000000000392    0.0000000000000397
955.0    0.0000000000000392    0.0000000000000393    0.0000000000000397    0.0000000000000389    0.0000000000000394
957.0    0.0000000000000390    0.0000000000000390    0.0000000000000394    0.0000000000000387    0.0000000000000391
959.0    0.0000000000000387    0.0000000000000388    0.0000000000000392    0.0000000000000384    0.0000000000000389
961.0    0.0000000000000385    0.0000000000000385    0.0000000000000389    0.0000000000000382    0.0000000000000386
963.0    0.0000000000000382    0.0000000000000383    0.0000000000000387    0.0000000000000379    0.0000000000000384
965.0    0.0000000000000380    0.0000000000000381    0.0000000000000384    0.0000000000000377    0.0000000000000381
967.0    0.0000000000000377    0.0000000000000378    0.0000000000000382    0.0000000000000374    0.0000000000000379
969.0    0.0000000000000375    0.0000000000000376    0.0000000000000379    0.0000000000000372    0.0000000000000377
971.0    0.0000000000000373    0.0000000000000373    0.0000000000000377    0.0000000000000369    0.0000000000000374
973.0    0.0000000000000370    0.0000000000000371    0.0000000000000375    0.0000000000000367    0.0000000000000372
975.0    0.0000000000000368    0.0000000000000369    0.0000000000000372    0.0000000000000365    0.0000000000000369
977.0    0.0000000000000366    0.0000000000000366    0.0000000000000370    0.0000000000000362    0.0000000000000367
979.0    0.0000000000000363    0.0000000000000364    0.0000000000000367    0.0000000000000360    0.0000000000000365
981.0    0.0000000000000361    0.0000000000000362    0.0000000000000365    0.0000000000000358    0.0000000000000362
983.0    0.0000000000000359    0.0000000000000359    0.0000000000000363    0.0000000000000356    0.0000000000000360
985.0    0.0000000000000356    0.0000000000000357    0.0000000000000360    0.0000000000000353    0.0000000000000358
987.0    0.0000000000000354    0.0000000000000355    0.0000000000000358    0.0000000000000351    0.0000000000000356
989.0    0.0000000000000352    0.0000000000000353    0.0000000000000356    0.0000000000000349    0.0000000000000353
991.0    0.0000000000000350    0.0000000000000350    0.0000000000000354    0.0000000000000347    0.0000000000000351
993.0    0.0000000000000347    0.0000000000000348    0.0000000000000351    0.0000000000000344    0.0000000000000349
995.0    0.0000000000000345    0.0000000000000346    0.0000000000000349    0.0000000000000342    0.0000000000000347
997.0    0.0000000000000343    0.0000000000000344    0.0000000000000347    0.0000000000000340    0.0000000000000345
999.0    0.0000000000000341    0.0000000000000342    0.0000000000000345    0.0000000000000338    0.0000000000000342
1001.0    0.0000000000000339    0.0000000000000339    0.0000000000000343    0.0000000000000336    0.0000000000000340
1003.0    0.0000000000000336    0.0000000000000337    0.0000000000000340    0.0000000000000333    0.0000000000000338
1005.0    0.0000000000000334    0.0000000000000335    0.0000000000000338    0.0000000000000331    0.0000000000000336
1007.0    0.0000000000000332    0.0000000000000333    0.0000000000000336    0.0000000000000329    0.0000000000000334
1009.0    0.0000000000000330    0.0000000000000331    0.0000000000000334    0.0000000000000327    0.0000000000000332
1011.0    0.0000000000000328    0.0000000000000329    0.0000000000000332    0.0000000000000325    0.0000000000000329
1013.0    0.0000000000000326    0.0000000000000327    0.0000000000000330    0.0000000000000323    0.0000000000000327
1015.0    0.0000000000000324    0.0000000000000325    0.0000000000000328    0.0000000000000321    0.0000000000000325
1017.0    0.0000000000000322    0.0000000000000322    0.0000000000000325    0.0000000000000319    0.0000000000000323
1019.0    0.0000000000000320    0.0000000000000320    0.0000000000000323    0.0000000000000317    0.0000000000000321
1021.0    0.0000000000000317    0.0000000000000318    0.0000000000000321    0.0000000000000314    0.0000000000000319
1023.0    0.0000000000000315    0.0000000000000316    0.0000000000000319    0.0000000000000312    0.0000000000000317
1025.0    0.0000000000000313    0.0000000000000314    0.0000000000000317    0.0000000000000310    0.0000000000000315
1027.0    0.0000000000000311    0.0000000000000312    0.0000000000000315    0.0000000000000308    0.0000000000000313
1029.0    0.0000000000000309    0.0000000000000310    0.0000000000000313    0.0000000000000306    0.0000000000000311
1031.0    0.0000000000000307    0.0000000000000308    0.0000000000000311    0.0000000000000304    0.0000000000000309
1033.0    0.0000000000000305    0.0000000000000306    0.0000000000000309    0.0000000000000302    0.0000000000000307
1035.0    0.0000000000000303    0.0000000000000304    0.0000000000000307    0.0000000000000300    0.0000000000000305
1037.0    0.0000000000000301    0.0000000000000302    0.0000000000000305    0.0000000000000298    0.0000000000000303
1039.0    0.0000000000000299    0.0000000000000300    0.0000000000000303    0.0000000000000296    0.0000000000000301
1041.0    0.0000000000000297    0.0000000000000298    0.0000000000000301    0.0000000000000294    0.0000000000000299
1043.0    0.0000000000000295    0.0000000000000296    0.0000000000000299    0.0000000000000292    0.0000000000000297
1045.0    0.0000000000000293    0.0000000000000294    0.0000000000000297    0.0000000000000290    0.0000000000000295
1047.0    0.0000000000000291    0.0000000000000292    0.0000000000000295    0.0000000000000288    0.0000000000000292
1049.0    0.0000000000000289    0.0000000000000290    0.0000000000000293    0.0000000000000286    0.0000000000000291
1051.0    0.0000000000000287    0.0000000000000288    0.0000000000000291    0.0000000000000284    0.0000000000000289
1053.0    0.0000000000000285    0.0000000000000286    0.0000000000000289    0.0000000000000282    0.0000000000000287
1055.0    0.0000000000000283    0.0000000000000284    0.0000000000000287    0.0000000000000280    0.0000000000000285
1057.0    0.0000000000000281    0.0000000000000282    0.0000000000000285    0.0000000000000279    0.0000000000000283
1059.0    0.0000000000000279    0.0000000000000280    0.0000000000000283    0.0000000000000277    0.0000000000000281
1061.0    0.0000000000000277    0.0000000000000278    0.0000000000000281    0.0000000000000275    0.0000000000000279
1063.0    0.0000000000000276    0.0000000000000276    0.0000000000000279    0.0000000000000273    0.0000000000000277
1065.0    0.0000000000000274    0.0000000000000274    0.0000000000000277    0.0000000000000271    0.0000000000000275
1067.0    0.0000000000000272    0.0000000000000272    0.0000000000000276    0.0000000000000269    0.0000000000000273
1069.0    0.0000000000000270    0.0000000000000271    0.0000000000000274    0.0000000000000267    0.0000000000000271
1071.0    0.0000000000000268    0.0000000000000269    0.0000000000000272    0.0000000000000265    0.0000000000000269
1073.0    0.0000000000000266    0.0000000000000267    0.0000000000000270    0.0000000000000263    0.0000000000000267
1075.0    0.0000000000000264    0.0000000000000265    0.0000000000000268    0.0000000000000261    0.0000000000000266
1077.0    0.0000000000000262    0.0000000000000263    0.0000000000000266    0.0000000000000260    0.0000000000000264
1079.0    0.0000000000000260    0.0000000000000261    0.0000000000000264    0.0000000000000258    0.0000000000000262
1081.0    0.0000000000000259    0.0000000000000259    0.0000000000000262    0.0000000000000256    0.0000000000000260
1083.0    0.0000000000000257    0.0000000000000258    0.0000000000000260    0.0000000000000254    0.0000000000000258
1085.0    0.0000000000000255    0.0000000000000256    0.0000000000000259    0.0000000000000252    0.0000000000000256
1087.0    0.0000000000000253    0.0000000000000254    0.0000000000000257    0.0000000000000250    0.0000000000000254
1089.0    0.0000000000000251    0.0000000000000252    0.0000000000000255    0.0000000000000249    0.0000000000000253
1091.0    0.0000000000000249    0.0000000000000250    0.0000000000000253    0.0000000000000247    0.0000000000000251
1093.0    0.0000000000000248    0.0000000000000248    0.0000000000000251    0.0000000000000245    0.0000000000000249
1095.0    0.0000000000000246    0.0000000000000247    0.0000000000000249    0.0000000000000243    0.0000000000000247
1097.0    0.0000000000000244    0.0000000000000245    0.0000000000000248    0.0000000000000241    0.0000000000000245
1099.0    0.0000000000000242    0.0000000000000243    0.0000000000000246    0.0000000000000240    0.0000000000000244
1101.0    0.0000000000000240    0.0000000000000241    0.0000000000000244    0.0000000000000238    0.0000000000000242
1103.0    0.0000000000000239    0.0000000000000239    0.0000000000000242    0.0000000000000236    0.0000000000000240
1105.0    0.0000000000000237    0.0000000000000238    0.0000000000000241    0.0000000000000234    0.0000000000000238
1107.0    0.0000000000000235    0.0000000000000236    0.0000000000000239    0.0000000000000233    0.0000000000000236
1109.0    0.0000000000000233    0.0000000000000234    0.0000000000000237    0.0000000000000231    0.0000000000000235
1111.0    0.0000000000000232    0.0000000000000232    0.0000000000000235    0.0000000000000229    0.0000000000000233
1113.0    0.0000000000000230    0.0000000000000231    0.0000000000000234    0.0000000000000227    0.0000000000000231
1115.0    0.0000000000000228    0.0000000000000229    0.0000000000000232    0.0000000000000226    0.0000000000000230
1117.0    0.0000000000000226    0.0000000000000227    0.0000000000000230    0.0000000000000224    0.0000000000000228
1119.0    0.0000000000000225    0.0000000000000225    0.0000000000000228    0.0000000000000222    0.0000000000000226
1121.0    0.0000000000000223    0.0000000000000224    0.0000000000000227    0.0000000000000221    0.0000000000000224
1123.0    0.0000000000000221    0.0000000000000222    0.0000000000000225    0.0000000000000219    0.0000000000000223
1125.0    0.0000000000000220    0.0000000000000220    0.0000000000000223    0.0000000000000217    0.0000000000000221
1127.0    0.0000000000000218    0.0000000000000219    0.0000000000000222    0.0000000000000216    0.0000000000000219
1129.0    0.0000000000000216    0.0000000000000217    0.0000000000000220    0.0000000000000214    0.0000000000000218
1131.0    0.0000000000000215    0.0000000000000215    0.0000000000000218    0.0000000000000212    0.0000000000000216
1133.0    0.0000000000000213    0.0000000000000214    0.0000000000000217    0.0000000000000211    0.0000000000000214
1135.0    0.0000000000000212    0.0000000000000212    0.0000000000000215    0.0000000000000209    0.0000000000000213
1137.0    0.0000000000000210    0.0000000000000210    0.0000000000000213    0.0000000000000207    0.0000000000000211
1139.0    0.0000000000000208    0.0000000000000209    0.0000000000000212    0.0000000000000206    0.0000000000000209
1141.0    0.0000000000000207    0.0000000000000207    0.0000000000000210    0.0000000000000204    0.0000000000000208
1143.0    0.0000000000000205    0.0000000000000206    0.0000000000000208    0.0000000000000203    0.0000000000000206
1145.0    0.0000000000000204    0.0000000000000204    0.0000000000000207    0.0000000000000201    0.0000000000000205
1147.0    0.0000000000000202    0.0000000000000202    0.0000000000000205    0.0000000000000200    0.0000000000000203
1149.0    0.0000000000000201    0.0000000000000201    0.0000000000000204    0.0000000000000198    0.0000000000000202
1151.0    0.0000000000000199    0.0000000000000199    0.0000000000000202    0.0000000000000197    0.0000000000000200
1153.0    0.0000000000000197    0.0000000000000198    0.0000000000000201    0.0000000000000195    0.0000000000000198
1155.0    0.0000000000000196    0.0000000000000196    0.0000000000000199    0.0000000000000194    0.0000000000000197
1157.0    0.0000000000000195    0.0000000000000195    0.0000000000000198    0.0000000000000192    0.0000000000000196
1159.0    0.0000000000000193    0.0000000000000193    0.0000000000000196    0.0000000000000191    0.0000000000000194
1161.0    0.0000000000000192    0.0000000000000192    0.0000000000000195    0.0000000000000189    0.0000000000000192
1163.0    0.0000000000000190    0.0000000000000190    0.0000000000000193    0.0000000000000188    0.0000000000000191
1165.0    0.0000000000000189    0.0000000000000189    0.0000000000000192    0.0000000000000187    0.0000000000000190
1167.0    0.0000000000000187    0.0000000000000188    0.0000000000000190    0.0000000000000185    0.0000000000000188
1169.0    0.0000000000000186    0.0000000000000186    0.0000000000000189    0.0000000000000184    0.0000000000000187
1171.0    0.0000000000000184    0.0000000000000185    0.0000000000000187    0.0000000000000182    0.0000000000000185
1173.0    0.0000000000000183    0.0000000000000183    0.0000000000000186    0.0000000000000181    0.0000000000000184
1175.0    0.0000000000000182    0.0000000000000182    0.0000000000000185    0.0000000000000180    0.0000000000000183
1177.0    0.0000000000000180    0.0000000000000181    0.0000000000000183    0.0000000000000178    0.0000000000000181
1179.0    0.0000000000000179    0.0000000000000179    0.0000000000000182    0.0000000000000177    0.0000000000000180
1181.0    0.0000000000000178    0.0000000000000178    0.0000000000000181    0.0000000000000176    0.0000000000000179
1183.0    0.0000000000000176    0.0000000000000177    0.0000000000000179    0.0000000000000174    0.0000000000000177
1185.0    0.0000000000000175    0.0000000000000175    0.0000000000000178    0.0000000000000173    0.0000000000000176
1187.0    0.0000000000000174    0.0000000000000174    0.0000000000000177    0.0000000000000172    0.0000000000000175
1189.0    0.0000000000000173    0.0000000000000173    0.0000000000000175    0.0000000000000171    0.0000000000000173
1191.0    0.0000000000000171    0.0000000000000172    0.0000000000000174    0.0000000000000170    0.0000000000000172
1193.0    0.0000000000000170    0.0000000000000170    0.0000000000000173    0.0000000000000168    0.0000000000000171
1195.0    0.0000000000000169    0.0000000000000169    0.0000000000000172    0.0000000000000167    0.0000000000000170
1197.0    0.0000000000000168    0.0000000000000168    0.0000000000000170    0.0000000000000166    0.0000000000000168
1199.0    0.0000000000000167    0.0000000000000167    0.0000000000000169    0.0000000000000165    0.0000000000000167
1201.0    0.0000000000000165    0.0000000000000166    0.0000000000000168    0.0000000000000164    0.0000000000000166
1203.0    0.0000000000000164    0.0000000000000164    0.0000000000000167    0.0000000000000163    0.0000000000000165
1205.0    0.0000000000000163    0.0000000000000163    0.0000000000000166    0.0000000000000161    0.0000000000000164
1207.0    0.0000000000000162    0.0000000000000162    0.0000000000000165    0.0000000000000160    0.0000000000000163
1209.0    0.0000000000000161    0.0000000000000161    0.0000000000000163    0.0000000000000159    0.0000000000000162
1211.0    0.0000000000000160    0.0000000000000160    0.0000000000000162    0.0000000000000158    0.0000000000000161
1213.0    0.0000000000000159    0.0000000000000159    0.0000000000000161    0.0000000000000157    0.0000000000000159
1215.0    0.0000000000000158    0.0000000000000158    0.0000000000000160    0.0000000000000156    0.0000000000000158
1217.0    0.0000000000000157    0.0000000000000157    0.0000000000000159    0.0000000000000155    0.0000000000000157
1219.0    0.0000000000000156    0.0000000000000156    0.0000000000000158    0.0000000000000154    0.0000000000000156
1221.0    0.0000000000000155    0.0000000000000155    0.0000000000000157    0.0000000000000153    0.0000000000000155
1223.0    0.0000000000000154    0.0000000000000154    0.0000000000000156    0.0000000000000152    0.0000000000000154
1225.0    0.0000000000000153    0.0000000000000153    0.0000000000000155    0.0000000000000151    0.0000000000000153
1227.0    0.0000000000000152    0.0000000000000152    0.0000000000000154    0.0000000000000150    0.0000000000000152
1229.0    0.0000000000000151    0.0000000000000151    0.0000000000000153    0.0000000000000149    0.0000000000000151
1231.0    0.0000000000000150    0.0000000000000150    0.0000000000000152    0.0000000000000148    0.0000000000000150
1233.0    0.0000000000000149    0.0000000000000149    0.0000000000000151    0.0000000000000147    0.0000000000000149
1235.0    0.0000000000000148    0.0000000000000148    0.0000000000000150    0.0000000000000147    0.0000000000000149
1237.0    0.0000000000000147    0.0000000000000147    0.0000000000000149    0.0000000000000146    0.0000000000000148
1239.0    0.0000000000000146    0.0000000000000146    0.0000000000000148    0.0000000000000145    0.0000000000000147
1241.0    0.0000000000000145    0.0000000000000145    0.0000000000000147    0.0000000000000144    0.0000000000000146
1243.0    0.0000000000000144    0.0000000000000145    0.0000000000000146    0.0000000000000143    0.0000000000000145
1245.0    0.0000000000000144    0.0000000000000144    0.0000000000000146    0.0000000000000142    0.0000000000000144
1247.0    0.0000000000000143    0.0000000000000143    0.0000000000000145    0.0000000000000141    0.0000000000000143
1249.0    0.0000000000000142    0.0000000000000142    0.0000000000000144    0.0000000000000141    0.0000000000000142
1251.0    0.0000000000000141    0.0000000000000141    0.0000000000000143    0.0000000000000140    0.0000000000000142
1253.0    0.0000000000000140    0.0000000000000140    0.0000000000000142    0.0000000000000139    0.0000000000000141
1255.0    0.0000000000000139    0.0000000000000140    0.0000000000000141    0.0000000000000138    0.0000000000000140
1257.0    0.0000000000000139    0.0000000000000139    0.0000000000000141    0.0000000000000137    0.0000000000000139
1259.0    0.0000000000000138    0.0000000000000138    0.0000000000000140    0.0000000000000137    0.0000000000000138
1261.0    0.0000000000000137    0.0000000000000137    0.0000000000000139    0.0000000000000136    0.0000000000000138
1263.0    0.0000000000000136    0.0000000000000136    0.0000000000000138    0.0000000000000135    0.0000000000000137
1265.0    0.0000000000000136    0.0000000000000136    0.0000000000000137    0.0000000000000134    0.0000000000000136
1267.0    0.0000000000000135    0.0000000000000135    0.0000000000000137    0.0000000000000134    0.0000000000000135
1269.0    0.0000000000000134    0.0000000000000134    0.0000000000000136    0.0000000000000133    0.0000000000000135
1271.0    0.0000000000000133    0.0000000000000134    0.0000000000000135    0.0000000000000132    0.0000000000000134
1273.0    0.0000000000000133    0.0000000000000133    0.0000000000000134    0.0000000000000131    0.0000000000000133
1275.0    0.0000000000000132    0.0000000000000132    0.0000000000000134    0.0000000000000131    0.0000000000000132
1277.0    0.0000000000000131    0.0000000000000131    0.0000000000000133    0.0000000000000130    0.0000000000000132
1279.0    0.0000000000000130    0.0000000000000131    0.0000000000000132    0.0000000000000129    0.0000000000000131
1281.0    0.0000000000000130    0.0000000000000130    0.0000000000000131    0.0000000000000128    0.0000000000000130
1283.0    0.0000000000000129    0.0000000000000129    0.0000000000000131    0.0000000000000128    0.0000000000000130
1285.0    0.0000000000000128    0.0000000000000128    0.0000000000000130    0.0000000000000127    0.0000000000000129
1287.0    0.0000000000000128    0.0000000000000128    0.0000000000000129    0.0000000000000126    0.0000000000000128
1289.0    0.0000000000000127    0.0000000000000127    0.0000000000000129    0.0000000000000126    0.0000000000000127
1291.0    0.0000000000000126    0.0000000000000126    0.0000000000000128    0.0000000000000125    0.0000000000000127
1293.0    0.0000000000000126    0.0000000000000126    0.0000000000000127    0.0000000000000124    0.0000000000000126
1295.0    0.0000000000000125    0.0000000000000125    0.0000000000000126    0.0000000000000124    0.0000000000000125
1297.0    0.0000000000000124    0.0000000000000124    0.0000000000000126    0.0000000000000123    0.0000000000000125
1299.0    0.0000000000000123    0.0000000000000124    0.0000000000000125    0.0000000000000122    0.0000000000000124
1301.0    0.0000000000000123    0.0000000000000123    0.0000000000000124    0.0000000000000122    0.0000000000000123
1303.0    0.0000000000000122    0.0000000000000122    0.0000000000000124    0.0000000000000121    0.0000000000000123
1305.0    0.0000000000000121    0.0000000000000122    0.0000000000000123    0.0000000000000120    0.0000000000000122
1307.0    0.0000000000000121    0.0000000000000121    0.0000000000000122    0.0000000000000120    0.0000000000000121
1309.0    0.0000000000000120    0.0000000000000120    0.0000000000000122    0.0000000000000119    0.0000000000000121
1311.0    0.0000000000000120    0.0000000000000120    0.0000000000000121    0.0000000000000118    0.0000000000000120
1313.0    0.0000000000000119    0.0000000000000119    0.0000000000000120    0.0000000000000118    0.0000000000000119
1315.0    0.0000000000000118    0.0000000000000118    0.0000000000000120    0.0000000000000117    0.0000000000000119
1317.0    0.0000000000000118    0.0000000000000118    0.0000000000000119    0.0000000000000116    0.0000000000000118
1319.0    0.0000000000000117    0.0000000000000117    0.0000000000000118    0.0000000000000116    0.0000000000000118
1321.0    0.0000000000000116    0.0000000000000117    0.0000000000000118    0.0000000000000115    0.0000000000000117
1323.0    0.0000000000000116    0.0000000000000116    0.0000000000000117    0.0000000000000115    0.0000000000000116
1325.0    0.0000000000000115    0.0000000000000115    0.0000000000000117    0.0000000000000114    0.0000000000000116
1327.0    0.0000000000000114    0.0000000000000115    0.0000000000000116    0.0000000000000113    0.0000000000000115
1329.0    0.0000000000000114    0.0000000000000114    0.0000000000000115    0.0000000000000113    0.0000000000000114
1331.0    0.0000000000000113    0.0000000000000113    0.0000000000000115    0.0000000000000112    0.0000000000000114
1333.0    0.0000000000000113    0.0000000000000113    0.0000000000000114    0.0000000000000111    0.0000000000000113
1335.0    0.0000000000000112    0.0000000000000112    0.0000000000000113    0.0000000000000111    0.0000000000000112
1337.0    0.0000000000000111    0.0000000000000112    0.0000000000000113    0.0000000000000110    0.0000000000000112
1339.0    0.0000000000000111    0.0000000000000111    0.0000000000000112    0.0000000000000110    0.0000000000000111
1341.0    0.0000000000000110    0.0000000000000110    0.0000000000000112    0.0000000000000109    0.0000000000000111
1343.0    0.0000000000000109    0.0000000000000110    0.0000000000000111    0.0000000000000108    0.0000000000000110
1345.0    0.0000000000000109    0.0000000000000109    0.0000000000000110    0.0000000000000108    0.0000000000000109
1347.0    0.0000000000000108    0.0000000000000109    0.0000000000000110    0.0000000000000107    0.0000000000000109
1349.0    0.0000000000000108    0.0000000000000108    0.0000000000000109    0.0000000000000107    0.0000000000000108
1351.0    0.0000000000000107    0.0000000000000107    0.0000000000000109    0.0000000000000106    0.0000000000000108
1353.0    0.0000000000000106    0.0000000000000107    0.0000000000000108    0.0000000000000105    0.0000000000000107
1355.0    0.0000000000000106    0.0000000000000106    0.0000000000000107    0.0000000000000105    0.0000000000000106
1357.0    0.0000000000000105    0.0000000000000106    0.0000000000000107    0.0000000000000104    0.0000000000000106
1359.0    0.0000000000000105    0.0000000000000105    0.0000000000000106    0.0000000000000104    0.0000000000000105
1361.0    0.0000000000000104    0.0000000000000104    0.0000000000000106    0.0000000000000103    0.0000000000000105
1363.0    0.0000000000000104    0.0000000000000104    0.0000000000000105    0.0000000000000102    0.0000000000000104
1365.0    0.0000000000000103    0.0000000000000103    0.0000000000000104    0.0000000000000102    0.0000000000000103
1367.0    0.0000000000000102    0.0000000000000103    0.0000000000000104    0.0000000000000101    0.0000000000000103
1369.0    0.0000000000000102    0.0000000000000102    0.0000000000000103    0.0000000000000101    0.0000000000000102
1371.0    0.0000000000000101    0.0000000000000101    0.0000000000000103    0.0000000000000100    0.0000000000000102
1373.0    0.0000000000000101    0.0000000000000101    0.0000000000000102    0.0000000000000100    0.0000000000000101
1375.0    0.0000000000000100    0.0000000000000100    0.0000000000000102    0.0000000000000099    0.0000000000000101
1377.0    0.0000000000000099    0.0000000000000100    0.0000000000000101    0.0000000000000098    0.0000000000000100
1379.0    0.0000000000000099    0.0000000000000099    0.0000000000000100    0.0000000000000098    0.0000000000000099
1381.0    0.0000000000000098    0.0000000000000099    0.0000000000000100    0.0000000000000097    0.0000000000000099
1383.0    0.0000000000000098    0.0000000000000098    0.0000000000000099    0.0000000000000097    0.0000000000000098
1385.0    0.0000000000000097    0.0000000000000097    0.0000000000000099    0.0000000000000096    0.0000000000000098
1387.0    0.0000000000000097    0.0000000000000097    0.0000000000000098    0.0000000000000096    0.0000000000000097
1389.0    0.0000000000000096    0.0000000000000096    0.0000000000000098    0.0000000000000095    0.0000000000000097
1391.0    0.0000000000000096    0.0000000000000096    0.0000000000000097    0.0000000000000095    0.0000000000000096
1393.0    0.0000000000000095    0.0000000000000095    0.0000000000000096    0.0000000000000094    0.0000000000000095
1395.0    0.0000000000000094    0.0000000000000095    0.0000000000000096    0.0000000000000093    0.0000000000000095
1397.0    0.0000000000000094    0.0000000000000094    0.0000000000000095    0.0000000000000093    0.0000000000000094
1399.0    0.0000000000000093    0.0000000000000094    0.0000000000000095    0.0000000000000092    0.0000000000000094
1401.0    0.0000000000000093    0.0000000000000093    0.0000000000000094    0.0000000000000092    0.0000000000000093
1403.0    0.0000000000000092    0.0000000000000093    0.0000000000000094    0.0000000000000091    0.0000000000000093
1405.0    0.0000000000000092    0.0000000000000092    0.0000000000000093    0.0000000000000091    0.0000000000000092
1407.0    0.0000000000000091    0.0000000000000091    0.0000000000000093    0.0000000000000090    0.0000000000000092
1409.0    0.0000000000000091    0.0000000000000091    0.0000000000000092    0.0000000000000090    0.0000000000000091
1411.0    0.0000000000000090    0.0000000000000090    0.0000000000000092    0.0000000000000089    0.0000000000000091
1413.0    0.0000000000000090    0.0000000000000090    0.0000000000000091    0.0000000000000089    0.0000000000000090
1415.0    0.0000000000000089    0.0000000000000089    0.0000000000000091    0.0000000000000088    0.0000000000000090
1417.0    0.0000000000000089    0.0000000000000089    0.0000000000000090    0.0000000000000088    0.0000000000000089
1419.0    0.0000000000000088    0.0000000000000088    0.0000000000000089    0.0000000000000087    0.0000000000000089
1421.0    0.0000000000000088    0.0000000000000088    0.0000000000000089    0.0000000000000087    0.0000000000000088
1423.0    0.0000000000000087    0.0000000000000087    0.0000000000000088    0.0000000000000086    0.0000000000000088
1425.0    0.0000000000000087    0.0000000000000087    0.0000000000000088    0.0000000000000086    0.0000000000000087
1427.0    0.0000000000000086    0.0000000000000086    0.0000000000000087    0.0000000000000085    0.0000000000000087
1429.0    0.0000000000000086    0.0000000000000086    0.0000000000000087    0.0000000000000085    0.0000000000000086
1431.0    0.0000000000000085    0.0000000000000085    0.0000000000000086    0.0000000000000084    0.0000000000000086
1433.0    0.0000000000000085    0.0000000000000085    0.0000000000000086    0.0000000000000084    0.0000000000000085
1435.0    0.0000000000000084    0.0000000000000084    0.0000000000000085    0.0000000000000083    0.0000000000000085
1437.0    0.0000000000000084    0.0000000000000084    0.0000000000000085    0.0000000000000083    0.0000000000000084
1439.0    0.0000000000000083    0.0000000000000083    0.0000000000000085    0.0000000000000082    0.0000000000000084
1441.0    0.0000000000000083    0.0000000000000083    0.0000000000000084    0.0000000000000082    0.0000000000000083
1443.0    0.0000000000000082    0.0000000000000082    0.0000000000000084    0.0000000000000081    0.0000000000000083
1445.0    0.0000000000000082    0.0000000000000082    0.0000000000000083    0.0000000000000081    0.0000000000000082
1447.0    0.0000000000000081    0.0000000000000082    0.0000000000000083    0.0000000000000081    0.0000000000000082
1449.0    0.0000000000000081    0.0000000000000081    0.0000000000000082    0.0000000000000080    0.0000000000000081
1451.0    0.0000000000000081    0.0000000000000081    0.0000000000000082    0.0000000000000080    0.0000000000000081
1453.0    0.0000000000000080    0.0000000000000080    0.0000000000000081    0.0000000000000079    0.0000000000000080
1455.0    0.0000000000000080    0.0000000000000080    0.0000000000000081    0.0000000000000079    0.0000000000000080
1457.0    0.0000000000000079    0.0000000000000079    0.0000000000000080    0.0000000000000078    0.0000000000000080
1459.0    0.0000000000000079    0.0000000000000079    0.0000000000000080    0.0000000000000078    0.0000000000000079
1461.0    0.0000000000000078    0.0000000000000078    0.0000000000000079    0.0000000000000078    0.0000000000000079
1463.0    0.0000000000000078    0.0000000000000078    0.0000000000000079    0.0000000000000077    0.0000000000000078
1465.0    0.0000000000000078    0.0000000000000078    0.0000000000000079    0.0000000000000077    0.0000000000000078
1467.0    0.0000000000000077    0.0000000000000077    0.0000000000000078    0.0000000000000076    0.0000000000000077
1469.0    0.0000000000000077    0.0000000000000077    0.0000000000000078    0.0000000000000076    0.0000000000000077
1471.0    0.0000000000000076    0.0000000000000076    0.0000000000000077    0.0000000000000076    0.0000000000000077
1473.0    0.0000000000000076    0.0000000000000076    0.0000000000000077    0.0000000000000075    0.0000000000000076
1475.0    0.0000000000000076    0.0000000000000076    0.0000000000000077    0.0000000000000075    0.0000000000000076
1477.0    0.0000000000000075    0.0000000000000075    0.0000000000000076    0.0000000000000074    0.0000000000000075
1479.0    0.0000000000000075    0.0000000000000075    0.0000000000000076    0.0000000000000074    0.0000000000000075
1481.0    0.0000000000000074    0.0000000000000074    0.0000000000000075    0.0000000000000074    0.0000000000000075
1483.0    0.0000000000000074    0.0000000000000074    0.0000000000000075    0.0000000000000073    0.0000000000000074
1485.0    0.0000000000000074    0.0000000000000074    0.0000000000000075    0.0000000000000073    0.0000000000000074
