9.0    0.0000000000000000    0.0000000000000000    0.0000000000000000    0.0000000000000000    0.0000000000000000
11.0    0.0000000000000000    0.0000000000000000    0.0000000000000000    0.0000000000000000    0.0000000000000000
13.0    0.0000000000000000    0.0000000000000000    0.0000000000000000    0.0000000000000000    0.0000000000000000
15.0    0.0000000000000000    0.0000000000000000    0.0000000000000000    0.0000000000000000    0.0000000000000000
17.0    0.0000000000000000    0.0000000000000000    0.0000000000000000    0.0000000000000000    0.0000000000000000
19.0    0.0000000000000000    0.0000000000000000    0.0000000000000000    0.0000000000000000    0.0000000000000000
21.0    0.0000000000000000    0.0000000000000000    0.0000000000000000    0.0000000000000000    0.0000000000000000
23.0    0.0000000000000000    0.0000000000000000    0.0000000000000000    0.0000000000000000    0.0000000000000000
25.0    0.0000000000000000    0.0000000000000000    0.0000000000000000    0.0000000000000000    0.0000000000000000
27.0    0.0000000000000000    0.0000000000000000    0.0000000000000000    0.0000000000000000    0.0000000000000000
29.0    0.0000000000000000    0.0000000000000000    0.0000000000000000    0.0000000000000000    0.0000000000000000
31.0    0.0000000000000000    0.0000000000000000    0.0000000000000000    0.0000000000000000    0.0000000000000000
33.0    0.0000000000000000    0.0000000000000000    0.0000000000000000    0.0000000000000000    0.0000000000000000
35.0    0.0000000000000000    0.0000000000000000    0.0000000000000000    0.0000000000000000    0.0000000000000000
37.0    0.0000000000000000    0.0000000000000000    0.0000000000000000    0.0000000000000000    0.0000000000000000
39.0    0.0000000000000000    0.0000000000000000    0.0000000000000000    0.0000000000000000    0.0000000000000000
41.0    0.0000000000000000    0.0000000000000000    0.0000000000000000    0.0000000000000000    0.0000000000000000
43.0    0.0000000000000000    0.0000000000000000    0.0000000000000000    0.0000000000000000    0.0000000000000000
45.0    0.0000000000000000    0.0000000000000000    0.0000000000000000    0.0000000000000000    0.0000000000000000
47.0    0.0000000000000000    0.0000000000000000    0.0000000000000000    0.0000000000000000    0.0000000000000000
49.0    0.0000000000000000    0.0000000000000000    0.0000000000000000    0.0000000000000000    0.0000000000000000
51.0    0.0000000000000000    0.0000000000000000    0.0000000000000000    0.0000000000000000    0.0000000000000000
53.0    0.0000000000000000    0.0000000000000000    0.0000000000000000    0.0000000000000000    0.0000000000000000
55.0    0.0000000000000000    0.0000000000000000    0.0000000000000000    0.0000000000000000    0.0000000000000000
57.0    0.0000000000000000    0.0000000000000000    0.0000000000000000    0.0000000000000000    0.0000000000000000
59.0    0.0000000000000000    0.0000000000000000    0.0000000000000000    0.0000000000000000    0.0000000000000000
61.0    0.0000000000000000    0.0000000000000000    0.0000000000000000    0.0000000000000000    0.0000000000000000
63.0    0.0000000000000000    0.0000000000000000    0.0000000000000000    0.0000000000000000    0.0000000000000000
65.0    0.0000000000000000    0.0000000000000000    0.0000000000000000    0.0000000000000000    0.0000000000000000
67.0    0.0000000000000001    0.0000000000000000    0.0000000000000001    0.0000000000000000    0.0000000000000001
69.0    0.0000000000000001    0.0000000000000001    0.0000000000000001    0.0000000000000001    0.0000000000000001
71.0    0.0000000000000001    0.0000000000000001    0.0000000000000001    0.0000000000000001    0.0000000000000001
73.0    0.0000000000000001    0.0000000000000001    0.0000000000000001    0.0000000000000001    0.0000000000000001
75.0    0.0000000000000002    0.0000000000000002    0.0000000000000002    0.0000000000000002    0.0000000000000002
77.0    0.0000000000000002    0.0000000000000002    0.0000000000000002    0.0000000000000002    0.0000000000000002
79.0    0.0000000000000003    0.0000000000000003    0.0000000000000003    0.0000000000000003    0.0000000000000003
81.0    0.0000000000000004    0.0000000000000003    0.0000000000000004    0.0000000000000004    0.0000000000000004
83.0    0.0000000000000005    0.0000000000000004    0.0000000000000005    0.0000000000000005    0.0000000000000005
85.0    0.0000000000000006    0.0000000000000005    0.0000000000000006    0.0000000000000006    0.0000000000000006
87.0    0.0000000000000007    0.0000000000000006    0.0000000000000007    0.0000000000000007    0.0000000000000007
89.0    0.0000000000000009    0.0000000000000008    0.0000000000000009    0.0000000000000009    0.0000000000000009
91.0    0.0000000000000011    0.0000000000000010    0.0000000000000011    0.0000000000000011    0.0000000000000011
93.0    0.0000000000000013    0.0000000000000012    0.0000000000000014    0.0000000000000013    0.0000000000000014
95.0    0.0000000000000016    0.0000000000000015    0.0000000000000017    0.0000000000000016    0.0000000000000017
97.0    0.0000000000000020    0.0000000000000019    0.0000000000000021    0.0000000000000020    0.0000000000000021
99.0    0.0000000000000025    0.0000000000000023    0.0000000000000025    0.0000000000000025    0.0000000000000026
101.0    0.0000000000000031    0.0000000000000028    0.0000000000000031    0.0000000000000031    0.0000000000000032
103.0    0.0000000000000037    0.0000000000000035    0.0000000000000038    0.0000000000000037    0.0000000000000039
105.0    0.0000000000000045    0.0000000000000042    0.0000000000000045    0.0000000000000045    0.0000000000000046
107.0    0.0000000000000054    0.0000000000000051    0.0000000000000054    0.0000000000000054    0.0000000000000055
109.0    0.0000000000000064    0.0000000000000060    0.0000000000000064    0.0000000000000064    0.0000000000000065
111.0    0.0000000000000075    0.0000000000000071    0.0000000000000075    0.0000000000000075    0.0000000000000077
113.0    0.0000000000000088    0.0000000000000083    0.0000000000000088    0.0000000000000089    0.0000000000000090
115.0    0.0000000000000103    0.0000000000000097    0.0000000000000103    0.0000000000000104    0.0000000000000106
117.0    0.0000000000000120    0.0000000000000112    0.0000000000000121    0.0000000000000120    0.0000000000000123
119.0    0.0000000000000140    0.0000000000000130    0.0000000000000140    0.0000000000000140    0.0000000000000143
121.0    0.0000000000000163    0.0000000000000152    0.0000000000000163    0.0000000000000163    0.0000000000000166
123.0    0.0000000000000189    0.0000000000000177    0.0000000000000190    0.0000000000000189    0.0000000000000194
125.0    0.0000000000000220    0.0000000000000206    0.0000000000000221    0.0000000000000221    0.0000000000000225
127.0    0.0000000000000256    0.0000000000000240    0.0000000000000255    0.0000000000000258    0.0000000000000262
129.0    0.0000000000000295    0.0000000000000278    0.0000000000000294    0.0000000000000298    0.0000000000000301
131.0    0.0000000000000341    0.0000000000000323    0.0000000000000339    0.0000000000000345    0.0000000000000345
133.0    0.0000000000000393    0.0000000000000375    0.0000000000000391    0.0000000000000398    0.0000000000000397
135.0    0.0000000000000450    0.0000000000000432    0.0000000000000445    0.0000000000000454    0.0000000000000454
137.0    0.0000000000000512    0.0000000000000492    0.0000000000000504    0.0000000000000519    0.0000000000000517
139.0    0.0000000000000578    0.0000000000000557    0.0000000000000572    0.0000000000000588    0.0000000000000583
141.0    0.0000000000000651    0.0000000000000629    0.0000000000000646    0.0000000000000660    0.0000000000000654
143.0    0.0000000000000730    0.0000000000000706    0.0000000000000722    0.0000000000000737    0.0000000000000734
145.0    0.0000000000000815    0.0000000000000788    0.0000000000000804    0.0000000000000823    0.0000000000000820
147.0    0.0000000000000907    0.0000000000000873    0.0000000000000898    0.0000000000000916    0.0000000000000914
149.0    0.0000000000001003    0.0000000000000964    0.0000000000000999    0.0000000000001013    0.0000000000001013
151.0    0.0000000000001112    0.0000000000001068    0.0000000000001106    0.0000000000001124    0.0000000000001120
153.0    0.0000000000001233    0.0000000000001183    0.0000000000001223    0.0000000000001246    0.0000000000001243
155.0    0.0000000000001366    0.0000000000001311    0.0000000000001357    0.0000000000001376    0.0000000000001379
157.0    0.0000000000001515    0.0000000000001448    0.0000000000001506    0.0000000000001528    0.0000000000001530
159.0    0.0000000000001680    0.0000000000001601    0.0000000000001664    0.0000000000001696    0.0000000000001698
161.0    0.0000000000001863    0.0000000000001780    0.0000000000001838    0.0000000000001876    0.0000000000001875
163.0    0.0000000000002057    0.0000000000001979    0.0000000000002039    0.0000000000002084    0.0000000000002069
165.0    0.0000000000002278    0.0000000000002198    0.0000000000002259    0.0000000000002312    0.0000000000002292
167.0    0.0000000000002521    0.0000000000002430    0.0000000000002490    0.0000000000002550    0.0000000000002535
169.0    0.0000000000002784    0.0000000000002681    0.0000000000002740    0.0000000000002821    0.0000000000002800
171.0    0.0000000000003069    0.0000000000002963    0.0000000000003023    0.0000000000003114    0.0000000000003074
173.0    0.0000000000003363    0.0000000000003266    0.0000000000003328    0.0000000000003414    0.0000000000003368
175.0    0.0000000000003692    0.0000000000003590    0.0000000000003642    0.0000000000003751    0.0000000000003698
177.0    0.0000000000004043    0.0000000000003922    0.0000000000003979    0.0000000000004110    0.0000000000004052
179.0    0.0000000000004419    0.0000000000004277    0.0000000000004354    0.0000000000004478    0.0000000000004431
181.0    0.0000000000004821    0.0000000000004671    0.0000000000004754    0.0000000000004889    0.0000000000004818
183.0    0.0000000000005250    0.0000000000005094    0.0000000000005164    0.0000000000005328    0.0000000000005231
185.0    0.0000000000005707    0.0000000000005548    0.0000000000005599    0.0000000000005777    0.0000000000005689
187.0    0.0000000000006174    0.0000000000006015    0.0000000000006080    0.0000000000006254    0.0000000000006175
189.0    0.0000000000006689    0.0000000000006515    0.0000000000006590    0.0000000000006784    0.0000000000006689
191.0    0.0000000000007233    0.0000000000007068    0.0000000000007104    0.0000000000007343    0.0000000000007230
193.0    0.0000000000007803    0.0000000000007653    0.0000000000007642    0.0000000000007905    0.0000000000007772
195.0    0.0000000000008396    0.0000000000008268    0.0000000000008225    0.0000000000008515    0.0000000000008334
197.0    0.0000000000008982    0.0000000000008880    0.0000000000008826    0.0000000000009144    0.0000000000008937
199.0    0.0000000000009605    0.0000000000009507    0.0000000000009415    0.0000000000009756    0.0000000000009552
201.0    0.0000000000010233    0.0000000000010166    0.0000000000010010    0.0000000000010400    0.0000000000010173
203.0    0.0000000000010860    0.0000000000010824    0.0000000000010633    0.0000000000011041    0.0000000000010769
205.0    0.0000000000011479    0.0000000000011470    0.0000000000011251    0.0000000000011643    0.0000000000011358
207.0    0.0000000000012060    0.0000000000012073    0.0000000000011834    0.0000000000012255    0.0000000000011961
209.0    0.0000000000012647    0.0000000000012652    0.0000000000012403    0.0000000000012845    0.0000000000012549
211.0    0.0000000000013211    0.0000000000013225    0.0000000000012979    0.0000000000013386    0.0000000000013117
213.0    0.0000000000013752    0.0000000000013766    0.0000000000013534    0.0000000000013925    0.0000000000013642
215.0    0.0000000000014269    0.0000000000014277    0.0000000000014046    0.0000000000014438    0.0000000000014147
217.0    0.0000000000014765    0.0000000000014743    0.0000000000014540    0.0000000000014909    0.0000000000014656
219.0    0.0000000000015244    0.0000000000015188    0.0000000000015038    0.0000000000015383    0.0000000000015147
221.0    0.0000000000015690    0.0000000000015637    0.0000000000015521    0.0000000000015844    0.0000000000015625
223.0    0.0000000000016147    0.0000000000016078    0.0000000000015975    0.0000000000016279    0.0000000000016093
225.0    0.0000000000016600    0.0000000000016519    0.0000000000016422    0.0000000000016733    0.0000000000016538
227.0    0.0000000000017055    0.0000000000016948    0.0000000000016887    0.0000000000017191    0.0000000000016982
229.0    0.0000000000017514    0.0000000000017387    0.0000000000017354    0.0000000000017635    0.0000000000017447
231.0    0.0000000000017961    0.0000000000017855    0.0000000000017804    0.0000000000018109    0.0000000000017917
233.0    0.0000000000018435    0.0000000000018337    0.0000000000018260    0.0000000000018592    0.0000000000018394
235.0    0.0000000000018917    0.0000000000018812    0.0000000000018743    0.0000000000019063    0.0000000000018857
237.0    0.0000000000019407    0.0000000000019296    0.0000000000019232    0.0000000000019542    0.0000000000019326
239.0    0.0000000000019902    0.0000000000019805    0.0000000000019705    0.0000000000020047    0.0000000000019820
241.0    0.0000000000020400    0.0000000000020317    0.0000000000020183    0.0000000000020554    0.0000000000020318
243.0    0.0000000000020900    0.0000000000020828    0.0000000000020684    0.0000000000021039    0.0000000000020817
245.0    0.0000000000021378    0.0000000000021315    0.0000000000021185    0.0000000000021545    0.0000000000021317
247.0    0.0000000000021875    0.0000000000021796    0.0000000000021666    0.0000000000022047    0.0000000000021795
249.0    0.0000000000022369    0.0000000000022290    0.0000000000022145    0.0000000000022523    0.0000000000022272
251.0    0.0000000000022860    0.0000000000022779    0.0000000000022644    0.0000000000023018    0.0000000000022768
253.0    0.0000000000023349    0.0000000000023264    0.0000000000023140    0.0000000000023510    0.0000000000023262
255.0    0.0000000000023817    0.0000000000023729    0.0000000000023615    0.0000000000023981    0.0000000000023756
257.0    0.0000000000024305    0.0000000000024195    0.0000000000024090    0.0000000000024474    0.0000000000024229
259.0    0.0000000000024795    0.0000000000024684    0.0000000000024586    0.0000000000024969    0.0000000000024703
261.0    0.0000000000025288    0.0000000000025179    0.0000000000025084    0.0000000000025447    0.0000000000025200
263.0    0.0000000000025784    0.0000000000025681    0.0000000000025562    0.0000000000025950    0.0000000000025698
265.0    0.0000000000026263    0.0000000000026171    0.0000000000026043    0.0000000000026458    0.0000000000026200
267.0    0.0000000000026765    0.0000000000026666    0.0000000000026546    0.0000000000026946    0.0000000000026682
269.0    0.0000000000027268    0.0000000000027185    0.0000000000027051    0.0000000000027458    0.0000000000027165
271.0    0.0000000000027771    0.0000000000027705    0.0000000000027534    0.0000000000027969    0.0000000000027668
273.0    0.0000000000028271    0.0000000000028222    0.0000000000028016    0.0000000000028455    0.0000000000028169
275.0    0.0000000000028767    0.0000000000028714    0.0000000000028515    0.0000000000028957    0.0000000000028666
277.0    0.0000000000029257    0.0000000000029197    0.0000000000028988    0.0000000000029451    0.0000000000029157
279.0    0.0000000000029718    0.0000000000029689    0.0000000000029455    0.0000000000029915    0.0000000000029620
281.0    0.0000000000030190    0.0000000000030168    0.0000000000029935    0.0000000000030368    0.0000000000030075
283.0    0.0000000000030651    0.0000000000030633    0.0000000000030405    0.0000000000030831    0.0000000000030541
285.0    0.0000000000031102    0.0000000000031068    0.0000000000030846    0.0000000000031282    0.0000000000030996
287.0    0.0000000000031542    0.0000000000031491    0.0000000000031278    0.0000000000031704    0.0000000000031442
289.0    0.0000000000031954    0.0000000000031920    0.0000000000031719    0.0000000000032134    0.0000000000031859
291.0    0.0000000000032375    0.0000000000032341    0.0000000000032150    0.0000000000032555    0.0000000000032268
293.0    0.0000000000032787    0.0000000000032754    0.0000000000032554    0.0000000000032950    0.0000000000032686
295.0    0.0000000000033191    0.0000000000033146    0.0000000000032951    0.0000000000033356    0.0000000000033096
297.0    0.0000000000033588    0.0000000000033533    0.0000000000033356    0.0000000000033755    0.0000000000033497
299.0    0.0000000000033963    0.0000000000033931    0.0000000000033753    0.0000000000034130    0.0000000000033875
301.0    0.0000000000034345    0.0000000000034324    0.0000000000034127    0.0000000000034515    0.0000000000034245
303.0    0.0000000000034721    0.0000000000034711    0.0000000000034493    0.0000000000034892    0.0000000000034624
305.0    0.0000000000035087    0.0000000000035075    0.0000000000034866    0.0000000000035245    0.0000000000034993
307.0    0.0000000000035445    0.0000000000035430    0.0000000000035230    0.0000000000035604    0.0000000000035354
309.0    0.0000000000035792    0.0000000000035788    0.0000000000035570    0.0000000000035952    0.0000000000035704
311.0    0.0000000000036128    0.0000000000036132    0.0000000000035900    0.0000000000036273    0.0000000000036029
313.0    0.0000000000036439    0.0000000000036463    0.0000000000036233    0.0000000000036597    0.0000000000036343
315.0    0.0000000000036752    0.0000000000036766    0.0000000000036555    0.0000000000036907    0.0000000000036660
317.0    0.0000000000037052    0.0000000000037055    0.0000000000036853    0.0000000000037192    0.0000000000036965
319.0    0.0000000000037340    0.0000000000037341    0.0000000000037140    0.0000000000037478    0.0000000000037258
321.0    0.0000000000037617    0.0000000000037615    0.0000000000037429    0.0000000000037752    0.0000000000037529
323.0    0.0000000000037874    0.0000000000037876    0.0000000000037707    0.0000000000038005    0.0000000000037791
325.0    0.0000000000038133    0.0000000000038118    0.0000000000037965    0.0000000000038261    0.0000000000038055
327.0    0.0000000000038384    0.0000000000038354    0.0000000000038216    0.0000000000038511    0.0000000000038312
329.0    0.0000000000038629    0.0000000000038593    0.0000000000038470    0.0000000000038744    0.0000000000038562
331.0    0.0000000000038870    0.0000000000038829    0.0000000000038719    0.0000000000038974    0.0000000000038797
333.0    0.0000000000039107    0.0000000000039064    0.0000000000038954    0.0000000000039212    0.0000000000039029
335.0    0.0000000000039342    0.0000000000039288    0.0000000000039185    0.0000000000039448    0.0000000000039268
337.0    0.0000000000039567    0.0000000000039513    0.0000000000039424    0.0000000000039674    0.0000000000039505
339.0    0.0000000000039801    0.0000000000039747    0.0000000000039662    0.0000000000039910    0.0000000000039741
341.0    0.0000000000040034    0.0000000000039983    0.0000000000039889    0.0000000000040146    0.0000000000039977
343.0    0.0000000000040268    0.0000000000040218    0.0000000000040115    0.0000000000040372    0.0000000000040202
345.0    0.0000000000040502    0.0000000000040446    0.0000000000040352    0.0000000000040609    0.0000000000040428
347.0    0.0000000000040727    0.0000000000040673    0.0000000000040588    0.0000000000040847    0.0000000000040664
349.0    0.0000000000040962    0.0000000000040909    0.0000000000040816    0.0000000000041074    0.0000000000040900
351.0    0.0000000000041197    0.0000000000041146    0.0000000000041043    0.0000000000041312    0.0000000000041137
353.0    0.0000000000041432    0.0000000000041373    0.0000000000041281    0.0000000000041551    0.0000000000041364
355.0    0.0000000000041668    0.0000000000041600    0.0000000000041520    0.0000000000041779    0.0000000000041592
357.0    0.0000000000041896    0.0000000000041836    0.0000000000041749    0.0000000000042019    0.0000000000041830
359.0    0.0000000000042133    0.0000000000042073    0.0000000000041979    0.0000000000042260    0.0000000000042069
361.0    0.0000000000042372    0.0000000000042311    0.0000000000042220    0.0000000000042491    0.0000000000042310
363.0    0.0000000000042612    0.0000000000042542    0.0000000000042462    0.0000000000042734    0.0000000000042541
365.0    0.0000000000042854    0.0000000000042774    0.0000000000042696    0.0000000000042980    0.0000000000042774
367.0    0.0000000000043097    0.0000000000043018    0.0000000000042931    0.0000000000043216    0.0000000000043019
369.0    0.0000000000043343    0.0000000000043265    0.0000000000043178    0.0000000000043466    0.0000000000043266
371.0    0.0000000000043581    0.0000000000043514    0.0000000000043427    0.0000000000043717    0.0000000000043515
373.0    0.0000000000043830    0.0000000000043756    0.0000000000043668    0.0000000000043960    0.0000000000043766
375.0    0.0000000000044082    0.0000000000044000    0.0000000000043910    0.0000000000044205    0.0000000000044009
377.0    0.0000000000044337    0.0000000000044256    0.0000000000044166    0.0000000000044464    0.0000000000044253
379.0    0.0000000000044593    0.0000000000044515    0.0000000000044423    0.0000000000044724    0.0000000000044511
381.0    0.0000000000044841    0.0000000000044775    0.0000000000044672    0.0000000000044976    0.0000000000044770
383.0    0.0000000000045102    0.0000000000045027    0.0000000000044923    0.0000000000045240    0.0000000000045032
385.0    0.0000000000045364    0.0000000000045281    0.0000000000045187    0.0000000000045507    0.0000000000045284
387.0    0.0000000000045629    0.0000000000045546    0.0000000000045454    0.0000000000045765    0.0000000000045539
389.0    0.0000000000045897    0.0000000000045812    0.0000000000045711    0.0000000000046036    0.0000000000045807
391.0    0.0000000000046166    0.0000000000046081    0.0000000000045971    0.0000000000046311    0.0000000000046078
393.0    0.0000000000046439    0.0000000000046341    0.0000000000046246    0.0000000000046576    0.0000000000046351
395.0    0.0000000000046704    0.0000000000046603    0.0000000000046524    0.0000000000046856    0.0000000000046616
397.0    0.0000000000046984    0.0000000000046878    0.0000000000046793    0.0000000000047141    0.0000000000046884
399.0    0.0000000000047268    0.0000000000047157    0.0000000000047068    0.0000000000047418    0.0000000000047168
401.0    0.0000000000047558    0.0000000000047439    0.0000000000047359    0.0000000000047714    0.0000000000047458
403.0    0.0000000000047854    0.0000000000047714    0.0000000000047656    0.0000000000048017    0.0000000000047753
405.0    0.0000000000048146    0.0000000000047994    0.0000000000047949    0.0000000000048314    0.0000000000048056
407.0    0.0000000000048459    0.0000000000048291    0.0000000000048250    0.0000000000048635    0.0000000000048355
409.0    0.0000000000048783    0.0000000000048596    0.0000000000048574    0.0000000000048969    0.0000000000048663
411.0    0.0000000000049121    0.0000000000048910    0.0000000000048912    0.0000000000049302    0.0000000000048997
413.0    0.0000000000049474    0.0000000000049222    0.0000000000049250    0.0000000000049667    0.0000000000049347
415.0    0.0000000000049832    0.0000000000049546    0.0000000000049606    0.0000000000050053    0.0000000000049715
417.0    0.0000000000050227    0.0000000000049900    0.0000000000049998    0.0000000000050447    0.0000000000050088
419.0    0.0000000000050648    0.0000000000050273    0.0000000000050416    0.0000000000050887    0.0000000000050485
421.0    0.0000000000051102    0.0000000000050671    0.0000000000050846    0.0000000000051363    0.0000000000050929
423.0    0.0000000000051593    0.0000000000051081    0.0000000000051309    0.0000000000051857    0.0000000000051410
425.0    0.0000000000052129    0.0000000000051524    0.0000000000051832    0.0000000000052395    0.0000000000051932
427.0    0.0000000000052715    0.0000000000052025    0.0000000000052404    0.0000000000053012    0.0000000000052505
429.0    0.0000000000053332    0.0000000000052576    0.0000000000053005    0.0000000000053692    0.0000000000053106
431.0    0.0000000000054042    0.0000000000053185    0.0000000000053664    0.0000000000054412    0.0000000000053768
433.0    0.0000000000054827    0.0000000000053833    0.0000000000054423    0.0000000000055248    0.0000000000054532
435.0    0.0000000000055700    0.0000000000054555    0.0000000000055265    0.0000000000056176    0.0000000000055380
437.0    0.0000000000056669    0.0000000000055392    0.0000000000056157    0.0000000000057163    0.0000000000056323
439.0    0.0000000000057702    0.0000000000056331    0.0000000000057146    0.0000000000058311    0.0000000000057327
441.0    0.0000000000058896    0.0000000000057384    0.0000000000058288    0.0000000000059587    0.0000000000058440
443.0    0.0000000000060221    0.0000000000058517    0.0000000000059558    0.0000000000060943    0.0000000000059729
445.0    0.0000000000061693    0.0000000000059782    0.0000000000060903    0.0000000000062514    0.0000000000061162
447.0    0.0000000000063320    0.0000000000061251    0.0000000000062389    0.0000000000064252    0.0000000000062750
449.0    0.0000000000065044    0.0000000000062892    0.0000000000064098    0.0000000000066086    0.0000000000064429
451.0    0.0000000000067018    0.0000000000064719    0.0000000000065982    0.0000000000068195    0.0000000000066278
453.0    0.0000000000069185    0.0000000000066664    0.0000000000067962    0.0000000000070508    0.0000000000068395
455.0    0.0000000000071559    0.0000000000068811    0.0000000000070127    0.0000000000072925    0.0000000000070717
457.0    0.0000000000074145    0.0000000000071265    0.0000000000072589    0.0000000000075677    0.0000000000073255
459.0    0.0000000000076959    0.0000000000073960    0.0000000000075270    0.0000000000078661    0.0000000000076019
461.0    0.0000000000080003    0.0000000000076905    0.0000000000078051    0.0000000000081746    0.0000000000078885
463.0    0.0000000000083151    0.0000000000079980    0.0000000000081049    0.0000000000085216    0.0000000000081976
465.0    0.0000000000086670    0.0000000000083306    0.0000000000084411    0.0000000000088935    0.0000000000085441
467.0    0.0000000000090430    0.0000000000087029    0.0000000000088016    0.0000000000092732    0.0000000000089154
469.0    0.0000000000094441    0.0000000000091026    0.0000000000091700    0.0000000000096760    0.0000000000093118
471.0    0.0000000000098692    0.0000000000095125    0.0000000000095612    0.0000000000101218    0.0000000000097149
473.0    0.0000000000103001    0.0000000000099478    0.0000000000099929    0.0000000000105916    0.0000000000101409
475.0    0.0000000000107720    0.0000000000104264    0.0000000000104485    0.0000000000110633    0.0000000000106088
477.0    0.0000000000112661    0.0000000000109306    0.0000000000109067    0.0000000000115787    0.0000000000111000
479.0    0.0000000000117821    0.0000000000114593    0.0000000000113856    0.0000000000121152    0.0000000000116133
481.0    0.0000000000123178    0.0000000000119893    0.0000000000119059    0.0000000000126470    0.0000000000121248
483.0    0.0000000000128725    0.0000000000125393    0.0000000000124460    0.0000000000132209    0.0000000000126544
485.0    0.0000000000134439    0.0000000000131304    0.0000000000129807    0.0000000000138108    0.0000000000132244
487.0    0.0000000000140068    0.0000000000137389    0.0000000000135309    0.0000000000143885    0.0000000000138105
489.0    0.0000000000146060    0.0000000000143626    0.0000000000141194    0.0000000000150045    0.0000000000144106
491.0    0.0000000000152162    0.0000000000149741    0.0000000000147208    0.0000000000156301    0.0000000000150226
493.0    0.0000000000158353    0.0000000000155951    0.0000000000153071    0.0000000000162357    0.0000000000156182
495.0    0.0000000000164608    0.0000000000162484    0.0000000000159015    0.0000000000168738    0.0000000000162206
497.0    0.0000000000170654    0.0000000000169066    0.0000000000165279    0.0000000000175147    0.0000000000168543
499.0    0.0000000000176972    0.0000000000175670    0.0000000000171585    0.0000000000181283    0.0000000000174909
501.0    0.0000000000183289    0.0000000000182018    0.0000000000177646    0.0000000000187679    0.0000000000181280
503.0    0.0000000000189581    0.0000000000188339    0.0000000000183705    0.0000000000194036    0.0000000000187369
505.0    0.0000000000195829    0.0000000000194862    0.0000000000190003    0.0000000000200058    0.0000000000193423
507.0    0.0000000000201767    0.0000000000201312    0.0000000000196257    0.0000000000206275    0.0000000000199683
509.0    0.0000000000207869    0.0000000000207665    0.0000000000202190    0.0000000000212393    0.0000000000205865
511.0    0.0000000000213873    0.0000000000213666    0.0000000000208047    0.0000000000218137    0.0000000000211951
513.0    0.0000000000219759    0.0000000000219544    0.0000000000214061    0.0000000000223761    0.0000000000217678
515.0    0.0000000000225516    0.0000000000225512    0.0000000000219959    0.0000000000229498    0.0000000000223286
517.0    0.0000000000231129    0.0000000000231321    0.0000000000225491    0.0000000000235083    0.0000000000229001
519.0    0.0000000000236591    0.0000000000236957    0.0000000000230891    0.0000000000240269    0.0000000000234564
521.0    0.0000000000241680    0.0000000000242208    0.0000000000236378    0.0000000000245520    0.0000000000239965
523.0    0.0000000000246814    0.0000000000247282    0.0000000000241703    0.0000000000250594    0.0000000000245196
525.0    0.0000000000251775    0.0000000000252371    0.0000000000246649    0.0000000000255275    0.0000000000250045
527.0    0.0000000000256555    0.0000000000257263    0.0000000000251431    0.0000000000259984    0.0000000000254725
529.0    0.0000000000261155    0.0000000000261956    0.0000000000256247    0.0000000000264507    0.0000000000259430
531.0    0.0000000000265397    0.0000000000266282    0.0000000000260882    0.0000000000268656    0.0000000000263949
533.0    0.0000000000269636    0.0000000000270422    0.0000000000265152    0.0000000000272808    0.0000000000268281
535.0    0.0000000000273694    0.0000000000274537    0.0000000000269250    0.0000000000276777    0.0000000000272260
537.0    0.0000000000277571    0.0000000000278458    0.0000000000273349    0.0000000000280401    0.0000000000276067
539.0    0.0000000000281272    0.0000000000282191    0.0000000000277266    0.0000000000284013    0.0000000000279864
541.0    0.0000000000284798    0.0000000000285609    0.0000000000280854    0.0000000000287453    0.0000000000283483
543.0    0.0000000000288158    0.0000000000288858    0.0000000000284279    0.0000000000290584    0.0000000000286929
545.0    0.0000000000291228    0.0000000000292070    0.0000000000287687    0.0000000000293696    0.0000000000290074
547.0    0.0000000000294269    0.0000000000295115    0.0000000000290798    0.0000000000296652    0.0000000000293067
549.0    0.0000000000297160    0.0000000000298001    0.0000000000293759    0.0000000000299336    0.0000000000296037
551.0    0.0000000000299902    0.0000000000300634    0.0000000000296698    0.0000000000301998    0.0000000000298856
553.0    0.0000000000302505    0.0000000000303130    0.0000000000299488    0.0000000000304524    0.0000000000301529
555.0    0.0000000000304877    0.0000000000305591    0.0000000000302027    0.0000000000306815    0.0000000000304064
557.0    0.0000000000307222    0.0000000000307920    0.0000000000304439    0.0000000000309086    0.0000000000306370
559.0    0.0000000000309446    0.0000000000310126    0.0000000000306829    0.0000000000311239    0.0000000000308558
561.0    0.0000000000311554    0.0000000000312136    0.0000000000309094    0.0000000000313192    0.0000000000310725
563.0    0.0000000000313553    0.0000000000314042    0.0000000000311154    0.0000000000315046    0.0000000000312779
565.0    0.0000000000315374    0.0000000000315923    0.0000000000313109    0.0000000000316884    0.0000000000314725
567.0    0.0000000000317174    0.0000000000317705    0.0000000000315046    0.0000000000318629    0.0000000000316496
569.0    0.0000000000318883    0.0000000000319395    0.0000000000316882    0.0000000000320212    0.0000000000318177
571.0    0.0000000000320503    0.0000000000320938    0.0000000000318552    0.0000000000321783    0.0000000000319843
573.0    0.0000000000322042    0.0000000000322403    0.0000000000320139    0.0000000000323275    0.0000000000321423
575.0    0.0000000000323503    0.0000000000323853    0.0000000000321711    0.0000000000324631    0.0000000000322923
577.0    0.0000000000324891    0.0000000000325229    0.0000000000323204    0.0000000000325978    0.0000000000324290
579.0    0.0000000000326158    0.0000000000326537    0.0000000000324563    0.0000000000327258    0.0000000000325590
581.0    0.0000000000327413    0.0000000000327734    0.0000000000325856    0.0000000000328424    0.0000000000326880
583.0    0.0000000000328609    0.0000000000328874    0.0000000000327140    0.0000000000329582    0.0000000000328107
585.0    0.0000000000329745    0.0000000000330004    0.0000000000328360    0.0000000000330686    0.0000000000329273
587.0    0.0000000000330827    0.0000000000331079    0.0000000000329473    0.0000000000331690    0.0000000000330383
589.0    0.0000000000331816    0.0000000000332065    0.0000000000330533    0.0000000000332691    0.0000000000331396
591.0    0.0000000000332798    0.0000000000333004    0.0000000000331587    0.0000000000333644    0.0000000000332361
593.0    0.0000000000333735    0.0000000000333936    0.0000000000332590    0.0000000000334513    0.0000000000333322
595.0    0.0000000000334626    0.0000000000334824    0.0000000000333506    0.0000000000335379    0.0000000000334236
597.0    0.0000000000335476    0.0000000000335670    0.0000000000334379    0.0000000000336205    0.0000000000335108
599.0    0.0000000000336255    0.0000000000336446    0.0000000000335249    0.0000000000336959    0.0000000000335905
601.0    0.0000000000337029    0.0000000000337186    0.0000000000336077    0.0000000000337710    0.0000000000336665
603.0    0.0000000000337768    0.0000000000337921    0.0000000000336835    0.0000000000338427    0.0000000000337422
605.0    0.0000000000338473    0.0000000000338621    0.0000000000337558    0.0000000000339082    0.0000000000338144
607.0    0.0000000000339146    0.0000000000339289    0.0000000000338279    0.0000000000339708    0.0000000000338832
609.0    0.0000000000339788    0.0000000000339903    0.0000000000338966    0.0000000000340333    0.0000000000339463
611.0    0.0000000000340402    0.0000000000340489    0.0000000000339596    0.0000000000340931    0.0000000000340065
613.0    0.0000000000340965    0.0000000000341070    0.0000000000340198    0.0000000000341478    0.0000000000340667
615.0    0.0000000000341527    0.0000000000341626    0.0000000000340799    0.0000000000342026    0.0000000000341241
617.0    0.0000000000342065    0.0000000000342157    0.0000000000341373    0.0000000000342550    0.0000000000341790
619.0    0.0000000000342580    0.0000000000342646    0.0000000000341900    0.0000000000343030    0.0000000000342316
621.0    0.0000000000343074    0.0000000000343115    0.0000000000342405    0.0000000000343513    0.0000000000342799
623.0    0.0000000000343529    0.0000000000343582    0.0000000000342911    0.0000000000343976    0.0000000000343263
625.0    0.0000000000343985    0.0000000000344030    0.0000000000343396    0.0000000000344403    0.0000000000343727
627.0    0.0000000000344425    0.0000000000344461    0.0000000000343844    0.0000000000344833    0.0000000000344174
629.0    0.0000000000344847    0.0000000000344860    0.0000000000344274    0.0000000000345247    0.0000000000344604
631.0    0.0000000000345256    0.0000000000345245    0.0000000000344707    0.0000000000345631    0.0000000000345002
633.0    0.0000000000345651    0.0000000000345632    0.0000000000345125    0.0000000000346019    0.0000000000345386
635.0    0.0000000000346033    0.0000000000346007    0.0000000000345512    0.0000000000346396    0.0000000000345775
637.0    0.0000000000346390    0.0000000000346370    0.0000000000345887    0.0000000000346747    0.0000000000346152
639.0    0.0000000000346751    0.0000000000346710    0.0000000000346267    0.0000000000347104    0.0000000000346518
641.0    0.0000000000347104    0.0000000000347042    0.0000000000346637    0.0000000000347453    0.0000000000346874
643.0    0.0000000000347448    0.0000000000347379    0.0000000000346981    0.0000000000347780    0.0000000000347208
645.0    0.0000000000347785    0.0000000000347710    0.0000000000347318    0.0000000000348115    0.0000000000347534
647.0    0.0000000000348102    0.0000000000348034    0.0000000000347663    0.0000000000348444    0.0000000000347868
649.0    0.0000000000348428    0.0000000000348342    0.0000000000348000    0.0000000000348755    0.0000000000348196
651.0    0.0000000000348748    0.0000000000348645    0.0000000000348318    0.0000000000349075    0.0000000000348519
653.0    0.0000000000349065    0.0000000000348956    0.0000000000348630    0.0000000000349391    0.0000000000348825
655.0    0.0000000000349377    0.0000000000349265    0.0000000000348953    0.0000000000349692    0.0000000000349127
657.0    0.0000000000349675    0.0000000000349572    0.0000000000349271    0.0000000000349990    0.0000000000349439
659.0    0.0000000000349983    0.0000000000349865    0.0000000000349573    0.0000000000350299    0.0000000000349749
661.0    0.0000000000350289    0.0000000000350156    0.0000000000349873    0.0000000000350607    0.0000000000350057
663.0    0.0000000000350593    0.0000000000350459    0.0000000000350183    0.0000000000350901    0.0000000000350350
665.0    0.0000000000350897    0.0000000000350761    0.0000000000350492    0.0000000000351207    0.0000000000350643
667.0    0.0000000000351199    0.0000000000351062    0.0000000000350787    0.0000000000351512    0.0000000000350947
669.0    0.0000000000351501    0.0000000000351353    0.0000000000351080    0.0000000000351804    0.0000000000351251
671.0    0.0000000000351791    0.0000000000351643    0.0000000000351386    0.0000000000352109    0.0000000000351555
673.0    0.0000000000352092    0.0000000000351945    0.0000000000351692    0.0000000000352414    0.0000000000351858
675.0    0.0000000000352394    0.0000000000352248    0.0000000000351984    0.0000000000352706    0.0000000000352149
677.0    0.0000000000352696    0.0000000000352552    0.0000000000352277    0.0000000000353012    0.0000000000352441
679.0    0.0000000000352998    0.0000000000352845    0.0000000000352582    0.0000000000353318    0.0000000000352745
681.0    0.0000000000353289    0.0000000000353138    0.0000000000352887    0.0000000000353611    0.0000000000353050
683.0    0.0000000000353591    0.0000000000353444    0.0000000000353180    0.0000000000353917    0.0000000000353355
685.0    0.0000000000353894    0.0000000000353751    0.0000000000353474    0.0000000000354224    0.0000000000353648
687.0    0.0000000000354198    0.0000000000354058    0.0000000000353779    0.0000000000354517    0.0000000000353941
689.0    0.0000000000354501    0.0000000000354354    0.0000000000354086    0.0000000000354824    0.0000000000354248
691.0    0.0000000000354804    0.0000000000354651    0.0000000000354380    0.0000000000355131    0.0000000000354554
693.0    0.0000000000355108    0.0000000000354959    0.0000000000354673    0.0000000000355424    0.0000000000354860
695.0    0.0000000000355398    0.0000000000355268    0.0000000000354979    0.0000000000355730    0.0000000000355154
697.0    0.0000000000355701    0.0000000000355577    0.0000000000355286    0.0000000000356036    0.0000000000355448
699.0    0.0000000000356003    0.0000000000355873    0.0000000000355579    0.0000000000356327    0.0000000000355754
701.0    0.0000000000356305    0.0000000000356170    0.0000000000355871    0.0000000000356618    0.0000000000356059
703.0    0.0000000000356605    0.0000000000356477    0.0000000000356175    0.0000000000356920    0.0000000000356363
705.0    0.0000000000356892    0.0000000000356783    0.0000000000356479    0.0000000000357221    0.0000000000356667
707.0    0.0000000000357190    0.0000000000357077    0.0000000000356768    0.0000000000357507    0.0000000000356956
709.0    0.0000000000357486    0.0000000000357368    0.0000000000357057    0.0000000000357804    0.0000000000357244
711.0    0.0000000000357779    0.0000000000357670    0.0000000000357356    0.0000000000358099    0.0000000000357543
713.0    0.0000000000358071    0.0000000000357970    0.0000000000357653    0.0000000000358379    0.0000000000357840
715.0    0.0000000000358348    0.0000000000358267    0.0000000000357935    0.0000000000358668    0.0000000000358134
717.0    0.0000000000358635    0.0000000000358551    0.0000000000358216    0.0000000000358955    0.0000000000358413
719.0    0.0000000000358918    0.0000000000358831    0.0000000000358506    0.0000000000359226    0.0000000000358690
721.0    0.0000000000359199    0.0000000000359120    0.0000000000358793    0.0000000000359506    0.0000000000358976
723.0    0.0000000000359475    0.0000000000359405    0.0000000000359065    0.0000000000359782    0.0000000000359258
725.0    0.0000000000359748    0.0000000000359686    0.0000000000359333    0.0000000000360042    0.0000000000359536
727.0    0.0000000000360017    0.0000000000359952    0.0000000000359610    0.0000000000360309    0.0000000000359799
729.0    0.0000000000360270    0.0000000000360214    0.0000000000359882    0.0000000000360572    0.0000000000360058
731.0    0.0000000000360531    0.0000000000360481    0.0000000000360139    0.0000000000360819    0.0000000000360324
733.0    0.0000000000360786    0.0000000000360744    0.0000000000360392    0.0000000000361072    0.0000000000360585
735.0    0.0000000000361037    0.0000000000361002    0.0000000000360652    0.0000000000361320    0.0000000000360841
737.0    0.0000000000361282    0.0000000000361244    0.0000000000360906    0.0000000000361553    0.0000000000361092
739.0    0.0000000000361513    0.0000000000361482    0.0000000000361145    0.0000000000361790    0.0000000000361327
741.0    0.0000000000361748    0.0000000000361723    0.0000000000361380    0.0000000000362022    0.0000000000361558
743.0    0.0000000000361978    0.0000000000361958    0.0000000000361619    0.0000000000362239    0.0000000000361793
745.0    0.0000000000362202    0.0000000000362187    0.0000000000361853    0.0000000000362460    0.0000000000362022
747.0    0.0000000000362420    0.0000000000362401    0.0000000000362071    0.0000000000362675    0.0000000000362245
749.0    0.0000000000362625    0.0000000000362610    0.0000000000362285    0.0000000000362876    0.0000000000362454
751.0    0.0000000000362832    0.0000000000362821    0.0000000000362502    0.0000000000363071    0.0000000000362657
753.0    0.0000000000363034    0.0000000000363026    0.0000000000362714    0.0000000000363269    0.0000000000362862
755.0    0.0000000000363230    0.0000000000363224    0.0000000000362911    0.0000000000363462    0.0000000000363063
757.0    0.0000000000363421    0.0000000000363409    0.0000000000363103    0.0000000000363642    0.0000000000363257
759.0    0.0000000000363606    0.0000000000363588    0.0000000000363298    0.0000000000363824    0.0000000000363438
761.0    0.0000000000363786    0.0000000000363769    0.0000000000363488    0.0000000000364001    0.0000000000363613
763.0    0.0000000000363954    0.0000000000363944    0.0000000000363664    0.0000000000364166    0.0000000000363791
765.0    0.0000000000364124    0.0000000000364113    0.0000000000363836    0.0000000000364333    0.0000000000363964
767.0    0.0000000000364290    0.0000000000364271    0.0000000000364010    0.0000000000364496    0.0000000000364131
769.0    0.0000000000364451    0.0000000000364424    0.0000000000364179    0.0000000000364648    0.0000000000364293
771.0    0.0000000000364607    0.0000000000364578    0.0000000000364337    0.0000000000364803    0.0000000000364445
773.0    0.0000000000364754    0.0000000000364728    0.0000000000364490    0.0000000000364954    0.0000000000364592
775.0    0.0000000000364903    0.0000000000364873    0.0000000000364646    0.0000000000365095    0.0000000000364741
777.0    0.0000000000365048    0.0000000000365009    0.0000000000364799    0.0000000000365239    0.0000000000364887
779.0    0.0000000000365191    0.0000000000365141    0.0000000000364941    0.0000000000365381    0.0000000000365030
781.0    0.0000000000365331    0.0000000000365276    0.0000000000365081    0.0000000000365515    0.0000000000365163
783.0    0.0000000000365468    0.0000000000365408    0.0000000000365224    0.0000000000365653    0.0000000000365294
785.0    0.0000000000365604    0.0000000000365537    0.0000000000365364    0.0000000000365788    0.0000000000365428
787.0    0.0000000000365732    0.0000000000365660    0.0000000000365497    0.0000000000365918    0.0000000000365561
789.0    0.0000000000365865    0.0000000000365781    0.0000000000365627    0.0000000000366052    0.0000000000365691
791.0    0.0000000000365997    0.0000000000365906    0.0000000000365762    0.0000000000366186    0.0000000000365816
793.0    0.0000000000366129    0.0000000000366030    0.0000000000365896    0.0000000000366314    0.0000000000365939
795.0    0.0000000000366260    0.0000000000366154    0.0000000000366024    0.0000000000366442    0.0000000000366068
797.0    0.0000000000366387    0.0000000000366273    0.0000000000366152    0.0000000000366578    0.0000000000366197
799.0    0.0000000000366520    0.0000000000366393    0.0000000000366286    0.0000000000366715    0.0000000000366326
801.0    0.0000000000366654    0.0000000000366519    0.0000000000366420    0.0000000000366847    0.0000000000366457
803.0    0.0000000000366790    0.0000000000366647    0.0000000000366550    0.0000000000366988    0.0000000000366583
805.0    0.0000000000366929    0.0000000000366777    0.0000000000366681    0.0000000000367132    0.0000000000366712
807.0    0.0000000000367064    0.0000000000366904    0.0000000000366820    0.0000000000367272    0.0000000000366848
809.0    0.0000000000367207    0.0000000000367034    0.0000000000366961    0.0000000000367422    0.0000000000366987
811.0    0.0000000000367354    0.0000000000367173    0.0000000000367099    0.0000000000367576    0.0000000000367129
813.0    0.0000000000367505    0.0000000000367315    0.0000000000367241    0.0000000000367727    0.0000000000367269
815.0    0.0000000000367660    0.0000000000367462    0.0000000000367391    0.0000000000367890    0.0000000000367412
817.0    0.0000000000367820    0.0000000000367607    0.0000000000367547    0.0000000000368058    0.0000000000367567
819.0    0.0000000000367984    0.0000000000367758    0.0000000000367699    0.0000000000368223    0.0000000000367726
821.0    0.0000000000368147    0.0000000000367919    0.0000000000367856    0.0000000000368402    0.0000000000367890
823.0    0.0000000000368322    0.0000000000368086    0.0000000000368025    0.0000000000368586    0.0000000000368052
825.0    0.0000000000368503    0.0000000000368253    0.0000000000368192    0.0000000000368769    0.0000000000368220
827.0    0.0000000000368690    0.0000000000368426    0.0000000000368364    0.0000000000368966    0.0000000000368402
829.0    0.0000000000368884    0.0000000000368613    0.0000000000368550    0.0000000000369170    0.0000000000368589
831.0    0.0000000000369076    0.0000000000368806    0.0000000000368742    0.0000000000369372    0.0000000000368784
833.0    0.0000000000369283    0.0000000000369007    0.0000000000368932    0.0000000000369591    0.0000000000368986
835.0    0.0000000000369497    0.0000000000369207    0.0000000000369129    0.0000000000369817    0.0000000000369186
837.0    0.0000000000369718    0.0000000000369415    0.0000000000369341    0.0000000000370040    0.0000000000369393
839.0    0.0000000000369947    0.0000000000369639    0.0000000000369561    0.0000000000370281    0.0000000000369617
841.0    0.0000000000370184    0.0000000000369871    0.0000000000369779    0.0000000000370530    0.0000000000369848
843.0    0.0000000000370428    0.0000000000370111    0.0000000000370004    0.0000000000370777    0.0000000000370088
845.0    0.0000000000370671    0.0000000000370350    0.0000000000370246    0.0000000000371030    0.0000000000370325
847.0    0.0000000000370931    0.0000000000370597    0.0000000000370497    0.0000000000371303    0.0000000000370570
849.0    0.0000000000371200    0.0000000000370863    0.0000000000370745    0.0000000000371585    0.0000000000370834
851.0    0.0000000000371476    0.0000000000371137    0.0000000000371000    0.0000000000371863    0.0000000000371107
853.0    0.0000000000371762    0.0000000000371420    0.0000000000371275    0.0000000000372161    0.0000000000371388
855.0    0.0000000000372043    0.0000000000371700    0.0000000000371558    0.0000000000372468    0.0000000000371677
857.0    0.0000000000372345    0.0000000000371989    0.0000000000371837    0.0000000000372769    0.0000000000371963
859.0    0.0000000000372654    0.0000000000372298    0.0000000000372124    0.0000000000373093    0.0000000000372256
861.0    0.0000000000372972    0.0000000000372616    0.0000000000372432    0.0000000000373424    0.0000000000372571
863.0    0.0000000000373298    0.0000000000372942    0.0000000000372748    0.0000000000373749    0.0000000000372894
865.0    0.0000000000373619    0.0000000000373264    0.0000000000373059    0.0000000000374098    0.0000000000373226
867.0    0.0000000000373961    0.0000000000373594    0.0000000000373378    0.0000000000374454    0.0000000000373551
869.0    0.0000000000374312    0.0000000000373946    0.0000000000373719    0.0000000000374802    0.0000000000373885
871.0    0.0000000000374670    0.0000000000374305    0.0000000000374068    0.0000000000375174    0.0000000000374241
873.0    0.0000000000375036    0.0000000000374673    0.0000000000374410    0.0000000000375554    0.0000000000374605
875.0    0.0000000000375410    0.0000000000375034    0.0000000000374759    0.0000000000375925    0.0000000000374977
877.0    0.0000000000375791    0.0000000000375403    0.0000000000375132    0.0000000000376320    0.0000000000375340
879.0    0.0000000000376165    0.0000000000375794    0.0000000000375512    0.0000000000376723    0.0000000000375711
881.0    0.0000000000376561    0.0000000000376192    0.0000000000375884    0.0000000000377115    0.0000000000376105
883.0    0.0000000000376964    0.0000000000376599    0.0000000000376263    0.0000000000377533    0.0000000000376507
885.0    0.0000000000377375    0.0000000000376996    0.0000000000376665    0.0000000000377957    0.0000000000376916
887.0    0.0000000000377793    0.0000000000377400    0.0000000000377076    0.0000000000378370    0.0000000000377333
889.0    0.0000000000378201    0.0000000000377826    0.0000000000377475    0.0000000000378789    0.0000000000377738
891.0    0.0000000000378632    0.0000000000378260    0.0000000000377882    0.0000000000379235    0.0000000000378150
893.0    0.0000000000379070    0.0000000000378700    0.0000000000378313    0.0000000000379687    0.0000000000378587
895.0    0.0000000000379515    0.0000000000379129    0.0000000000378751    0.0000000000380125    0.0000000000379030
897.0    0.0000000000379966    0.0000000000379564    0.0000000000379177    0.0000000000380591    0.0000000000379479
899.0    0.0000000000380406    0.0000000000380023    0.0000000000379609    0.0000000000381064    0.0000000000379916
901.0    0.0000000000380871    0.0000000000380489    0.0000000000380067    0.0000000000381522    0.0000000000380359
903.0    0.0000000000381342    0.0000000000380960    0.0000000000380532    0.0000000000382007    0.0000000000380828
905.0    0.0000000000381819    0.0000000000381419    0.0000000000380984    0.0000000000382500    0.0000000000381302
907.0    0.0000000000382303    0.0000000000381884    0.0000000000381441    0.0000000000382977    0.0000000000381784
909.0    0.0000000000382794    0.0000000000382373    0.0000000000381926    0.0000000000383484    0.0000000000382251
911.0    0.0000000000383292    0.0000000000382868    0.0000000000382416    0.0000000000383997    0.0000000000382723
913.0    0.0000000000383776    0.0000000000383370    0.0000000000382893    0.0000000000384495    0.0000000000383223
915.0    0.0000000000384287    0.0000000000383858    0.0000000000383376    0.0000000000385022    0.0000000000383729
917.0    0.0000000000384805    0.0000000000384352    0.0000000000383887    0.0000000000385557    0.0000000000384242
919.0    0.0000000000385330    0.0000000000384872    0.0000000000384405    0.0000000000386076    0.0000000000384762
921.0    0.0000000000385863    0.0000000000385399    0.0000000000384908    0.0000000000386627    0.0000000000385267
923.0    0.0000000000386382    0.0000000000385933    0.0000000000385418    0.0000000000387185    0.0000000000385778
925.0    0.0000000000386929    0.0000000000386453    0.0000000000385958    0.0000000000387727    0.0000000000386318
927.0    0.0000000000387485    0.0000000000386980    0.0000000000386505    0.0000000000388303    0.0000000000386866
929.0    0.0000000000388050    0.0000000000387536    0.0000000000387037    0.0000000000388888    0.0000000000387423
931.0    0.0000000000388623    0.0000000000388099    0.0000000000387577    0.0000000000389456    0.0000000000387963
933.0    0.0000000000389205    0.0000000000388671    0.0000000000388149    0.0000000000390033    0.0000000000388511
935.0    0.0000000000389796    0.0000000000389230    0.0000000000388729    0.0000000000390647    0.0000000000389092
937.0    0.0000000000390374    0.0000000000389796    0.0000000000389295    0.0000000000391271    0.0000000000389683
939.0    0.0000000000390985    0.0000000000390395    0.0000000000389869    0.0000000000391879    0.0000000000390283
941.0    0.0000000000391607    0.0000000000391004    0.0000000000390478    0.0000000000392526    0.0000000000390867
943.0    0.0000000000392240    0.0000000000391599    0.0000000000391097    0.0000000000393184    0.0000000000391461
945.0    0.0000000000392885    0.0000000000392204    0.0000000000391701    0.0000000000393827    0.0000000000392092
947.0    0.0000000000393515    0.0000000000392845    0.0000000000392316    0.0000000000394511    0.0000000000392734
949.0    0.0000000000394185    0.0000000000393498    0.0000000000392969    0.0000000000395209    0.0000000000393389
951.0    0.0000000000394867    0.0000000000394164    0.0000000000393635    0.0000000000395890    0.0000000000394056
953.0    0.0000000000395563    0.0000000000394816    0.0000000000394285    0.0000000000396617    0.0000000000394707
955.0    0.0000000000396273    0.0000000000395482    0.0000000000394948    0.0000000000397360    0.0000000000395372
957.0    0.0000000000396970    0.0000000000396188    0.0000000000395653    0.0000000000398085    0.0000000000396079
959.0    0.0000000000397710    0.0000000000396909    0.0000000000396373    0.0000000000398860    0.0000000000396801
961.0    0.0000000000398466    0.0000000000397646    0.0000000000397077    0.0000000000399652    0.0000000000397539
963.0    0.0000000000399240    0.0000000000398370    0.0000000000397796    0.0000000000400428    0.0000000000398261
965.0    0.0000000000400031    0.0000000000399109    0.0000000000398563    0.0000000000401256    0.0000000000398999
967.0    0.0000000000400840    0.0000000000399896    0.0000000000399347    0.0000000000402104    0.0000000000399786
969.0    0.0000000000401667    0.0000000000400701    0.0000000000400115    0.0000000000402935    0.0000000000400592
971.0    0.0000000000402480    0.0000000000401525    0.0000000000400900    0.0000000000403824    0.0000000000401416
973.0    0.0000000000403347    0.0000000000402336    0.0000000000401738    0.0000000000404734    0.0000000000402224
975.0    0.0000000000404234    0.0000000000403166    0.0000000000402596    0.0000000000405626    0.0000000000403052
977.0    0.0000000000405143    0.0000000000404050    0.0000000000403438    0.0000000000406582    0.0000000000403935
979.0    0.0000000000406075    0.0000000000404956    0.0000000000404299    0.0000000000407560    0.0000000000404841
981.0    0.0000000000406991    0.0000000000405885    0.0000000000405220    0.0000000000408520    0.0000000000405769
983.0    0.0000000000407968    0.0000000000406801    0.0000000000406163    0.0000000000409503    0.0000000000406720
985.0    0.0000000000408970    0.0000000000407738    0.0000000000407089    0.0000000000410557    0.0000000000407654
987.0    0.0000000000409997    0.0000000000408738    0.0000000000408038    0.0000000000411637    0.0000000000408611
989.0    0.0000000000411050    0.0000000000409763    0.0000000000409052    0.0000000000412697    0.0000000000409634
991.0    0.0000000000412130    0.0000000000410815    0.0000000000410092    0.0000000000413833    0.0000000000410684
993.0    0.0000000000413237    0.0000000000411852    0.0000000000411114    0.0000000000414998    0.0000000000411760
995.0    0.0000000000414327    0.0000000000412916    0.0000000000412162    0.0000000000416141    0.0000000000412818
997.0    0.0000000000415491    0.0000000000414049    0.0000000000413282    0.0000000000417366    0.0000000000413903
999.0    0.0000000000416685    0.0000000000415213    0.0000000000414431    0.0000000000418623    0.0000000000415063
1001.0    0.0000000000417910    0.0000000000416408    0.0000000000415561    0.0000000000419857    0.0000000000416253
1003.0    0.0000000000419166    0.0000000000417585    0.0000000000416718    0.0000000000421180    0.0000000000417475
1005.0    0.0000000000420403    0.0000000000418793    0.0000000000417957    0.0000000000422537    0.0000000000418675
1007.0    0.0000000000421724    0.0000000000420081    0.0000000000419228    0.0000000000423868    0.0000000000419906
1009.0    0.0000000000423079    0.0000000000421403    0.0000000000420477    0.0000000000425295    0.0000000000421223
1011.0    0.0000000000424469    0.0000000000422760    0.0000000000421758    0.0000000000426759    0.0000000000422574
1013.0    0.0000000000425894    0.0000000000424097    0.0000000000423129    0.0000000000428196    0.0000000000423961
1015.0    0.0000000000427298    0.0000000000425469    0.0000000000424535    0.0000000000429735    0.0000000000425383
1017.0    0.0000000000428796    0.0000000000426933    0.0000000000425916    0.0000000000431315    0.0000000000426781
1019.0    0.0000000000430333    0.0000000000428434    0.0000000000427333    0.0000000000432864    0.0000000000428214
1021.0    0.0000000000431910    0.0000000000429974    0.0000000000428848    0.0000000000434525    0.0000000000429747
1023.0    0.0000000000433526    0.0000000000431493    0.0000000000430403    0.0000000000436228    0.0000000000431320
1025.0    0.0000000000435185    0.0000000000433050    0.0000000000431931    0.0000000000437898    0.0000000000432934
1027.0    0.0000000000436885    0.0000000000434710    0.0000000000433496    0.0000000000439610    0.0000000000434519
1029.0    0.0000000000438557    0.0000000000436413    0.0000000000435171    0.0000000000441444    0.0000000000436144
1031.0    0.0000000000440343    0.0000000000438160    0.0000000000436889    0.0000000000443323    0.0000000000437882
1033.0    0.0000000000442174    0.0000000000439881    0.0000000000438577    0.0000000000445166    0.0000000000439664
1035.0    0.0000000000444051    0.0000000000441646    0.0000000000440306    0.0000000000447141    0.0000000000441492
1037.0    0.0000000000445974    0.0000000000443527    0.0000000000442155    0.0000000000449164    0.0000000000443287
1039.0    0.0000000000447866    0.0000000000445456    0.0000000000444051    0.0000000000451148    0.0000000000445126
1041.0    0.0000000000449885    0.0000000000447433    0.0000000000445913    0.0000000000453272    0.0000000000447092
1043.0    0.0000000000451953    0.0000000000449382    0.0000000000447821    0.0000000000455448    0.0000000000449108
1045.0    0.0000000000454072    0.0000000000451377    0.0000000000449860    0.0000000000457580    0.0000000000451174
1047.0    0.0000000000456243    0.0000000000453504    0.0000000000451950    0.0000000000459863    0.0000000000453292
1049.0    0.0000000000458377    0.0000000000455683    0.0000000000454001    0.0000000000462201    0.0000000000455370
1051.0    0.0000000000460653    0.0000000000457830    0.0000000000456101    0.0000000000464490    0.0000000000457498
1053.0    0.0000000000462984    0.0000000000460027    0.0000000000458346    0.0000000000466941    0.0000000000459773
1055.0    0.0000000000465370    0.0000000000462368    0.0000000000460645    0.0000000000469449    0.0000000000462103
1057.0    0.0000000000467814    0.0000000000464766    0.0000000000462901    0.0000000000471904    0.0000000000464489
1059.0    0.0000000000470315    0.0000000000467222    0.0000000000465210    0.0000000000474531    0.0000000000466830
1061.0    0.0000000000472875    0.0000000000469640    0.0000000000467676    0.0000000000477218    0.0000000000469226
1063.0    0.0000000000475388    0.0000000000472114    0.0000000000470094    0.0000000000479848    0.0000000000471785
1065.0    0.0000000000478067    0.0000000000474747    0.0000000000472568    0.0000000000482659    0.0000000000474404
1067.0    0.0000000000480806    0.0000000000477443    0.0000000000475209    0.0000000000485534    0.0000000000477086
1069.0    0.0000000000483608    0.0000000000480202    0.0000000000477913    0.0000000000488345    0.0000000000479714
1071.0    0.0000000000486473    0.0000000000482915    0.0000000000480561    0.0000000000491216    0.0000000000482402
1073.0    0.0000000000489284    0.0000000000485690    0.0000000000483270    0.0000000000494283    0.0000000000485270
1075.0    0.0000000000492276    0.0000000000488641    0.0000000000486159    0.0000000000497417    0.0000000000488203
1077.0    0.0000000000495333    0.0000000000491659    0.0000000000489114    0.0000000000500479    0.0000000000491203
1079.0    0.0000000000498458    0.0000000000494746    0.0000000000492007    0.0000000000503748    0.0000000000494272
1081.0    0.0000000000501649    0.0000000000497778    0.0000000000494963    0.0000000000507085    0.0000000000497275
1083.0    0.0000000000504776    0.0000000000500877    0.0000000000498114    0.0000000000510344    0.0000000000500344
1085.0    0.0000000000508101    0.0000000000504168    0.0000000000501333    0.0000000000513820    0.0000000000503614
1087.0    0.0000000000511495    0.0000000000507531    0.0000000000504484    0.0000000000517365    0.0000000000506955
1089.0    0.0000000000514959    0.0000000000510966    0.0000000000507699    0.0000000000520824    0.0000000000510367
1091.0    0.0000000000518491    0.0000000000514338    0.0000000000511123    0.0000000000524511    0.0000000000513705
1093.0    0.0000000000522095    0.0000000000517778    0.0000000000514618    0.0000000000528268    0.0000000000517110
1095.0    0.0000000000525769    0.0000000000521428    0.0000000000518034    0.0000000000531930    0.0000000000520734
1097.0    0.0000000000529363    0.0000000000525152    0.0000000000521518    0.0000000000535830    0.0000000000524431
1099.0    0.0000000000533177    0.0000000000528951    0.0000000000525223    0.0000000000539800    0.0000000000528203
1101.0    0.0000000000537061    0.0000000000532675    0.0000000000529000    0.0000000000543666    0.0000000000531886
1103.0    0.0000000000541017    0.0000000000536468    0.0000000000532689    0.0000000000547779    0.0000000000535638
1105.0    0.0000000000545043    0.0000000000540487    0.0000000000536445    0.0000000000551962    0.0000000000539626
1107.0    0.0000000000548975    0.0000000000544581    0.0000000000540435    0.0000000000556030    0.0000000000543689
1109.0    0.0000000000553140    0.0000000000548751    0.0000000000544499    0.0000000000560353    0.0000000000547826
1111.0    0.0000000000557375    0.0000000000552830    0.0000000000548460    0.0000000000564745    0.0000000000552036
1113.0    0.0000000000561680    0.0000000000556979    0.0000000000552489    0.0000000000569013    0.0000000000556141
1115.0    0.0000000000566053    0.0000000000561367    0.0000000000556764    0.0000000000573541    0.0000000000560313
1117.0    0.0000000000570496    0.0000000000565828    0.0000000000561110    0.0000000000578137    0.0000000000564738
1119.0    0.0000000000575006    0.0000000000570363    0.0000000000565341    0.0000000000582596    0.0000000000569235
1121.0    0.0000000000579398    0.0000000000574791    0.0000000000569638    0.0000000000587115    0.0000000000573803
1123.0    0.0000000000584038    0.0000000000579285    0.0000000000574189    0.0000000000591903    0.0000000000578247
1125.0    0.0000000000588742    0.0000000000584028    0.0000000000578809    0.0000000000596754    0.0000000000582756
1127.0    0.0000000000593511    0.0000000000588841    0.0000000000583300    0.0000000000601452    0.0000000000587527
1129.0    0.0000000000598341    0.0000000000593721    0.0000000000587853    0.0000000000606424    0.0000000000592366
1131.0    0.0000000000603035    0.0000000000598476    0.0000000000592667    0.0000000000611453    0.0000000000597271
1133.0    0.0000000000607983    0.0000000000603291    0.0000000000597545    0.0000000000616318    0.0000000000602239
1135.0    0.0000000000612988    0.0000000000608361    0.0000000000602279    0.0000000000621458    0.0000000000607060
1137.0    0.0000000000618049    0.0000000000613493    0.0000000000607069    0.0000000000626651    0.0000000000611937
1139.0    0.0000000000623164    0.0000000000618684    0.0000000000612126    0.0000000000631666    0.0000000000617085
1141.0    0.0000000000628123    0.0000000000623729    0.0000000000617240    0.0000000000636959    0.0000000000622289
1143.0    0.0000000000633339    0.0000000000628827    0.0000000000622193    0.0000000000642297    0.0000000000627549
1145.0    0.0000000000638602    0.0000000000634180    0.0000000000627196    0.0000000000647446    0.0000000000632639
1147.0    0.0000000000643911    0.0000000000639584    0.0000000000632467    0.0000000000652870    0.0000000000637775
1149.0    0.0000000000649263    0.0000000000645036    0.0000000000637788    0.0000000000658335    0.0000000000643183
1151.0    0.0000000000654657    0.0000000000650321    0.0000000000642931    0.0000000000663597    0.0000000000648637
1153.0    0.0000000000660089    0.0000000000655647    0.0000000000648116    0.0000000000669133    0.0000000000654134
1155.0    0.0000000000665338    0.0000000000661225    0.0000000000653569    0.0000000000674701    0.0000000000659440
1157.0    0.0000000000670839    0.0000000000666841    0.0000000000659061    0.0000000000680056    0.0000000000664781
1159.0    0.0000000000676371    0.0000000000672492    0.0000000000664359    0.0000000000685681    0.0000000000670390
1161.0    0.0000000000681932    0.0000000000677955    0.0000000000669691    0.0000000000691330    0.0000000000676030
1163.0    0.0000000000687519    0.0000000000683445    0.0000000000675285    0.0000000000696755    0.0000000000681700
1165.0    0.0000000000692904    0.0000000000689180    0.0000000000680910    0.0000000000702198    0.0000000000687397
1167.0    0.0000000000698535    0.0000000000694938    0.0000000000686325    0.0000000000707905    0.0000000000692879
1169.0    0.0000000000704183    0.0000000000700493    0.0000000000691763    0.0000000000713626    0.0000000000698380
1171.0    0.0000000000709847    0.0000000000706064    0.0000000000697459    0.0000000000719109    0.0000000000704138
1173.0    0.0000000000715523    0.0000000000711871    0.0000000000703174    0.0000000000724851    0.0000000000709910
1175.0    0.0000000000721210    0.0000000000717688    0.0000000000708665    0.0000000000730599    0.0000000000715695
1177.0    0.0000000000726905    0.0000000000723514    0.0000000000714170    0.0000000000736101    0.0000000000721247
1179.0    0.0000000000732377    0.0000000000729120    0.0000000000719924    0.0000000000741855    0.0000000000726806
1181.0    0.0000000000738079    0.0000000000734729    0.0000000000725686    0.0000000000747608    0.0000000000732609
1183.0    0.0000000000743782    0.0000000000740560    0.0000000000731213    0.0000000000753109    0.0000000000738413
1185.0    0.0000000000749483    0.0000000000746389    0.0000000000736743    0.0000000000758854    0.0000000000744215
1187.0    0.0000000000755179    0.0000000000752211    0.0000000000742514    0.0000000000764592    0.0000000000749772
1189.0    0.0000000000760641    0.0000000000757801    0.0000000000748284    0.0000000000770072    0.0000000000755321
1191.0    0.0000000000766323    0.0000000000763381    0.0000000000753808    0.0000000000775790    0.0000000000761103
1193.0    0.0000000000771994    0.0000000000769170    0.0000000000759327    0.0000000000781495    0.0000000000766874
1195.0    0.0000000000777653    0.0000000000774944    0.0000000000765077    0.0000000000786938    0.0000000000772630
1197.0    0.0000000000783297    0.0000000000780701    0.0000000000770816    0.0000000000792613    0.0000000000778370
1199.0    0.0000000000788701    0.0000000000786217    0.0000000000776305    0.0000000000798270    0.0000000000783855
1201.0    0.0000000000794313    0.0000000000791713    0.0000000000781779    0.0000000000803663    0.0000000000789321
1203.0    0.0000000000799906    0.0000000000797407    0.0000000000787476    0.0000000000809281    0.0000000000795004
1205.0    0.0000000000805479    0.0000000000803076    0.0000000000793155    0.0000000000814878    0.0000000000800664
1207.0    0.0000000000811030    0.0000000000808719    0.0000000000798579    0.0000000000820210    0.0000000000806299
1209.0    0.0000000000816560    0.0000000000814119    0.0000000000803983    0.0000000000825761    0.0000000000811677
1211.0    0.0000000000822066    0.0000000000819493    0.0000000000809601    0.0000000000831289    0.0000000000817029
1213.0    0.0000000000827329    0.0000000000825053    0.0000000000815196    0.0000000000836554    0.0000000000822587
1215.0    0.0000000000832787    0.0000000000830583    0.0000000000820535    0.0000000000841795    0.0000000000828116
1217.0    0.0000000000838220    0.0000000000836084    0.0000000000825851    0.0000000000847251    0.0000000000833617
1219.0    0.0000000000843628    0.0000000000841343    0.0000000000831373    0.0000000000852680    0.0000000000838861
1221.0    0.0000000000849010    0.0000000000846574    0.0000000000836869    0.0000000000857850    0.0000000000844077
1223.0    0.0000000000854152    0.0000000000851983    0.0000000000842111    0.0000000000863229    0.0000000000849491
1225.0    0.0000000000859482    0.0000000000857361    0.0000000000847328    0.0000000000868584    0.0000000000854875
1227.0    0.0000000000864787    0.0000000000862709    0.0000000000852745    0.0000000000873682    0.0000000000860229
1229.0    0.0000000000870067    0.0000000000867822    0.0000000000858135    0.0000000000878988    0.0000000000865554
1231.0    0.0000000000875321    0.0000000000872907    0.0000000000863276    0.0000000000884270    0.0000000000870629
1233.0    0.0000000000880342    0.0000000000878166    0.0000000000868392    0.0000000000889300    0.0000000000875678
1235.0    0.0000000000885548    0.0000000000883397    0.0000000000873704    0.0000000000894536    0.0000000000880919
1237.0    0.0000000000890731    0.0000000000888600    0.0000000000878990    0.0000000000899751    0.0000000000886132
1239.0    0.0000000000895891    0.0000000000893577    0.0000000000884033    0.0000000000904718    0.0000000000891319
1241.0    0.0000000000901029    0.0000000000898531    0.0000000000889052    0.0000000000909893    0.0000000000896266
1243.0    0.0000000000906146    0.0000000000903658    0.0000000000894267    0.0000000000915048    0.0000000000901190
1245.0    0.0000000000911243    0.0000000000908762    0.0000000000899458    0.0000000000919961    0.0000000000906306
1247.0    0.0000000000916118    0.0000000000913844    0.0000000000904413    0.0000000000925082    0.0000000000911399
1249.0    0.0000000000921179    0.0000000000918710    0.0000000000909348    0.0000000000930187    0.0000000000916472
1251.0    0.0000000000926224    0.0000000000923559    0.0000000000914478    0.0000000000935057    0.0000000000921315
1253.0    0.0000000000931253    0.0000000000928583    0.0000000000919589    0.0000000000940134    0.0000000000926141
1255.0    0.0000000000936267    0.0000000000933592    0.0000000000924471    0.0000000000945201    0.0000000000931160
1257.0    0.0000000000941070    0.0000000000938586    0.0000000000929337    0.0000000000950036    0.0000000000936164
1259.0    0.0000000000946061    0.0000000000943375    0.0000000000934401    0.0000000000954864    0.0000000000941155
1261.0    0.0000000000951042    0.0000000000948153    0.0000000000939451    0.0000000000959904    0.0000000000946133
1263.0    0.0000000000956014    0.0000000000953112    0.0000000000944279    0.0000000000964936    0.0000000000950894
1265.0    0.0000000000960979    0.0000000000958063    0.0000000000949097    0.0000000000969746    0.0000000000955647
1267.0    0.0000000000965938    0.0000000000963008    0.0000000000954115    0.0000000000974770    0.0000000000960599
1269.0    0.0000000000970892    0.0000000000967757    0.0000000000959125    0.0000000000979793    0.0000000000965545
1271.0    0.0000000000975645    0.0000000000972503    0.0000000000963920    0.0000000000984596    0.0000000000970487
1273.0    0.0000000000980595    0.0000000000977437    0.0000000000968711    0.0000000000989617    0.0000000000975221
1275.0    0.0000000000985544    0.0000000000982370    0.0000000000973706    0.0000000000994641    0.0000000000979953
1277.0    0.0000000000990494    0.0000000000987305    0.0000000000978699    0.0000000000999449    0.0000000000984891
1279.0    0.0000000000995446    0.0000000000992052    0.0000000000983483    0.0000000001004480    0.0000000000989831
1281.0    0.0000000001000205    0.0000000000996803    0.0000000000988267    0.0000000001009516    0.0000000000994774
1283.0    0.0000000001005165    0.0000000001001749    0.0000000000993262    0.0000000001014340    0.0000000000999516
1285.0    0.0000000001010130    0.0000000001006703    0.0000000000998259    0.0000000001019390    0.0000000001004262
1287.0    0.0000000001015105    0.0000000001011472    0.0000000001003053    0.0000000001024450    0.0000000001009223
1289.0    0.0000000001020086    0.0000000001016252    0.0000000001007853    0.0000000001029303    0.0000000001014192
1291.0    0.0000000001024880    0.0000000001021234    0.0000000001012868    0.0000000001034383    0.0000000001019171
1293.0    0.0000000001029881    0.0000000001026225    0.0000000001017892    0.0000000001039476    0.0000000001024161
1295.0    0.0000000001034894    0.0000000001031232    0.0000000001022711    0.0000000001044363    0.0000000001028955
1297.0    0.0000000001039922    0.0000000001036059    0.0000000001027546    0.0000000001049482    0.0000000001033761
1299.0    0.0000000001044960    0.0000000001040899    0.0000000001032600    0.0000000001054618    0.0000000001038790
1301.0    0.0000000001050017    0.0000000001045951    0.0000000001037668    0.0000000001059545    0.0000000001043833
1303.0    0.0000000001055085    0.0000000001051020    0.0000000001042536    0.0000000001064715    0.0000000001048894
1305.0    0.0000000001059967    0.0000000001056102    0.0000000001047420    0.0000000001069899    0.0000000001053760
1307.0    0.0000000001065072    0.0000000001061010    0.0000000001052530    0.0000000001074876    0.0000000001058641
1309.0    0.0000000001070189    0.0000000001065935    0.0000000001057656    0.0000000001079870    0.0000000001063754
1311.0    0.0000000001075328    0.0000000001071078    0.0000000001062585    0.0000000001085110    0.0000000001068888
1313.0    0.0000000001080487    0.0000000001076240    0.0000000001067531    0.0000000001090369    0.0000000001074038
1315.0    0.0000000001085455    0.0000000001081423    0.0000000001072711    0.0000000001095420    0.0000000001078997
1317.0    0.0000000001090651    0.0000000001086432    0.0000000001077909    0.0000000001100720    0.0000000001083974
1319.0    0.0000000001095867    0.0000000001091458    0.0000000001082909    0.0000000001106041    0.0000000001089191
1321.0    0.0000000001101104    0.0000000001096708    0.0000000001087930    0.0000000001111150    0.0000000001094427
1323.0    0.0000000001106363    0.0000000001101980    0.0000000001093188    0.0000000001116515    0.0000000001099687
1325.0    0.0000000001111644    0.0000000001107278    0.0000000001098467    0.0000000001121900    0.0000000001104971
1327.0    0.0000000001116945    0.0000000001112395    0.0000000001103548    0.0000000001127072    0.0000000001110055
1329.0    0.0000000001122055    0.0000000001117531    0.0000000001108648    0.0000000001132499    0.0000000001115162
1331.0    0.0000000001127400    0.0000000001122898    0.0000000001113992    0.0000000001137950    0.0000000001120514
1333.0    0.0000000001132765    0.0000000001128291    0.0000000001119360    0.0000000001143184    0.0000000001125890
1335.0    0.0000000001138157    0.0000000001133707    0.0000000001124522    0.0000000001148679    0.0000000001131291
1337.0    0.0000000001143568    0.0000000001138940    0.0000000001129711    0.0000000001154195    0.0000000001136491
1339.0    0.0000000001148783    0.0000000001144193    0.0000000001135144    0.0000000001159493    0.0000000001141711
1341.0    0.0000000001154240    0.0000000001149681    0.0000000001140374    0.0000000001165052    0.0000000001147183
1343.0    0.0000000001159716    0.0000000001155194    0.0000000001145624    0.0000000001170635    0.0000000001152681
1345.0    0.0000000001165215    0.0000000001160731    0.0000000001151126    0.0000000001175993    0.0000000001158201
1347.0    0.0000000001170738    0.0000000001166078    0.0000000001156653    0.0000000001181615    0.0000000001163743
1349.0    0.0000000001176058    0.0000000001171450    0.0000000001161966    0.0000000001187259    0.0000000001169079
1351.0    0.0000000001181622    0.0000000001177055    0.0000000001167305    0.0000000001192676    0.0000000001174437
1353.0    0.0000000001187206    0.0000000001182686    0.0000000001172894    0.0000000001198113    0.0000000001180050
1355.0    0.0000000001192811    0.0000000001188341    0.0000000001178508    0.0000000001203815    0.0000000001185687
1357.0    0.0000000001198435    0.0000000001193798    0.0000000001183910    0.0000000001209535    0.0000000001191346
1359.0    0.0000000001204079    0.0000000001199276    0.0000000001189328    0.0000000001215023    0.0000000001196790
1361.0    0.0000000001209742    0.0000000001204995    0.0000000001195004    0.0000000001220782    0.0000000001202256
1363.0    0.0000000001215195    0.0000000001210737    0.0000000001200702    0.0000000001226555    0.0000000001207978
1365.0    0.0000000001220895    0.0000000001216498    0.0000000001206179    0.0000000001232091    0.0000000001213722
1367.0    0.0000000001226611    0.0000000001222057    0.0000000001211675    0.0000000001237896    0.0000000001219486
1369.0    0.0000000001232343    0.0000000001227634    0.0000000001217430    0.0000000001243714    0.0000000001225029
1371.0    0.0000000001238091    0.0000000001233451    0.0000000001223203    0.0000000001249295    0.0000000001230588
1373.0    0.0000000001243624    0.0000000001239290    0.0000000001228753    0.0000000001255139    0.0000000001236407
1375.0    0.0000000001249402    0.0000000001245142    0.0000000001234317    0.0000000001261000    0.0000000001242244
1377.0    0.0000000001255192    0.0000000001250784    0.0000000001240139    0.0000000001266610    0.0000000001248099
1379.0    0.0000000001260994    0.0000000001256441    0.0000000001245978    0.0000000001272489    0.0000000001253965
1381.0    0.0000000001266808    0.0000000001262341    0.0000000001251586    0.0000000001278376    0.0000000001259605
1383.0    0.0000000001272401    0.0000000001268252    0.0000000001257207    0.0000000001284015    0.0000000001265257
1385.0    0.0000000001278234    0.0000000001274176    0.0000000001263085    0.0000000001289917    0.0000000001271167
1387.0    0.0000000001284075    0.0000000001279883    0.0000000001268975    0.0000000001295823    0.0000000001277088
1389.0    0.0000000001289925    0.0000000001285600    0.0000000001274629    0.0000000001301477    0.0000000001283020
1391.0    0.0000000001295779    0.0000000001291554    0.0000000001280293    0.0000000001307392    0.0000000001288715
1393.0    0.0000000001301638    0.0000000001297515    0.0000000001286210    0.0000000001313306    0.0000000001294416
1395.0    0.0000000001307502    0.0000000001303485    0.0000000001292135    0.0000000001318965    0.0000000001300372
1397.0    0.0000000001313133    0.0000000001309230    0.0000000001297819    0.0000000001324625    0.0000000001306334
1399.0    0.0000000001318999    0.0000000001314980    0.0000000001303507    0.0000000001330537    0.0000000001312301
1401.0    0.0000000001324865    0.0000000001320960    0.0000000001309445    0.0000000001336445    0.0000000001318021
1403.0    0.0000000001330728    0.0000000001326940    0.0000000001315389    0.0000000001342094    0.0000000001323744
1405.0    0.0000000001336589    0.0000000001332690    0.0000000001321083    0.0000000001347990    0.0000000001329715
1407.0    0.0000000001342210    0.0000000001338435    0.0000000001326775    0.0000000001353878    0.0000000001335685
1409.0    0.0000000001348060    0.0000000001344410    0.0000000001332715    0.0000000001359500    0.0000000001341652
1411.0    0.0000000001353902    0.0000000001350378    0.0000000001338653    0.0000000001365368    0.0000000001347614
1413.0    0.0000000001359734    0.0000000001356341    0.0000000001344336    0.0000000001371225    0.0000000001353322
1415.0    0.0000000001365555    0.0000000001362065    0.0000000001350013    0.0000000001376809    0.0000000001359023
1417.0    0.0000000001371364    0.0000000001367780    0.0000000001355931    0.0000000001382633    0.0000000001364962
1419.0    0.0000000001377158    0.0000000001373712    0.0000000001361837    0.0000000001388440    0.0000000001370889
1421.0    0.0000000001382707    0.0000000001379630    0.0000000001367488    0.0000000001393975    0.0000000001376803
1423.0    0.0000000001388470    0.0000000001385532    0.0000000001373125    0.0000000001399740    0.0000000001382457
1425.0    0.0000000001394212    0.0000000001391189    0.0000000001378994    0.0000000001405485    0.0000000001388095
1427.0    0.0000000001399935    0.0000000001396830    0.0000000001384846    0.0000000001410955    0.0000000001393961
1429.0    0.0000000001405635    0.0000000001402675    0.0000000001390437    0.0000000001416647    0.0000000001399807
1431.0    0.0000000001411083    0.0000000001408496    0.0000000001396010    0.0000000001422315    0.0000000001405628
1433.0    0.0000000001416735    0.0000000001414292    0.0000000001401803    0.0000000001427706    0.0000000001411188
1435.0    0.0000000001422360    0.0000000001419842    0.0000000001407573    0.0000000001433312    0.0000000001416720
1437.0    0.0000000001427952    0.0000000001425365    0.0000000001413081    0.0000000001438885    0.0000000001422470
1439.0    0.0000000001433517    0.0000000001431075    0.0000000001418563    0.0000000001444183    0.0000000001428188
1441.0    0.0000000001438828    0.0000000001436756    0.0000000001424256    0.0000000001449688    0.0000000001433874
1443.0    0.0000000001444328    0.0000000001442402    0.0000000001429915    0.0000000001455157    0.0000000001439525
1445.0    0.0000000001449794    0.0000000001447795    0.0000000001435313    0.0000000001460350    0.0000000001444912
1447.0    0.0000000001455221    0.0000000001453158    0.0000000001440679    0.0000000001465507    0.0000000001450263
1449.0    0.0000000001460612    0.0000000001458693    0.0000000001446243    0.0000000001470858    0.0000000001455808
1451.0    0.0000000001465961    0.0000000001464187    0.0000000001451769    0.0000000001476166    0.0000000001461313
1453.0    0.0000000001471268    0.0000000001469638    0.0000000001457031    0.0000000001481201    0.0000000001466776
1455.0    0.0000000001476325    0.0000000001474837    0.0000000001462256    0.0000000001486419    0.0000000001471970
1457.0    0.0000000001481548    0.0000000001479995    0.0000000001467664    0.0000000001491593    0.0000000001477125
1459.0    0.0000000001486726    0.0000000001485309    0.0000000001473034    0.0000000001496495    0.0000000001482455
1461.0    0.0000000001491857    0.0000000001490576    0.0000000001478136    0.0000000001501573    0.0000000001487740
1463.0    0.0000000001496942    0.0000000001495795    0.0000000001483196    0.0000000001506601    0.0000000001492973
1465.0    0.0000000001501777    0.0000000001500760    0.0000000001488432    0.0000000001511361    0.0000000001497940
1467.0    0.0000000001506765    0.0000000001505677    0.0000000001493615    0.0000000001516288    0.0000000001502859
1469.0    0.0000000001511702    0.0000000001510739    0.0000000001498541    0.0000000001521165    0.0000000001507938
1471.0    0.0000000001516585    0.0000000001515745    0.0000000001503416    0.0000000001525775    0.0000000001512967
1473.0    0.0000000001521418    0.0000000001520695    0.0000000001508454    0.0000000001530544    0.0000000001517938
1475.0    0.0000000001526198    0.0000000001525400    0.0000000001513440    0.0000000001535258    0.0000000001522853
1477.0    0.0000000001530923    0.0000000001530050    0.0000000001518167    0.0000000001539714    0.0000000001527507
1479.0    0.0000000001535408    0.0000000001534829    0.0000000001522843    0.0000000001544317    0.0000000001532108
1481.0    0.0000000001540024    0.0000000001539548    0.0000000001527669    0.0000000001548866    0.0000000001536852
1483.0    0.0000000001544585    0.0000000001544208    0.0000000001532437    0.0000000001553163    0.0000000001541536
1485.0    0.0000000001549089    0.0000000001548630    0.0000000001536956    0.0000000001557599    0.0000000001546158
