9.0    -0.0000000000000000    -0.0000000000000000    -0.0000000000000000    -0.0000000000000000    -0.0000000000000000
11.0    -0.0000000000000000    -0.0000000000000000    -0.0000000000000000    -0.0000000000000000    -0.0000000000000000
13.0    -0.0000000000000000    -0.0000000000000000    -0.0000000000000000    -0.0000000000000000    -0.0000000000000000
15.0    -0.0000000000000000    -0.0000000000000000    -0.0000000000000000    -0.0000000000000000    -0.0000000000000000
17.0    -0.0000000000000000    -0.0000000000000000    -0.0000000000000000    -0.0000000000000000    -0.0000000000000000
19.0    -0.0000000000000000    -0.0000000000000000    -0.0000000000000000    -0.0000000000000000    -0.0000000000000000
21.0    -0.0000000000000000    -0.0000000000000000    -0.0000000000000000    -0.0000000000000000    -0.0000000000000000
23.0    -0.0000000000000000    -0.0000000000000000    -0.0000000000000000    -0.0000000000000000    -0.0000000000000000
25.0    -0.0000000000000000    -0.0000000000000000    -0.0000000000000000    -0.0000000000000000    -0.0000000000000000
27.0    -0.0000000000000000    -0.0000000000000000    -0.0000000000000000    -0.0000000000000000    -0.0000000000000000
29.0    -0.0000000000000000    -0.0000000000000000    -0.0000000000000000    -0.0000000000000000    -0.0000000000000000
31.0    -0.0000000000000000    -0.0000000000000000    -0.0000000000000000    -0.0000000000000000    -0.0000000000000000
33.0    -0.0000000000000000    -0.0000000000000000    -0.0000000000000000    -0.0000000000000000    -0.0000000000000000
35.0    -0.0000000000000000    -0.0000000000000000    -0.0000000000000000    -0.0000000000000000    -0.0000000000000000
37.0    -0.0000000000000000    -0.0000000000000000    -0.0000000000000000    -0.0000000000000000    -0.0000000000000000
39.0    -0.0000000000000000    -0.0000000000000000    -0.0000000000000000    -0.0000000000000000    -0.0000000000000000
41.0    -0.0000000000000000    -0.0000000000000000    -0.0000000000000000    -0.0000000000000000    -0.0000000000000000
43.0    -0.0000000000000000    -0.0000000000000000    -0.0000000000000000    -0.0000000000000000    -0.0000000000000000
45.0    -0.0000000000000000    -0.0000000000000000    -0.0000000000000000    -0.0000000000000000    -0.0000000000000000
47.0    -0.0000000000000000    -0.0000000000000000    -0.0000000000000000    -0.0000000000000000    -0.0000000000000000
49.0    -0.0000000000000000    -0.0000000000000000    -0.0000000000000000    -0.0000000000000000    -0.0000000000000000
51.0    -0.0000000000000000    -0.0000000000000000    -0.0000000000000000    -0.0000000000000000    -0.0000000000000000
53.0    -0.0000000000000000    -0.0000000000000000    -0.0000000000000000    -0.0000000000000000    -0.0000000000000000
55.0    -0.0000000000000000    -0.0000000000000000    -0.0000000000000000    -0.0000000000000000    -0.0000000000000000
57.0    -0.0000000000000000    -0.0000000000000000    -0.0000000000000000    -0.0000000000000000    -0.0000000000000000
59.0    -0.0000000000000000    -0.0000000000000000    -0.0000000000000000    -0.0000000000000000    -0.0000000000000000
61.0    -0.0000000000000000    -0.0000000000000000    -0.0000000000000000    -0.0000000000000000    -0.0000000000000000
63.0    -0.0000000000000000    -0.0000000000000000    -0.0000000000000000    -0.0000000000000000    -0.0000000000000000
65.0    -0.0000000000000000    -0.0000000000000000    -0.0000000000000000    -0.0000000000000000    -0.0000000000000000
67.0    -0.0000000000000000    -0.0000000000000000    -0.0000000000000000    -0.0000000000000000    -0.0000000000000000
69.0    -0.0000000000000000    -0.0000000000000000    -0.0000000000000000    -0.0000000000000000    -0.0000000000000000
71.0    -0.0000000000000000    -0.0000000000000000    -0.0000000000000000    -0.0000000000000000    -0.0000000000000000
73.0    -0.0000000000000000    -0.0000000000000000    -0.0000000000000000    -0.0000000000000000    -0.0000000000000000
75.0    -0.0000000000000000    -0.0000000000000000    -0.0000000000000000    -0.0000000000000000    -0.0000000000000000
77.0    -0.0000000000000000    -0.0000000000000000    -0.0000000000000000    -0.0000000000000000    -0.0000000000000000
79.0    -0.0000000000000000    -0.0000000000000000    -0.0000000000000000    -0.0000000000000000    -0.0000000000000000
81.0    -0.0000000000000000    -0.0000000000000000    -0.0000000000000000    -0.0000000000000000    -0.0000000000000000
83.0    -0.0000000000000000    -0.0000000000000000    -0.0000000000000000    -0.0000000000000000    -0.0000000000000000
85.0    -0.0000000000000000    -0.0000000000000000    -0.0000000000000000    -0.0000000000000000    -0.0000000000000000
87.0    -0.0000000000000000    -0.0000000000000000    -0.0000000000000000    -0.0000000000000000    -0.0000000000000000
89.0    -0.0000000000000000    -0.0000000000000000    -0.0000000000000000    -0.0000000000000000    -0.0000000000000000
91.0    -0.0000000000000000    -0.0000000000000000    -0.0000000000000000    -0.0000000000000000    -0.0000000000000000
93.0    -0.0000000000000000    -0.0000000000000000    -0.0000000000000000    -0.0000000000000000    -0.0000000000000000
95.0    -0.0000000000000000    -0.0000000000000000    -0.0000000000000000    -0.0000000000000000    -0.0000000000000000
97.0    -0.0000000000000000    -0.0000000000000000    -0.0000000000000000    -0.0000000000000000    -0.0000000000000000
99.0    -0.0000000000000000    -0.0000000000000000    -0.0000000000000000    -0.0000000000000000    -0.0000000000000000
101.0    -0.0000000000000000    -0.0000000000000000    0.0000000000000000    -0.0000000000000000    0.0000000000000000
103.0    0.0000000000000000    -0.0000000000000000    0.0000000000000000    0.0000000000000000    0.0000000000000000
105.0    0.0000000000000000    0.0000000000000000    0.0000000000000000    0.0000000000000000    0.0000000000000000
107.0    0.0000000000000000    0.0000000000000000    0.0000000000000000    0.0000000000000000    0.0000000000000000
109.0    0.0000000000000000    0.0000000000000000    0.0000000000000000    0.0000000000000000    0.0000000000000000
111.0    0.0000000000000000    0.0000000000000000    0.0000000000000000    0.0000000000000000    0.0000000000000000
113.0    0.0000000000000000    0.0000000000000000    0.0000000000000000    0.0000000000000000    0.0000000000000000
115.0    0.0000000000000000    0.0000000000000000    0.0000000000000000    0.0000000000000000    0.0000000000000000
117.0    0.0000000000000000    0.0000000000000000    0.0000000000000000    0.0000000000000000    0.0000000000000000
119.0    0.0000000000000000    0.0000000000000000    0.0000000000000000    0.0000000000000000    0.0000000000000000
121.0    0.0000000000000000    0.0000000000000000    0.0000000000000000    0.0000000000000000    0.0000000000000000
123.0    0.0000000000000000    0.0000000000000000    0.0000000000000000    0.0000000000000000    0.0000000000000000
125.0    0.0000000000000000    0.0000000000000000    0.0000000000000000    0.0000000000000000    0.0000000000000000
127.0    0.0000000000000000    0.0000000000000000    0.0000000000000000    0.0000000000000000    0.0000000000000000
129.0    0.0000000000000000    0.0000000000000000    0.0000000000000000    0.0000000000000000    0.0000000000000000
131.0    0.0000000000000000    0.0000000000000000    0.0000000000000000    0.0000000000000000    0.0000000000000000
133.0    0.0000000000000000    0.0000000000000000    0.0000000000000000    0.0000000000000000    0.0000000000000000
135.0    0.0000000000000000    0.0000000000000000    0.0000000000000000    0.0000000000000000    0.0000000000000000
137.0    0.0000000000000000    0.0000000000000000    0.0000000000000000    0.0000000000000000    0.0000000000000000
139.0    0.0000000000000000    0.0000000000000000    0.0000000000000000    0.0000000000000000    0.0000000000000000
141.0    0.0000000000000000    0.0000000000000000    0.0000000000000000    0.0000000000000000    0.0000000000000000
143.0    0.0000000000000000    0.0000000000000000    0.0000000000000000    0.0000000000000000    0.0000000000000000
145.0    0.0000000000000000    0.0000000000000000    0.0000000000000000    0.0000000000000000    0.0000000000000000
147.0    0.0000000000000000    0.0000000000000000    0.0000000000000000    0.0000000000000000    0.0000000000000000
149.0    -0.0000000000000000    0.0000000000000000    -0.0000000000000000    -0.0000000000000000    -0.0000000000000000
151.0    -0.0000000000000000    -0.0000000000000000    -0.0000000000000000    -0.0000000000000000    -0.0000000000000000
153.0    -0.0000000000000000    -0.0000000000000000    -0.0000000000000000    -0.0000000000000000    -0.0000000000000000
155.0    -0.0000000000000000    -0.0000000000000000    -0.0000000000000000    -0.0000000000000000    -0.0000000000000000
157.0    -0.0000000000000000    -0.0000000000000000    -0.0000000000000000    -0.0000000000000000    -0.0000000000000000
159.0    -0.0000000000000000    -0.0000000000000000    -0.0000000000000000    -0.0000000000000000    -0.0000000000000000
161.0    -0.0000000000000000    -0.0000000000000000    -0.0000000000000000    -0.0000000000000000    -0.0000000000000000
163.0    -0.0000000000000000    -0.0000000000000000    -0.0000000000000000    -0.0000000000000000    -0.0000000000000000
165.0    -0.0000000000000000    -0.0000000000000000    -0.0000000000000000    -0.0000000000000000    -0.0000000000000000
167.0    -0.0000000000000000    -0.0000000000000000    -0.0000000000000000    -0.0000000000000000    -0.0000000000000000
169.0    -0.0000000000000000    -0.0000000000000000    -0.0000000000000000    -0.0000000000000000    -0.0000000000000000
171.0    -0.0000000000000000    -0.0000000000000000    -0.0000000000000000    -0.0000000000000000    -0.0000000000000000
173.0    -0.0000000000000000    -0.0000000000000000    -0.0000000000000000    -0.0000000000000000    -0.0000000000000000
175.0    -0.0000000000000000    -0.0000000000000000    -0.0000000000000000    -0.0000000000000000    -0.0000000000000000
177.0    -0.0000000000000000    -0.0000000000000000    -0.0000000000000000    -0.0000000000000000    -0.0000000000000000
179.0    -0.0000000000000000    -0.0000000000000000    -0.0000000000000000    -0.0000000000000000    -0.0000000000000000
181.0    -0.0000000000000000    -0.0000000000000000    -0.0000000000000000    -0.0000000000000000    -0.0000000000000000
183.0    -0.0000000000000000    -0.0000000000000000    -0.0000000000000000    -0.0000000000000000    -0.0000000000000000
185.0    -0.0000000000000000    -0.0000000000000000    -0.0000000000000000    -0.0000000000000000    -0.0000000000000000
187.0    -0.0000000000000000    -0.0000000000000000    -0.0000000000000000    -0.0000000000000000    -0.0000000000000000
189.0    -0.0000000000000000    -0.0000000000000000    -0.0000000000000000    -0.0000000000000000    -0.0000000000000000
191.0    -0.0000000000000000    -0.0000000000000000    -0.0000000000000000    -0.0000000000000000    -0.0000000000000000
193.0    -0.0000000000000000    -0.0000000000000000    -0.0000000000000000    -0.0000000000000000    -0.0000000000000000
195.0    0.0000000000000000    0.0000000000000000    -0.0000000000000000    0.0000000000000000    0.0000000000000000
197.0    0.0000000000000000    0.0000000000000000    0.0000000000000000    0.0000000000000000    0.0000000000000000
199.0    0.0000000000000000    0.0000000000000000    0.0000000000000000    0.0000000000000000    0.0000000000000000
201.0    0.0000000000000000    0.0000000000000000    0.0000000000000000    0.0000000000000000    0.0000000000000000
203.0    0.0000000000000000    0.0000000000000000    0.0000000000000000    0.0000000000000000    0.0000000000000000
205.0    0.0000000000000000    0.0000000000000000    0.0000000000000000    0.0000000000000000    0.0000000000000000
207.0    0.0000000000000000    0.0000000000000000    0.0000000000000000    0.0000000000000000    0.0000000000000000
209.0    0.0000000000000000    0.0000000000000000    0.0000000000000000    0.0000000000000000    0.0000000000000000
211.0    0.0000000000000000    0.0000000000000000    0.0000000000000000    0.0000000000000000    0.0000000000000000
213.0    0.0000000000000000    0.0000000000000000    0.0000000000000000    0.0000000000000000    0.0000000000000000
215.0    0.0000000000000000    0.0000000000000000    0.0000000000000000    0.0000000000000000    0.0000000000000000
217.0    0.0000000000000000    0.0000000000000000    0.0000000000000000    0.0000000000000000    0.0000000000000000
219.0    0.0000000000000000    0.0000000000000000    0.0000000000000000    0.0000000000000000    0.0000000000000000
221.0    0.0000000000000000    0.0000000000000000    0.0000000000000000    0.0000000000000000    0.0000000000000000
223.0    0.0000000000000000    0.0000000000000000    0.0000000000000000    0.0000000000000000    0.0000000000000000
225.0    0.0000000000000000    0.0000000000000000    0.0000000000000000    0.0000000000000000    0.0000000000000000
227.0    0.0000000000000000    0.0000000000000000    0.0000000000000000    0.0000000000000000    0.0000000000000000
229.0    -0.0000000000000000    -0.0000000000000000    -0.0000000000000000    -0.0000000000000000    -0.0000000000000000
231.0    -0.0000000000000000    -0.0000000000000000    -0.0000000000000000    -0.0000000000000000    -0.0000000000000000
233.0    -0.0000000000000000    -0.0000000000000000    -0.0000000000000000    -0.0000000000000000    -0.0000000000000000
235.0    -0.0000000000000000    -0.0000000000000000    -0.0000000000000000    -0.0000000000000000    -0.0000000000000000
237.0    -0.0000000000000000    -0.0000000000000000    -0.0000000000000000    -0.0000000000000000    -0.0000000000000000
239.0    -0.0000000000000000    -0.0000000000000000    -0.0000000000000000    -0.0000000000000000    -0.0000000000000000
241.0    -0.0000000000000000    -0.0000000000000000    -0.0000000000000000    -0.0000000000000000    -0.0000000000000000
243.0    -0.0000000000000000    -0.0000000000000000    -0.0000000000000000    -0.0000000000000000    -0.0000000000000000
245.0    -0.0000000000000000    -0.0000000000000000    -0.0000000000000000    -0.0000000000000000    -0.0000000000000000
247.0    -0.0000000000000000    -0.0000000000000000    -0.0000000000000000    -0.0000000000000000    -0.0000000000000000
249.0    -0.0000000000000000    -0.0000000000000000    -0.0000000000000000    -0.0000000000000000    -0.0000000000000000
251.0    -0.0000000000000000    -0.0000000000000000    -0.0000000000000000    -0.0000000000000000    -0.0000000000000000
253.0    -0.0000000000000000    -0.0000000000000000    -0.0000000000000000    -0.0000000000000000    -0.0000000000000000
255.0    0.0000000000000000    -0.0000000000000000    -0.0000000000000000    0.0000000000000000    0.0000000000000000
257.0    0.0000000000000000    0.0000000000000000    0.0000000000000000    0.0000000000000000    0.0000000000000000
259.0    0.0000000000000000    0.0000000000000000    0.0000000000000000    0.0000000000000000    0.0000000000000000
261.0    0.0000000000000000    0.0000000000000000    0.0000000000000000    0.0000000000000000    0.0000000000000000
263.0    0.0000000000000000    0.0000000000000000    0.0000000000000000    0.0000000000000000    0.0000000000000000
265.0    0.0000000000000000    0.0000000000000000    0.0000000000000000    0.0000000000000000    0.0000000000000000
267.0    0.0000000000000000    0.0000000000000000    0.0000000000000000    0.0000000000000000    0.0000000000000000
269.0    0.0000000000000000    0.0000000000000000    0.0000000000000000    0.0000000000000000    0.0000000000000000
271.0    0.0000000000000000    0.0000000000000000    0.0000000000000000    0.0000000000000000    0.0000000000000000
273.0    0.0000000000000000    0.0000000000000000    0.0000000000000000    0.0000000000000000    0.0000000000000000
275.0    0.0000000000000000    0.0000000000000000    0.0000000000000000    0.0000000000000000    0.0000000000000000
277.0    0.0000000000000000    0.0000000000000000    0.0000000000000000    0.0000000000000000    0.0000000000000000
279.0    0.0000000000000000    0.0000000000000000    0.0000000000000000    0.0000000000000000    0.0000000000000000
281.0    0.0000000000000000    0.0000000000000000    0.0000000000000000    0.0000000000000000    0.0000000000000000
283.0    0.0000000000000000    0.0000000000000000    0.0000000000000000    0.0000000000000000    0.0000000000000000
285.0    0.0000000000000000    0.0000000000000000    0.0000000000000000    0.0000000000000000    0.0000000000000000
287.0    0.0000000000000000    0.0000000000000000    0.0000000000000000    0.0000000000000000    0.0000000000000000
289.0    0.0000000000000000    0.0000000000000000    0.0000000000000000    0.0000000000000000    0.0000000000000000
291.0    0.0000000000000000    0.0000000000000000    0.0000000000000000    0.0000000000000000    0.0000000000000000
293.0    0.0000000000000000    0.0000000000000000    0.0000000000000000    0.0000000000000000    0.0000000000000000
295.0    0.0000000000000000    0.0000000000000000    0.0000000000000000    0.0000000000000000    0.0000000000000000
297.0    0.0000000000000000    0.0000000000000000    0.0000000000000000    0.0000000000000000    0.0000000000000000
299.0    0.0000000000000000    0.0000000000000000    0.0000000000000000    0.0000000000000000    0.0000000000000000
301.0    0.0000000000000000    0.0000000000000000    0.0000000000000000    0.0000000000000000    0.0000000000000000
303.0    0.0000000000000000    0.0000000000000000    0.0000000000000000    0.0000000000000000    0.0000000000000000
305.0    0.0000000000000000    0.0000000000000000    0.0000000000000000    0.0000000000000000    0.0000000000000000
307.0    0.0000000000000000    0.0000000000000000    0.0000000000000000    0.0000000000000000    0.0000000000000000
309.0    0.0000000000000000    0.0000000000000000    0.0000000000000000    0.0000000000000000    0.0000000000000000
311.0    0.0000000000000000    0.0000000000000000    0.0000000000000000    0.0000000000000000    0.0000000000000000
313.0    0.0000000000000000    0.0000000000000000    0.0000000000000000    0.0000000000000000    0.0000000000000000
315.0    0.0000000000000000    0.0000000000000000    0.0000000000000000    0.0000000000000000    0.0000000000000000
317.0    0.0000000000000000    0.0000000000000000    0.0000000000000000    -0.0000000000000000    0.0000000000000000
319.0    -0.0000000000000000    -0.0000000000000000    -0.0000000000000000    -0.0000000000000000    -0.0000000000000000
321.0    -0.0000000000000000    -0.0000000000000000    -0.0000000000000000    -0.0000000000000000    -0.0000000000000000
323.0    -0.0000000000000000    -0.0000000000000000    -0.0000000000000000    -0.0000000000000000    -0.0000000000000000
325.0    -0.0000000000000000    -0.0000000000000000    -0.0000000000000000    -0.0000000000000000    -0.0000000000000000
327.0    -0.0000000000000000    -0.0000000000000000    -0.0000000000000000    -0.0000000000000000    -0.0000000000000000
329.0    -0.0000000000000000    -0.0000000000000000    -0.0000000000000000    -0.0000000000000000    -0.0000000000000000
331.0    -0.0000000000000000    -0.0000000000000000    -0.0000000000000000    -0.0000000000000000    -0.0000000000000000
333.0    -0.0000000000000000    -0.0000000000000000    -0.0000000000000000    -0.0000000000000000    -0.0000000000000000
335.0    -0.0000000000000000    -0.0000000000000000    -0.0000000000000000    -0.0000000000000000    -0.0000000000000000
337.0    -0.0000000000000000    -0.0000000000000000    -0.0000000000000000    -0.0000000000000000    -0.0000000000000000
339.0    -0.0000000000000000    -0.0000000000000000    -0.0000000000000000    -0.0000000000000000    -0.0000000000000000
341.0    -0.0000000000000000    -0.0000000000000000    -0.0000000000000000    -0.0000000000000000    -0.0000000000000000
343.0    -0.0000000000000000    -0.0000000000000000    -0.0000000000000000    -0.0000000000000000    -0.0000000000000000
345.0    -0.0000000000000000    -0.0000000000000000    -0.0000000000000000    -0.0000000000000000    -0.0000000000000000
347.0    -0.0000000000000000    -0.0000000000000000    -0.0000000000000000    -0.0000000000000000    -0.0000000000000000
349.0    0.0000000000000000    -0.0000000000000000    0.0000000000000000    0.0000000000000000    0.0000000000000000
351.0    0.0000000000000000    0.0000000000000000    0.0000000000000000    0.0000000000000000    0.0000000000000000
353.0    0.0000000000000000    0.0000000000000000    0.0000000000000000    0.0000000000000000    0.0000000000000000
355.0    0.0000000000000000    0.0000000000000000    0.0000000000000000    0.0000000000000000    0.0000000000000000
357.0    0.0000000000000000    0.0000000000000000    0.0000000000000000    0.0000000000000000    0.0000000000000000
359.0    0.0000000000000000    0.0000000000000000    0.0000000000000000    0.0000000000000000    0.0000000000000000
361.0    0.0000000000000000    0.0000000000000000    0.0000000000000000    0.0000000000000000    0.0000000000000000
363.0    0.0000000000000000    0.0000000000000000    0.0000000000000000    0.0000000000000000    0.0000000000000000
365.0    0.0000000000000000    0.0000000000000000    0.0000000000000000    0.0000000000000000    0.0000000000000000
367.0    0.0000000000000000    0.0000000000000000    0.0000000000000000    0.0000000000000000    0.0000000000000000
369.0    0.0000000000000000    0.0000000000000001    0.0000000000000000    0.0000000000000001    0.0000000000000000
371.0    0.0000000000000001    0.0000000000000001    0.0000000000000001    0.0000000000000001    0.0000000000000001
373.0    0.0000000000000001    0.0000000000000001    0.0000000000000001    0.0000000000000001    0.0000000000000001
375.0    0.0000000000000001    0.0000000000000001    0.0000000000000001    0.0000000000000001    0.0000000000000001
377.0    0.0000000000000001    0.0000000000000001    0.0000000000000001    0.0000000000000001    0.0000000000000001
379.0    0.0000000000000001    0.0000000000000001    0.0000000000000001    0.0000000000000001    0.0000000000000001
381.0    0.0000000000000001    0.0000000000000001    0.0000000000000001    0.0000000000000001    0.0000000000000001
383.0    0.0000000000000001    0.0000000000000001    0.0000000000000001    0.0000000000000001    0.0000000000000001
385.0    0.0000000000000001    0.0000000000000001    0.0000000000000001    0.0000000000000001    0.0000000000000001
387.0    0.0000000000000001    0.0000000000000001    0.0000000000000001    0.0000000000000001    0.0000000000000001
389.0    0.0000000000000001    0.0000000000000001    0.0000000000000001    0.0000000000000001    0.0000000000000001
391.0    0.0000000000000001    0.0000000000000001    0.0000000000000001    0.0000000000000001    0.0000000000000001
393.0    0.0000000000000001    0.0000000000000001    0.0000000000000001    0.0000000000000001    0.0000000000000001
395.0    0.0000000000000001    0.0000000000000001    0.0000000000000001    0.0000000000000001    0.0000000000000001
397.0    0.0000000000000001    0.0000000000000001    0.0000000000000001    0.0000000000000001    0.0000000000000001
399.0    0.0000000000000001    0.0000000000000001    0.0000000000000001    0.0000000000000001    0.0000000000000001
401.0    0.0000000000000001    0.0000000000000001    0.0000000000000001    0.0000000000000001    0.0000000000000001
403.0    0.0000000000000001    0.0000000000000001    0.0000000000000001    0.0000000000000001    0.0000000000000001
405.0    0.0000000000000001    0.0000000000000001    0.0000000000000001    0.0000000000000001    0.0000000000000001
407.0    0.0000000000000001    0.0000000000000001    0.0000000000000001    0.0000000000000001    0.0000000000000001
409.0    0.0000000000000000    0.0000000000000000    0.0000000000000001    0.0000000000000000    0.0000000000000000
411.0    0.0000000000000000    0.0000000000000000    0.0000000000000000    0.0000000000000000    0.0000000000000000
413.0    0.0000000000000000    0.0000000000000000    0.0000000000000000    0.0000000000000000    0.0000000000000000
415.0    0.0000000000000000    0.0000000000000000    0.0000000000000000    0.0000000000000000    0.0000000000000000
417.0    0.0000000000000000    0.0000000000000000    0.0000000000000000    0.0000000000000000    0.0000000000000000
419.0    0.0000000000000000    0.0000000000000000    0.0000000000000000    0.0000000000000000    0.0000000000000000
421.0    0.0000000000000000    0.0000000000000000    0.0000000000000000    0.0000000000000000    0.0000000000000000
423.0    0.0000000000000000    0.0000000000000000    0.0000000000000000    0.0000000000000000    0.0000000000000000
425.0    0.0000000000000000    0.0000000000000000    0.0000000000000000    0.0000000000000000    0.0000000000000000
427.0    0.0000000000000000    0.0000000000000000    0.0000000000000000    0.0000000000000000    0.0000000000000000
429.0    0.0000000000000000    0.0000000000000000    0.0000000000000000    0.0000000000000000    0.0000000000000000
431.0    0.0000000000000000    0.0000000000000000    0.0000000000000000    0.0000000000000000    0.0000000000000000
433.0    0.0000000000000000    0.0000000000000000    0.0000000000000000    0.0000000000000000    0.0000000000000000
435.0    0.0000000000000000    0.0000000000000000    0.0000000000000000    0.0000000000000000    0.0000000000000000
437.0    0.0000000000000000    0.0000000000000000    0.0000000000000000    0.0000000000000000    0.0000000000000000
439.0    0.0000000000000000    0.0000000000000000    0.0000000000000000    0.0000000000000000    0.0000000000000000
441.0    0.0000000000000000    0.0000000000000000    0.0000000000000000    0.0000000000000000    0.0000000000000000
443.0    0.0000000000000000    0.0000000000000000    0.0000000000000000    0.0000000000000000    0.0000000000000000
445.0    0.0000000000000000    0.0000000000000000    0.0000000000000000    0.0000000000000000    0.0000000000000000
447.0    0.0000000000000000    0.0000000000000000    0.0000000000000000    0.0000000000000000    0.0000000000000000
449.0    0.0000000000000000    0.0000000000000000    0.0000000000000000    0.0000000000000000    0.0000000000000000
451.0    0.0000000000000000    0.0000000000000000    0.0000000000000000    0.0000000000000000    0.0000000000000000
453.0    0.0000000000000000    0.0000000000000000    0.0000000000000000    0.0000000000000000    0.0000000000000000
455.0    0.0000000000000000    0.0000000000000000    0.0000000000000000    0.0000000000000000    0.0000000000000000
457.0    0.0000000000000000    0.0000000000000000    0.0000000000000000    0.0000000000000000    0.0000000000000000
459.0    0.0000000000000000    0.0000000000000000    0.0000000000000000    0.0000000000000000    0.0000000000000000
461.0    0.0000000000000000    0.0000000000000000    0.0000000000000000    -0.0000000000000000    0.0000000000000000
463.0    -0.0000000000000000    -0.0000000000000000    0.0000000000000000    -0.0000000000000000    -0.0000000000000000
465.0    -0.0000000000000000    -0.0000000000000000    -0.0000000000000000    -0.0000000000000000    -0.0000000000000000
467.0    -0.0000000000000000    -0.0000000000000000    -0.0000000000000000    -0.0000000000000000    -0.0000000000000000
469.0    -0.0000000000000000    -0.0000000000000000    -0.0000000000000000    -0.0000000000000000    -0.0000000000000000
471.0    -0.0000000000000000    -0.0000000000000000    -0.0000000000000000    -0.0000000000000000    -0.0000000000000000
473.0    -0.0000000000000000    -0.0000000000000000    -0.0000000000000000    -0.0000000000000000    -0.0000000000000000
475.0    -0.0000000000000000    -0.0000000000000000    -0.0000000000000000    -0.0000000000000000    -0.0000000000000000
477.0    -0.0000000000000000    -0.0000000000000000    -0.0000000000000000    -0.0000000000000000    -0.0000000000000000
479.0    -0.0000000000000000    -0.0000000000000000    -0.0000000000000000    -0.0000000000000000    -0.0000000000000000
481.0    -0.0000000000000000    -0.0000000000000000    -0.0000000000000000    -0.0000000000000000    -0.0000000000000000
483.0    -0.0000000000000000    -0.0000000000000000    -0.0000000000000000    -0.0000000000000000    -0.0000000000000000
485.0    -0.0000000000000000    -0.0000000000000000    -0.0000000000000000    -0.0000000000000000    -0.0000000000000000
487.0    -0.0000000000000000    -0.0000000000000000    -0.0000000000000000    -0.0000000000000000    -0.0000000000000000
489.0    -0.0000000000000000    -0.0000000000000000    -0.0000000000000000    -0.0000000000000000    -0.0000000000000000
491.0    -0.0000000000000000    -0.0000000000000000    -0.0000000000000000    -0.0000000000000000    -0.0000000000000000
493.0    -0.0000000000000000    -0.0000000000000000    -0.0000000000000000    -0.0000000000000000    -0.0000000000000000
495.0    -0.0000000000000000    -0.0000000000000000    -0.0000000000000000    -0.0000000000000000    -0.0000000000000000
497.0    -0.0000000000000000    -0.0000000000000000    -0.0000000000000000    -0.0000000000000000    -0.0000000000000000
499.0    -0.0000000000000000    -0.0000000000000000    -0.0000000000000000    -0.0000000000000000    -0.0000000000000000
501.0    -0.0000000000000000    -0.0000000000000000    -0.0000000000000000    -0.0000000000000000    -0.0000000000000000
503.0    -0.0000000000000000    -0.0000000000000000    -0.0000000000000000    -0.0000000000000000    -0.0000000000000000
505.0    -0.0000000000000000    -0.0000000000000000    -0.0000000000000000    -0.0000000000000000    -0.0000000000000000
507.0    -0.0000000000000000    -0.0000000000000000    -0.0000000000000000    -0.0000000000000000    -0.0000000000000000
509.0    -0.0000000000000000    -0.0000000000000000    -0.0000000000000000    -0.0000000000000000    -0.0000000000000000
511.0    -0.0000000000000000    -0.0000000000000000    -0.0000000000000000    -0.0000000000000000    -0.0000000000000000
513.0    -0.0000000000000000    -0.0000000000000000    -0.0000000000000000    -0.0000000000000000    -0.0000000000000000
515.0    -0.0000000000000000    -0.0000000000000000    -0.0000000000000000    -0.0000000000000000    -0.0000000000000000
517.0    -0.0000000000000000    -0.0000000000000000    -0.0000000000000000    -0.0000000000000000    -0.0000000000000000
519.0    -0.0000000000000000    -0.0000000000000000    -0.0000000000000000    -0.0000000000000000    -0.0000000000000000
521.0    -0.0000000000000000    -0.0000000000000000    -0.0000000000000000    -0.0000000000000000    -0.0000000000000000
523.0    -0.0000000000000000    -0.0000000000000000    -0.0000000000000000    -0.0000000000000000    -0.0000000000000000
525.0    -0.0000000000000000    -0.0000000000000000    -0.0000000000000000    -0.0000000000000000    -0.0000000000000000
527.0    -0.0000000000000000    -0.0000000000000000    -0.0000000000000000    -0.0000000000000000    -0.0000000000000000
529.0    -0.0000000000000000    -0.0000000000000000    -0.0000000000000000    -0.0000000000000000    -0.0000000000000000
531.0    -0.0000000000000000    -0.0000000000000000    -0.0000000000000000    -0.0000000000000000    -0.0000000000000000
533.0    -0.0000000000000000    -0.0000000000000000    -0.0000000000000000    -0.0000000000000000    -0.0000000000000000
535.0    -0.0000000000000000    -0.0000000000000000    -0.0000000000000000    -0.0000000000000000    -0.0000000000000000
537.0    -0.0000000000000000    -0.0000000000000000    -0.0000000000000000    -0.0000000000000000    -0.0000000000000000
539.0    -0.0000000000000000    -0.0000000000000000    -0.0000000000000000    -0.0000000000000000    -0.0000000000000000
541.0    -0.0000000000000000    -0.0000000000000000    -0.0000000000000000    -0.0000000000000000    -0.0000000000000000
543.0    -0.0000000000000000    -0.0000000000000000    -0.0000000000000000    -0.0000000000000000    -0.0000000000000000
545.0    -0.0000000000000000    -0.0000000000000000    -0.0000000000000000    -0.0000000000000000    -0.0000000000000000
547.0    -0.0000000000000000    -0.0000000000000000    -0.0000000000000000    -0.0000000000000000    -0.0000000000000000
549.0    -0.0000000000000000    -0.0000000000000000    -0.0000000000000000    -0.0000000000000000    -0.0000000000000000
551.0    -0.0000000000000000    -0.0000000000000000    -0.0000000000000000    -0.0000000000000000    -0.0000000000000000
553.0    -0.0000000000000000    -0.0000000000000000    -0.0000000000000000    -0.0000000000000000    -0.0000000000000000
555.0    -0.0000000000000000    -0.0000000000000000    -0.0000000000000000    -0.0000000000000000    -0.0000000000000000
557.0    -0.0000000000000000    -0.0000000000000000    -0.0000000000000000    -0.0000000000000000    -0.0000000000000000
559.0    -0.0000000000000000    -0.0000000000000000    -0.0000000000000000    -0.0000000000000000    -0.0000000000000000
561.0    -0.0000000000000000    -0.0000000000000000    -0.0000000000000000    -0.0000000000000000    -0.0000000000000000
563.0    -0.0000000000000000    -0.0000000000000000    -0.0000000000000000    -0.0000000000000000    -0.0000000000000000
565.0    -0.0000000000000000    -0.0000000000000000    -0.0000000000000000    -0.0000000000000000    -0.0000000000000000
567.0    -0.0000000000000000    -0.0000000000000000    -0.0000000000000000    -0.0000000000000000    -0.0000000000000000
569.0    -0.0000000000000000    -0.0000000000000000    -0.0000000000000000    -0.0000000000000000    -0.0000000000000000
571.0    -0.0000000000000000    -0.0000000000000000    -0.0000000000000000    -0.0000000000000000    -0.0000000000000000
573.0    -0.0000000000000000    -0.0000000000000000    -0.0000000000000000    -0.0000000000000000    -0.0000000000000000
575.0    -0.0000000000000000    -0.0000000000000000    -0.0000000000000000    -0.0000000000000000    -0.0000000000000000
577.0    -0.0000000000000000    -0.0000000000000000    -0.0000000000000000    -0.0000000000000000    -0.0000000000000000
579.0    -0.0000000000000000    -0.0000000000000000    -0.0000000000000000    -0.0000000000000000    -0.0000000000000000
581.0    -0.0000000000000000    -0.0000000000000000    -0.0000000000000000    -0.0000000000000000    -0.0000000000000000
583.0    -0.0000000000000000    -0.0000000000000000    -0.0000000000000000    -0.0000000000000000    -0.0000000000000000
585.0    -0.0000000000000000    -0.0000000000000000    -0.0000000000000000    -0.0000000000000000    -0.0000000000000000
587.0    -0.0000000000000000    -0.0000000000000000    -0.0000000000000000    -0.0000000000000000    -0.0000000000000000
589.0    -0.0000000000000000    -0.0000000000000000    -0.0000000000000000    -0.0000000000000000    -0.0000000000000000
591.0    -0.0000000000000000    -0.0000000000000000    -0.0000000000000000    -0.0000000000000000    -0.0000000000000000
593.0    -0.0000000000000000    -0.0000000000000000    -0.0000000000000000    -0.0000000000000000    -0.0000000000000000
595.0    -0.0000000000000000    -0.0000000000000000    -0.0000000000000000    -0.0000000000000000    -0.0000000000000000
597.0    -0.0000000000000000    -0.0000000000000000    -0.0000000000000000    -0.0000000000000000    -0.0000000000000000
599.0    -0.0000000000000000    -0.0000000000000000    -0.0000000000000000    -0.0000000000000000    -0.0000000000000000
601.0    -0.0000000000000000    -0.0000000000000000    -0.0000000000000000    -0.0000000000000000    -0.0000000000000000
603.0    -0.0000000000000000    -0.0000000000000000    -0.0000000000000000    -0.0000000000000000    -0.0000000000000000
605.0    -0.0000000000000000    -0.0000000000000000    -0.0000000000000000    -0.0000000000000000    -0.0000000000000000
607.0    -0.0000000000000000    -0.0000000000000000    -0.0000000000000000    -0.0000000000000000    -0.0000000000000000
609.0    -0.0000000000000000    -0.0000000000000000    -0.0000000000000000    -0.0000000000000000    -0.0000000000000000
611.0    -0.0000000000000000    -0.0000000000000000    -0.0000000000000000    -0.0000000000000000    -0.0000000000000000
613.0    -0.0000000000000000    -0.0000000000000000    -0.0000000000000000    -0.0000000000000000    -0.0000000000000000
615.0    -0.0000000000000000    -0.0000000000000000    -0.0000000000000000    -0.0000000000000000    -0.0000000000000000
617.0    -0.0000000000000000    -0.0000000000000000    -0.0000000000000000    -0.0000000000000000    -0.0000000000000000
619.0    -0.0000000000000000    -0.0000000000000000    -0.0000000000000000    -0.0000000000000000    -0.0000000000000000
621.0    -0.0000000000000000    -0.0000000000000000    -0.0000000000000000    -0.0000000000000000    -0.0000000000000000
623.0    -0.0000000000000000    -0.0000000000000000    -0.0000000000000000    -0.0000000000000000    -0.0000000000000000
625.0    -0.0000000000000000    -0.0000000000000000    -0.0000000000000000    -0.0000000000000000    -0.0000000000000000
627.0    -0.0000000000000000    -0.0000000000000000    -0.0000000000000000    -0.0000000000000000    -0.0000000000000000
629.0    -0.0000000000000000    -0.0000000000000000    -0.0000000000000000    -0.0000000000000000    -0.0000000000000000
631.0    -0.0000000000000000    -0.0000000000000000    -0.0000000000000000    -0.0000000000000000    -0.0000000000000000
633.0    -0.0000000000000000    -0.0000000000000000    -0.0000000000000000    -0.0000000000000000    -0.0000000000000000
635.0    -0.0000000000000000    -0.0000000000000000    -0.0000000000000000    -0.0000000000000000    -0.0000000000000000
637.0    -0.0000000000000000    -0.0000000000000000    -0.0000000000000000    -0.0000000000000000    -0.0000000000000000
639.0    -0.0000000000000000    -0.0000000000000000    -0.0000000000000000    0.0000000000000000    -0.0000000000000000
641.0    0.0000000000000000    -0.0000000000000000    -0.0000000000000000    0.0000000000000000    -0.0000000000000000
643.0    0.0000000000000000    0.0000000000000000    -0.0000000000000000    0.0000000000000000    -0.0000000000000000
645.0    0.0000000000000000    0.0000000000000000    0.0000000000000000    0.0000000000000000    0.0000000000000000
647.0    0.0000000000000000    0.0000000000000000    0.0000000000000000    0.0000000000000000    0.0000000000000000
649.0    0.0000000000000000    0.0000000000000000    0.0000000000000000    0.0000000000000000    0.0000000000000000
651.0    0.0000000000000000    0.0000000000000000    0.0000000000000000    0.0000000000000000    0.0000000000000000
653.0    0.0000000000000000    0.0000000000000000    0.0000000000000000    0.0000000000000000    0.0000000000000000
655.0    0.0000000000000000    0.0000000000000000    0.0000000000000000    0.0000000000000000    0.0000000000000000
657.0    0.0000000000000000    0.0000000000000000    0.0000000000000000    0.0000000000000000    0.0000000000000000
659.0    0.0000000000000000    0.0000000000000000    0.0000000000000000    0.0000000000000000    0.0000000000000000
661.0    0.0000000000000000    0.0000000000000000    0.0000000000000000    0.0000000000000000    0.0000000000000000
663.0    0.0000000000000000    0.0000000000000000    0.0000000000000000    0.0000000000000000    0.0000000000000000
665.0    0.0000000000000000    0.0000000000000000    0.0000000000000000    0.0000000000000000    0.0000000000000000
667.0    0.0000000000000000    0.0000000000000000    0.0000000000000000    0.0000000000000000    0.0000000000000000
669.0    0.0000000000000000    0.0000000000000000    0.0000000000000000    0.0000000000000000    0.0000000000000000
671.0    0.0000000000000000    0.0000000000000000    0.0000000000000000    0.0000000000000000    0.0000000000000000
673.0    0.0000000000000000    0.0000000000000000    0.0000000000000000    0.0000000000000000    0.0000000000000000
675.0    0.0000000000000000    0.0000000000000000    0.0000000000000000    0.0000000000000000    0.0000000000000000
677.0    0.0000000000000000    0.0000000000000000    0.0000000000000000    0.0000000000000000    0.0000000000000000
679.0    0.0000000000000000    0.0000000000000000    0.0000000000000000    0.0000000000000000    0.0000000000000000
681.0    0.0000000000000000    0.0000000000000000    0.0000000000000000    0.0000000000000000    0.0000000000000000
683.0    0.0000000000000000    0.0000000000000000    0.0000000000000000    0.0000000000000000    0.0000000000000000
685.0    0.0000000000000000    0.0000000000000000    0.0000000000000000    0.0000000000000000    0.0000000000000000
687.0    0.0000000000000000    0.0000000000000000    0.0000000000000000    0.0000000000000000    0.0000000000000000
689.0    0.0000000000000000    0.0000000000000000    0.0000000000000000    0.0000000000000000    0.0000000000000000
691.0    0.0000000000000000    0.0000000000000000    0.0000000000000000    0.0000000000000000    0.0000000000000000
693.0    0.0000000000000000    0.0000000000000000    0.0000000000000000    0.0000000000000000    0.0000000000000000
695.0    0.0000000000000000    0.0000000000000000    0.0000000000000000    0.0000000000000000    0.0000000000000000
697.0    0.0000000000000000    0.0000000000000000    0.0000000000000000    0.0000000000000000    0.0000000000000000
699.0    0.0000000000000000    0.0000000000000000    0.0000000000000000    0.0000000000000000    0.0000000000000000
701.0    0.0000000000000000    0.0000000000000000    0.0000000000000000    0.0000000000000000    0.0000000000000000
703.0    0.0000000000000000    0.0000000000000000    0.0000000000000000    0.0000000000000000    0.0000000000000000
705.0    0.0000000000000000    0.0000000000000000    0.0000000000000000    0.0000000000000000    0.0000000000000000
707.0    0.0000000000000000    0.0000000000000000    0.0000000000000000    0.0000000000000000    0.0000000000000000
709.0    0.0000000000000000    0.0000000000000000    0.0000000000000000    0.0000000000000000    0.0000000000000000
711.0    0.0000000000000000    0.0000000000000000    0.0000000000000000    0.0000000000000000    0.0000000000000000
713.0    0.0000000000000000    0.0000000000000000    0.0000000000000000    0.0000000000000000    0.0000000000000000
715.0    0.0000000000000000    0.0000000000000000    0.0000000000000000    0.0000000000000000    0.0000000000000000
717.0    0.0000000000000000    0.0000000000000000    0.0000000000000000    0.0000000000000000    0.0000000000000000
719.0    0.0000000000000000    0.0000000000000000    0.0000000000000000    0.0000000000000000    0.0000000000000000
721.0    0.0000000000000000    0.0000000000000000    0.0000000000000000    0.0000000000000000    0.0000000000000000
723.0    0.0000000000000000    0.0000000000000000    0.0000000000000000    0.0000000000000000    0.0000000000000000
725.0    0.0000000000000000    0.0000000000000000    0.0000000000000000    0.0000000000000000    0.0000000000000000
727.0    0.0000000000000000    0.0000000000000000    0.0000000000000000    0.0000000000000000    0.0000000000000000
729.0    0.0000000000000000    0.0000000000000000    0.0000000000000000    0.0000000000000000    0.0000000000000000
731.0    0.0000000000000000    0.0000000000000000    0.0000000000000000    0.0000000000000000    0.0000000000000000
733.0    0.0000000000000000    0.0000000000000000    0.0000000000000000    0.0000000000000000    0.0000000000000000
735.0    0.0000000000000000    0.0000000000000000    0.0000000000000000    0.0000000000000000    0.0000000000000000
737.0    0.0000000000000000    0.0000000000000000    0.0000000000000000    0.0000000000000000    0.0000000000000000
739.0    0.0000000000000000    0.0000000000000000    0.0000000000000000    0.0000000000000000    0.0000000000000000
741.0    0.0000000000000000    0.0000000000000000    0.0000000000000000    0.0000000000000000    0.0000000000000000
743.0    0.0000000000000000    0.0000000000000000    0.0000000000000000    0.0000000000000000    0.0000000000000000
745.0    0.0000000000000000    0.0000000000000000    0.0000000000000000    0.0000000000000000    0.0000000000000000
747.0    0.0000000000000000    0.0000000000000000    0.0000000000000000    0.0000000000000000    0.0000000000000000
749.0    0.0000000000000000    0.0000000000000000    0.0000000000000000    0.0000000000000000    0.0000000000000000
751.0    0.0000000000000000    0.0000000000000000    0.0000000000000000    0.0000000000000000    0.0000000000000000
753.0    0.0000000000000000    0.0000000000000000    0.0000000000000000    0.0000000000000000    0.0000000000000000
755.0    0.0000000000000000    0.0000000000000000    0.0000000000000000    0.0000000000000000    0.0000000000000000
757.0    0.0000000000000000    0.0000000000000000    0.0000000000000000    0.0000000000000000    0.0000000000000000
759.0    0.0000000000000000    0.0000000000000000    0.0000000000000000    0.0000000000000000    0.0000000000000000
761.0    0.0000000000000000    0.0000000000000000    0.0000000000000000    0.0000000000000000    0.0000000000000000
763.0    0.0000000000000000    0.0000000000000000    0.0000000000000000    0.0000000000000000    0.0000000000000000
765.0    0.0000000000000000    0.0000000000000000    0.0000000000000000    0.0000000000000000    0.0000000000000000
767.0    0.0000000000000000    0.0000000000000000    0.0000000000000000    0.0000000000000000    0.0000000000000000
769.0    0.0000000000000000    0.0000000000000000    0.0000000000000000    0.0000000000000000    0.0000000000000000
771.0    0.0000000000000000    0.0000000000000000    0.0000000000000000    0.0000000000000000    0.0000000000000000
773.0    0.0000000000000000    0.0000000000000000    0.0000000000000000    0.0000000000000000    0.0000000000000000
775.0    0.0000000000000000    0.0000000000000000    0.0000000000000000    0.0000000000000000    0.0000000000000000
777.0    0.0000000000000000    0.0000000000000000    0.0000000000000000    0.0000000000000000    0.0000000000000000
779.0    0.0000000000000000    0.0000000000000000    0.0000000000000000    0.0000000000000000    0.0000000000000000
781.0    0.0000000000000000    0.0000000000000000    0.0000000000000000    0.0000000000000001    0.0000000000000000
783.0    0.0000000000000000    0.0000000000000000    0.0000000000000000    0.0000000000000001    0.0000000000000000
785.0    0.0000000000000001    0.0000000000000000    0.0000000000000000    0.0000000000000001    0.0000000000000000
787.0    0.0000000000000001    0.0000000000000000    0.0000000000000001    0.0000000000000001    0.0000000000000001
789.0    0.0000000000000001    0.0000000000000001    0.0000000000000001    0.0000000000000001    0.0000000000000001
791.0    0.0000000000000001    0.0000000000000001    0.0000000000000001    0.0000000000000001    0.0000000000000001
793.0    0.0000000000000001    0.0000000000000001    0.0000000000000001    0.0000000000000001    0.0000000000000001
795.0    0.0000000000000001    0.0000000000000001    0.0000000000000001    0.0000000000000001    0.0000000000000001
797.0    0.0000000000000001    0.0000000000000001    0.0000000000000001    0.0000000000000001    0.0000000000000001
799.0    0.0000000000000001    0.0000000000000001    0.0000000000000001    0.0000000000000001    0.0000000000000001
801.0    0.0000000000000001    0.0000000000000001    0.0000000000000001    0.0000000000000001    0.0000000000000001
803.0    0.0000000000000001    0.0000000000000001    0.0000000000000001    0.0000000000000001    0.0000000000000001
805.0    0.0000000000000001    0.0000000000000001    0.0000000000000001    0.0000000000000001    0.0000000000000001
807.0    0.0000000000000001    0.0000000000000001    0.0000000000000001    0.0000000000000002    0.0000000000000001
809.0    0.0000000000000001    0.0000000000000001    0.0000000000000001    0.0000000000000002    0.0000000000000001
811.0    0.0000000000000002    0.0000000000000001    0.0000000000000001    0.0000000000000002    0.0000000000000001
813.0    0.0000000000000002    0.0000000000000002    0.0000000000000002    0.0000000000000002    0.0000000000000002
815.0    0.0000000000000002    0.0000000000000002    0.0000000000000002    0.0000000000000002    0.0000000000000002
817.0    0.0000000000000002    0.0000000000000002    0.0000000000000002    0.0000000000000002    0.0000000000000002
819.0    0.0000000000000002    0.0000000000000002    0.0000000000000002    0.0000000000000002    0.0000000000000002
821.0    0.0000000000000002    0.0000000000000002    0.0000000000000002    0.0000000000000002    0.0000000000000002
823.0    0.0000000000000002    0.0000000000000002    0.0000000000000002    0.0000000000000003    0.0000000000000002
825.0    0.0000000000000003    0.0000000000000002    0.0000000000000002    0.0000000000000003    0.0000000000000002
827.0    0.0000000000000003    0.0000000000000003    0.0000000000000002    0.0000000000000003    0.0000000000000003
829.0    0.0000000000000003    0.0000000000000003    0.0000000000000003    0.0000000000000003    0.0000000000000003
831.0    0.0000000000000003    0.0000000000000003    0.0000000000000003    0.0000000000000003    0.0000000000000003
833.0    0.0000000000000003    0.0000000000000003    0.0000000000000003    0.0000000000000003    0.0000000000000003
835.0    0.0000000000000003    0.0000000000000003    0.0000000000000003    0.0000000000000004    0.0000000000000003
837.0    0.0000000000000004    0.0000000000000003    0.0000000000000003    0.0000000000000004    0.0000000000000003
839.0    0.0000000000000004    0.0000000000000004    0.0000000000000004    0.0000000000000004    0.0000000000000004
841.0    0.0000000000000004    0.0000000000000004    0.0000000000000004    0.0000000000000004    0.0000000000000004
843.0    0.0000000000000004    0.0000000000000004    0.0000000000000004    0.0000000000000004    0.0000000000000004
845.0    0.0000000000000004    0.0000000000000004    0.0000000000000004    0.0000000000000005    0.0000000000000004
847.0    0.0000000000000005    0.0000000000000004    0.0000000000000004    0.0000000000000005    0.0000000000000004
849.0    0.0000000000000005    0.0000000000000005    0.0000000000000004    0.0000000000000005    0.0000000000000005
851.0    0.0000000000000005    0.0000000000000005    0.0000000000000005    0.0000000000000005    0.0000000000000005
853.0    0.0000000000000005    0.0000000000000005    0.0000000000000005    0.0000000000000005    0.0000000000000005
855.0    0.0000000000000005    0.0000000000000005    0.0000000000000005    0.0000000000000006    0.0000000000000005
857.0    0.0000000000000006    0.0000000000000006    0.0000000000000005    0.0000000000000006    0.0000000000000005
859.0    0.0000000000000006    0.0000000000000006    0.0000000000000005    0.0000000000000006    0.0000000000000006
861.0    0.0000000000000006    0.0000000000000006    0.0000000000000006    0.0000000000000006    0.0000000000000006
863.0    0.0000000000000006    0.0000000000000006    0.0000000000000006    0.0000000000000007    0.0000000000000006
865.0    0.0000000000000006    0.0000000000000006    0.0000000000000006    0.0000000000000007    0.0000000000000006
867.0    0.0000000000000007    0.0000000000000007    0.0000000000000006    0.0000000000000007    0.0000000000000007
869.0    0.0000000000000007    0.0000000000000007    0.0000000000000007    0.0000000000000007    0.0000000000000007
871.0    0.0000000000000007    0.0000000000000007    0.0000000000000007    0.0000000000000007    0.0000000000000007
873.0    0.0000000000000007    0.0000000000000007    0.0000000000000007    0.0000000000000008    0.0000000000000007
875.0    0.0000000000000008    0.0000000000000008    0.0000000000000007    0.0000000000000008    0.0000000000000007
877.0    0.0000000000000008    0.0000000000000008    0.0000000000000007    0.0000000000000008    0.0000000000000008
879.0    0.0000000000000008    0.0000000000000008    0.0000000000000008    0.0000000000000008    0.0000000000000008
881.0    0.0000000000000008    0.0000000000000008    0.0000000000000008    0.0000000000000008    0.0000000000000008
883.0    0.0000000000000008    0.0000000000000008    0.0000000000000008    0.0000000000000009    0.0000000000000008
885.0    0.0000000000000009    0.0000000000000009    0.0000000000000008    0.0000000000000009    0.0000000000000008
887.0    0.0000000000000009    0.0000000000000009    0.0000000000000008    0.0000000000000009    0.0000000000000009
889.0    0.0000000000000009    0.0000000000000009    0.0000000000000009    0.0000000000000009    0.0000000000000009
891.0    0.0000000000000009    0.0000000000000009    0.0000000000000009    0.0000000000000009    0.0000000000000009
893.0    0.0000000000000009    0.0000000000000009    0.0000000000000009    0.0000000000000010    0.0000000000000009
895.0    0.0000000000000010    0.0000000000000010    0.0000000000000009    0.0000000000000010    0.0000000000000009
897.0    0.0000000000000010    0.0000000000000010    0.0000000000000009    0.0000000000000010    0.0000000000000010
899.0    0.0000000000000010    0.0000000000000010    0.0000000000000010    0.0000000000000010    0.0000000000000010
901.0    0.0000000000000010    0.0000000000000010    0.0000000000000010    0.0000000000000010    0.0000000000000010
903.0    0.0000000000000010    0.0000000000000010    0.0000000000000010    0.0000000000000010    0.0000000000000010
905.0    0.0000000000000010    0.0000000000000010    0.0000000000000010    0.0000000000000011    0.0000000000000010
907.0    0.0000000000000011    0.0000000000000011    0.0000000000000010    0.0000000000000011    0.0000000000000011
909.0    0.0000000000000011    0.0000000000000011    0.0000000000000010    0.0000000000000011    0.0000000000000011
911.0    0.0000000000000011    0.0000000000000011    0.0000000000000011    0.0000000000000011    0.0000000000000011
913.0    0.0000000000000011    0.0000000000000011    0.0000000000000011    0.0000000000000011    0.0000000000000011
915.0    0.0000000000000011    0.0000000000000011    0.0000000000000011    0.0000000000000011    0.0000000000000011
917.0    0.0000000000000011    0.0000000000000011    0.0000000000000011    0.0000000000000012    0.0000000000000011
919.0    0.0000000000000011    0.0000000000000012    0.0000000000000011    0.0000000000000012    0.0000000000000011
921.0    0.0000000000000012    0.0000000000000012    0.0000000000000011    0.0000000000000012    0.0000000000000012
923.0    0.0000000000000012    0.0000000000000012    0.0000000000000012    0.0000000000000012    0.0000000000000012
925.0    0.0000000000000012    0.0000000000000012    0.0000000000000012    0.0000000000000012    0.0000000000000012
927.0    0.0000000000000012    0.0000000000000012    0.0000000000000012    0.0000000000000012    0.0000000000000012
929.0    0.0000000000000012    0.0000000000000012    0.0000000000000012    0.0000000000000012    0.0000000000000012
931.0    0.0000000000000012    0.0000000000000012    0.0000000000000012    0.0000000000000012    0.0000000000000012
933.0    0.0000000000000012    0.0000000000000012    0.0000000000000012    0.0000000000000013    0.0000000000000012
935.0    0.0000000000000013    0.0000000000000013    0.0000000000000012    0.0000000000000013    0.0000000000000012
937.0    0.0000000000000013    0.0000000000000013    0.0000000000000012    0.0000000000000013    0.0000000000000013
939.0    0.0000000000000013    0.0000000000000013    0.0000000000000013    0.0000000000000013    0.0000000000000013
941.0    0.0000000000000013    0.0000000000000013    0.0000000000000013    0.0000000000000013    0.0000000000000013
943.0    0.0000000000000013    0.0000000000000013    0.0000000000000013    0.0000000000000013    0.0000000000000013
945.0    0.0000000000000013    0.0000000000000013    0.0000000000000013    0.0000000000000013    0.0000000000000013
947.0    0.0000000000000013    0.0000000000000013    0.0000000000000013    0.0000000000000013    0.0000000000000013
949.0    0.0000000000000013    0.0000000000000013    0.0000000000000013    0.0000000000000013    0.0000000000000013
951.0    0.0000000000000013    0.0000000000000013    0.0000000000000013    0.0000000000000014    0.0000000000000013
953.0    0.0000000000000013    0.0000000000000013    0.0000000000000013    0.0000000000000014    0.0000000000000013
955.0    0.0000000000000014    0.0000000000000014    0.0000000000000013    0.0000000000000014    0.0000000000000013
957.0    0.0000000000000014    0.0000000000000014    0.0000000000000013    0.0000000000000014    0.0000000000000014
959.0    0.0000000000000014    0.0000000000000014    0.0000000000000014    0.0000000000000014    0.0000000000000014
961.0    0.0000000000000014    0.0000000000000014    0.0000000000000014    0.0000000000000014    0.0000000000000014
963.0    0.0000000000000014    0.0000000000000014    0.0000000000000014    0.0000000000000014    0.0000000000000014
965.0    0.0000000000000014    0.0000000000000014    0.0000000000000014    0.0000000000000014    0.0000000000000014
967.0    0.0000000000000014    0.0000000000000014    0.0000000000000014    0.0000000000000014    0.0000000000000014
969.0    0.0000000000000014    0.0000000000000014    0.0000000000000014    0.0000000000000014    0.0000000000000014
971.0    0.0000000000000014    0.0000000000000014    0.0000000000000014    0.0000000000000015    0.0000000000000014
973.0    0.0000000000000014    0.0000000000000014    0.0000000000000014    0.0000000000000015    0.0000000000000014
975.0    0.0000000000000015    0.0000000000000015    0.0000000000000014    0.0000000000000015    0.0000000000000014
977.0    0.0000000000000015    0.0000000000000015    0.0000000000000015    0.0000000000000015    0.0000000000000015
979.0    0.0000000000000015    0.0000000000000015    0.0000000000000015    0.0000000000000015    0.0000000000000015
981.0    0.0000000000000015    0.0000000000000015    0.0000000000000015    0.0000000000000015    0.0000000000000015
983.0    0.0000000000000015    0.0000000000000015    0.0000000000000015    0.0000000000000015    0.0000000000000015
985.0    0.0000000000000015    0.0000000000000015    0.0000000000000015    0.0000000000000015    0.0000000000000015
987.0    0.0000000000000015    0.0000000000000015    0.0000000000000015    0.0000000000000015    0.0000000000000015
989.0    0.0000000000000015    0.0000000000000015    0.0000000000000015    0.0000000000000016    0.0000000000000015
991.0    0.0000000000000016    0.0000000000000015    0.0000000000000015    0.0000000000000016    0.0000000000000015
993.0    0.0000000000000016    0.0000000000000016    0.0000000000000015    0.0000000000000016    0.0000000000000015
995.0    0.0000000000000016    0.0000000000000016    0.0000000000000016    0.0000000000000016    0.0000000000000016
997.0    0.0000000000000016    0.0000000000000016    0.0000000000000016    0.0000000000000016    0.0000000000000016
999.0    0.0000000000000016    0.0000000000000016    0.0000000000000016    0.0000000000000016    0.0000000000000016
1001.0    0.0000000000000016    0.0000000000000016    0.0000000000000016    0.0000000000000016    0.0000000000000016
1003.0    0.0000000000000016    0.0000000000000016    0.0000000000000016    0.0000000000000016    0.0000000000000016
1005.0    0.0000000000000016    0.0000000000000016    0.0000000000000016    0.0000000000000017    0.0000000000000016
1007.0    0.0000000000000017    0.0000000000000016    0.0000000000000016    0.0000000000000017    0.0000000000000016
1009.0    0.0000000000000017    0.0000000000000017    0.0000000000000016    0.0000000000000017    0.0000000000000017
1011.0    0.0000000000000017    0.0000000000000017    0.0000000000000017    0.0000000000000017    0.0000000000000017
1013.0    0.0000000000000017    0.0000000000000017    0.0000000000000017    0.0000000000000017    0.0000000000000017
1015.0    0.0000000000000017    0.0000000000000017    0.0000000000000017    0.0000000000000017    0.0000000000000017
1017.0    0.0000000000000017    0.0000000000000017    0.0000000000000017    0.0000000000000018    0.0000000000000017
1019.0    0.0000000000000017    0.0000000000000017    0.0000000000000017    0.0000000000000018    0.0000000000000017
1021.0    0.0000000000000018    0.0000000000000017    0.0000000000000017    0.0000000000000018    0.0000000000000017
1023.0    0.0000000000000018    0.0000000000000018    0.0000000000000017    0.0000000000000018    0.0000000000000018
1025.0    0.0000000000000018    0.0000000000000018    0.0000000000000018    0.0000000000000018    0.0000000000000018
1027.0    0.0000000000000018    0.0000000000000018    0.0000000000000018    0.0000000000000018    0.0000000000000018
1029.0    0.0000000000000018    0.0000000000000018    0.0000000000000018    0.0000000000000018    0.0000000000000018
1031.0    0.0000000000000018    0.0000000000000018    0.0000000000000018    0.0000000000000019    0.0000000000000018
1033.0    0.0000000000000019    0.0000000000000018    0.0000000000000018    0.0000000000000019    0.0000000000000018
1035.0    0.0000000000000019    0.0000000000000019    0.0000000000000018    0.0000000000000019    0.0000000000000019
1037.0    0.0000000000000019    0.0000000000000019    0.0000000000000019    0.0000000000000019    0.0000000000000019
1039.0    0.0000000000000019    0.0000000000000019    0.0000000000000019    0.0000000000000019    0.0000000000000019
1041.0    0.0000000000000019    0.0000000000000019    0.0000000000000019    0.0000000000000020    0.0000000000000019
1043.0    0.0000000000000019    0.0000000000000019    0.0000000000000019    0.0000000000000020    0.0000000000000019
1045.0    0.0000000000000020    0.0000000000000020    0.0000000000000019    0.0000000000000020    0.0000000000000019
1047.0    0.0000000000000020    0.0000000000000020    0.0000000000000019    0.0000000000000020    0.0000000000000020
1049.0    0.0000000000000020    0.0000000000000020    0.0000000000000020    0.0000000000000020    0.0000000000000020
1051.0    0.0000000000000020    0.0000000000000020    0.0000000000000020    0.0000000000000020    0.0000000000000020
1053.0    0.0000000000000020    0.0000000000000020    0.0000000000000020    0.0000000000000021    0.0000000000000020
1055.0    0.0000000000000020    0.0000000000000020    0.0000000000000020    0.0000000000000021    0.0000000000000020
1057.0    0.0000000000000021    0.0000000000000021    0.0000000000000020    0.0000000000000021    0.0000000000000021
1059.0    0.0000000000000021    0.0000000000000021    0.0000000000000020    0.0000000000000021    0.0000000000000021
1061.0    0.0000000000000021    0.0000000000000021    0.0000000000000021    0.0000000000000021    0.0000000000000021
1063.0    0.0000000000000021    0.0000000000000021    0.0000000000000021    0.0000000000000021    0.0000000000000021
1065.0    0.0000000000000021    0.0000000000000021    0.0000000000000021    0.0000000000000022    0.0000000000000021
1067.0    0.0000000000000022    0.0000000000000021    0.0000000000000021    0.0000000000000022    0.0000000000000021
1069.0    0.0000000000000022    0.0000000000000022    0.0000000000000021    0.0000000000000022    0.0000000000000022
1071.0    0.0000000000000022    0.0000000000000022    0.0000000000000022    0.0000000000000022    0.0000000000000022
1073.0    0.0000000000000022    0.0000000000000022    0.0000000000000022    0.0000000000000022    0.0000000000000022
1075.0    0.0000000000000022    0.0000000000000022    0.0000000000000022    0.0000000000000022    0.0000000000000022
1077.0    0.0000000000000022    0.0000000000000022    0.0000000000000022    0.0000000000000023    0.0000000000000022
1079.0    0.0000000000000023    0.0000000000000023    0.0000000000000022    0.0000000000000023    0.0000000000000022
1081.0    0.0000000000000023    0.0000000000000023    0.0000000000000022    0.0000000000000023    0.0000000000000023
1083.0    0.0000000000000023    0.0000000000000023    0.0000000000000023    0.0000000000000023    0.0000000000000023
1085.0    0.0000000000000023    0.0000000000000023    0.0000000000000023    0.0000000000000023    0.0000000000000023
1087.0    0.0000000000000023    0.0000000000000023    0.0000000000000023    0.0000000000000023    0.0000000000000023
1089.0    0.0000000000000023    0.0000000000000023    0.0000000000000023    0.0000000000000023    0.0000000000000023
1091.0    0.0000000000000023    0.0000000000000023    0.0000000000000023    0.0000000000000024    0.0000000000000023
1093.0    0.0000000000000024    0.0000000000000024    0.0000000000000023    0.0000000000000024    0.0000000000000023
1095.0    0.0000000000000024    0.0000000000000024    0.0000000000000023    0.0000000000000024    0.0000000000000024
1097.0    0.0000000000000024    0.0000000000000024    0.0000000000000024    0.0000000000000024    0.0000000000000024
1099.0    0.0000000000000024    0.0000000000000024    0.0000000000000024    0.0000000000000024    0.0000000000000024
1101.0    0.0000000000000024    0.0000000000000024    0.0000000000000024    0.0000000000000024    0.0000000000000024
1103.0    0.0000000000000024    0.0000000000000024    0.0000000000000024    0.0000000000000024    0.0000000000000024
1105.0    0.0000000000000024    0.0000000000000024    0.0000000000000024    0.0000000000000025    0.0000000000000024
1107.0    0.0000000000000024    0.0000000000000024    0.0000000000000024    0.0000000000000025    0.0000000000000024
1109.0    0.0000000000000025    0.0000000000000025    0.0000000000000024    0.0000000000000025    0.0000000000000025
1111.0    0.0000000000000025    0.0000000000000025    0.0000000000000024    0.0000000000000025    0.0000000000000025
1113.0    0.0000000000000025    0.0000000000000025    0.0000000000000025    0.0000000000000025    0.0000000000000025
1115.0    0.0000000000000025    0.0000000000000025    0.0000000000000025    0.0000000000000025    0.0000000000000025
1117.0    0.0000000000000025    0.0000000000000025    0.0000000000000025    0.0000000000000025    0.0000000000000025
1119.0    0.0000000000000025    0.0000000000000025    0.0000000000000025    0.0000000000000025    0.0000000000000025
1121.0    0.0000000000000025    0.0000000000000025    0.0000000000000025    0.0000000000000025    0.0000000000000025
1123.0    0.0000000000000025    0.0000000000000025    0.0000000000000025    0.0000000000000026    0.0000000000000025
1125.0    0.0000000000000025    0.0000000000000025    0.0000000000000025    0.0000000000000026    0.0000000000000025
1127.0    0.0000000000000026    0.0000000000000026    0.0000000000000025    0.0000000000000026    0.0000000000000025
1129.0    0.0000000000000026    0.0000000000000026    0.0000000000000025    0.0000000000000026    0.0000000000000026
1131.0    0.0000000000000026    0.0000000000000026    0.0000000000000026    0.0000000000000026    0.0000000000000026
1133.0    0.0000000000000026    0.0000000000000026    0.0000000000000026    0.0000000000000026    0.0000000000000026
1135.0    0.0000000000000026    0.0000000000000026    0.0000000000000026    0.0000000000000026    0.0000000000000026
1137.0    0.0000000000000026    0.0000000000000026    0.0000000000000026    0.0000000000000026    0.0000000000000026
1139.0    0.0000000000000026    0.0000000000000026    0.0000000000000026    0.0000000000000027    0.0000000000000026
1141.0    0.0000000000000026    0.0000000000000026    0.0000000000000026    0.0000000000000027    0.0000000000000026
1143.0    0.0000000000000027    0.0000000000000026    0.0000000000000026    0.0000000000000027    0.0000000000000026
1145.0    0.0000000000000027    0.0000000000000026    0.0000000000000026    0.0000000000000027    0.0000000000000026
1147.0    0.0000000000000027    0.0000000000000027    0.0000000000000027    0.0000000000000027    0.0000000000000027
1149.0    0.0000000000000027    0.0000000000000027    0.0000000000000027    0.0000000000000027    0.0000000000000027
1151.0    0.0000000000000027    0.0000000000000027    0.0000000000000027    0.0000000000000028    0.0000000000000027
1153.0    0.0000000000000027    0.0000000000000027    0.0000000000000027    0.0000000000000028    0.0000000000000027
1155.0    0.0000000000000028    0.0000000000000027    0.0000000000000027    0.0000000000000028    0.0000000000000027
1157.0    0.0000000000000028    0.0000000000000027    0.0000000000000027    0.0000000000000028    0.0000000000000027
1159.0    0.0000000000000028    0.0000000000000027    0.0000000000000027    0.0000000000000028    0.0000000000000027
1161.0    0.0000000000000028    0.0000000000000028    0.0000000000000028    0.0000000000000029    0.0000000000000028
1163.0    0.0000000000000028    0.0000000000000028    0.0000000000000028    0.0000000000000029    0.0000000000000028
1165.0    0.0000000000000029    0.0000000000000028    0.0000000000000028    0.0000000000000029    0.0000000000000028
1167.0    0.0000000000000029    0.0000000000000028    0.0000000000000028    0.0000000000000029    0.0000000000000028
1169.0    0.0000000000000029    0.0000000000000028    0.0000000000000028    0.0000000000000030    0.0000000000000028
1171.0    0.0000000000000029    0.0000000000000029    0.0000000000000029    0.0000000000000030    0.0000000000000029
1173.0    0.0000000000000030    0.0000000000000029    0.0000000000000029    0.0000000000000030    0.0000000000000029
1175.0    0.0000000000000030    0.0000000000000029    0.0000000000000029    0.0000000000000030    0.0000000000000029
1177.0    0.0000000000000030    0.0000000000000029    0.0000000000000029    0.0000000000000031    0.0000000000000029
1179.0    0.0000000000000030    0.0000000000000030    0.0000000000000030    0.0000000000000031    0.0000000000000030
1181.0    0.0000000000000031    0.0000000000000030    0.0000000000000030    0.0000000000000032    0.0000000000000030
1183.0    0.0000000000000031    0.0000000000000030    0.0000000000000030    0.0000000000000032    0.0000000000000030
1185.0    0.0000000000000032    0.0000000000000031    0.0000000000000031    0.0000000000000032    0.0000000000000031
1187.0    0.0000000000000032    0.0000000000000031    0.0000000000000031    0.0000000000000033    0.0000000000000031
1189.0    0.0000000000000032    0.0000000000000031    0.0000000000000031    0.0000000000000033    0.0000000000000031
1191.0    0.0000000000000033    0.0000000000000032    0.0000000000000032    0.0000000000000034    0.0000000000000032
1193.0    0.0000000000000033    0.0000000000000032    0.0000000000000032    0.0000000000000034    0.0000000000000032
1195.0    0.0000000000000034    0.0000000000000033    0.0000000000000032    0.0000000000000035    0.0000000000000033
1197.0    0.0000000000000034    0.0000000000000033    0.0000000000000033    0.0000000000000035    0.0000000000000033
1199.0    0.0000000000000035    0.0000000000000033    0.0000000000000033    0.0000000000000036    0.0000000000000033
1201.0    0.0000000000000035    0.0000000000000034    0.0000000000000034    0.0000000000000037    0.0000000000000034
1203.0    0.0000000000000036    0.0000000000000034    0.0000000000000034    0.0000000000000037    0.0000000000000034
1205.0    0.0000000000000036    0.0000000000000035    0.0000000000000035    0.0000000000000038    0.0000000000000035
1207.0    0.0000000000000037    0.0000000000000036    0.0000000000000035    0.0000000000000039    0.0000000000000036
1209.0    0.0000000000000038    0.0000000000000036    0.0000000000000036    0.0000000000000039    0.0000000000000036
1211.0    0.0000000000000038    0.0000000000000037    0.0000000000000037    0.0000000000000040    0.0000000000000037
1213.0    0.0000000000000039    0.0000000000000037    0.0000000000000037    0.0000000000000041    0.0000000000000037
1215.0    0.0000000000000040    0.0000000000000038    0.0000000000000038    0.0000000000000042    0.0000000000000038
1217.0    0.0000000000000041    0.0000000000000039    0.0000000000000039    0.0000000000000042    0.0000000000000039
1219.0    0.0000000000000041    0.0000000000000040    0.0000000000000039    0.0000000000000043    0.0000000000000040
1221.0    0.0000000000000042    0.0000000000000040    0.0000000000000040    0.0000000000000044    0.0000000000000040
1223.0    0.0000000000000043    0.0000000000000041    0.0000000000000041    0.0000000000000045    0.0000000000000041
1225.0    0.0000000000000044    0.0000000000000042    0.0000000000000042    0.0000000000000046    0.0000000000000042
1227.0    0.0000000000000045    0.0000000000000043    0.0000000000000043    0.0000000000000047    0.0000000000000043
1229.0    0.0000000000000046    0.0000000000000044    0.0000000000000044    0.0000000000000049    0.0000000000000044
1231.0    0.0000000000000047    0.0000000000000045    0.0000000000000045    0.0000000000000050    0.0000000000000045
1233.0    0.0000000000000048    0.0000000000000046    0.0000000000000046    0.0000000000000051    0.0000000000000046
1235.0    0.0000000000000049    0.0000000000000047    0.0000000000000047    0.0000000000000052    0.0000000000000047
1237.0    0.0000000000000051    0.0000000000000048    0.0000000000000048    0.0000000000000053    0.0000000000000048
1239.0    0.0000000000000052    0.0000000000000049    0.0000000000000049    0.0000000000000055    0.0000000000000049
1241.0    0.0000000000000053    0.0000000000000050    0.0000000000000050    0.0000000000000056    0.0000000000000050
1243.0    0.0000000000000055    0.0000000000000052    0.0000000000000051    0.0000000000000058    0.0000000000000051
1245.0    0.0000000000000056    0.0000000000000053    0.0000000000000052    0.0000000000000059    0.0000000000000053
1247.0    0.0000000000000057    0.0000000000000054    0.0000000000000054    0.0000000000000061    0.0000000000000054
1249.0    0.0000000000000059    0.0000000000000056    0.0000000000000055    0.0000000000000063    0.0000000000000055
1251.0    0.0000000000000061    0.0000000000000057    0.0000000000000057    0.0000000000000064    0.0000000000000057
1253.0    0.0000000000000062    0.0000000000000059    0.0000000000000058    0.0000000000000066    0.0000000000000058
1255.0    0.0000000000000064    0.0000000000000060    0.0000000000000060    0.0000000000000068    0.0000000000000060
1257.0    0.0000000000000066    0.0000000000000062    0.0000000000000061    0.0000000000000070    0.0000000000000061
1259.0    0.0000000000000067    0.0000000000000064    0.0000000000000063    0.0000000000000072    0.0000000000000063
1261.0    0.0000000000000069    0.0000000000000065    0.0000000000000065    0.0000000000000074    0.0000000000000065
1263.0    0.0000000000000071    0.0000000000000067    0.0000000000000066    0.0000000000000076    0.0000000000000067
1265.0    0.0000000000000073    0.0000000000000069    0.0000000000000068    0.0000000000000078    0.0000000000000069
1267.0    0.0000000000000076    0.0000000000000071    0.0000000000000070    0.0000000000000081    0.0000000000000071
1269.0    0.0000000000000078    0.0000000000000073    0.0000000000000072    0.0000000000000083    0.0000000000000073
1271.0    0.0000000000000080    0.0000000000000075    0.0000000000000074    0.0000000000000086    0.0000000000000075
1273.0    0.0000000000000082    0.0000000000000077    0.0000000000000076    0.0000000000000088    0.0000000000000077
1275.0    0.0000000000000085    0.0000000000000080    0.0000000000000079    0.0000000000000091    0.0000000000000079
1277.0    0.0000000000000088    0.0000000000000082    0.0000000000000081    0.0000000000000094    0.0000000000000081
1279.0    0.0000000000000090    0.0000000000000085    0.0000000000000083    0.0000000000000097    0.0000000000000084
1281.0    0.0000000000000093    0.0000000000000087    0.0000000000000086    0.0000000000000100    0.0000000000000087
1283.0    0.0000000000000096    0.0000000000000090    0.0000000000000088    0.0000000000000103    0.0000000000000089
1285.0    0.0000000000000099    0.0000000000000093    0.0000000000000091    0.0000000000000106    0.0000000000000092
1287.0    0.0000000000000102    0.0000000000000095    0.0000000000000094    0.0000000000000109    0.0000000000000095
1289.0    0.0000000000000105    0.0000000000000098    0.0000000000000097    0.0000000000000113    0.0000000000000098
1291.0    0.0000000000000108    0.0000000000000101    0.0000000000000100    0.0000000000000117    0.0000000000000101
1293.0    0.0000000000000112    0.0000000000000105    0.0000000000000103    0.0000000000000120    0.0000000000000104
1295.0    0.0000000000000116    0.0000000000000108    0.0000000000000106    0.0000000000000124    0.0000000000000107
1297.0    0.0000000000000119    0.0000000000000111    0.0000000000000109    0.0000000000000128    0.0000000000000110
1299.0    0.0000000000000123    0.0000000000000115    0.0000000000000113    0.0000000000000132    0.0000000000000114
1301.0    0.0000000000000127    0.0000000000000119    0.0000000000000117    0.0000000000000137    0.0000000000000118
1303.0    0.0000000000000131    0.0000000000000123    0.0000000000000120    0.0000000000000141    0.0000000000000122
1305.0    0.0000000000000135    0.0000000000000127    0.0000000000000124    0.0000000000000146    0.0000000000000125
1307.0    0.0000000000000140    0.0000000000000131    0.0000000000000128    0.0000000000000151    0.0000000000000129
1309.0    0.0000000000000144    0.0000000000000135    0.0000000000000132    0.0000000000000155    0.0000000000000134
1311.0    0.0000000000000149    0.0000000000000139    0.0000000000000137    0.0000000000000161    0.0000000000000138
1313.0    0.0000000000000154    0.0000000000000144    0.0000000000000141    0.0000000000000166    0.0000000000000143
1315.0    0.0000000000000159    0.0000000000000149    0.0000000000000146    0.0000000000000171    0.0000000000000147
1317.0    0.0000000000000164    0.0000000000000153    0.0000000000000150    0.0000000000000177    0.0000000000000152
1319.0    0.0000000000000170    0.0000000000000158    0.0000000000000155    0.0000000000000183    0.0000000000000157
1321.0    0.0000000000000175    0.0000000000000164    0.0000000000000160    0.0000000000000189    0.0000000000000162
1323.0    0.0000000000000181    0.0000000000000169    0.0000000000000166    0.0000000000000195    0.0000000000000168
1325.0    0.0000000000000187    0.0000000000000175    0.0000000000000171    0.0000000000000202    0.0000000000000173
1327.0    0.0000000000000194    0.0000000000000181    0.0000000000000177    0.0000000000000208    0.0000000000000179
1329.0    0.0000000000000200    0.0000000000000187    0.0000000000000182    0.0000000000000215    0.0000000000000185
1331.0    0.0000000000000206    0.0000000000000193    0.0000000000000189    0.0000000000000223    0.0000000000000191
1333.0    0.0000000000000213    0.0000000000000199    0.0000000000000195    0.0000000000000230    0.0000000000000197
1335.0    0.0000000000000220    0.0000000000000206    0.0000000000000201    0.0000000000000237    0.0000000000000204
1337.0    0.0000000000000228    0.0000000000000213    0.0000000000000208    0.0000000000000245    0.0000000000000211
1339.0    0.0000000000000235    0.0000000000000220    0.0000000000000215    0.0000000000000253    0.0000000000000217
1341.0    0.0000000000000243    0.0000000000000227    0.0000000000000222    0.0000000000000262    0.0000000000000225
1343.0    0.0000000000000251    0.0000000000000235    0.0000000000000229    0.0000000000000270    0.0000000000000232
1345.0    0.0000000000000259    0.0000000000000243    0.0000000000000237    0.0000000000000279    0.0000000000000240
1347.0    0.0000000000000268    0.0000000000000251    0.0000000000000244    0.0000000000000288    0.0000000000000248
1349.0    0.0000000000000276    0.0000000000000259    0.0000000000000252    0.0000000000000298    0.0000000000000256
1351.0    0.0000000000000285    0.0000000000000267    0.0000000000000260    0.0000000000000307    0.0000000000000264
1353.0    0.0000000000000295    0.0000000000000276    0.0000000000000269    0.0000000000000317    0.0000000000000273
1355.0    0.0000000000000304    0.0000000000000286    0.0000000000000278    0.0000000000000327    0.0000000000000282
1357.0    0.0000000000000314    0.0000000000000295    0.0000000000000287    0.0000000000000338    0.0000000000000292
1359.0    0.0000000000000324    0.0000000000000304    0.0000000000000296    0.0000000000000348    0.0000000000000301
1361.0    0.0000000000000335    0.0000000000000314    0.0000000000000306    0.0000000000000360    0.0000000000000311
1363.0    0.0000000000000345    0.0000000000000325    0.0000000000000316    0.0000000000000371    0.0000000000000321
1365.0    0.0000000000000356    0.0000000000000336    0.0000000000000326    0.0000000000000383    0.0000000000000332
1367.0    0.0000000000000368    0.0000000000000346    0.0000000000000336    0.0000000000000395    0.0000000000000343
1369.0    0.0000000000000380    0.0000000000000357    0.0000000000000347    0.0000000000000408    0.0000000000000353
1371.0    0.0000000000000392    0.0000000000000369    0.0000000000000359    0.0000000000000420    0.0000000000000364
1373.0    0.0000000000000404    0.0000000000000381    0.0000000000000370    0.0000000000000433    0.0000000000000376
1375.0    0.0000000000000416    0.0000000000000393    0.0000000000000381    0.0000000000000447    0.0000000000000389
1377.0    0.0000000000000429    0.0000000000000406    0.0000000000000393    0.0000000000000460    0.0000000000000401
1379.0    0.0000000000000443    0.0000000000000418    0.0000000000000406    0.0000000000000474    0.0000000000000414
1381.0    0.0000000000000456    0.0000000000000432    0.0000000000000418    0.0000000000000489    0.0000000000000427
1383.0    0.0000000000000470    0.0000000000000445    0.0000000000000431    0.0000000000000503    0.0000000000000440
1385.0    0.0000000000000484    0.0000000000000460    0.0000000000000445    0.0000000000000519    0.0000000000000454
1387.0    0.0000000000000499    0.0000000000000474    0.0000000000000459    0.0000000000000534    0.0000000000000468
1389.0    0.0000000000000514    0.0000000000000488    0.0000000000000472    0.0000000000000550    0.0000000000000483
1391.0    0.0000000000000530    0.0000000000000503    0.0000000000000487    0.0000000000000566    0.0000000000000497
1393.0    0.0000000000000546    0.0000000000000519    0.0000000000000502    0.0000000000000583    0.0000000000000512
1395.0    0.0000000000000562    0.0000000000000535    0.0000000000000517    0.0000000000000599    0.0000000000000528
1397.0    0.0000000000000578    0.0000000000000550    0.0000000000000532    0.0000000000000616    0.0000000000000544
1399.0    0.0000000000000595    0.0000000000000566    0.0000000000000548    0.0000000000000634    0.0000000000000560
1401.0    0.0000000000000612    0.0000000000000584    0.0000000000000564    0.0000000000000652    0.0000000000000577
1403.0    0.0000000000000629    0.0000000000000601    0.0000000000000581    0.0000000000000670    0.0000000000000593
1405.0    0.0000000000000647    0.0000000000000618    0.0000000000000597    0.0000000000000689    0.0000000000000611
1407.0    0.0000000000000665    0.0000000000000636    0.0000000000000614    0.0000000000000708    0.0000000000000629
1409.0    0.0000000000000684    0.0000000000000655    0.0000000000000632    0.0000000000000727    0.0000000000000647
1411.0    0.0000000000000703    0.0000000000000674    0.0000000000000650    0.0000000000000747    0.0000000000000666
1413.0    0.0000000000000722    0.0000000000000693    0.0000000000000668    0.0000000000000767    0.0000000000000685
1415.0    0.0000000000000742    0.0000000000000712    0.0000000000000687    0.0000000000000787    0.0000000000000703
1417.0    0.0000000000000762    0.0000000000000731    0.0000000000000706    0.0000000000000808    0.0000000000000723
1419.0    0.0000000000000783    0.0000000000000752    0.0000000000000726    0.0000000000000829    0.0000000000000744
1421.0    0.0000000000000803    0.0000000000000773    0.0000000000000745    0.0000000000000850    0.0000000000000764
1423.0    0.0000000000000824    0.0000000000000794    0.0000000000000765    0.0000000000000872    0.0000000000000785
1425.0    0.0000000000000846    0.0000000000000815    0.0000000000000786    0.0000000000000895    0.0000000000000805
1427.0    0.0000000000000867    0.0000000000000836    0.0000000000000807    0.0000000000000916    0.0000000000000827
1429.0    0.0000000000000890    0.0000000000000858    0.0000000000000827    0.0000000000000939    0.0000000000000849
1431.0    0.0000000000000911    0.0000000000000881    0.0000000000000848    0.0000000000000963    0.0000000000000872
1433.0    0.0000000000000934    0.0000000000000904    0.0000000000000871    0.0000000000000986    0.0000000000000894
1435.0    0.0000000000000957    0.0000000000000927    0.0000000000000893    0.0000000000001010    0.0000000000000916
1437.0    0.0000000000000981    0.0000000000000950    0.0000000000000915    0.0000000000001034    0.0000000000000939
1439.0    0.0000000000001005    0.0000000000000974    0.0000000000000938    0.0000000000001057    0.0000000000000963
1441.0    0.0000000000001028    0.0000000000000998    0.0000000000000961    0.0000000000001082    0.0000000000000987
1443.0    0.0000000000001052    0.0000000000001023    0.0000000000000985    0.0000000000001108    0.0000000000001012
1445.0    0.0000000000001077    0.0000000000001047    0.0000000000001008    0.0000000000001132    0.0000000000001036
1447.0    0.0000000000001102    0.0000000000001071    0.0000000000001032    0.0000000000001157    0.0000000000001060
1449.0    0.0000000000001127    0.0000000000001097    0.0000000000001056    0.0000000000001183    0.0000000000001085
1451.0    0.0000000000001153    0.0000000000001122    0.0000000000001082    0.0000000000001209    0.0000000000001111
1453.0    0.0000000000001178    0.0000000000001149    0.0000000000001106    0.0000000000001234    0.0000000000001137
1455.0    0.0000000000001203    0.0000000000001174    0.0000000000001130    0.0000000000001261    0.0000000000001162
1457.0    0.0000000000001230    0.0000000000001200    0.0000000000001156    0.0000000000001288    0.0000000000001187
1459.0    0.0000000000001256    0.0000000000001227    0.0000000000001183    0.0000000000001314    0.0000000000001214
1461.0    0.0000000000001283    0.0000000000001254    0.0000000000001208    0.0000000000001342    0.0000000000001241
1463.0    0.0000000000001310    0.0000000000001281    0.0000000000001234    0.0000000000001369    0.0000000000001268
1465.0    0.0000000000001336    0.0000000000001308    0.0000000000001260    0.0000000000001396    0.0000000000001295
1467.0    0.0000000000001364    0.0000000000001335    0.0000000000001288    0.0000000000001424    0.0000000000001321
1469.0    0.0000000000001391    0.0000000000001363    0.0000000000001314    0.0000000000001452    0.0000000000001349
1471.0    0.0000000000001419    0.0000000000001391    0.0000000000001340    0.0000000000001480    0.0000000000001377
1473.0    0.0000000000001447    0.0000000000001419    0.0000000000001368    0.0000000000001508    0.0000000000001405
1475.0    0.0000000000001475    0.0000000000001447    0.0000000000001396    0.0000000000001537    0.0000000000001434
1477.0    0.0000000000001504    0.0000000000001475    0.0000000000001423    0.0000000000001565    0.0000000000001461
1479.0    0.0000000000001531    0.0000000000001504    0.0000000000001451    0.0000000000001594    0.0000000000001489
1481.0    0.0000000000001560    0.0000000000001533    0.0000000000001479    0.0000000000001624    0.0000000000001518
1483.0    0.0000000000001589    0.0000000000001562    0.0000000000001508    0.0000000000001652    0.0000000000001547
1485.0    0.0000000000001618    0.0000000000001590    0.0000000000001536    0.0000000000001682    0.0000000000001576
