9.0    0.0000000000000000    0.0000000000000000    0.0000000000000000    0.0000000000000000    0.0000000000000000
11.0    0.0000000000000000    0.0000000000000000    0.0000000000000000    0.0000000000000000    0.0000000000000000
13.0    0.0000000000000000    0.0000000000000000    0.0000000000000000    0.0000000000000000    0.0000000000000000
15.0    0.0000000000000000    0.0000000000000000    0.0000000000000000    0.0000000000000000    0.0000000000000000
17.0    0.0000000000000000    0.0000000000000000    0.0000000000000000    0.0000000000000000    0.0000000000000000
19.0    0.0000000000000000    0.0000000000000000    0.0000000000000000    0.0000000000000000    0.0000000000000000
21.0    0.0000000000000000    0.0000000000000000    0.0000000000000000    0.0000000000000000    0.0000000000000000
23.0    0.0000000000000000    0.0000000000000000    0.0000000000000000    0.0000000000000000    0.0000000000000000
25.0    0.0000000000000000    0.0000000000000000    0.0000000000000000    0.0000000000000000    0.0000000000000000
27.0    0.0000000000000000    0.0000000000000000    0.0000000000000000    0.0000000000000000    0.0000000000000000
29.0    0.0000000000000000    0.0000000000000000    0.0000000000000000    0.0000000000000000    0.0000000000000000
31.0    0.0000000000000000    0.0000000000000000    0.0000000000000000    0.0000000000000000    0.0000000000000000
33.0    0.0000000000000000    0.0000000000000000    0.0000000000000000    0.0000000000000000    0.0000000000000000
35.0    0.0000000000000000    0.0000000000000000    0.0000000000000000    0.0000000000000000    0.0000000000000000
37.0    0.0000000000000000    0.0000000000000000    0.0000000000000000    0.0000000000000000    0.0000000000000000
39.0    0.0000000000000000    0.0000000000000000    0.0000000000000000    0.0000000000000000    0.0000000000000000
41.0    0.0000000000000000    0.0000000000000000    0.0000000000000000    0.0000000000000000    0.0000000000000000
43.0    0.0000000000000000    0.0000000000000000    0.0000000000000000    0.0000000000000000    0.0000000000000000
45.0    0.0000000000000000    0.0000000000000000    0.0000000000000000    0.0000000000000000    0.0000000000000000
47.0    0.0000000000000000    0.0000000000000000    0.0000000000000000    0.0000000000000000    0.0000000000000000
49.0    0.0000000000000000    0.0000000000000000    0.0000000000000000    0.0000000000000000    0.0000000000000000
51.0    0.0000000000000000    0.0000000000000000    0.0000000000000000    0.0000000000000000    0.0000000000000000
53.0    0.0000000000000000    0.0000000000000000    0.0000000000000000    0.0000000000000000    0.0000000000000000
55.0    0.0000000000000000    0.0000000000000000    0.0000000000000000    0.0000000000000000    0.0000000000000000
57.0    0.0000000000000000    0.0000000000000000    0.0000000000000000    0.0000000000000000    0.0000000000000000
59.0    0.0000000000000000    0.0000000000000000    0.0000000000000000    0.0000000000000000    0.0000000000000000
61.0    0.0000000000000000    0.0000000000000000    0.0000000000000000    0.0000000000000000    0.0000000000000000
63.0    0.0000000000000000    0.0000000000000000    0.0000000000000000    0.0000000000000000    0.0000000000000000
65.0    0.0000000000000000    0.0000000000000000    0.0000000000000000    0.0000000000000000    0.0000000000000000
67.0    0.0000000000000000    0.0000000000000000    0.0000000000000000    0.0000000000000000    0.0000000000000000
69.0    0.0000000000000000    0.0000000000000000    0.0000000000000000    0.0000000000000000    0.0000000000000000
71.0    0.0000000000000000    0.0000000000000000    0.0000000000000000    0.0000000000000000    0.0000000000000000
73.0    0.0000000000000000    0.0000000000000000    0.0000000000000000    0.0000000000000000    0.0000000000000000
75.0    0.0000000000000000    0.0000000000000000    0.0000000000000000    0.0000000000000000    0.0000000000000000
77.0    0.0000000000000000    0.0000000000000000    0.0000000000000000    0.0000000000000000    0.0000000000000000
79.0    0.0000000000000000    0.0000000000000000    0.0000000000000000    0.0000000000000000    0.0000000000000000
81.0    0.0000000000000000    0.0000000000000000    0.0000000000000000    0.0000000000000000    0.0000000000000000
83.0    0.0000000000000000    0.0000000000000000    0.0000000000000000    0.0000000000000000    0.0000000000000000
85.0    0.0000000000000000    0.0000000000000000    0.0000000000000000    0.0000000000000000    0.0000000000000000
87.0    0.0000000000000000    0.0000000000000000    0.0000000000000000    0.0000000000000000    0.0000000000000000
89.0    0.0000000000000000    0.0000000000000000    0.0000000000000000    0.0000000000000000    0.0000000000000000
91.0    0.0000000000000000    0.0000000000000000    0.0000000000000000    0.0000000000000000    0.0000000000000000
93.0    0.0000000000000000    0.0000000000000000    0.0000000000000000    0.0000000000000000    0.0000000000000001
95.0    0.0000000000000001    0.0000000000000001    0.0000000000000001    0.0000000000000001    0.0000000000000001
97.0    0.0000000000000001    0.0000000000000001    0.0000000000000001    0.0000000000000001    0.0000000000000001
99.0    0.0000000000000001    0.0000000000000001    0.0000000000000001    0.0000000000000001    0.0000000000000001
101.0    0.0000000000000001    0.0000000000000001    0.0000000000000001    0.0000000000000001    0.0000000000000001
103.0    0.0000000000000001    0.0000000000000001    0.0000000000000001    0.0000000000000001    0.0000000000000001
105.0    0.0000000000000001    0.0000000000000001    0.0000000000000001    0.0000000000000001    0.0000000000000001
107.0    0.0000000000000001    0.0000000000000001    0.0000000000000001    0.0000000000000001    0.0000000000000001
109.0    0.0000000000000002    0.0000000000000002    0.0000000000000002    0.0000000000000002    0.0000000000000002
111.0    0.0000000000000002    0.0000000000000002    0.0000000000000002    0.0000000000000002    0.0000000000000002
113.0    0.0000000000000002    0.0000000000000002    0.0000000000000002    0.0000000000000002    0.0000000000000002
115.0    0.0000000000000002    0.0000000000000002    0.0000000000000002    0.0000000000000002    0.0000000000000002
117.0    0.0000000000000003    0.0000000000000003    0.0000000000000003    0.0000000000000003    0.0000000000000003
119.0    0.0000000000000003    0.0000000000000003    0.0000000000000003    0.0000000000000003    0.0000000000000003
121.0    0.0000000000000003    0.0000000000000003    0.0000000000000003    0.0000000000000003    0.0000000000000003
123.0    0.0000000000000003    0.0000000000000003    0.0000000000000003    0.0000000000000003    0.0000000000000003
125.0    0.0000000000000004    0.0000000000000004    0.0000000000000004    0.0000000000000004    0.0000000000000004
127.0    0.0000000000000004    0.0000000000000004    0.0000000000000004    0.0000000000000004    0.0000000000000004
129.0    0.0000000000000004    0.0000000000000004    0.0000000000000004    0.0000000000000004    0.0000000000000004
131.0    0.0000000000000004    0.0000000000000004    0.0000000000000004    0.0000000000000004    0.0000000000000004
133.0    0.0000000000000004    0.0000000000000004    0.0000000000000004    0.0000000000000004    0.0000000000000004
135.0    0.0000000000000004    0.0000000000000004    0.0000000000000004    0.0000000000000004    0.0000000000000004
137.0    0.0000000000000005    0.0000000000000005    0.0000000000000005    0.0000000000000005    0.0000000000000005
139.0    0.0000000000000005    0.0000000000000005    0.0000000000000005    0.0000000000000005    0.0000000000000005
141.0    0.0000000000000005    0.0000000000000005    0.0000000000000005    0.0000000000000005    0.0000000000000005
143.0    0.0000000000000005    0.0000000000000005    0.0000000000000005    0.0000000000000005    0.0000000000000005
145.0    0.0000000000000005    0.0000000000000005    0.0000000000000005    0.0000000000000005    0.0000000000000005
147.0    0.0000000000000006    0.0000000000000006    0.0000000000000006    0.0000000000000006    0.0000000000000006
149.0    0.0000000000000006    0.0000000000000006    0.0000000000000006    0.0000000000000006    0.0000000000000006
151.0    0.0000000000000006    0.0000000000000006    0.0000000000000006    0.0000000000000006    0.0000000000000006
153.0    0.0000000000000006    0.0000000000000006    0.0000000000000006    0.0000000000000006    0.0000000000000006
155.0    0.0000000000000007    0.0000000000000007    0.0000000000000007    0.0000000000000007    0.0000000000000007
157.0    0.0000000000000007    0.0000000000000007    0.0000000000000007    0.0000000000000007    0.0000000000000007
159.0    0.0000000000000007    0.0000000000000007    0.0000000000000007    0.0000000000000007    0.0000000000000007
161.0    0.0000000000000007    0.0000000000000007    0.0000000000000007    0.0000000000000007    0.0000000000000007
163.0    0.0000000000000007    0.0000000000000007    0.0000000000000007    0.0000000000000008    0.0000000000000007
165.0    0.0000000000000008    0.0000000000000008    0.0000000000000008    0.0000000000000008    0.0000000000000008
167.0    0.0000000000000008    0.0000000000000008    0.0000000000000008    0.0000000000000008    0.0000000000000008
169.0    0.0000000000000008    0.0000000000000008    0.0000000000000008    0.0000000000000008    0.0000000000000008
171.0    0.0000000000000008    0.0000000000000008    0.0000000000000008    0.0000000000000008    0.0000000000000008
173.0    0.0000000000000009    0.0000000000000008    0.0000000000000009    0.0000000000000009    0.0000000000000009
175.0    0.0000000000000009    0.0000000000000009    0.0000000000000009    0.0000000000000009    0.0000000000000009
177.0    0.0000000000000009    0.0000000000000009    0.0000000000000009    0.0000000000000009    0.0000000000000009
179.0    0.0000000000000009    0.0000000000000009    0.0000000000000009    0.0000000000000010    0.0000000000000009
181.0    0.0000000000000010    0.0000000000000010    0.0000000000000010    0.0000000000000010    0.0000000000000010
183.0    0.0000000000000010    0.0000000000000010    0.0000000000000010    0.0000000000000010    0.0000000000000010
185.0    0.0000000000000011    0.0000000000000010    0.0000000000000010    0.0000000000000011    0.0000000000000011
187.0    0.0000000000000011    0.0000000000000011    0.0000000000000011    0.0000000000000011    0.0000000000000011
189.0    0.0000000000000011    0.0000000000000011    0.0000000000000011    0.0000000000000011    0.0000000000000011
191.0    0.0000000000000012    0.0000000000000012    0.0000000000000012    0.0000000000000012    0.0000000000000012
193.0    0.0000000000000012    0.0000000000000012    0.0000000000000012    0.0000000000000012    0.0000000000000012
195.0    0.0000000000000013    0.0000000000000012    0.0000000000000012    0.0000000000000013    0.0000000000000013
197.0    0.0000000000000013    0.0000000000000013    0.0000000000000013    0.0000000000000013    0.0000000000000013
199.0    0.0000000000000014    0.0000000000000013    0.0000000000000013    0.0000000000000014    0.0000000000000014
201.0    0.0000000000000014    0.0000000000000014    0.0000000000000014    0.0000000000000014    0.0000000000000014
203.0    0.0000000000000015    0.0000000000000014    0.0000000000000015    0.0000000000000015    0.0000000000000015
205.0    0.0000000000000015    0.0000000000000015    0.0000000000000015    0.0000000000000015    0.0000000000000015
207.0    0.0000000000000016    0.0000000000000016    0.0000000000000016    0.0000000000000016    0.0000000000000016
209.0    0.0000000000000017    0.0000000000000016    0.0000000000000017    0.0000000000000017    0.0000000000000017
211.0    0.0000000000000018    0.0000000000000017    0.0000000000000018    0.0000000000000018    0.0000000000000018
213.0    0.0000000000000019    0.0000000000000018    0.0000000000000019    0.0000000000000019    0.0000000000000019
215.0    0.0000000000000020    0.0000000000000019    0.0000000000000020    0.0000000000000020    0.0000000000000020
217.0    0.0000000000000022    0.0000000000000020    0.0000000000000021    0.0000000000000022    0.0000000000000022
219.0    0.0000000000000023    0.0000000000000022    0.0000000000000023    0.0000000000000023    0.0000000000000023
221.0    0.0000000000000025    0.0000000000000023    0.0000000000000025    0.0000000000000025    0.0000000000000025
223.0    0.0000000000000027    0.0000000000000025    0.0000000000000027    0.0000000000000027    0.0000000000000027
225.0    0.0000000000000029    0.0000000000000027    0.0000000000000029    0.0000000000000030    0.0000000000000030
227.0    0.0000000000000032    0.0000000000000030    0.0000000000000032    0.0000000000000033    0.0000000000000033
229.0    0.0000000000000036    0.0000000000000032    0.0000000000000036    0.0000000000000036    0.0000000000000036
231.0    0.0000000000000039    0.0000000000000036    0.0000000000000039    0.0000000000000040    0.0000000000000040
233.0    0.0000000000000044    0.0000000000000040    0.0000000000000044    0.0000000000000045    0.0000000000000045
235.0    0.0000000000000049    0.0000000000000044    0.0000000000000049    0.0000000000000050    0.0000000000000050
237.0    0.0000000000000056    0.0000000000000050    0.0000000000000055    0.0000000000000056    0.0000000000000056
239.0    0.0000000000000063    0.0000000000000056    0.0000000000000062    0.0000000000000064    0.0000000000000063
241.0    0.0000000000000071    0.0000000000000064    0.0000000000000070    0.0000000000000073    0.0000000000000072
243.0    0.0000000000000081    0.0000000000000073    0.0000000000000080    0.0000000000000082    0.0000000000000082
245.0    0.0000000000000092    0.0000000000000083    0.0000000000000091    0.0000000000000094    0.0000000000000093
247.0    0.0000000000000105    0.0000000000000094    0.0000000000000103    0.0000000000000107    0.0000000000000105
249.0    0.0000000000000119    0.0000000000000107    0.0000000000000117    0.0000000000000121    0.0000000000000119
251.0    0.0000000000000135    0.0000000000000123    0.0000000000000133    0.0000000000000138    0.0000000000000136
253.0    0.0000000000000154    0.0000000000000140    0.0000000000000151    0.0000000000000157    0.0000000000000154
255.0    0.0000000000000173    0.0000000000000159    0.0000000000000170    0.0000000000000178    0.0000000000000175
257.0    0.0000000000000196    0.0000000000000180    0.0000000000000192    0.0000000000000202    0.0000000000000197
259.0    0.0000000000000222    0.0000000000000204    0.0000000000000217    0.0000000000000228    0.0000000000000222
261.0    0.0000000000000250    0.0000000000000231    0.0000000000000245    0.0000000000000257    0.0000000000000250
263.0    0.0000000000000282    0.0000000000000261    0.0000000000000275    0.0000000000000289    0.0000000000000281
265.0    0.0000000000000315    0.0000000000000293    0.0000000000000307    0.0000000000000325    0.0000000000000316
267.0    0.0000000000000353    0.0000000000000328    0.0000000000000344    0.0000000000000363    0.0000000000000352
269.0    0.0000000000000394    0.0000000000000368    0.0000000000000385    0.0000000000000406    0.0000000000000392
271.0    0.0000000000000440    0.0000000000000411    0.0000000000000428    0.0000000000000453    0.0000000000000437
273.0    0.0000000000000489    0.0000000000000459    0.0000000000000474    0.0000000000000502    0.0000000000000486
275.0    0.0000000000000543    0.0000000000000509    0.0000000000000527    0.0000000000000557    0.0000000000000540
277.0    0.0000000000000601    0.0000000000000563    0.0000000000000582    0.0000000000000618    0.0000000000000598
279.0    0.0000000000000661    0.0000000000000624    0.0000000000000641    0.0000000000000680    0.0000000000000658
281.0    0.0000000000000729    0.0000000000000690    0.0000000000000707    0.0000000000000747    0.0000000000000723
283.0    0.0000000000000802    0.0000000000000761    0.0000000000000779    0.0000000000000823    0.0000000000000796
285.0    0.0000000000000880    0.0000000000000835    0.0000000000000853    0.0000000000000904    0.0000000000000874
287.0    0.0000000000000964    0.0000000000000914    0.0000000000000932    0.0000000000000987    0.0000000000000958
289.0    0.0000000000001050    0.0000000000001002    0.0000000000001020    0.0000000000001080    0.0000000000001044
291.0    0.0000000000001146    0.0000000000001097    0.0000000000001114    0.0000000000001179    0.0000000000001135
293.0    0.0000000000001248    0.0000000000001197    0.0000000000001210    0.0000000000001279    0.0000000000001236
295.0    0.0000000000001356    0.0000000000001300    0.0000000000001311    0.0000000000001391    0.0000000000001344
297.0    0.0000000000001470    0.0000000000001409    0.0000000000001424    0.0000000000001509    0.0000000000001458
299.0    0.0000000000001586    0.0000000000001528    0.0000000000001544    0.0000000000001629    0.0000000000001574
301.0    0.0000000000001714    0.0000000000001654    0.0000000000001664    0.0000000000001761    0.0000000000001696
303.0    0.0000000000001849    0.0000000000001788    0.0000000000001792    0.0000000000001900    0.0000000000001831
305.0    0.0000000000001991    0.0000000000001922    0.0000000000001932    0.0000000000002040    0.0000000000001972
307.0    0.0000000000002140    0.0000000000002063    0.0000000000002080    0.0000000000002194    0.0000000000002121
309.0    0.0000000000002297    0.0000000000002218    0.0000000000002229    0.0000000000002356    0.0000000000002279
311.0    0.0000000000002463    0.0000000000002379    0.0000000000002385    0.0000000000002518    0.0000000000002437
313.0    0.0000000000002629    0.0000000000002549    0.0000000000002557    0.0000000000002697    0.0000000000002603
315.0    0.0000000000002812    0.0000000000002721    0.0000000000002738    0.0000000000002885    0.0000000000002785
317.0    0.0000000000003004    0.0000000000002901    0.0000000000002920    0.0000000000003075    0.0000000000002977
319.0    0.0000000000003206    0.0000000000003098    0.0000000000003112    0.0000000000003283    0.0000000000003179
321.0    0.0000000000003419    0.0000000000003305    0.0000000000003323    0.0000000000003503    0.0000000000003383
323.0    0.0000000000003634    0.0000000000003524    0.0000000000003545    0.0000000000003724    0.0000000000003598
325.0    0.0000000000003871    0.0000000000003745    0.0000000000003769    0.0000000000003968    0.0000000000003834
327.0    0.0000000000004120    0.0000000000003978    0.0000000000004006    0.0000000000004226    0.0000000000004084
329.0    0.0000000000004384    0.0000000000004234    0.0000000000004266    0.0000000000004487    0.0000000000004347
331.0    0.0000000000004663    0.0000000000004505    0.0000000000004541    0.0000000000004762    0.0000000000004614
333.0    0.0000000000004958    0.0000000000004792    0.0000000000004820    0.0000000000005066    0.0000000000004895
335.0    0.0000000000005269    0.0000000000005083    0.0000000000005114    0.0000000000005388    0.0000000000005205
337.0    0.0000000000005585    0.0000000000005391    0.0000000000005439    0.0000000000005713    0.0000000000005533
339.0    0.0000000000005934    0.0000000000005729    0.0000000000005782    0.0000000000006073    0.0000000000005881
341.0    0.0000000000006302    0.0000000000006088    0.0000000000006130    0.0000000000006455    0.0000000000006249
343.0    0.0000000000006692    0.0000000000006467    0.0000000000006498    0.0000000000006840    0.0000000000006621
345.0    0.0000000000007105    0.0000000000006853    0.0000000000006904    0.0000000000007267    0.0000000000007015
347.0    0.0000000000007524    0.0000000000007261    0.0000000000007334    0.0000000000007719    0.0000000000007449
349.0    0.0000000000007986    0.0000000000007710    0.0000000000007770    0.0000000000008177    0.0000000000007909
351.0    0.0000000000008474    0.0000000000008185    0.0000000000008230    0.0000000000008682    0.0000000000008396
353.0    0.0000000000008991    0.0000000000008668    0.0000000000008738    0.0000000000009218    0.0000000000008889
355.0    0.0000000000009538    0.0000000000009179    0.0000000000009276    0.0000000000009760    0.0000000000009410
357.0    0.0000000000010093    0.0000000000009740    0.0000000000009821    0.0000000000010359    0.0000000000009985
359.0    0.0000000000010704    0.0000000000010334    0.0000000000010397    0.0000000000010993    0.0000000000010593
361.0    0.0000000000011350    0.0000000000010963    0.0000000000011032    0.0000000000011634    0.0000000000011237
363.0    0.0000000000012033    0.0000000000011601    0.0000000000011705    0.0000000000012343    0.0000000000011888
365.0    0.0000000000012756    0.0000000000012276    0.0000000000012386    0.0000000000013093    0.0000000000012577
367.0    0.0000000000013521    0.0000000000013017    0.0000000000013106    0.0000000000013851    0.0000000000013335
369.0    0.0000000000014330    0.0000000000013800    0.0000000000013900    0.0000000000014690    0.0000000000014138
371.0    0.0000000000015151    0.0000000000014629    0.0000000000014740    0.0000000000015577    0.0000000000014988
373.0    0.0000000000016055    0.0000000000015470    0.0000000000015592    0.0000000000016475    0.0000000000015887
375.0    0.0000000000017011    0.0000000000016359    0.0000000000016492    0.0000000000017424    0.0000000000016797
377.0    0.0000000000018024    0.0000000000017334    0.0000000000017486    0.0000000000018474    0.0000000000017760
379.0    0.0000000000019096    0.0000000000018366    0.0000000000018540    0.0000000000019586    0.0000000000018823
381.0    0.0000000000020186    0.0000000000019458    0.0000000000019609    0.0000000000020713    0.0000000000019949
383.0    0.0000000000021390    0.0000000000020568    0.0000000000020742    0.0000000000021964    0.0000000000021144
385.0    0.0000000000022666    0.0000000000021741    0.0000000000021997    0.0000000000023291    0.0000000000022358
387.0    0.0000000000024024    0.0000000000023033    0.0000000000023331    0.0000000000024641    0.0000000000023646
389.0    0.0000000000025468    0.0000000000024404    0.0000000000024690    0.0000000000026143    0.0000000000025074
391.0    0.0000000000027008    0.0000000000025860    0.0000000000026136    0.0000000000027745    0.0000000000026595
393.0    0.0000000000028650    0.0000000000027346    0.0000000000027744    0.0000000000029379    0.0000000000028218
395.0    0.0000000000030334    0.0000000000028927    0.0000000000029464    0.0000000000031207    0.0000000000029878
397.0    0.0000000000032210    0.0000000000030678    0.0000000000031226    0.0000000000033165    0.0000000000031651
399.0    0.0000000000034221    0.0000000000032550    0.0000000000033113    0.0000000000035176    0.0000000000033633
401.0    0.0000000000036384    0.0000000000034556    0.0000000000035226    0.0000000000037436    0.0000000000035762
403.0    0.0000000000038712    0.0000000000036622    0.0000000000037503    0.0000000000039872    0.0000000000038056
405.0    0.0000000000041121    0.0000000000038841    0.0000000000039851    0.0000000000042388    0.0000000000040531
407.0    0.0000000000043831    0.0000000000041326    0.0000000000042385    0.0000000000045233    0.0000000000043089
409.0    0.0000000000046762    0.0000000000044012    0.0000000000045242    0.0000000000048316    0.0000000000045854
411.0    0.0000000000049946    0.0000000000046922    0.0000000000048341    0.0000000000051517    0.0000000000048978
413.0    0.0000000000053400    0.0000000000049955    0.0000000000051560    0.0000000000055154    0.0000000000052372
415.0    0.0000000000057003    0.0000000000053248    0.0000000000055051    0.0000000000059111    0.0000000000056065
417.0    0.0000000000061084    0.0000000000056974    0.0000000000059008    0.0000000000063233    0.0000000000059910
419.0    0.0000000000065525    0.0000000000061042    0.0000000000063319    0.0000000000067929    0.0000000000064092
421.0    0.0000000000070370    0.0000000000065488    0.0000000000067809    0.0000000000073047    0.0000000000068838
423.0    0.0000000000075644    0.0000000000070154    0.0000000000072692    0.0000000000078382    0.0000000000074015
425.0    0.0000000000081397    0.0000000000075250    0.0000000000078230    0.0000000000084178    0.0000000000079661
427.0    0.0000000000087654    0.0000000000081037    0.0000000000084262    0.0000000000090775    0.0000000000085813
429.0    0.0000000000094180    0.0000000000087369    0.0000000000090538    0.0000000000097948    0.0000000000092218
431.0    0.0000000000101559    0.0000000000094293    0.0000000000097344    0.0000000000105398    0.0000000000099169
433.0    0.0000000000109554    0.0000000000101546    0.0000000000105035    0.0000000000113842    0.0000000000107028
435.0    0.0000000000118221    0.0000000000109438    0.0000000000113370    0.0000000000122976    0.0000000000115549
437.0    0.0000000000127577    0.0000000000118352    0.0000000000121990    0.0000000000132408    0.0000000000124768
439.0    0.0000000000137249    0.0000000000128032    0.0000000000131274    0.0000000000143027    0.0000000000134286
441.0    0.0000000000148074    0.0000000000138518    0.0000000000141682    0.0000000000154431    0.0000000000144513
443.0    0.0000000000159671    0.0000000000149388    0.0000000000152858    0.0000000000166112    0.0000000000155951
445.0    0.0000000000172082    0.0000000000161072    0.0000000000164306    0.0000000000179150    0.0000000000168200
447.0    0.0000000000185301    0.0000000000174092    0.0000000000176507    0.0000000000193026    0.0000000000181276
449.0    0.0000000000198773    0.0000000000188021    0.0000000000190035    0.0000000000207103    0.0000000000194585
451.0    0.0000000000213623    0.0000000000202867    0.0000000000204388    0.0000000000222660    0.0000000000208678
453.0    0.0000000000229282    0.0000000000218001    0.0000000000218910    0.0000000000239045    0.0000000000224197
455.0    0.0000000000245761    0.0000000000233985    0.0000000000234192    0.0000000000255492    0.0000000000240540
457.0    0.0000000000263015    0.0000000000251473    0.0000000000250917    0.0000000000273471    0.0000000000257689
459.0    0.0000000000281036    0.0000000000269822    0.0000000000268417    0.0000000000292197    0.0000000000275616
461.0    0.0000000000299768    0.0000000000288991    0.0000000000285883    0.0000000000310786    0.0000000000293487
463.0    0.0000000000318389    0.0000000000308147    0.0000000000304009    0.0000000000330875    0.0000000000312010
465.0    0.0000000000338403    0.0000000000327974    0.0000000000323566    0.0000000000351563    0.0000000000331971
467.0    0.0000000000358975    0.0000000000349229    0.0000000000343734    0.0000000000371864    0.0000000000352525
469.0    0.0000000000380057    0.0000000000371062    0.0000000000363576    0.0000000000392599    0.0000000000373608
471.0    0.0000000000401566    0.0000000000392524    0.0000000000383874    0.0000000000414672    0.0000000000394244
473.0    0.0000000000422558    0.0000000000414375    0.0000000000405465    0.0000000000437066    0.0000000000415242
475.0    0.0000000000444708    0.0000000000437420    0.0000000000427407    0.0000000000458717    0.0000000000437460
477.0    0.0000000000467066    0.0000000000460703    0.0000000000448693    0.0000000000481514    0.0000000000459917
479.0    0.0000000000489560    0.0000000000484130    0.0000000000470167    0.0000000000504395    0.0000000000482532
481.0    0.0000000000512109    0.0000000000506709    0.0000000000492698    0.0000000000526287    0.0000000000504281
483.0    0.0000000000534639    0.0000000000529256    0.0000000000515281    0.0000000000549104    0.0000000000526034
485.0    0.0000000000557079    0.0000000000552592    0.0000000000536905    0.0000000000571782    0.0000000000548667
487.0    0.0000000000578472    0.0000000000575731    0.0000000000558444    0.0000000000593275    0.0000000000571163
489.0    0.0000000000600538    0.0000000000598599    0.0000000000580768    0.0000000000615478    0.0000000000593454
491.0    0.0000000000622329    0.0000000000620272    0.0000000000602873    0.0000000000637358    0.0000000000615480
493.0    0.0000000000643785    0.0000000000641574    0.0000000000623802    0.0000000000657932    0.0000000000636291
495.0    0.0000000000664872    0.0000000000663295    0.0000000000644429    0.0000000000679029    0.0000000000656760
497.0    0.0000000000684723    0.0000000000684530    0.0000000000665594    0.0000000000699681    0.0000000000677724
499.0    0.0000000000704964    0.0000000000705245    0.0000000000686353    0.0000000000718983    0.0000000000698247
501.0    0.0000000000724743    0.0000000000724654    0.0000000000705839    0.0000000000738671    0.0000000000718303
503.0    0.0000000000744031    0.0000000000743541    0.0000000000724896    0.0000000000757855    0.0000000000737070
505.0    0.0000000000762829    0.0000000000762632    0.0000000000744315    0.0000000000775717    0.0000000000755371
507.0    0.0000000000780400    0.0000000000781158    0.0000000000763244    0.0000000000793880    0.0000000000773976
509.0    0.0000000000798211    0.0000000000799126    0.0000000000780922    0.0000000000811538    0.0000000000792074
511.0    0.0000000000815534    0.0000000000815891    0.0000000000798138    0.0000000000827953    0.0000000000809669
513.0    0.0000000000832366    0.0000000000832161    0.0000000000815623    0.0000000000843921    0.0000000000826071
515.0    0.0000000000848735    0.0000000000848587    0.0000000000832626    0.0000000000860149    0.0000000000842025
517.0    0.0000000000864644    0.0000000000864529    0.0000000000848481    0.0000000000875929    0.0000000000858221
519.0    0.0000000000880124    0.0000000000880014    0.0000000000863912    0.0000000000890616    0.0000000000873969
521.0    0.0000000000894591    0.0000000000894501    0.0000000000879588    0.0000000000905566    0.0000000000889291
523.0    0.0000000000909274    0.0000000000908610    0.0000000000894844    0.0000000000920133    0.0000000000904209
525.0    0.0000000000923589    0.0000000000922918    0.0000000000909092    0.0000000000933723    0.0000000000918147
527.0    0.0000000000937549    0.0000000000936876    0.0000000000922987    0.0000000000947591    0.0000000000931748
529.0    0.0000000000951182    0.0000000000950509    0.0000000000937137    0.0000000000961141    0.0000000000945609
531.0    0.0000000000963975    0.0000000000963335    0.0000000000950948    0.0000000000973816    0.0000000000959148
533.0    0.0000000000977013    0.0000000000975897    0.0000000000963885    0.0000000000986784    0.0000000000972385
535.0    0.0000000000989776    0.0000000000988705    0.0000000000976540    0.0000000000999487    0.0000000000984805
537.0    0.0000000001002276    0.0000000001001266    0.0000000000989467    0.0000000001011393    0.0000000000996974
539.0    0.0000000001014528    0.0000000001013592    0.0000000001002124    0.0000000001023600    0.0000000001009423
541.0    0.0000000001026539    0.0000000001025234    0.0000000001014009    0.0000000001035575    0.0000000001021626
543.0    0.0000000001038326    0.0000000001036676    0.0000000001025666    0.0000000001046818    0.0000000001033597
545.0    0.0000000001049430    0.0000000001048372    0.0000000001037597    0.0000000001058352    0.0000000001044855
547.0    0.0000000001060788    0.0000000001059864    0.0000000001048819    0.0000000001069675    0.0000000001055912
549.0    0.0000000001071937    0.0000000001071154    0.0000000001059828    0.0000000001080306    0.0000000001067238
551.0    0.0000000001082874    0.0000000001081823    0.0000000001071106    0.0000000001091213    0.0000000001078352
553.0    0.0000000001093608    0.0000000001092304    0.0000000001082168    0.0000000001101914    0.0000000001089260
555.0    0.0000000001103720    0.0000000001103012    0.0000000001092570    0.0000000001111953    0.0000000001099958
557.0    0.0000000001114048    0.0000000001113515    0.0000000001102778    0.0000000001122242    0.0000000001110017
559.0    0.0000000001124175    0.0000000001123816    0.0000000001113222    0.0000000001132322    0.0000000001119879
561.0    0.0000000001134093    0.0000000001133525    0.0000000001123455    0.0000000001141764    0.0000000001129969
563.0    0.0000000001143808    0.0000000001143037    0.0000000001133063    0.0000000001151012    0.0000000001139849
565.0    0.0000000001152933    0.0000000001152722    0.0000000001142474    0.0000000001160464    0.0000000001149515
567.0    0.0000000001162231    0.0000000001162191    0.0000000001152085    0.0000000001169703    0.0000000001158579
569.0    0.0000000001171316    0.0000000001171440    0.0000000001161481    0.0000000001178335    0.0000000001167442
571.0    0.0000000001180185    0.0000000001180126    0.0000000001170280    0.0000000001187137    0.0000000001176476
573.0    0.0000000001188841    0.0000000001188604    0.0000000001178878    0.0000000001195725    0.0000000001185292
575.0    0.0000000001197277    0.0000000001197200    0.0000000001187634    0.0000000001203725    0.0000000001193887
577.0    0.0000000001205498    0.0000000001205568    0.0000000001196169    0.0000000001211870    0.0000000001201918
579.0    0.0000000001213178    0.0000000001213708    0.0000000001204144    0.0000000001219794    0.0000000001209741
581.0    0.0000000001220968    0.0000000001221322    0.0000000001211909    0.0000000001227162    0.0000000001217685
583.0    0.0000000001228540    0.0000000001228722    0.0000000001219797    0.0000000001234642    0.0000000001225411
585.0    0.0000000001235892    0.0000000001236195    0.0000000001227461    0.0000000001241907    0.0000000001232908
587.0    0.0000000001243029    0.0000000001243442    0.0000000001234602    0.0000000001248647    0.0000000001240189
589.0    0.0000000001249678    0.0000000001250198    0.0000000001241533    0.0000000001255477    0.0000000001246962
591.0    0.0000000001256392    0.0000000001256748    0.0000000001248556    0.0000000001262093    0.0000000001253529
593.0    0.0000000001262898    0.0000000001263344    0.0000000001255363    0.0000000001268222    0.0000000001260174
595.0    0.0000000001269195    0.0000000001269724    0.0000000001261685    0.0000000001274419    0.0000000001266605
597.0    0.0000000001275291    0.0000000001275888    0.0000000001267813    0.0000000001280415    0.0000000001272827
599.0    0.0000000001280950    0.0000000001281622    0.0000000001274002    0.0000000001285958    0.0000000001278597
601.0    0.0000000001286652    0.0000000001287163    0.0000000001279986    0.0000000001291556    0.0000000001284177
603.0    0.0000000001292161    0.0000000001292729    0.0000000001285531    0.0000000001296963    0.0000000001289808
605.0    0.0000000001297478    0.0000000001298097    0.0000000001290893    0.0000000001301956    0.0000000001295242
607.0    0.0000000001302611    0.0000000001303275    0.0000000001296301    0.0000000001306776    0.0000000001300487
609.0    0.0000000001307563    0.0000000001308080    0.0000000001301521    0.0000000001311640    0.0000000001305343
611.0    0.0000000001312340    0.0000000001312715    0.0000000001306348    0.0000000001316330    0.0000000001310026
613.0    0.0000000001316764    0.0000000001317361    0.0000000001311010    0.0000000001320650    0.0000000001314743
615.0    0.0000000001321207    0.0000000001321836    0.0000000001315701    0.0000000001325008    0.0000000001319288
617.0    0.0000000001325490    0.0000000001326145    0.0000000001320222    0.0000000001329204    0.0000000001323670
619.0    0.0000000001329616    0.0000000001330138    0.0000000001324401    0.0000000001333065    0.0000000001327885
621.0    0.0000000001333588    0.0000000001333985    0.0000000001328428    0.0000000001336958    0.0000000001331782
623.0    0.0000000001337263    0.0000000001337836    0.0000000001332478    0.0000000001340705    0.0000000001335535
625.0    0.0000000001340946    0.0000000001341545    0.0000000001336377    0.0000000001344151    0.0000000001339307
627.0    0.0000000001344495    0.0000000001345112    0.0000000001339974    0.0000000001347617    0.0000000001342937
629.0    0.0000000001347903    0.0000000001348412    0.0000000001343438    0.0000000001350950    0.0000000001346428
631.0    0.0000000001351185    0.0000000001351587    0.0000000001346918    0.0000000001354017    0.0000000001349647
633.0    0.0000000001354339    0.0000000001354766    0.0000000001350264    0.0000000001357096    0.0000000001352745
635.0    0.0000000001357368    0.0000000001357821    0.0000000001353348    0.0000000001360055    0.0000000001355854
637.0    0.0000000001360163    0.0000000001360755    0.0000000001356313    0.0000000001362775    0.0000000001358843
639.0    0.0000000001362962    0.0000000001363467    0.0000000001359288    0.0000000001365500    0.0000000001361711
641.0    0.0000000001365648    0.0000000001366073    0.0000000001362143    0.0000000001368115    0.0000000001364463
643.0    0.0000000001368222    0.0000000001368676    0.0000000001364768    0.0000000001370512    0.0000000001366996
645.0    0.0000000001370690    0.0000000001371172    0.0000000001367290    0.0000000001372914    0.0000000001369427
647.0    0.0000000001372961    0.0000000001373565    0.0000000001369813    0.0000000001375212    0.0000000001371858
649.0    0.0000000001375225    0.0000000001375767    0.0000000001372228    0.0000000001377312    0.0000000001374187
651.0    0.0000000001377390    0.0000000001377878    0.0000000001374445    0.0000000001379409    0.0000000001376413
653.0    0.0000000001379455    0.0000000001379976    0.0000000001376566    0.0000000001381408    0.0000000001378452
655.0    0.0000000001381425    0.0000000001381978    0.0000000001378679    0.0000000001383229    0.0000000001380399
657.0    0.0000000001383228    0.0000000001383888    0.0000000001380694    0.0000000001384965    0.0000000001382340
659.0    0.0000000001385014    0.0000000001385636    0.0000000001382535    0.0000000001386685    0.0000000001384183
661.0    0.0000000001386708    0.0000000001387298    0.0000000001384282    0.0000000001388314    0.0000000001385934
663.0    0.0000000001388310    0.0000000001388938    0.0000000001386018    0.0000000001389786    0.0000000001387525
665.0    0.0000000001389824    0.0000000001390488    0.0000000001387662    0.0000000001391234    0.0000000001389033
667.0    0.0000000001391248    0.0000000001391947    0.0000000001389150    0.0000000001392595    0.0000000001390517
669.0    0.0000000001392588    0.0000000001393269    0.0000000001390556    0.0000000001393814    0.0000000001391913
671.0    0.0000000001393792    0.0000000001394508    0.0000000001391932    0.0000000001395003    0.0000000001393221
673.0    0.0000000001394963    0.0000000001395712    0.0000000001393222    0.0000000001396105    0.0000000001394441
675.0    0.0000000001396048    0.0000000001396830    0.0000000001394376    0.0000000001397079    0.0000000001395528
677.0    0.0000000001397047    0.0000000001397861    0.0000000001395449    0.0000000001398012    0.0000000001396538
679.0    0.0000000001397965    0.0000000001398773    0.0000000001396483    0.0000000001398859    0.0000000001397508
681.0    0.0000000001398769    0.0000000001399607    0.0000000001397433    0.0000000001399595    0.0000000001398392
683.0    0.0000000001399525    0.0000000001400390    0.0000000001398267    0.0000000001400281    0.0000000001399195
685.0    0.0000000001400202    0.0000000001401088    0.0000000001399021    0.0000000001400887    0.0000000001399885
687.0    0.0000000001400795    0.0000000001401708    0.0000000001399727    0.0000000001401385    0.0000000001400501
689.0    0.0000000001401313    0.0000000001402225    0.0000000001400351    0.0000000001401833    0.0000000001401061
691.0    0.0000000001401749    0.0000000001402665    0.0000000001400873    0.0000000001402200    0.0000000001401543
693.0    0.0000000001402110    0.0000000001403046    0.0000000001401319    0.0000000001402476    0.0000000001401944
695.0    0.0000000001402383    0.0000000001403348    0.0000000001401711    0.0000000001402693    0.0000000001402257
697.0    0.0000000001402594    0.0000000001403570    0.0000000001402022    0.0000000001402834    0.0000000001402496
699.0    0.0000000001402731    0.0000000001403711    0.0000000001402248    0.0000000001402896    0.0000000001402673
701.0    0.0000000001402795    0.0000000001403782    0.0000000001402403    0.0000000001402893    0.0000000001402775
703.0    0.0000000001402789    0.0000000001403784    0.0000000001402494    0.0000000001402818    0.0000000001402802
705.0    0.0000000001402713    0.0000000001403712    0.0000000001402512    0.0000000001402674    0.0000000001402756
707.0    0.0000000001402570    0.0000000001403575    0.0000000001402460    0.0000000001402468    0.0000000001402647
709.0    0.0000000001402359    0.0000000001403374    0.0000000001402343    0.0000000001402192    0.0000000001402473
711.0    0.0000000001402082    0.0000000001403095    0.0000000001402155    0.0000000001401847    0.0000000001402225
713.0    0.0000000001401742    0.0000000001402752    0.0000000001401897    0.0000000001401455    0.0000000001401912
715.0    0.0000000001401353    0.0000000001402343    0.0000000001401588    0.0000000001400987    0.0000000001401532
717.0    0.0000000001400888    0.0000000001401888    0.0000000001401220    0.0000000001400457    0.0000000001401108
719.0    0.0000000001400367    0.0000000001401380    0.0000000001400775    0.0000000001399895    0.0000000001400630
721.0    0.0000000001399785    0.0000000001400791    0.0000000001400268    0.0000000001399252    0.0000000001400072
723.0    0.0000000001399148    0.0000000001400144    0.0000000001399727    0.0000000001398551    0.0000000001399455
725.0    0.0000000001398457    0.0000000001399442    0.0000000001399131    0.0000000001397831    0.0000000001398782
727.0    0.0000000001397713    0.0000000001398716    0.0000000001398455    0.0000000001397025    0.0000000001398085
729.0    0.0000000001396948    0.0000000001397940    0.0000000001397723    0.0000000001396168    0.0000000001397342
731.0    0.0000000001396103    0.0000000001397083    0.0000000001396973    0.0000000001395305    0.0000000001396513
733.0    0.0000000001395212    0.0000000001396180    0.0000000001396173    0.0000000001394351    0.0000000001395638
735.0    0.0000000001394271    0.0000000001395227    0.0000000001395294    0.0000000001393355    0.0000000001394712
737.0    0.0000000001393288    0.0000000001394271    0.0000000001394364    0.0000000001392357    0.0000000001393741
739.0    0.0000000001392301    0.0000000001393272    0.0000000001393429    0.0000000001391272    0.0000000001392768
741.0    0.0000000001391229    0.0000000001392192    0.0000000001392452    0.0000000001390145    0.0000000001391755
743.0    0.0000000001390117    0.0000000001391070    0.0000000001391390    0.0000000001389027    0.0000000001390658
745.0    0.0000000001388966    0.0000000001389908    0.0000000001390282    0.0000000001387819    0.0000000001389518
747.0    0.0000000001387775    0.0000000001388756    0.0000000001389185    0.0000000001386570    0.0000000001388340
749.0    0.0000000001386597    0.0000000001387568    0.0000000001388049    0.0000000001385345    0.0000000001387171
751.0    0.0000000001385328    0.0000000001386297    0.0000000001386824    0.0000000001384081    0.0000000001385970
753.0    0.0000000001384028    0.0000000001384990    0.0000000001385561    0.0000000001382724    0.0000000001384681
755.0    0.0000000001382687    0.0000000001383646    0.0000000001384314    0.0000000001381330    0.0000000001383353
757.0    0.0000000001381312    0.0000000001382323    0.0000000001383033    0.0000000001379965    0.0000000001381990
759.0    0.0000000001379905    0.0000000001380969    0.0000000001381662    0.0000000001378502    0.0000000001380653
761.0    0.0000000001378461    0.0000000001379527    0.0000000001380253    0.0000000001377003    0.0000000001379280
763.0    0.0000000001377040    0.0000000001378052    0.0000000001378871    0.0000000001375536    0.0000000001377818
765.0    0.0000000001375532    0.0000000001376545    0.0000000001377454    0.0000000001373969    0.0000000001376320
767.0    0.0000000001373988    0.0000000001375060    0.0000000001375944    0.0000000001372368    0.0000000001374790
769.0    0.0000000001372408    0.0000000001373551    0.0000000001374395    0.0000000001370804    0.0000000001373223
771.0    0.0000000001370795    0.0000000001371946    0.0000000001372883    0.0000000001369133    0.0000000001371691
773.0    0.0000000001369215    0.0000000001370308    0.0000000001371336    0.0000000001367430    0.0000000001370127
775.0    0.0000000001367535    0.0000000001368638    0.0000000001369687    0.0000000001365765    0.0000000001368460
777.0    0.0000000001365822    0.0000000001366997    0.0000000001368005    0.0000000001363990    0.0000000001366761
779.0    0.0000000001364072    0.0000000001365325    0.0000000001366359    0.0000000001362179    0.0000000001365028
781.0    0.0000000001362288    0.0000000001363552    0.0000000001364681    0.0000000001360415    0.0000000001363332
783.0    0.0000000001360468    0.0000000001361745    0.0000000001362895    0.0000000001358533    0.0000000001361603
785.0    0.0000000001358615    0.0000000001359902    0.0000000001361073    0.0000000001356615    0.0000000001359764
787.0    0.0000000001356798    0.0000000001358093    0.0000000001359292    0.0000000001354744    0.0000000001357891
789.0    0.0000000001354870    0.0000000001356252    0.0000000001357478    0.0000000001352750    0.0000000001355978
791.0    0.0000000001352907    0.0000000001354301    0.0000000001355548    0.0000000001350719    0.0000000001354111
793.0    0.0000000001350905    0.0000000001352310    0.0000000001353579    0.0000000001348741    0.0000000001352208
795.0    0.0000000001348868    0.0000000001350280    0.0000000001351657    0.0000000001346726    0.0000000001350185
797.0    0.0000000001346874    0.0000000001348290    0.0000000001349701    0.0000000001344580    0.0000000001348125
799.0    0.0000000001344758    0.0000000001346268    0.0000000001347623    0.0000000001342396    0.0000000001346024
801.0    0.0000000001342606    0.0000000001344122    0.0000000001345503    0.0000000001340271    0.0000000001343885
803.0    0.0000000001340415    0.0000000001341937    0.0000000001343436    0.0000000001338007    0.0000000001341796
805.0    0.0000000001338180    0.0000000001339708    0.0000000001341330    0.0000000001335705    0.0000000001339669
807.0    0.0000000001336003    0.0000000001337527    0.0000000001339097    0.0000000001333463    0.0000000001337412
809.0    0.0000000001333693    0.0000000001335308    0.0000000001336821    0.0000000001331082    0.0000000001335112
811.0    0.0000000001331344    0.0000000001332958    0.0000000001334602    0.0000000001328658    0.0000000001332773
813.0    0.0000000001328955    0.0000000001330566    0.0000000001332347    0.0000000001326304    0.0000000001330490
815.0    0.0000000001326528    0.0000000001328134    0.0000000001329954    0.0000000001323799    0.0000000001328173
817.0    0.0000000001324058    0.0000000001325752    0.0000000001327518    0.0000000001321262    0.0000000001325712
819.0    0.0000000001321553    0.0000000001323335    0.0000000001325150    0.0000000001318795    0.0000000001323214
821.0    0.0000000001319111    0.0000000001320778    0.0000000001322743    0.0000000001316174    0.0000000001320671
823.0    0.0000000001316529    0.0000000001318181    0.0000000001320192    0.0000000001313522    0.0000000001318198
825.0    0.0000000001313911    0.0000000001315644    0.0000000001317712    0.0000000001310946    0.0000000001315690
827.0    0.0000000001311253    0.0000000001313072    0.0000000001315196    0.0000000001308218    0.0000000001313032
829.0    0.0000000001308561    0.0000000001310358    0.0000000001312531    0.0000000001305454    0.0000000001310337
831.0    0.0000000001305940    0.0000000001307603    0.0000000001309831    0.0000000001302777    0.0000000001307604
833.0    0.0000000001303180    0.0000000001304812    0.0000000001307209    0.0000000001299947    0.0000000001304837
835.0    0.0000000001300385    0.0000000001302095    0.0000000001304553    0.0000000001297080    0.0000000001302147
837.0    0.0000000001297558    0.0000000001299343    0.0000000001301749    0.0000000001294313    0.0000000001299428
839.0    0.0000000001294702    0.0000000001296448    0.0000000001298911    0.0000000001291388    0.0000000001296559
841.0    0.0000000001291812    0.0000000001293520    0.0000000001296160    0.0000000001288437    0.0000000001293657
843.0    0.0000000001288898    0.0000000001290559    0.0000000001293380    0.0000000001285590    0.0000000001290723
845.0    0.0000000001286072    0.0000000001287685    0.0000000001290453    0.0000000001282715    0.0000000001287885
847.0    0.0000000001283105    0.0000000001284786    0.0000000001287495    0.0000000001279689    0.0000000001285024
849.0    0.0000000001280113    0.0000000001281744    0.0000000001284638    0.0000000001276641    0.0000000001282007
851.0    0.0000000001277102    0.0000000001278678    0.0000000001281754    0.0000000001273707    0.0000000001278971
853.0    0.0000000001274068    0.0000000001275588    0.0000000001278724    0.0000000001270622    0.0000000001275910
855.0    0.0000000001271140    0.0000000001272600    0.0000000001275673    0.0000000001267520    0.0000000001272829
857.0    0.0000000001268074    0.0000000001269592    0.0000000001272730    0.0000000001264539    0.0000000001269860
859.0    0.0000000001264992    0.0000000001266448    0.0000000001269771    0.0000000001261411    0.0000000001266879
861.0    0.0000000001261899    0.0000000001263290    0.0000000001266667    0.0000000001258274    0.0000000001263747
863.0    0.0000000001258795    0.0000000001260119    0.0000000001263550    0.0000000001255264    0.0000000001260607
865.0    0.0000000001255805    0.0000000001257063    0.0000000001260549    0.0000000001252111    0.0000000001257457
867.0    0.0000000001252690    0.0000000001253998    0.0000000001257541    0.0000000001248954    0.0000000001254430
869.0    0.0000000001249565    0.0000000001250805    0.0000000001254395    0.0000000001245933    0.0000000001251397
871.0    0.0000000001246440    0.0000000001247610    0.0000000001251243    0.0000000001242773    0.0000000001248228
873.0    0.0000000001243315    0.0000000001244414    0.0000000001248216    0.0000000001239615    0.0000000001245058
875.0    0.0000000001240190    0.0000000001241342    0.0000000001245192    0.0000000001236598    0.0000000001241890
877.0    0.0000000001237065    0.0000000001238273    0.0000000001242032    0.0000000001233450    0.0000000001238855
879.0    0.0000000001234071    0.0000000001235088    0.0000000001238877    0.0000000001230309    0.0000000001235825
881.0    0.0000000001230962    0.0000000001231908    0.0000000001235856    0.0000000001227313    0.0000000001232668
883.0    0.0000000001227859    0.0000000001228740    0.0000000001232841    0.0000000001224190    0.0000000001229519
885.0    0.0000000001224768    0.0000000001225704    0.0000000001229703    0.0000000001221080    0.0000000001226383
887.0    0.0000000001221689    0.0000000001222681    0.0000000001226572    0.0000000001218120    0.0000000001223260
889.0    0.0000000001218745    0.0000000001219550    0.0000000001223584    0.0000000001215172    0.0000000001220275
891.0    0.0000000001215694    0.0000000001216439    0.0000000001220608    0.0000000001212107    0.0000000001217306
893.0    0.0000000001212658    0.0000000001213345    0.0000000001217516    0.0000000001209059    0.0000000001214224
895.0    0.0000000001209641    0.0000000001210388    0.0000000001214438    0.0000000001206162    0.0000000001211162
897.0    0.0000000001206641    0.0000000001207452    0.0000000001211506    0.0000000001203153    0.0000000001208118
899.0    0.0000000001203778    0.0000000001204420    0.0000000001208591    0.0000000001200163    0.0000000001205222
901.0    0.0000000001200818    0.0000000001201411    0.0000000001205567    0.0000000001197323    0.0000000001202345
903.0    0.0000000001197878    0.0000000001198425    0.0000000001202564    0.0000000001194376    0.0000000001199362
905.0    0.0000000001194959    0.0000000001195578    0.0000000001199702    0.0000000001191451    0.0000000001196403
907.0    0.0000000001192062    0.0000000001192754    0.0000000001196862    0.0000000001188674    0.0000000001193469
909.0    0.0000000001189188    0.0000000001189842    0.0000000001193922    0.0000000001185795    0.0000000001190678
911.0    0.0000000001186336    0.0000000001186955    0.0000000001191002    0.0000000001182936    0.0000000001187910
913.0    0.0000000001183621    0.0000000001184095    0.0000000001188230    0.0000000001180225    0.0000000001185048
915.0    0.0000000001180814    0.0000000001181372    0.0000000001185473    0.0000000001177412    0.0000000001182208
917.0    0.0000000001178029    0.0000000001178671    0.0000000001182622    0.0000000001174622    0.0000000001179394
919.0    0.0000000001175270    0.0000000001175887    0.0000000001179794    0.0000000001171971    0.0000000001176604
921.0    0.0000000001172527    0.0000000001173128    0.0000000001177105    0.0000000001169227    0.0000000001173951
923.0    0.0000000001169918    0.0000000001170394    0.0000000001174437    0.0000000001166501    0.0000000001171323
925.0    0.0000000001167219    0.0000000001167788    0.0000000001171677    0.0000000001163912    0.0000000001168602
927.0    0.0000000001164543    0.0000000001165205    0.0000000001168936    0.0000000001161225    0.0000000001165903
929.0    0.0000000001161885    0.0000000001162539    0.0000000001166330    0.0000000001158555    0.0000000001163226
931.0    0.0000000001159245    0.0000000001159894    0.0000000001163744    0.0000000001156020    0.0000000001160680
933.0    0.0000000001156625    0.0000000001157272    0.0000000001161065    0.0000000001153502    0.0000000001158152
935.0    0.0000000001154022    0.0000000001154765    0.0000000001158404    0.0000000001150884    0.0000000001155532
937.0    0.0000000001151537    0.0000000001152278    0.0000000001155871    0.0000000001148279    0.0000000001152930
939.0    0.0000000001148964    0.0000000001149708    0.0000000001153356    0.0000000001145803    0.0000000001150346
941.0    0.0000000001146405    0.0000000001147152    0.0000000001150745    0.0000000001143224    0.0000000001147884
943.0    0.0000000001143858    0.0000000001144710    0.0000000001148149    0.0000000001140657    0.0000000001145433
945.0    0.0000000001141323    0.0000000001142277    0.0000000001145675    0.0000000001138212    0.0000000001142890
947.0    0.0000000001138898    0.0000000001139760    0.0000000001143212    0.0000000001135664    0.0000000001140358
949.0    0.0000000001136383    0.0000000001137253    0.0000000001140654    0.0000000001133123    0.0000000001137836
951.0    0.0000000001133873    0.0000000001134754    0.0000000001138106    0.0000000001130700    0.0000000001135327
953.0    0.0000000001131370    0.0000000001132359    0.0000000001135674    0.0000000001128170    0.0000000001132925
955.0    0.0000000001128878    0.0000000001129968    0.0000000001133246    0.0000000001125645    0.0000000001130530
957.0    0.0000000001126484    0.0000000001127487    0.0000000001130722    0.0000000001123231    0.0000000001128037
959.0    0.0000000001123995    0.0000000001125010    0.0000000001128201    0.0000000001120710    0.0000000001125547
961.0    0.0000000001121507    0.0000000001122531    0.0000000001125790    0.0000000001118189    0.0000000001123059
963.0    0.0000000001119019    0.0000000001120152    0.0000000001123378    0.0000000001115775    0.0000000001120675
965.0    0.0000000001116531    0.0000000001117770    0.0000000001120865    0.0000000001113250    0.0000000001118292
967.0    0.0000000001114040    0.0000000001115289    0.0000000001118355    0.0000000001110720    0.0000000001115803
969.0    0.0000000001111550    0.0000000001112806    0.0000000001115945    0.0000000001108300    0.0000000001113313
971.0    0.0000000001109150    0.0000000001110320    0.0000000001113535    0.0000000001105762    0.0000000001110817
973.0    0.0000000001106650    0.0000000001107923    0.0000000001111015    0.0000000001103216    0.0000000001108422
975.0    0.0000000001104139    0.0000000001105518    0.0000000001108493    0.0000000001100775    0.0000000001106021
977.0    0.0000000001101624    0.0000000001103012    0.0000000001106068    0.0000000001098215    0.0000000001103505
979.0    0.0000000001099101    0.0000000001100495    0.0000000001103640    0.0000000001095645    0.0000000001100985
981.0    0.0000000001096670    0.0000000001097969    0.0000000001101097    0.0000000001093177    0.0000000001098459
983.0    0.0000000001094128    0.0000000001095530    0.0000000001098546    0.0000000001090700    0.0000000001095918
985.0    0.0000000001091575    0.0000000001093081    0.0000000001096093    0.0000000001088097    0.0000000001093475
987.0    0.0000000001089011    0.0000000001090521    0.0000000001093630    0.0000000001085483    0.0000000001091021
989.0    0.0000000001086434    0.0000000001087948    0.0000000001091049    0.0000000001082969    0.0000000001088450
991.0    0.0000000001083846    0.0000000001085360    0.0000000001088458    0.0000000001080330    0.0000000001085862
993.0    0.0000000001081242    0.0000000001082860    0.0000000001085963    0.0000000001077675    0.0000000001083264
995.0    0.0000000001078735    0.0000000001080348    0.0000000001083455    0.0000000001075121    0.0000000001080759
997.0    0.0000000001076103    0.0000000001077718    0.0000000001080827    0.0000000001072437    0.0000000001078240
999.0    0.0000000001073457    0.0000000001075072    0.0000000001078179    0.0000000001069735    0.0000000001075598
1001.0    0.0000000001070796    0.0000000001072411    0.0000000001075632    0.0000000001067136    0.0000000001072940
1003.0    0.0000000001068120    0.0000000001069833    0.0000000001073070    0.0000000001064404    0.0000000001070264
1005.0    0.0000000001065536    0.0000000001067242    0.0000000001070380    0.0000000001061650    0.0000000001067687
1007.0    0.0000000001062828    0.0000000001064530    0.0000000001067675    0.0000000001059007    0.0000000001065092
1009.0    0.0000000001060103    0.0000000001061799    0.0000000001065066    0.0000000001056223    0.0000000001062367
1011.0    0.0000000001057360    0.0000000001059052    0.0000000001062442    0.0000000001053421    0.0000000001059625
1013.0    0.0000000001054597    0.0000000001056392    0.0000000001059685    0.0000000001050723    0.0000000001056865
1015.0    0.0000000001051931    0.0000000001053715    0.0000000001056914    0.0000000001047884    0.0000000001054087
1017.0    0.0000000001049135    0.0000000001050912    0.0000000001054239    0.0000000001045028    0.0000000001051409
1019.0    0.0000000001046322    0.0000000001048091    0.0000000001051549    0.0000000001042277    0.0000000001048710
1021.0    0.0000000001043489    0.0000000001045249    0.0000000001048722    0.0000000001039383    0.0000000001045878
1023.0    0.0000000001040640    0.0000000001042500    0.0000000001045877    0.0000000001036470    0.0000000001043027
1025.0    0.0000000001037770    0.0000000001039732    0.0000000001043134    0.0000000001033665    0.0000000001040160
1027.0    0.0000000001034882    0.0000000001036835    0.0000000001040372    0.0000000001030844    0.0000000001037387
1029.0    0.0000000001032090    0.0000000001033918    0.0000000001037472    0.0000000001027875    0.0000000001034601
1031.0    0.0000000001029166    0.0000000001030982    0.0000000001034552    0.0000000001024886    0.0000000001031675
1033.0    0.0000000001026221    0.0000000001028139    0.0000000001031736    0.0000000001022009    0.0000000001028728
1035.0    0.0000000001023258    0.0000000001025280    0.0000000001028904    0.0000000001018982    0.0000000001025762
1037.0    0.0000000001020277    0.0000000001022285    0.0000000001025929    0.0000000001015935    0.0000000001022900
1039.0    0.0000000001017395    0.0000000001019271    0.0000000001022934    0.0000000001013004    0.0000000001020022
1041.0    0.0000000001014375    0.0000000001016238    0.0000000001020045    0.0000000001009921    0.0000000001017000
1043.0    0.0000000001011336    0.0000000001013303    0.0000000001017138    0.0000000001006817    0.0000000001013958
1045.0    0.0000000001008277    0.0000000001010348    0.0000000001014085    0.0000000001003830    0.0000000001010896
1047.0    0.0000000001005202    0.0000000001007256    0.0000000001011015    0.0000000001000688    0.0000000001007814
1049.0    0.0000000001002229    0.0000000001004149    0.0000000001008053    0.0000000000997527    0.0000000001004842
1051.0    0.0000000000999114    0.0000000001001136    0.0000000001005070    0.0000000000994486    0.0000000001001852
1053.0    0.0000000000995983    0.0000000000998109    0.0000000001001944    0.0000000000991288    0.0000000000998714
1055.0    0.0000000000992831    0.0000000000994941    0.0000000000998797    0.0000000000988071    0.0000000000995556
1057.0    0.0000000000989661    0.0000000000991754    0.0000000000995763    0.0000000000984977    0.0000000000992380
1059.0    0.0000000000986472    0.0000000000988547    0.0000000000992710    0.0000000000981723    0.0000000000989317
1061.0    0.0000000000983265    0.0000000000985446    0.0000000000989507    0.0000000000978451    0.0000000000986236
1063.0    0.0000000000980169    0.0000000000982327    0.0000000000986419    0.0000000000975304    0.0000000000983003
1065.0    0.0000000000976927    0.0000000000979064    0.0000000000983314    0.0000000000971997    0.0000000000979752
1067.0    0.0000000000973666    0.0000000000975783    0.0000000000980056    0.0000000000968672    0.0000000000976482
1069.0    0.0000000000970388    0.0000000000972483    0.0000000000976779    0.0000000000965475    0.0000000000973330
1071.0    0.0000000000967092    0.0000000000969293    0.0000000000973622    0.0000000000962261    0.0000000000970162
1073.0    0.0000000000963912    0.0000000000966086    0.0000000000970447    0.0000000000958886    0.0000000000966838
1075.0    0.0000000000960583    0.0000000000962733    0.0000000000967118    0.0000000000955493    0.0000000000963496
1077.0    0.0000000000957237    0.0000000000959361    0.0000000000963770    0.0000000000952232    0.0000000000960137
1079.0    0.0000000000953875    0.0000000000955973    0.0000000000960546    0.0000000000948808    0.0000000000956759
1081.0    0.0000000000950496    0.0000000000952698    0.0000000000957306    0.0000000000945367    0.0000000000953507
1083.0    0.0000000000947238    0.0000000000949407    0.0000000000953908    0.0000000000942062    0.0000000000950239
1085.0    0.0000000000943829    0.0000000000945969    0.0000000000950495    0.0000000000938592    0.0000000000946812
1087.0    0.0000000000940405    0.0000000000942514    0.0000000000947207    0.0000000000935107    0.0000000000943370
1089.0    0.0000000000936966    0.0000000000939043    0.0000000000943906    0.0000000000931761    0.0000000000939911
1091.0    0.0000000000933513    0.0000000000935691    0.0000000000940445    0.0000000000928249    0.0000000000936582
1093.0    0.0000000000930046    0.0000000000932324    0.0000000000936970    0.0000000000924724    0.0000000000933238
1095.0    0.0000000000926566    0.0000000000928809    0.0000000000933625    0.0000000000921341    0.0000000000929736
1097.0    0.0000000000923213    0.0000000000925279    0.0000000000930268    0.0000000000917792    0.0000000000926219
1099.0    0.0000000000919709    0.0000000000921736    0.0000000000926751    0.0000000000914233    0.0000000000922688
1101.0    0.0000000000916192    0.0000000000918316    0.0000000000923221    0.0000000000910817    0.0000000000919292
1103.0    0.0000000000912665    0.0000000000914884    0.0000000000919826    0.0000000000907237    0.0000000000915884
1105.0    0.0000000000909128    0.0000000000911303    0.0000000000916420    0.0000000000903648    0.0000000000912316
1107.0    0.0000000000905723    0.0000000000907711    0.0000000000912854    0.0000000000900206    0.0000000000908737
1109.0    0.0000000000902166    0.0000000000904108    0.0000000000909278    0.0000000000896601    0.0000000000905147
1111.0    0.0000000000898602    0.0000000000900634    0.0000000000905842    0.0000000000892988    0.0000000000901548
1113.0    0.0000000000895030    0.0000000000897152    0.0000000000902397    0.0000000000889527    0.0000000000898089
1115.0    0.0000000000891452    0.0000000000893521    0.0000000000898793    0.0000000000885903    0.0000000000894623
1117.0    0.0000000000887867    0.0000000000889884    0.0000000000895181    0.0000000000882276    0.0000000000890998
1119.0    0.0000000000884278    0.0000000000886239    0.0000000000891714    0.0000000000878802    0.0000000000887366
1121.0    0.0000000000880828    0.0000000000882728    0.0000000000888240    0.0000000000875326    0.0000000000883729
1123.0    0.0000000000877231    0.0000000000879214    0.0000000000884610    0.0000000000871691    0.0000000000880238
1125.0    0.0000000000873632    0.0000000000875554    0.0000000000880976    0.0000000000868055    0.0000000000876744
1127.0    0.0000000000870032    0.0000000000871892    0.0000000000877490    0.0000000000864578    0.0000000000873094
1129.0    0.0000000000866431    0.0000000000868228    0.0000000000874001    0.0000000000860944    0.0000000000869443
1131.0    0.0000000000862975    0.0000000000864703    0.0000000000870359    0.0000000000857312    0.0000000000865790
1133.0    0.0000000000859377    0.0000000000861179    0.0000000000866717    0.0000000000853842    0.0000000000862138
1135.0    0.0000000000855781    0.0000000000857516    0.0000000000863226    0.0000000000850219    0.0000000000858639
1137.0    0.0000000000852190    0.0000000000853854    0.0000000000859738    0.0000000000846602    0.0000000000855141
1139.0    0.0000000000848603    0.0000000000850197    0.0000000000856100    0.0000000000843149    0.0000000000851496
1141.0    0.0000000000845166    0.0000000000846685    0.0000000000852465    0.0000000000839547    0.0000000000847854
1143.0    0.0000000000841592    0.0000000000843178    0.0000000000848987    0.0000000000835954    0.0000000000844219
1145.0    0.0000000000838027    0.0000000000839539    0.0000000000845514    0.0000000000832528    0.0000000000840742
1147.0    0.0000000000834472    0.0000000000835908    0.0000000000841898    0.0000000000828958    0.0000000000837272
1149.0    0.0000000000830927    0.0000000000832288    0.0000000000838290    0.0000000000825400    0.0000000000833661
1151.0    0.0000000000827394    0.0000000000828817    0.0000000000834841    0.0000000000822010    0.0000000000830061
1153.0    0.0000000000823874    0.0000000000825358    0.0000000000831402    0.0000000000818481    0.0000000000826473
1155.0    0.0000000000820509    0.0000000000821775    0.0000000000827825    0.0000000000814968    0.0000000000823047
1157.0    0.0000000000817018    0.0000000000818206    0.0000000000824261    0.0000000000811624    0.0000000000819635
1159.0    0.0000000000813544    0.0000000000814654    0.0000000000820860    0.0000000000808147    0.0000000000816090
1161.0    0.0000000000810088    0.0000000000811256    0.0000000000817472    0.0000000000804689    0.0000000000812562
1163.0    0.0000000000806650    0.0000000000807875    0.0000000000813954    0.0000000000801402    0.0000000000809052
1165.0    0.0000000000803368    0.0000000000804379    0.0000000000810453    0.0000000000798134    0.0000000000805562
1167.0    0.0000000000799971    0.0000000000800904    0.0000000000807117    0.0000000000794740    0.0000000000802237
1169.0    0.0000000000796595    0.0000000000797585    0.0000000000803799    0.0000000000791370    0.0000000000798933
1171.0    0.0000000000793242    0.0000000000794288    0.0000000000800357    0.0000000000788170    0.0000000000795507
1173.0    0.0000000000789913    0.0000000000790883    0.0000000000796938    0.0000000000784849    0.0000000000792106
1175.0    0.0000000000786609    0.0000000000787505    0.0000000000793683    0.0000000000781555    0.0000000000788730
1177.0    0.0000000000783331    0.0000000000784154    0.0000000000790451    0.0000000000778430    0.0000000000785520
1179.0    0.0000000000780209    0.0000000000780958    0.0000000000787103    0.0000000000775190    0.0000000000782335
1181.0    0.0000000000776983    0.0000000000777790    0.0000000000783782    0.0000000000771979    0.0000000000779040
1183.0    0.0000000000773786    0.0000000000774524    0.0000000000780624    0.0000000000768936    0.0000000000775773
1185.0    0.0000000000770618    0.0000000000771289    0.0000000000777492    0.0000000000765784    0.0000000000772537
1187.0    0.0000000000767479    0.0000000000768086    0.0000000000774252    0.0000000000762662    0.0000000000769464
1189.0    0.0000000000764494    0.0000000000765037    0.0000000000771042    0.0000000000759705    0.0000000000766421
1191.0    0.0000000000761415    0.0000000000762018    0.0000000000767994    0.0000000000756645    0.0000000000763277
1193.0    0.0000000000758367    0.0000000000758911    0.0000000000764974    0.0000000000753617    0.0000000000760166
1195.0    0.0000000000755351    0.0000000000755839    0.0000000000761854    0.0000000000750750    0.0000000000757088
1197.0    0.0000000000752366    0.0000000000752801    0.0000000000758766    0.0000000000747786    0.0000000000754044
1199.0    0.0000000000749531    0.0000000000749913    0.0000000000755837    0.0000000000744854    0.0000000000751159
1201.0    0.0000000000746610    0.0000000000747058    0.0000000000752938    0.0000000000742080    0.0000000000748305
1203.0    0.0000000000743721    0.0000000000744124    0.0000000000749945    0.0000000000739213    0.0000000000745362
1205.0    0.0000000000740865    0.0000000000741225    0.0000000000746986    0.0000000000736379    0.0000000000742453
1207.0    0.0000000000738042    0.0000000000738361    0.0000000000744182    0.0000000000733698    0.0000000000739580
1209.0    0.0000000000735251    0.0000000000735641    0.0000000000741408    0.0000000000730928    0.0000000000736859
1211.0    0.0000000000732493    0.0000000000732955    0.0000000000738547    0.0000000000728190    0.0000000000734171
1213.0    0.0000000000729876    0.0000000000730195    0.0000000000735719    0.0000000000725602    0.0000000000731399
1215.0    0.0000000000727181    0.0000000000727471    0.0000000000733041    0.0000000000723043    0.0000000000728663
1217.0    0.0000000000724518    0.0000000000724782    0.0000000000730394    0.0000000000720399    0.0000000000725960
1219.0    0.0000000000721888    0.0000000000722228    0.0000000000727664    0.0000000000717785    0.0000000000723403
1221.0    0.0000000000719288    0.0000000000719706    0.0000000000724967    0.0000000000715315    0.0000000000720876
1223.0    0.0000000000716821    0.0000000000717116    0.0000000000722413    0.0000000000712762    0.0000000000718272
1225.0    0.0000000000714281    0.0000000000714559    0.0000000000719889    0.0000000000710238    0.0000000000715701
1227.0    0.0000000000711771    0.0000000000712035    0.0000000000717286    0.0000000000707851    0.0000000000713162
1229.0    0.0000000000709290    0.0000000000709637    0.0000000000714715    0.0000000000705384    0.0000000000710654
1231.0    0.0000000000706838    0.0000000000707269    0.0000000000712280    0.0000000000702945    0.0000000000708280
1233.0    0.0000000000704510    0.0000000000704835    0.0000000000709872    0.0000000000700637    0.0000000000705934
1235.0    0.0000000000702113    0.0000000000702430    0.0000000000707389    0.0000000000698250    0.0000000000703514
1237.0    0.0000000000699741    0.0000000000700054    0.0000000000704935    0.0000000000695889    0.0000000000701123
1239.0    0.0000000000697395    0.0000000000697796    0.0000000000702609    0.0000000000693653    0.0000000000698760
1241.0    0.0000000000695075    0.0000000000695562    0.0000000000700309    0.0000000000691340    0.0000000000696520
1243.0    0.0000000000692779    0.0000000000693265    0.0000000000697935    0.0000000000689049    0.0000000000694305
1245.0    0.0000000000690505    0.0000000000690992    0.0000000000695587    0.0000000000686879    0.0000000000692018
1247.0    0.0000000000688345    0.0000000000688744    0.0000000000693360    0.0000000000684632    0.0000000000689755
1249.0    0.0000000000686115    0.0000000000686603    0.0000000000691156    0.0000000000682405    0.0000000000687515
1251.0    0.0000000000683906    0.0000000000684483    0.0000000000688879    0.0000000000680293    0.0000000000685389
1253.0    0.0000000000681718    0.0000000000682298    0.0000000000686624    0.0000000000678104    0.0000000000683283
1255.0    0.0000000000679548    0.0000000000680134    0.0000000000684483    0.0000000000675933    0.0000000000681105
1257.0    0.0000000000677482    0.0000000000677988    0.0000000000682361    0.0000000000673872    0.0000000000678947
1259.0    0.0000000000675347    0.0000000000675942    0.0000000000680167    0.0000000000671826    0.0000000000676807
1261.0    0.0000000000673229    0.0000000000673912    0.0000000000677991    0.0000000000669702    0.0000000000674685
1263.0    0.0000000000671126    0.0000000000671816    0.0000000000675923    0.0000000000667592    0.0000000000672666
1265.0    0.0000000000669038    0.0000000000669735    0.0000000000673871    0.0000000000665587    0.0000000000670662
1267.0    0.0000000000666964    0.0000000000667668    0.0000000000671745    0.0000000000663504    0.0000000000668584
1269.0    0.0000000000664902    0.0000000000665693    0.0000000000669634    0.0000000000661432    0.0000000000666520
1271.0    0.0000000000662935    0.0000000000663730    0.0000000000667625    0.0000000000659461    0.0000000000664469
1273.0    0.0000000000660897    0.0000000000661699    0.0000000000665629    0.0000000000657410    0.0000000000662515
1275.0    0.0000000000658869    0.0000000000659678    0.0000000000663558    0.0000000000655370    0.0000000000660571
1277.0    0.0000000000656851    0.0000000000657667    0.0000000000661499    0.0000000000653426    0.0000000000658552
1279.0    0.0000000000654843    0.0000000000655741    0.0000000000659536    0.0000000000651402    0.0000000000656542
1281.0    0.0000000000652922    0.0000000000653824    0.0000000000657582    0.0000000000649385    0.0000000000654541
1283.0    0.0000000000650930    0.0000000000651836    0.0000000000655553    0.0000000000647463    0.0000000000652630
1285.0    0.0000000000648944    0.0000000000649855    0.0000000000653532    0.0000000000645459    0.0000000000650726
1287.0    0.0000000000646964    0.0000000000647955    0.0000000000651603    0.0000000000643461    0.0000000000648745
1289.0    0.0000000000644990    0.0000000000646061    0.0000000000649681    0.0000000000641554    0.0000000000646771
1291.0    0.0000000000643100    0.0000000000644095    0.0000000000647682    0.0000000000639566    0.0000000000644801
1293.0    0.0000000000641136    0.0000000000642133    0.0000000000645688    0.0000000000637580    0.0000000000642835
1295.0    0.0000000000639176    0.0000000000640174    0.0000000000643783    0.0000000000635685    0.0000000000640955
1297.0    0.0000000000637219    0.0000000000638293    0.0000000000641882    0.0000000000633706    0.0000000000639078
1299.0    0.0000000000635265    0.0000000000636415    0.0000000000639902    0.0000000000631730    0.0000000000637122
1301.0    0.0000000000633314    0.0000000000634462    0.0000000000637926    0.0000000000629841    0.0000000000635168
1303.0    0.0000000000631364    0.0000000000632512    0.0000000000636036    0.0000000000627868    0.0000000000633215
1305.0    0.0000000000629495    0.0000000000630562    0.0000000000634147    0.0000000000625897    0.0000000000631346
1307.0    0.0000000000627549    0.0000000000628688    0.0000000000632179    0.0000000000624012    0.0000000000629477
1309.0    0.0000000000625603    0.0000000000626814    0.0000000000630213    0.0000000000622127    0.0000000000627528
1311.0    0.0000000000623658    0.0000000000624865    0.0000000000628330    0.0000000000620157    0.0000000000625578
1313.0    0.0000000000621714    0.0000000000622915    0.0000000000626447    0.0000000000618187    0.0000000000623629
1315.0    0.0000000000619847    0.0000000000620965    0.0000000000624484    0.0000000000616303    0.0000000000621760
1317.0    0.0000000000617902    0.0000000000619089    0.0000000000622520    0.0000000000614332    0.0000000000619891
1319.0    0.0000000000615957    0.0000000000617211    0.0000000000620639    0.0000000000612361    0.0000000000617939
1321.0    0.0000000000614011    0.0000000000615258    0.0000000000618757    0.0000000000610475    0.0000000000615987
1323.0    0.0000000000612064    0.0000000000613302    0.0000000000616793    0.0000000000608502    0.0000000000614032
1325.0    0.0000000000610117    0.0000000000611345    0.0000000000614828    0.0000000000606527    0.0000000000612077
1327.0    0.0000000000608167    0.0000000000609461    0.0000000000612944    0.0000000000604638    0.0000000000610201
1329.0    0.0000000000606295    0.0000000000607575    0.0000000000611059    0.0000000000602661    0.0000000000608323
1331.0    0.0000000000604343    0.0000000000605612    0.0000000000609091    0.0000000000600683    0.0000000000606362
1333.0    0.0000000000602390    0.0000000000603646    0.0000000000607121    0.0000000000598789    0.0000000000604399
1335.0    0.0000000000600434    0.0000000000601678    0.0000000000605232    0.0000000000596807    0.0000000000602433
1337.0    0.0000000000598478    0.0000000000599783    0.0000000000603341    0.0000000000594824    0.0000000000600547
1339.0    0.0000000000596598    0.0000000000597886    0.0000000000601367    0.0000000000592926    0.0000000000598659
1341.0    0.0000000000594637    0.0000000000595911    0.0000000000599473    0.0000000000590940    0.0000000000596687
1343.0    0.0000000000592676    0.0000000000593934    0.0000000000597577    0.0000000000588953    0.0000000000594712
1345.0    0.0000000000590712    0.0000000000591954    0.0000000000595597    0.0000000000587050    0.0000000000592735
1347.0    0.0000000000588746    0.0000000000590048    0.0000000000593615    0.0000000000585059    0.0000000000590755
1349.0    0.0000000000586858    0.0000000000588140    0.0000000000591714    0.0000000000583067    0.0000000000588857
1351.0    0.0000000000584890    0.0000000000586153    0.0000000000589811    0.0000000000581161    0.0000000000586956
1353.0    0.0000000000582919    0.0000000000584164    0.0000000000587823    0.0000000000579253    0.0000000000584970
1355.0    0.0000000000580948    0.0000000000582172    0.0000000000585834    0.0000000000577258    0.0000000000582981
1357.0    0.0000000000578975    0.0000000000580256    0.0000000000583926    0.0000000000575262    0.0000000000580991
1359.0    0.0000000000577001    0.0000000000578338    0.0000000000582017    0.0000000000573351    0.0000000000579082
1361.0    0.0000000000575026    0.0000000000576341    0.0000000000580023    0.0000000000571354    0.0000000000577171
1363.0    0.0000000000573129    0.0000000000574342    0.0000000000578027    0.0000000000569356    0.0000000000575176
1365.0    0.0000000000571152    0.0000000000572342    0.0000000000576114    0.0000000000567444    0.0000000000573179
1367.0    0.0000000000569174    0.0000000000570418    0.0000000000574199    0.0000000000565446    0.0000000000571181
1369.0    0.0000000000567197    0.0000000000568492    0.0000000000572200    0.0000000000563447    0.0000000000569265
1371.0    0.0000000000565219    0.0000000000566489    0.0000000000570200    0.0000000000561536    0.0000000000567347
1373.0    0.0000000000563319    0.0000000000564485    0.0000000000568283    0.0000000000559539    0.0000000000565346
1375.0    0.0000000000561342    0.0000000000562480    0.0000000000566366    0.0000000000557543    0.0000000000563344
1377.0    0.0000000000559364    0.0000000000560552    0.0000000000564365    0.0000000000555634    0.0000000000561341
1379.0    0.0000000000557387    0.0000000000558624    0.0000000000562364    0.0000000000553640    0.0000000000559339
1381.0    0.0000000000555412    0.0000000000556619    0.0000000000560446    0.0000000000551648    0.0000000000557420
1383.0    0.0000000000553516    0.0000000000554615    0.0000000000558529    0.0000000000549744    0.0000000000555501
1385.0    0.0000000000551543    0.0000000000552611    0.0000000000556529    0.0000000000547756    0.0000000000553500
1387.0    0.0000000000549572    0.0000000000550685    0.0000000000554530    0.0000000000545771    0.0000000000551499
1389.0    0.0000000000547602    0.0000000000548761    0.0000000000552615    0.0000000000543875    0.0000000000549500
1391.0    0.0000000000545636    0.0000000000546761    0.0000000000550702    0.0000000000541895    0.0000000000547585
1393.0    0.0000000000543671    0.0000000000544763    0.0000000000548708    0.0000000000539920    0.0000000000545672
1395.0    0.0000000000541711    0.0000000000542768    0.0000000000546715    0.0000000000538034    0.0000000000543678
1397.0    0.0000000000539831    0.0000000000540852    0.0000000000544808    0.0000000000536152    0.0000000000541687
1399.0    0.0000000000537877    0.0000000000538938    0.0000000000542904    0.0000000000534189    0.0000000000539699
1401.0    0.0000000000535928    0.0000000000536952    0.0000000000540919    0.0000000000532231    0.0000000000537796
1403.0    0.0000000000533983    0.0000000000534970    0.0000000000538939    0.0000000000530364    0.0000000000535897
1405.0    0.0000000000532042    0.0000000000533067    0.0000000000537044    0.0000000000528418    0.0000000000533919
1407.0    0.0000000000530185    0.0000000000531170    0.0000000000535154    0.0000000000526478    0.0000000000531946
1409.0    0.0000000000528255    0.0000000000529201    0.0000000000533186    0.0000000000524628    0.0000000000529978
1411.0    0.0000000000526332    0.0000000000527238    0.0000000000531223    0.0000000000522702    0.0000000000528015
1413.0    0.0000000000524415    0.0000000000525280    0.0000000000529346    0.0000000000520783    0.0000000000526139
1415.0    0.0000000000522505    0.0000000000523405    0.0000000000527476    0.0000000000518955    0.0000000000524269
1417.0    0.0000000000520603    0.0000000000521535    0.0000000000525530    0.0000000000517053    0.0000000000522325
1419.0    0.0000000000518708    0.0000000000519598    0.0000000000523591    0.0000000000515159    0.0000000000520387
1421.0    0.0000000000516897    0.0000000000517669    0.0000000000521739    0.0000000000513356    0.0000000000518457
1423.0    0.0000000000515019    0.0000000000515749    0.0000000000519895    0.0000000000511481    0.0000000000516615
1425.0    0.0000000000513150    0.0000000000513910    0.0000000000517978    0.0000000000509616    0.0000000000514781
1427.0    0.0000000000511290    0.0000000000512080    0.0000000000516070    0.0000000000507841    0.0000000000512876
1429.0    0.0000000000509440    0.0000000000510186    0.0000000000514249    0.0000000000505998    0.0000000000510981
1431.0    0.0000000000507674    0.0000000000508303    0.0000000000512437    0.0000000000504165    0.0000000000509096
1433.0    0.0000000000505846    0.0000000000506430    0.0000000000510556    0.0000000000502423    0.0000000000507299
1435.0    0.0000000000504028    0.0000000000504640    0.0000000000508685    0.0000000000500614    0.0000000000505512
1437.0    0.0000000000502222    0.0000000000502862    0.0000000000506903    0.0000000000498818    0.0000000000503659
1439.0    0.0000000000500428    0.0000000000501023    0.0000000000505130    0.0000000000497112    0.0000000000501817
1441.0    0.0000000000498717    0.0000000000499198    0.0000000000503292    0.0000000000495342    0.0000000000499988
1443.0    0.0000000000496948    0.0000000000497385    0.0000000000501466    0.0000000000493585    0.0000000000498172
1445.0    0.0000000000495192    0.0000000000495655    0.0000000000499728    0.0000000000491918    0.0000000000496445
1447.0    0.0000000000493450    0.0000000000493939    0.0000000000498002    0.0000000000490265    0.0000000000494729
1449.0    0.0000000000491721    0.0000000000492167    0.0000000000496213    0.0000000000488551    0.0000000000492954
1451.0    0.0000000000490007    0.0000000000490411    0.0000000000494439    0.0000000000486852    0.0000000000491193
1453.0    0.0000000000488308    0.0000000000488670    0.0000000000492752    0.0000000000485241    0.0000000000489447
1455.0    0.0000000000486691    0.0000000000487011    0.0000000000491078    0.0000000000483573    0.0000000000487788
1457.0    0.0000000000485022    0.0000000000485367    0.0000000000489346    0.0000000000481921    0.0000000000486144
1459.0    0.0000000000483368    0.0000000000483673    0.0000000000487628    0.0000000000480356    0.0000000000484444
1461.0    0.0000000000481730    0.0000000000481996    0.0000000000485998    0.0000000000478736    0.0000000000482761
1463.0    0.0000000000480109    0.0000000000480336    0.0000000000484382    0.0000000000477133    0.0000000000481095
1465.0    0.0000000000478568    0.0000000000478757    0.0000000000482712    0.0000000000475616    0.0000000000479515
1467.0    0.0000000000476979    0.0000000000477194    0.0000000000481058    0.0000000000474047    0.0000000000477951
1469.0    0.0000000000475407    0.0000000000475586    0.0000000000479489    0.0000000000472495    0.0000000000476337
1471.0    0.0000000000473852    0.0000000000473997    0.0000000000477936    0.0000000000471027    0.0000000000474740
1473.0    0.0000000000472315    0.0000000000472427    0.0000000000476332    0.0000000000469510    0.0000000000473162
1475.0    0.0000000000470795    0.0000000000470934    0.0000000000474746    0.0000000000468011    0.0000000000471603
1477.0    0.0000000000469293    0.0000000000469459    0.0000000000473243    0.0000000000466593    0.0000000000470126
1479.0    0.0000000000467868    0.0000000000467944    0.0000000000471756    0.0000000000465129    0.0000000000468667
1481.0    0.0000000000466401    0.0000000000466448    0.0000000000470222    0.0000000000463684    0.0000000000467163
1483.0    0.0000000000464951    0.0000000000464972    0.0000000000468707    0.0000000000462317    0.0000000000465678
1485.0    0.0000000000463520    0.0000000000463570    0.0000000000467272    0.0000000000460907    0.0000000000464213
