9.0    0.0000000000000001    0.0000000000000000    0.0000000000000001    0.0000000000000000    0.0000000000000001
11.0    0.0000000000000007    0.0000000000000004    0.0000000000000010    0.0000000000000005    0.0000000000000011
13.0    0.0000000000000018    0.0000000000000011    0.0000000000000025    0.0000000000000015    0.0000000000000026
15.0    0.0000000000000044    0.0000000000000029    0.0000000000000056    0.0000000000000037    0.0000000000000060
17.0    0.0000000000000098    0.0000000000000071    0.0000000000000119    0.0000000000000084    0.0000000000000129
19.0    0.0000000000000208    0.0000000000000156    0.0000000000000243    0.0000000000000185    0.0000000000000259
21.0    0.0000000000000409    0.0000000000000320    0.0000000000000464    0.0000000000000375    0.0000000000000476
23.0    0.0000000000000733    0.0000000000000623    0.0000000000000808    0.0000000000000692    0.0000000000000827
25.0    0.0000000000001261    0.0000000000001125    0.0000000000001329    0.0000000000001221    0.0000000000001376
27.0    0.0000000000002020    0.0000000000001881    0.0000000000002093    0.0000000000001996    0.0000000000002148
29.0    0.0000000000003029    0.0000000000002870    0.0000000000003090    0.0000000000002989    0.0000000000003149
31.0    0.0000000000004247    0.0000000000004090    0.0000000000004231    0.0000000000004252    0.0000000000004341
33.0    0.0000000000005589    0.0000000000005504    0.0000000000005487    0.0000000000005644    0.0000000000005590
35.0    0.0000000000006931    0.0000000000006913    0.0000000000006816    0.0000000000006965    0.0000000000006853
37.0    0.0000000000008110    0.0000000000008157    0.0000000000008068    0.0000000000008200    0.0000000000008097
39.0    0.0000000000009170    0.0000000000009114    0.0000000000009159    0.0000000000009224    0.0000000000009233
41.0    0.0000000000010115    0.0000000000009868    0.0000000000010188    0.0000000000010055    0.0000000000010320
43.0    0.0000000000011125    0.0000000000010638    0.0000000000011351    0.0000000000010973    0.0000000000011465
45.0    0.0000000000012475    0.0000000000011726    0.0000000000012847    0.0000000000012251    0.0000000000012934
47.0    0.0000000000014386    0.0000000000013525    0.0000000000014839    0.0000000000014147    0.0000000000015056
49.0    0.0000000000017268    0.0000000000016232    0.0000000000017595    0.0000000000016959    0.0000000000017987
51.0    0.0000000000021153    0.0000000000020074    0.0000000000021361    0.0000000000021008    0.0000000000021814
53.0    0.0000000000025986    0.0000000000025187    0.0000000000025973    0.0000000000026077    0.0000000000026239
55.0    0.0000000000031459    0.0000000000031135    0.0000000000030949    0.0000000000031604    0.0000000000031183
57.0    0.0000000000036907    0.0000000000037383    0.0000000000036109    0.0000000000037583    0.0000000000036499
59.0    0.0000000000042243    0.0000000000043061    0.0000000000041216    0.0000000000043167    0.0000000000041503
61.0    0.0000000000046720    0.0000000000047800    0.0000000000045561    0.0000000000047574    0.0000000000045724
63.0    0.0000000000049888    0.0000000000051243    0.0000000000048654    0.0000000000050747    0.0000000000048792
65.0    0.0000000000051562    0.0000000000052885    0.0000000000050474    0.0000000000052266    0.0000000000050478
67.0    0.0000000000051729    0.0000000000052756    0.0000000000051039    0.0000000000052185    0.0000000000050921
69.0    0.0000000000050694    0.0000000000051285    0.0000000000050435    0.0000000000050823    0.0000000000050293
71.0    0.0000000000048961    0.0000000000048994    0.0000000000049107    0.0000000000048695    0.0000000000048909
73.0    0.0000000000046911    0.0000000000046404    0.0000000000047450    0.0000000000046489    0.0000000000047221
75.0    0.0000000000045101    0.0000000000044224    0.0000000000045812    0.0000000000044559    0.0000000000045718
77.0    0.0000000000043919    0.0000000000042912    0.0000000000044621    0.0000000000043390    0.0000000000044639
79.0    0.0000000000043530    0.0000000000042655    0.0000000000044084    0.0000000000043160    0.0000000000044133
81.0    0.0000000000043897    0.0000000000043345    0.0000000000044174    0.0000000000043781    0.0000000000044274
83.0    0.0000000000044849    0.0000000000044768    0.0000000000044791    0.0000000000045004    0.0000000000044914
85.0    0.0000000000046056    0.0000000000046486    0.0000000000045691    0.0000000000046389    0.0000000000045758
87.0    0.0000000000047155    0.0000000000048024    0.0000000000046532    0.0000000000047644    0.0000000000046553
89.0    0.0000000000047821    0.0000000000048945    0.0000000000047078    0.0000000000048352    0.0000000000047056
91.0    0.0000000000047801    0.0000000000049043    0.0000000000047116    0.0000000000048279    0.0000000000047012
93.0    0.0000000000047008    0.0000000000048176    0.0000000000046485    0.0000000000047390    0.0000000000046306
95.0    0.0000000000045529    0.0000000000046373    0.0000000000045246    0.0000000000045642    0.0000000000044942
97.0    0.0000000000043385    0.0000000000043838    0.0000000000043461    0.0000000000043254    0.0000000000043117
99.0    0.0000000000040853    0.0000000000040993    0.0000000000041200    0.0000000000040608    0.0000000000040939
101.0    0.0000000000038186    0.0000000000038049    0.0000000000038744    0.0000000000037757    0.0000000000038505
103.0    0.0000000000035631    0.0000000000035184    0.0000000000036413    0.0000000000035086    0.0000000000036117
105.0    0.0000000000033471    0.0000000000032755    0.0000000000034282    0.0000000000032898    0.0000000000033958
107.0    0.0000000000031649    0.0000000000030901    0.0000000000032395    0.0000000000031116    0.0000000000032216
109.0    0.0000000000030302    0.0000000000029687    0.0000000000030921    0.0000000000029866    0.0000000000030854
111.0    0.0000000000029413    0.0000000000028985    0.0000000000029895    0.0000000000029131    0.0000000000029826
113.0    0.0000000000028886    0.0000000000028663    0.0000000000029206    0.0000000000028733    0.0000000000029143
115.0    0.0000000000028617    0.0000000000028595    0.0000000000028752    0.0000000000028565    0.0000000000028714
117.0    0.0000000000028459    0.0000000000028614    0.0000000000028464    0.0000000000028491    0.0000000000028444
119.0    0.0000000000028314    0.0000000000028584    0.0000000000028249    0.0000000000028382    0.0000000000028223
121.0    0.0000000000028098    0.0000000000028410    0.0000000000028018    0.0000000000028162    0.0000000000027970
123.0    0.0000000000027767    0.0000000000028046    0.0000000000027710    0.0000000000027808    0.0000000000027647
125.0    0.0000000000027312    0.0000000000027498    0.0000000000027311    0.0000000000027296    0.0000000000027235
127.0    0.0000000000026762    0.0000000000026846    0.0000000000026853    0.0000000000026680    0.0000000000026749
129.0    0.0000000000026189    0.0000000000026137    0.0000000000026347    0.0000000000026051    0.0000000000026243
131.0    0.0000000000025602    0.0000000000025424    0.0000000000025814    0.0000000000025422    0.0000000000025740
133.0    0.0000000000025081    0.0000000000024812    0.0000000000025321    0.0000000000024882    0.0000000000025261
135.0    0.0000000000024671    0.0000000000024360    0.0000000000024924    0.0000000000024496    0.0000000000024867
137.0    0.0000000000024397    0.0000000000024101    0.0000000000024630    0.0000000000024252    0.0000000000024584
139.0    0.0000000000024268    0.0000000000024020    0.0000000000024440    0.0000000000024165    0.0000000000024425
141.0    0.0000000000024260    0.0000000000024092    0.0000000000024367    0.0000000000024210    0.0000000000024370
143.0    0.0000000000024349    0.0000000000024279    0.0000000000024389    0.0000000000024345    0.0000000000024403
145.0    0.0000000000024498    0.0000000000024522    0.0000000000024475    0.0000000000024536    0.0000000000024498
147.0    0.0000000000024666    0.0000000000024755    0.0000000000024601    0.0000000000024732    0.0000000000024625
149.0    0.0000000000024814    0.0000000000024943    0.0000000000024736    0.0000000000024889    0.0000000000024749
151.0    0.0000000000024930    0.0000000000025061    0.0000000000024852    0.0000000000024996    0.0000000000024858
153.0    0.0000000000024999    0.0000000000025088    0.0000000000024944    0.0000000000025041    0.0000000000024945
155.0    0.0000000000025026    0.0000000000025034    0.0000000000025016    0.0000000000025034    0.0000000000025009
157.0    0.0000000000025033    0.0000000000024934    0.0000000000025077    0.0000000000025002    0.0000000000025066
159.0    0.0000000000025050    0.0000000000024827    0.0000000000025148    0.0000000000024984    0.0000000000025143
161.0    0.0000000000025119    0.0000000000024758    0.0000000000025262    0.0000000000025022    0.0000000000025266
163.0    0.0000000000025274    0.0000000000024787    0.0000000000025463    0.0000000000025169    0.0000000000025474
165.0    0.0000000000025570    0.0000000000024965    0.0000000000025787    0.0000000000025467    0.0000000000025817
167.0    0.0000000000026040    0.0000000000025318    0.0000000000026249    0.0000000000025936    0.0000000000026327
169.0    0.0000000000026721    0.0000000000025885    0.0000000000026892    0.0000000000026649    0.0000000000027037
171.0    0.0000000000027634    0.0000000000026720    0.0000000000027780    0.0000000000027610    0.0000000000027928
173.0    0.0000000000028752    0.0000000000027823    0.0000000000028916    0.0000000000028783    0.0000000000029051
175.0    0.0000000000030181    0.0000000000029204    0.0000000000030250    0.0000000000030285    0.0000000000030481
177.0    0.0000000000031884    0.0000000000030796    0.0000000000031843    0.0000000000032070    0.0000000000032187
179.0    0.0000000000033877    0.0000000000032659    0.0000000000033784    0.0000000000034056    0.0000000000034181
181.0    0.0000000000036157    0.0000000000034882    0.0000000000036020    0.0000000000036427    0.0000000000036366
183.0    0.0000000000038739    0.0000000000037407    0.0000000000038442    0.0000000000039100    0.0000000000038829
185.0    0.0000000000041620    0.0000000000040243    0.0000000000041149    0.0000000000041952    0.0000000000041696
187.0    0.0000000000044676    0.0000000000043271    0.0000000000044273    0.0000000000045095    0.0000000000044870
189.0    0.0000000000048165    0.0000000000046607    0.0000000000047708    0.0000000000048697    0.0000000000048353
191.0    0.0000000000051960    0.0000000000050401    0.0000000000051287    0.0000000000052616    0.0000000000052142
193.0    0.0000000000056063    0.0000000000054526    0.0000000000055151    0.0000000000056663    0.0000000000056055
195.0    0.0000000000060457    0.0000000000058971    0.0000000000059472    0.0000000000061194    0.0000000000060242
197.0    0.0000000000064943    0.0000000000063528    0.0000000000064080    0.0000000000066009    0.0000000000064885
199.0    0.0000000000069876    0.0000000000068343    0.0000000000068752    0.0000000000070866    0.0000000000069796
201.0    0.0000000000075052    0.0000000000073590    0.0000000000073664    0.0000000000076186    0.0000000000074959
203.0    0.0000000000080458    0.0000000000079051    0.0000000000079028    0.0000000000081724    0.0000000000080128
205.0    0.0000000000086071    0.0000000000084698    0.0000000000084623    0.0000000000087213    0.0000000000085506
207.0    0.0000000000091650    0.0000000000090281    0.0000000000090192    0.0000000000093142    0.0000000000091329
209.0    0.0000000000097657    0.0000000000096010    0.0000000000095969    0.0000000000099260    0.0000000000097371
211.0    0.0000000000103869    0.0000000000102124    0.0000000000102218    0.0000000000105303    0.0000000000103639
213.0    0.0000000000110311    0.0000000000108419    0.0000000000108711    0.0000000000111844    0.0000000000109874
215.0    0.0000000000117005    0.0000000000114933    0.0000000000115184    0.0000000000118645    0.0000000000116362
217.0    0.0000000000124001    0.0000000000121447    0.0000000000121938    0.0000000000125441    0.0000000000123431
219.0    0.0000000000131338    0.0000000000128270    0.0000000000129319    0.0000000000132906    0.0000000000130850
221.0    0.0000000000138757    0.0000000000135752    0.0000000000137090    0.0000000000140788    0.0000000000138668
223.0    0.0000000000146930    0.0000000000143697    0.0000000000144946    0.0000000000148780    0.0000000000146934
225.0    0.0000000000155600    0.0000000000152170    0.0000000000153257    0.0000000000157666    0.0000000000155320
227.0    0.0000000000164830    0.0000000000160867    0.0000000000162450    0.0000000000167132    0.0000000000164214
229.0    0.0000000000174648    0.0000000000170154    0.0000000000172222    0.0000000000176780    0.0000000000174064
231.0    0.0000000000184670    0.0000000000180461    0.0000000000182162    0.0000000000187522    0.0000000000184536
233.0    0.0000000000195760    0.0000000000191458    0.0000000000192708    0.0000000000198943    0.0000000000195662
235.0    0.0000000000207520    0.0000000000202692    0.0000000000204368    0.0000000000210535    0.0000000000206955
237.0    0.0000000000219986    0.0000000000214594    0.0000000000216723    0.0000000000222785    0.0000000000218897
239.0    0.0000000000233149    0.0000000000227672    0.0000000000229227    0.0000000000236310    0.0000000000232048
241.0    0.0000000000247037    0.0000000000241474    0.0000000000242403    0.0000000000250560    0.0000000000245919
243.0    0.0000000000261637    0.0000000000256007    0.0000000000256861    0.0000000000264890    0.0000000000260519
245.0    0.0000000000276341    0.0000000000270677    0.0000000000272054    0.0000000000280608    0.0000000000275852
247.0    0.0000000000292380    0.0000000000286055    0.0000000000287301    0.0000000000297067    0.0000000000291233
249.0    0.0000000000309139    0.0000000000302798    0.0000000000303234    0.0000000000313523    0.0000000000307297
251.0    0.0000000000326636    0.0000000000320324    0.0000000000320568    0.0000000000331468    0.0000000000324768
253.0    0.0000000000344841    0.0000000000338636    0.0000000000338622    0.0000000000350145    0.0000000000342954
255.0    0.0000000000362980    0.0000000000356974    0.0000000000356575    0.0000000000368691    0.0000000000361835
257.0    0.0000000000382535    0.0000000000376022    0.0000000000375153    0.0000000000388758    0.0000000000380549
259.0    0.0000000000402710    0.0000000000396531    0.0000000000395157    0.0000000000409458    0.0000000000399844
261.0    0.0000000000423468    0.0000000000417698    0.0000000000415748    0.0000000000429807    0.0000000000420535
263.0    0.0000000000444728    0.0000000000439445    0.0000000000435974    0.0000000000451580    0.0000000000441737
265.0    0.0000000000465550    0.0000000000460811    0.0000000000456631    0.0000000000473771    0.0000000000463381
267.0    0.0000000000487589    0.0000000000482534    0.0000000000478566    0.0000000000495312    0.0000000000484464
269.0    0.0000000000509894    0.0000000000505391    0.0000000000500813    0.0000000000518068    0.0000000000505813
271.0    0.0000000000532387    0.0000000000528414    0.0000000000522352    0.0000000000540972    0.0000000000528293
273.0    0.0000000000554982    0.0000000000551500    0.0000000000544037    0.0000000000562942    0.0000000000550904
275.0    0.0000000000577608    0.0000000000573677    0.0000000000566747    0.0000000000585902    0.0000000000573575
277.0    0.0000000000600203    0.0000000000595770    0.0000000000588531    0.0000000000608795    0.0000000000596244
279.0    0.0000000000621816    0.0000000000618613    0.0000000000610280    0.0000000000630584    0.0000000000617916
281.0    0.0000000000644210    0.0000000000641288    0.0000000000632895    0.0000000000652236    0.0000000000639497
283.0    0.0000000000666455    0.0000000000663785    0.0000000000655385    0.0000000000674703    0.0000000000661887
285.0    0.0000000000688526    0.0000000000685249    0.0000000000676795    0.0000000000696986    0.0000000000684116
287.0    0.0000000000710411    0.0000000000706552    0.0000000000698037    0.0000000000718114    0.0000000000706162
289.0    0.0000000000731227    0.0000000000728545    0.0000000000720005    0.0000000000739996    0.0000000000727100
291.0    0.0000000000752693    0.0000000000750371    0.0000000000741747    0.0000000000761657    0.0000000000747827
293.0    0.0000000000773920    0.0000000000772018    0.0000000000762351    0.0000000000782144    0.0000000000769211
295.0    0.0000000000794873    0.0000000000792638    0.0000000000782698    0.0000000000803287    0.0000000000790315
297.0    0.0000000000815523    0.0000000000813023    0.0000000000803627    0.0000000000824113    0.0000000000811101
299.0    0.0000000000835013    0.0000000000833919    0.0000000000824209    0.0000000000843683    0.0000000000830687
301.0    0.0000000000854920    0.0000000000854430    0.0000000000843570    0.0000000000863718    0.0000000000849896
303.0    0.0000000000874378    0.0000000000874472    0.0000000000862524    0.0000000000883271    0.0000000000869499
305.0    0.0000000000893322    0.0000000000893228    0.0000000000881834    0.0000000000901456    0.0000000000888600
307.0    0.0000000000911717    0.0000000000911397    0.0000000000900617    0.0000000000919874    0.0000000000907155
309.0    0.0000000000929504    0.0000000000929617    0.0000000000918092    0.0000000000937656    0.0000000000925124
311.0    0.0000000000946670    0.0000000000947097    0.0000000000935011    0.0000000000954030    0.0000000000941772
313.0    0.0000000000962538    0.0000000000963811    0.0000000000952067    0.0000000000970474    0.0000000000957834
315.0    0.0000000000978429    0.0000000000979165    0.0000000000968498    0.0000000000986248    0.0000000000973980
317.0    0.0000000000993696    0.0000000000993823    0.0000000000983667    0.0000000001000718    0.0000000000989505
319.0    0.0000000001008353    0.0000000001008388    0.0000000000998277    0.0000000001015240    0.0000000001004435
321.0    0.0000000001022458    0.0000000001022321    0.0000000001012968    0.0000000001029209    0.0000000001018223
323.0    0.0000000001035521    0.0000000001035703    0.0000000001027130    0.0000000001042100    0.0000000001031535
325.0    0.0000000001048691    0.0000000001048131    0.0000000001040256    0.0000000001055156    0.0000000001044983
327.0    0.0000000001061478    0.0000000001060206    0.0000000001052988    0.0000000001067859    0.0000000001058033
329.0    0.0000000001073946    0.0000000001072477    0.0000000001065916    0.0000000001079735    0.0000000001070745
331.0    0.0000000001086162    0.0000000001084531    0.0000000001078538    0.0000000001091404    0.0000000001082669
333.0    0.0000000001098175    0.0000000001096428    0.0000000001090396    0.0000000001103437    0.0000000001094380
335.0    0.0000000001110036    0.0000000001107777    0.0000000001102067    0.0000000001115341    0.0000000001106428
337.0    0.0000000001121315    0.0000000001119064    0.0000000001114089    0.0000000001126645    0.0000000001118337
339.0    0.0000000001132979    0.0000000001130760    0.0000000001125988    0.0000000001138400    0.0000000001130143
341.0    0.0000000001144588    0.0000000001142429    0.0000000001137306    0.0000000001150108    0.0000000001141871
343.0    0.0000000001156148    0.0000000001154074    0.0000000001148556    0.0000000001161275    0.0000000001153055
345.0    0.0000000001167675    0.0000000001165250    0.0000000001160243    0.0000000001172921    0.0000000001164195
347.0    0.0000000001178711    0.0000000001176398    0.0000000001171889    0.0000000001184539    0.0000000001175784
349.0    0.0000000001190179    0.0000000001187965    0.0000000001183015    0.0000000001195629    0.0000000001187341
351.0    0.0000000001201621    0.0000000001199496    0.0000000001194113    0.0000000001207194    0.0000000001198869
353.0    0.0000000001213037    0.0000000001210554    0.0000000001205666    0.0000000001218733    0.0000000001209891
355.0    0.0000000001224425    0.0000000001221585    0.0000000001217190    0.0000000001229748    0.0000000001220889
357.0    0.0000000001235337    0.0000000001233030    0.0000000001228211    0.0000000001241233    0.0000000001232342
359.0    0.0000000001246678    0.0000000001244458    0.0000000001239208    0.0000000001252695    0.0000000001243771
361.0    0.0000000001257994    0.0000000001255872    0.0000000001250654    0.0000000001263636    0.0000000001255173
363.0    0.0000000001269285    0.0000000001266838    0.0000000001262074    0.0000000001275051    0.0000000001266077
365.0    0.0000000001280550    0.0000000001277796    0.0000000001272990    0.0000000001286438    0.0000000001276954
367.0    0.0000000001291782    0.0000000001289185    0.0000000001283873    0.0000000001297303    0.0000000001288273
369.0    0.0000000001302978    0.0000000001300558    0.0000000001295193    0.0000000001308622    0.0000000001299555
371.0    0.0000000001313685    0.0000000001311904    0.0000000001306468    0.0000000001319894    0.0000000001310792
373.0    0.0000000001324785    0.0000000001322778    0.0000000001317223    0.0000000001330622    0.0000000001321972
375.0    0.0000000001335819    0.0000000001333600    0.0000000001327919    0.0000000001341283    0.0000000001332625
377.0    0.0000000001346776    0.0000000001344785    0.0000000001339008    0.0000000001352342    0.0000000001343205
379.0    0.0000000001357637    0.0000000001355875    0.0000000001350013    0.0000000001363300    0.0000000001354155
381.0    0.0000000001367965    0.0000000001366856    0.0000000001360463    0.0000000001373672    0.0000000001365000
383.0    0.0000000001378603    0.0000000001377292    0.0000000001370808    0.0000000001384382    0.0000000001375725
385.0    0.0000000001389108    0.0000000001387592    0.0000000001381479    0.0000000001394953    0.0000000001385879
387.0    0.0000000001399463    0.0000000001398146    0.0000000001392018    0.0000000001404913    0.0000000001395898
389.0    0.0000000001409665    0.0000000001408530    0.0000000001401976    0.0000000001415160    0.0000000001406198
391.0    0.0000000001419698    0.0000000001418729    0.0000000001411790    0.0000000001425235    0.0000000001416339
393.0    0.0000000001429566    0.0000000001428356    0.0000000001421872    0.0000000001434705    0.0000000001426305
395.0    0.0000000001438874    0.0000000001437797    0.0000000001431785    0.0000000001444426    0.0000000001435694
397.0    0.0000000001448401    0.0000000001447415    0.0000000001441130    0.0000000001453972    0.0000000001444916
399.0    0.0000000001457760    0.0000000001456828    0.0000000001450326    0.0000000001462941    0.0000000001454372
401.0    0.0000000001466957    0.0000000001466032    0.0000000001459766    0.0000000001472156    0.0000000001463658
403.0    0.0000000001476013    0.0000000001474690    0.0000000001469065    0.0000000001481232    0.0000000001472793
405.0    0.0000000001484588    0.0000000001483160    0.0000000001477859    0.0000000001489800    0.0000000001481792
407.0    0.0000000001493424    0.0000000001491788    0.0000000001486564    0.0000000001498670    0.0000000001490311
409.0    0.0000000001502201    0.0000000001500247    0.0000000001495585    0.0000000001507496    0.0000000001498762
411.0    0.0000000001510966    0.0000000001508566    0.0000000001504587    0.0000000001515943    0.0000000001507550
413.0    0.0000000001519775    0.0000000001516475    0.0000000001513246    0.0000000001524848    0.0000000001516361
415.0    0.0000000001528345    0.0000000001524335    0.0000000001522004    0.0000000001533909    0.0000000001525267
417.0    0.0000000001537473    0.0000000001532533    0.0000000001531322    0.0000000001542813    0.0000000001533969
419.0    0.0000000001546904    0.0000000001540839    0.0000000001540923    0.0000000001552481    0.0000000001542928
421.0    0.0000000001556775    0.0000000001549358    0.0000000001550492    0.0000000001562654    0.0000000001552665
423.0    0.0000000001567208    0.0000000001557869    0.0000000001560554    0.0000000001573002    0.0000000001562931
425.0    0.0000000001578388    0.0000000001566841    0.0000000001571713    0.0000000001584115    0.0000000001573893
427.0    0.0000000001590475    0.0000000001576818    0.0000000001583722    0.0000000001596757    0.0000000001585726
429.0    0.0000000001603139    0.0000000001587657    0.0000000001596200    0.0000000001610631    0.0000000001598068
431.0    0.0000000001617658    0.0000000001599587    0.0000000001609843    0.0000000001625315    0.0000000001611613
433.0    0.0000000001633743    0.0000000001612317    0.0000000001625521    0.0000000001642402    0.0000000001627242
435.0    0.0000000001651705    0.0000000001626560    0.0000000001642934    0.0000000001661507    0.0000000001644667
437.0    0.0000000001671778    0.0000000001643242    0.0000000001661487    0.0000000001681994    0.0000000001664174
439.0    0.0000000001693353    0.0000000001662164    0.0000000001682171    0.0000000001706041    0.0000000001685087
441.0    0.0000000001718538    0.0000000001683677    0.0000000001706266    0.0000000001733043    0.0000000001708508
443.0    0.0000000001746742    0.0000000001707132    0.0000000001733259    0.0000000001762013    0.0000000001735878
445.0    0.0000000001778388    0.0000000001733708    0.0000000001762120    0.0000000001795923    0.0000000001766592
447.0    0.0000000001813706    0.0000000001764968    0.0000000001794274    0.0000000001833798    0.0000000001800993
449.0    0.0000000001851448    0.0000000001800334    0.0000000001831575    0.0000000001874130    0.0000000001837704
451.0    0.0000000001895065    0.0000000001840200    0.0000000001873046    0.0000000001920907    0.0000000001878457
453.0    0.0000000001943287    0.0000000001883106    0.0000000001916958    0.0000000001972592    0.0000000001925507
455.0    0.0000000001996521    0.0000000001930921    0.0000000001965304    0.0000000002026987    0.0000000001977502
457.0    0.0000000002054889    0.0000000001986078    0.0000000002020639    0.0000000002089283    0.0000000002034717
459.0    0.0000000002118754    0.0000000002047117    0.0000000002081235    0.0000000002157210    0.0000000002097387
461.0    0.0000000002188152    0.0000000002114295    0.0000000002144395    0.0000000002227719    0.0000000002162715
463.0    0.0000000002260209    0.0000000002184844    0.0000000002212794    0.0000000002307336    0.0000000002233451
465.0    0.0000000002341016    0.0000000002261493    0.0000000002289742    0.0000000002392904    0.0000000002313006
467.0    0.0000000002427596    0.0000000002347634    0.0000000002372490    0.0000000002480438    0.0000000002398516
469.0    0.0000000002520072    0.0000000002440391    0.0000000002457203    0.0000000002573432    0.0000000002489968
471.0    0.0000000002618198    0.0000000002535727    0.0000000002547283    0.0000000002676394    0.0000000002583073
473.0    0.0000000002717673    0.0000000002637082    0.0000000002646771    0.0000000002784896    0.0000000002681515
475.0    0.0000000002826567    0.0000000002748549    0.0000000002751732    0.0000000002893728    0.0000000002789606
477.0    0.0000000002940453    0.0000000002865936    0.0000000002857205    0.0000000003012442    0.0000000002902949
479.0    0.0000000003059107    0.0000000002988864    0.0000000002967283    0.0000000003135695    0.0000000003021204
481.0    0.0000000003181997    0.0000000003111835    0.0000000003086608    0.0000000003257498    0.0000000003138735
483.0    0.0000000003308762    0.0000000003239094    0.0000000003210103    0.0000000003388405    0.0000000003260050
485.0    0.0000000003438788    0.0000000003375331    0.0000000003331908    0.0000000003522325    0.0000000003390094
487.0    0.0000000003566217    0.0000000003514924    0.0000000003456685    0.0000000003652734    0.0000000003523139
489.0    0.0000000003701080    0.0000000003657175    0.0000000003589454    0.0000000003790848    0.0000000003658585
491.0    0.0000000003837455    0.0000000003795770    0.0000000003724273    0.0000000003930095    0.0000000003795793
493.0    0.0000000003974735    0.0000000003935478    0.0000000003854814    0.0000000004063732    0.0000000003928328
495.0    0.0000000004112238    0.0000000004081195    0.0000000003986103    0.0000000004203225    0.0000000004061287
497.0    0.0000000004243844    0.0000000004226577    0.0000000004123258    0.0000000004341838    0.0000000004199832
499.0    0.0000000004379877    0.0000000004370858    0.0000000004259929    0.0000000004472956    0.0000000004337510
501.0    0.0000000004514236    0.0000000004507867    0.0000000004389867    0.0000000004607860    0.0000000004473660
503.0    0.0000000004646248    0.0000000004642493    0.0000000004518180    0.0000000004739986    0.0000000004602134
505.0    0.0000000004775400    0.0000000004779375    0.0000000004649796    0.0000000004863173    0.0000000004728044
507.0    0.0000000004896131    0.0000000004912425    0.0000000004778500    0.0000000004988079    0.0000000004856207
509.0    0.0000000005018000    0.0000000005041065    0.0000000004898633    0.0000000005108636    0.0000000004980535
511.0    0.0000000005135537    0.0000000005160144    0.0000000005015092    0.0000000005219382    0.0000000005100537
513.0    0.0000000005248210    0.0000000005274195    0.0000000005132348    0.0000000005325345    0.0000000005211113
515.0    0.0000000005355792    0.0000000005387204    0.0000000005244809    0.0000000005430658    0.0000000005316913
517.0    0.0000000005457846    0.0000000005494142    0.0000000005347791    0.0000000005530240    0.0000000005422014
519.0    0.0000000005554271    0.0000000005594748    0.0000000005445706    0.0000000005619814    0.0000000005521402
521.0    0.0000000005641262    0.0000000005685379    0.0000000005542346    0.0000000005707366    0.0000000005614861
523.0    0.0000000005725925    0.0000000005769783    0.0000000005633102    0.0000000005788723    0.0000000005702227
525.0    0.0000000005804552    0.0000000005851020    0.0000000005714463    0.0000000005860570    0.0000000005780176
527.0    0.0000000005876939    0.0000000005925516    0.0000000005790125    0.0000000005929432    0.0000000005852298
529.0    0.0000000005943258    0.0000000005993313    0.0000000005863080    0.0000000005992082    0.0000000005921467
531.0    0.0000000006001141    0.0000000006052294    0.0000000005929870    0.0000000006046141    0.0000000005984396
533.0    0.0000000006055491    0.0000000006105182    0.0000000005988167    0.0000000006096637    0.0000000006041170
535.0    0.0000000006104012    0.0000000006153993    0.0000000006040825    0.0000000006141257    0.0000000006089934
537.0    0.0000000006146696    0.0000000006196636    0.0000000006089991    0.0000000006178478    0.0000000006133187
539.0    0.0000000006183868    0.0000000006233321    0.0000000006133353    0.0000000006211884    0.0000000006172727
541.0    0.0000000006215576    0.0000000006263229    0.0000000006169657    0.0000000006239991    0.0000000006206704
543.0    0.0000000006242173    0.0000000006288002    0.0000000006200879    0.0000000006262027    0.0000000006235329
545.0    0.0000000006263013    0.0000000006308685    0.0000000006228358    0.0000000006280237    0.0000000006257986
547.0    0.0000000006280066    0.0000000006324418    0.0000000006250008    0.0000000006293865    0.0000000006276084
549.0    0.0000000006292702    0.0000000006335482    0.0000000006267187    0.0000000006302764    0.0000000006290449
551.0    0.0000000006301059    0.0000000006342013    0.0000000006280683    0.0000000006307998    0.0000000006300423
553.0    0.0000000006305495    0.0000000006344699    0.0000000006289869    0.0000000006309420    0.0000000006306260
555.0    0.0000000006306231    0.0000000006343759    0.0000000006294888    0.0000000006307379    0.0000000006308223
557.0    0.0000000006303574    0.0000000006339268    0.0000000006296358    0.0000000006301940    0.0000000006306731
559.0    0.0000000006297731    0.0000000006331498    0.0000000006294432    0.0000000006293445    0.0000000006302101
561.0    0.0000000006288862    0.0000000006321198    0.0000000006289191    0.0000000006282617    0.0000000006294233
563.0    0.0000000006277280    0.0000000006308305    0.0000000006281304    0.0000000006269382    0.0000000006283482
565.0    0.0000000006263763    0.0000000006292435    0.0000000006270768    0.0000000006253173    0.0000000006270081
567.0    0.0000000006247403    0.0000000006274271    0.0000000006257234    0.0000000006234799    0.0000000006254979
569.0    0.0000000006228960    0.0000000006254030    0.0000000006241304    0.0000000006215344    0.0000000006237812
571.0    0.0000000006208580    0.0000000006232819    0.0000000006223998    0.0000000006193230    0.0000000006217944
573.0    0.0000000006186496    0.0000000006210035    0.0000000006204839    0.0000000006169518    0.0000000006196253
575.0    0.0000000006162837    0.0000000006184881    0.0000000006183092    0.0000000006145467    0.0000000006172920
577.0    0.0000000006137800    0.0000000006158395    0.0000000006159713    0.0000000006119044    0.0000000006149187
579.0    0.0000000006112588    0.0000000006130729    0.0000000006135948    0.0000000006091485    0.0000000006124230
581.0    0.0000000006085235    0.0000000006103158    0.0000000006110961    0.0000000006064165    0.0000000006097045
583.0    0.0000000006056917    0.0000000006074735    0.0000000006083749    0.0000000006034715    0.0000000006068821
585.0    0.0000000006027722    0.0000000006044405    0.0000000006055501    0.0000000006004491    0.0000000006039681
587.0    0.0000000005997783    0.0000000006013384    0.0000000006027576    0.0000000005974935    0.0000000006009743
589.0    0.0000000005968417    0.0000000005983000    0.0000000005998901    0.0000000005943448    0.0000000005980397
591.0    0.0000000005937264    0.0000000005952141    0.0000000005968290    0.0000000005911456    0.0000000005950486
593.0    0.0000000005905625    0.0000000005919625    0.0000000005937062    0.0000000005880442    0.0000000005918760
595.0    0.0000000005873556    0.0000000005886747    0.0000000005906643    0.0000000005847650    0.0000000005886586
597.0    0.0000000005841133    0.0000000005853560    0.0000000005875797    0.0000000005814546    0.0000000005854024
599.0    0.0000000005809718    0.0000000005821413    0.0000000005843230    0.0000000005782635    0.0000000005822520
601.0    0.0000000005776745    0.0000000005789076    0.0000000005810327    0.0000000005749058    0.0000000005790758
603.0    0.0000000005743563    0.0000000005755282    0.0000000005778534    0.0000000005715305    0.0000000005757398
605.0    0.0000000005710206    0.0000000005721356    0.0000000005746523    0.0000000005682883    0.0000000005723852
607.0    0.0000000005676714    0.0000000005687328    0.0000000005712933    0.0000000005650358    0.0000000005690153
609.0    0.0000000005643112    0.0000000005654539    0.0000000005679185    0.0000000005616267    0.0000000005657746
611.0    0.0000000005609424    0.0000000005621702    0.0000000005646726    0.0000000005582113    0.0000000005625258
613.0    0.0000000005577025    0.0000000005587514    0.0000000005614174    0.0000000005549399    0.0000000005591285
615.0    0.0000000005543232    0.0000000005553305    0.0000000005580137    0.0000000005515167    0.0000000005557263
617.0    0.0000000005509413    0.0000000005519091    0.0000000005546039    0.0000000005480921    0.0000000005523207
619.0    0.0000000005475575    0.0000000005486196    0.0000000005513330    0.0000000005448157    0.0000000005489130
621.0    0.0000000005441732    0.0000000005453310    0.0000000005480597    0.0000000005413909    0.0000000005456470
623.0    0.0000000005409248    0.0000000005419129    0.0000000005446430    0.0000000005379674    0.0000000005423810
625.0    0.0000000005375423    0.0000000005384973    0.0000000005412261    0.0000000005346943    0.0000000005389738
627.0    0.0000000005341613    0.0000000005350844    0.0000000005379524    0.0000000005312747    0.0000000005355683
629.0    0.0000000005307828    0.0000000005318057    0.0000000005346797    0.0000000005278580    0.0000000005321652
631.0    0.0000000005274070    0.0000000005285304    0.0000000005312669    0.0000000005245928    0.0000000005289062
633.0    0.0000000005240342    0.0000000005251276    0.0000000005278564    0.0000000005211825    0.0000000005256502
635.0    0.0000000005206647    0.0000000005217285    0.0000000005245908    0.0000000005177755    0.0000000005222555
637.0    0.0000000005174331    0.0000000005183332    0.0000000005213282    0.0000000005145206    0.0000000005188643
639.0    0.0000000005140705    0.0000000005150725    0.0000000005179268    0.0000000005111212    0.0000000005154768
641.0    0.0000000005107117    0.0000000005118153    0.0000000005145292    0.0000000005077260    0.0000000005120930
643.0    0.0000000005073568    0.0000000005084315    0.0000000005112764    0.0000000005044818    0.0000000005088538
645.0    0.0000000005040058    0.0000000005050520    0.0000000005080274    0.0000000005010945    0.0000000005056182
647.0    0.0000000005007926    0.0000000005016764    0.0000000005046410    0.0000000004977112    0.0000000005022458
649.0    0.0000000004974495    0.0000000004984343    0.0000000005012583    0.0000000004944792    0.0000000004988775
651.0    0.0000000004941106    0.0000000004951962    0.0000000004980207    0.0000000004911045    0.0000000004955131
653.0    0.0000000004907760    0.0000000004918322    0.0000000004947870    0.0000000004877343    0.0000000004922928
655.0    0.0000000004874454    0.0000000004884725    0.0000000004914170    0.0000000004845148    0.0000000004890766
657.0    0.0000000004842524    0.0000000004851170    0.0000000004880512    0.0000000004812994    0.0000000004857248
659.0    0.0000000004809310    0.0000000004818942    0.0000000004848301    0.0000000004779429    0.0000000004823771
661.0    0.0000000004776140    0.0000000004786755    0.0000000004816131    0.0000000004745911    0.0000000004790339
663.0    0.0000000004743020    0.0000000004753323    0.0000000004782608    0.0000000004713899    0.0000000004758343
665.0    0.0000000004709949    0.0000000004719938    0.0000000004749136    0.0000000004680487    0.0000000004726394
667.0    0.0000000004676932    0.0000000004686598    0.0000000004717105    0.0000000004647127    0.0000000004693103
669.0    0.0000000004643967    0.0000000004654586    0.0000000004685125    0.0000000004615275    0.0000000004659866
671.0    0.0000000004612377    0.0000000004622624    0.0000000004651809    0.0000000004582037    0.0000000004626683
673.0    0.0000000004579531    0.0000000004589434    0.0000000004618552    0.0000000004548865    0.0000000004593557
675.0    0.0000000004546750    0.0000000004556304    0.0000000004586738    0.0000000004517197    0.0000000004561870
677.0    0.0000000004514033    0.0000000004523234    0.0000000004554985    0.0000000004484167    0.0000000004530243
679.0    0.0000000004481389    0.0000000004491496    0.0000000004521918    0.0000000004451211    0.0000000004497306
681.0    0.0000000004450126    0.0000000004459825    0.0000000004488925    0.0000000004419768    0.0000000004464443
683.0    0.0000000004417638    0.0000000004426959    0.0000000004457380    0.0000000004386983    0.0000000004431657
685.0    0.0000000004385238    0.0000000004394172    0.0000000004425908    0.0000000004354292    0.0000000004400315
687.0    0.0000000004352927    0.0000000004361468    0.0000000004393155    0.0000000004323115    0.0000000004369054
689.0    0.0000000004320716    0.0000000004330112    0.0000000004360497    0.0000000004290627    0.0000000004336527
691.0    0.0000000004288608    0.0000000004298846    0.0000000004329291    0.0000000004258253    0.0000000004304097
693.0    0.0000000004256613    0.0000000004266429    0.0000000004298182    0.0000000004227397    0.0000000004271778
695.0    0.0000000004226009    0.0000000004234125    0.0000000004265830    0.0000000004195268    0.0000000004240911
697.0    0.0000000004194252    0.0000000004201939    0.0000000004233596    0.0000000004163270    0.0000000004210154
699.0    0.0000000004162625    0.0000000004171113    0.0000000004202823    0.0000000004132800    0.0000000004178186
701.0    0.0000000004131140    0.0000000004140412    0.0000000004172173    0.0000000004102465    0.0000000004146354
703.0    0.0000000004099798    0.0000000004108623    0.0000000004140330    0.0000000004070909    0.0000000004114668
705.0    0.0000000004069859    0.0000000004076987    0.0000000004108631    0.0000000004039517    0.0000000004083130
707.0    0.0000000004038834    0.0000000004046715    0.0000000004078399    0.0000000004009653    0.0000000004053057
709.0    0.0000000004007976    0.0000000004016606    0.0000000004048322    0.0000000003978614    0.0000000004023141
711.0    0.0000000003977299    0.0000000003985466    0.0000000004017103    0.0000000003947761    0.0000000003992098
713.0    0.0000000003946805    0.0000000003954512    0.0000000003986066    0.0000000003918441    0.0000000003961240
715.0    0.0000000003917719    0.0000000003923756    0.0000000003956494    0.0000000003887988    0.0000000003930575
717.0    0.0000000003887616    0.0000000003894374    0.0000000003927107    0.0000000003857747    0.0000000003901375
719.0    0.0000000003857722    0.0000000003865193    0.0000000003896641    0.0000000003829031    0.0000000003872371
721.0    0.0000000003828048    0.0000000003835063    0.0000000003866386    0.0000000003799238    0.0000000003842319
723.0    0.0000000003798595    0.0000000003805163    0.0000000003837595    0.0000000003769674    0.0000000003812491
725.0    0.0000000003769376    0.0000000003775501    0.0000000003809013    0.0000000003741625    0.0000000003782895
727.0    0.0000000003740392    0.0000000003747212    0.0000000003779415    0.0000000003712542    0.0000000003754755
729.0    0.0000000003712796    0.0000000003719158    0.0000000003750056    0.0000000003683715    0.0000000003726847
731.0    0.0000000003684294    0.0000000003690236    0.0000000003722151    0.0000000003656383    0.0000000003697966
733.0    0.0000000003656044    0.0000000003661578    0.0000000003694478    0.0000000003628070    0.0000000003669347
735.0    0.0000000003628055    0.0000000003633193    0.0000000003665852    0.0000000003600020    0.0000000003640987
737.0    0.0000000003600325    0.0000000003606155    0.0000000003637486    0.0000000003573445    0.0000000003612896
739.0    0.0000000003573954    0.0000000003579380    0.0000000003610549    0.0000000003545929    0.0000000003586226
741.0    0.0000000003546748    0.0000000003551809    0.0000000003583865    0.0000000003518688    0.0000000003559811
743.0    0.0000000003519808    0.0000000003524522    0.0000000003556282    0.0000000003492890    0.0000000003532519
745.0    0.0000000003493145    0.0000000003497524    0.0000000003528972    0.0000000003466196    0.0000000003505503
747.0    0.0000000003466749    0.0000000003471833    0.0000000003503057    0.0000000003439775    0.0000000003478769
749.0    0.0000000003441667    0.0000000003446413    0.0000000003477400    0.0000000003414764    0.0000000003453409
751.0    0.0000000003415808    0.0000000003420256    0.0000000003450897    0.0000000003390008    0.0000000003428311
753.0    0.0000000003390215    0.0000000003394388    0.0000000003424669    0.0000000003364395    0.0000000003402394
755.0    0.0000000003364898    0.0000000003368805    0.0000000003399794    0.0000000003339054    0.0000000003376753
757.0    0.0000000003339842    0.0000000003344473    0.0000000003375174    0.0000000003315068    0.0000000003351390
759.0    0.0000000003315056    0.0000000003320398    0.0000000003349747    0.0000000003290254    0.0000000003327336
761.0    0.0000000003290528    0.0000000003295635    0.0000000003324593    0.0000000003265701    0.0000000003303538
763.0    0.0000000003267225    0.0000000003271143    0.0000000003300735    0.0000000003242457    0.0000000003278960
765.0    0.0000000003243200    0.0000000003246916    0.0000000003277122    0.0000000003218410    0.0000000003254648
767.0    0.0000000003219419    0.0000000003223868    0.0000000003252737    0.0000000003194607    0.0000000003230592
769.0    0.0000000003195887    0.0000000003201060    0.0000000003228605    0.0000000003172068    0.0000000003206790
771.0    0.0000000003172589    0.0000000003177583    0.0000000003205713    0.0000000003148738    0.0000000003184210
773.0    0.0000000003150445    0.0000000003154350    0.0000000003183048    0.0000000003125637    0.0000000003161854
775.0    0.0000000003127601    0.0000000003131356    0.0000000003159633    0.0000000003103752    0.0000000003138753
777.0    0.0000000003104975    0.0000000003109459    0.0000000003136451    0.0000000003081087    0.0000000003115884
779.0    0.0000000003082566    0.0000000003087772    0.0000000003114445    0.0000000003058634    0.0000000003093237
781.0    0.0000000003060362    0.0000000003065428    0.0000000003092646    0.0000000003037350    0.0000000003071731
783.0    0.0000000003038362    0.0000000003043290    0.0000000003070110    0.0000000003015293    0.0000000003050423
785.0    0.0000000003016554    0.0000000003021356    0.0000000003047782    0.0000000002993427    0.0000000003028382
787.0    0.0000000002995798    0.0000000003000444    0.0000000003026570    0.0000000002972687    0.0000000003006537
789.0    0.0000000002974356    0.0000000002979707    0.0000000003005542    0.0000000002951180    0.0000000002984879
791.0    0.0000000002953088    0.0000000002958314    0.0000000002983783    0.0000000002929845    0.0000000002964292
793.0    0.0000000002931988    0.0000000002937092    0.0000000002962206    0.0000000002909592    0.0000000002943869
795.0    0.0000000002911051    0.0000000002916034    0.0000000002941691    0.0000000002889486    0.0000000002922717
797.0    0.0000000002891101    0.0000000002895935    0.0000000002921335    0.0000000002868621    0.0000000002901730
799.0    0.0000000002870468    0.0000000002875975    0.0000000002900252    0.0000000002847898    0.0000000002880898
801.0    0.0000000002849977    0.0000000002855359    0.0000000002879327    0.0000000002828215    0.0000000002860214
803.0    0.0000000002829630    0.0000000002834883    0.0000000002859413    0.0000000002807774    0.0000000002840523
805.0    0.0000000002809418    0.0000000002814538    0.0000000002839637    0.0000000002787464    0.0000000002820965
807.0    0.0000000002790135    0.0000000002795097    0.0000000002819138    0.0000000002768159    0.0000000002800682
809.0    0.0000000002770176    0.0000000002775770    0.0000000002798773    0.0000000002748100    0.0000000002780528
811.0    0.0000000002750337    0.0000000002755788    0.0000000002779383    0.0000000002728164    0.0000000002760497
813.0    0.0000000002730618    0.0000000002735917    0.0000000002760109    0.0000000002709202    0.0000000002741412
815.0    0.0000000002711013    0.0000000002716160    0.0000000002740116    0.0000000002689493    0.0000000002722435
817.0    0.0000000002691522    0.0000000002697262    0.0000000002720246    0.0000000002669895    0.0000000002702744
819.0    0.0000000002672139    0.0000000002678463    0.0000000002701311    0.0000000002651254    0.0000000002683163
821.0    0.0000000002653635    0.0000000002659011    0.0000000002682483    0.0000000002631874    0.0000000002663687
823.0    0.0000000002634462    0.0000000002639662    0.0000000002662942    0.0000000002612599    0.0000000002645121
825.0    0.0000000002615394    0.0000000002621148    0.0000000002644318    0.0000000002594264    0.0000000002626650
827.0    0.0000000002596431    0.0000000002602724    0.0000000002625796    0.0000000002575197    0.0000000002607478
829.0    0.0000000002577567    0.0000000002583659    0.0000000002606569    0.0000000002556235    0.0000000002588405
831.0    0.0000000002559557    0.0000000002564690    0.0000000002587450    0.0000000002538196    0.0000000002569434
833.0    0.0000000002540895    0.0000000002545818    0.0000000002569227    0.0000000002519442    0.0000000002550562
835.0    0.0000000002522335    0.0000000002527762    0.0000000002551100    0.0000000002500794    0.0000000002532573
837.0    0.0000000002503880    0.0000000002509800    0.0000000002532285    0.0000000002483056    0.0000000002514674
839.0    0.0000000002485529    0.0000000002491215    0.0000000002513580    0.0000000002464622    0.0000000002496101
841.0    0.0000000002467284    0.0000000002472728    0.0000000002495749    0.0000000002446294    0.0000000002477628
843.0    0.0000000002449145    0.0000000002454345    0.0000000002478018    0.0000000002428872    0.0000000002459260
845.0    0.0000000002431834    0.0000000002436768    0.0000000002459625    0.0000000002411552    0.0000000002441758
847.0    0.0000000002413912    0.0000000002419291    0.0000000002441340    0.0000000002393557    0.0000000002424358
849.0    0.0000000002396102    0.0000000002401221    0.0000000002423922    0.0000000002375685    0.0000000002406307
851.0    0.0000000002378406    0.0000000002383262    0.0000000002406610    0.0000000002358701    0.0000000002388372
853.0    0.0000000002360828    0.0000000002365418    0.0000000002388659    0.0000000002341069    0.0000000002370553
855.0    0.0000000002344070    0.0000000002348374    0.0000000002370826    0.0000000002323562    0.0000000002352852
857.0    0.0000000002326735    0.0000000002331444    0.0000000002353852    0.0000000002306938    0.0000000002336004
859.0    0.0000000002309522    0.0000000002313958    0.0000000002336993    0.0000000002289692    0.0000000002319272
861.0    0.0000000002292443    0.0000000002296603    0.0000000002319523    0.0000000002272580    0.0000000002301938
863.0    0.0000000002275493    0.0000000002279378    0.0000000002302186    0.0000000002256344    0.0000000002284739
865.0    0.0000000002259353    0.0000000002262948    0.0000000002285696    0.0000000002239510    0.0000000002267673
867.0    0.0000000002242675    0.0000000002246645    0.0000000002269333    0.0000000002222823    0.0000000002251448
869.0    0.0000000002226138    0.0000000002229832    0.0000000002252396    0.0000000002206998    0.0000000002235356
871.0    0.0000000002209748    0.0000000002213167    0.0000000002235601    0.0000000002190607    0.0000000002218707
873.0    0.0000000002193506    0.0000000002196655    0.0000000002219644    0.0000000002174366    0.0000000002202209
875.0    0.0000000002177416    0.0000000002180923    0.0000000002203824    0.0000000002158983    0.0000000002185863
877.0    0.0000000002161479    0.0000000002165338    0.0000000002187468    0.0000000002143057    0.0000000002170343
879.0    0.0000000002146327    0.0000000002149289    0.0000000002171262    0.0000000002127292    0.0000000002154971
881.0    0.0000000002130701    0.0000000002133406    0.0000000002155885    0.0000000002112368    0.0000000002139089
883.0    0.0000000002115233    0.0000000002117690    0.0000000002140656    0.0000000002096933    0.0000000002123372
885.0    0.0000000002099932    0.0000000002102738    0.0000000002124922    0.0000000002081663    0.0000000002107822
887.0    0.0000000002084795    0.0000000002087950    0.0000000002109353    0.0000000002067216    0.0000000002092440
889.0    0.0000000002070422    0.0000000002072740    0.0000000002094591    0.0000000002052929    0.0000000002077858
891.0    0.0000000002055618    0.0000000002057705    0.0000000002079989    0.0000000002038163    0.0000000002063441
893.0    0.0000000002040978    0.0000000002042853    0.0000000002064914    0.0000000002023568    0.0000000002048565
895.0    0.0000000002026515    0.0000000002028737    0.0000000002050018    0.0000000002009775    0.0000000002033866
897.0    0.0000000002012219    0.0000000002014794    0.0000000002035897    0.0000000001995525    0.0000000002019343
899.0    0.0000000001998659    0.0000000002000468    0.0000000002021944    0.0000000001981450    0.0000000002005594
901.0    0.0000000001984702    0.0000000001986326    0.0000000002007554    0.0000000001968150    0.0000000001992008
903.0    0.0000000001970915    0.0000000001972363    0.0000000001993340    0.0000000001954417    0.0000000001978005
905.0    0.0000000001957302    0.0000000001959110    0.0000000001979880    0.0000000001940858    0.0000000001964182
907.0    0.0000000001943859    0.0000000001946026    0.0000000001966586    0.0000000001928050    0.0000000001950532
909.0    0.0000000001930587    0.0000000001932594    0.0000000001952881    0.0000000001914828    0.0000000001937620
911.0    0.0000000001917479    0.0000000001919341    0.0000000001939354    0.0000000001901775    0.0000000001924868
913.0    0.0000000001905054    0.0000000001906264    0.0000000001926550    0.0000000001889445    0.0000000001911732
915.0    0.0000000001892275    0.0000000001893854    0.0000000001913904    0.0000000001876718    0.0000000001898767
917.0    0.0000000001879658    0.0000000001881604    0.0000000001900875    0.0000000001864155    0.0000000001885975
919.0    0.0000000001867205    0.0000000001869035    0.0000000001888014    0.0000000001852286    0.0000000001873349
921.0    0.0000000001854906    0.0000000001856628    0.0000000001875844    0.0000000001840034    0.0000000001861404
923.0    0.0000000001843245    0.0000000001844388    0.0000000001863824    0.0000000001827935    0.0000000001849607
925.0    0.0000000001831251    0.0000000001832769    0.0000000001851440    0.0000000001816506    0.0000000001837456
927.0    0.0000000001819403    0.0000000001821297    0.0000000001839212    0.0000000001804701    0.0000000001825458
929.0    0.0000000001807703    0.0000000001809516    0.0000000001827639    0.0000000001793039    0.0000000001813615
931.0    0.0000000001796144    0.0000000001797886    0.0000000001816206    0.0000000001782019    0.0000000001802405
933.0    0.0000000001784727    0.0000000001786402    0.0000000001804422    0.0000000001771123    0.0000000001791327
935.0    0.0000000001773443    0.0000000001775493    0.0000000001792782    0.0000000001759864    0.0000000001779910
937.0    0.0000000001762735    0.0000000001764712    0.0000000001781758    0.0000000001748732    0.0000000001768628
939.0    0.0000000001751709    0.0000000001753629    0.0000000001770865    0.0000000001738204    0.0000000001757481
941.0    0.0000000001740803    0.0000000001742677    0.0000000001759624    0.0000000001727315    0.0000000001746918
943.0    0.0000000001730022    0.0000000001732262    0.0000000001748515    0.0000000001716544    0.0000000001736471
945.0    0.0000000001719352    0.0000000001721962    0.0000000001737986    0.0000000001706348    0.0000000001725688
947.0    0.0000000001709218    0.0000000001711359    0.0000000001727572    0.0000000001695797    0.0000000001715023
949.0    0.0000000001698768    0.0000000001700870    0.0000000001716818    0.0000000001685352    0.0000000001704472
951.0    0.0000000001688422    0.0000000001690488    0.0000000001706177    0.0000000001675455    0.0000000001694028
953.0    0.0000000001678177    0.0000000001680603    0.0000000001696083    0.0000000001665206    0.0000000001684116
955.0    0.0000000001668029    0.0000000001670808    0.0000000001686088    0.0000000001655052    0.0000000001674298
957.0    0.0000000001658372    0.0000000001660714    0.0000000001675757    0.0000000001645421    0.0000000001664147
959.0    0.0000000001648403    0.0000000001650711    0.0000000001665523    0.0000000001635438    0.0000000001654090
961.0    0.0000000001638518    0.0000000001640795    0.0000000001655805    0.0000000001625539    0.0000000001644123
963.0    0.0000000001628718    0.0000000001631338    0.0000000001646170    0.0000000001616144    0.0000000001634644
965.0    0.0000000001618994    0.0000000001621955    0.0000000001636203    0.0000000001606398    0.0000000001625246
967.0    0.0000000001609347    0.0000000001612268    0.0000000001626313    0.0000000001596725    0.0000000001615513
969.0    0.0000000001599771    0.0000000001602655    0.0000000001616915    0.0000000001587538    0.0000000001605856
971.0    0.0000000001590646    0.0000000001593114    0.0000000001607588    0.0000000001578000    0.0000000001596267
973.0    0.0000000001581202    0.0000000001583996    0.0000000001597924    0.0000000001568524    0.0000000001587143
975.0    0.0000000001571822    0.0000000001574938    0.0000000001588331    0.0000000001559520    0.0000000001578079
977.0    0.0000000001562505    0.0000000001565578    0.0000000001579202    0.0000000001550161    0.0000000001568682
979.0    0.0000000001553243    0.0000000001556273    0.0000000001570129    0.0000000001540862    0.0000000001559343
981.0    0.0000000001544406    0.0000000001547022    0.0000000001560722    0.0000000001532015    0.0000000001550060
983.0    0.0000000001535251    0.0000000001538178    0.0000000001551375    0.0000000001523216    0.0000000001540832
985.0    0.0000000001526149    0.0000000001529380    0.0000000001542469    0.0000000001514065    0.0000000001532038
987.0    0.0000000001517093    0.0000000001520275    0.0000000001533614    0.0000000001504961    0.0000000001523287
989.0    0.0000000001508084    0.0000000001511218    0.0000000001524424    0.0000000001496296    0.0000000001514205
991.0    0.0000000001499123    0.0000000001502202    0.0000000001515283    0.0000000001487282    0.0000000001505168
993.0    0.0000000001490202    0.0000000001493572    0.0000000001506569    0.0000000001478308    0.0000000001496172
995.0    0.0000000001481678    0.0000000001484982    0.0000000001497896    0.0000000001469763    0.0000000001487593
997.0    0.0000000001472840    0.0000000001476085    0.0000000001488888    0.0000000001460869    0.0000000001479048
999.0    0.0000000001464037    0.0000000001467225    0.0000000001479922    0.0000000001452011    0.0000000001470172
1001.0    0.0000000001455272    0.0000000001458402    0.0000000001471367    0.0000000001443571    0.0000000001461333
1003.0    0.0000000001446544    0.0000000001449950    0.0000000001462852    0.0000000001434784    0.0000000001452531
1005.0    0.0000000001438197    0.0000000001441530    0.0000000001453999    0.0000000001426030    0.0000000001444126
1007.0    0.0000000001429535    0.0000000001432805    0.0000000001445184    0.0000000001417690    0.0000000001435755
1009.0    0.0000000001420907    0.0000000001424112    0.0000000001436770    0.0000000001409001    0.0000000001427050
1011.0    0.0000000001412309    0.0000000001415450    0.0000000001428386    0.0000000001400343    0.0000000001418377
1013.0    0.0000000001403742    0.0000000001407149    0.0000000001419671    0.0000000001392091    0.0000000001409737
1015.0    0.0000000001395547    0.0000000001398875    0.0000000001410987    0.0000000001383491    0.0000000001401126
1017.0    0.0000000001387040    0.0000000001390300    0.0000000001402695    0.0000000001374922    0.0000000001392901
1019.0    0.0000000001378559    0.0000000001381752    0.0000000001394431    0.0000000001366753    0.0000000001384703
1021.0    0.0000000001370108    0.0000000001373231    0.0000000001385838    0.0000000001358241    0.0000000001376177
1023.0    0.0000000001361682    0.0000000001365063    0.0000000001377273    0.0000000001349753    0.0000000001367678
1025.0    0.0000000001353285    0.0000000001356921    0.0000000001369090    0.0000000001341659    0.0000000001359205
1027.0    0.0000000001344914    0.0000000001348479    0.0000000001360936    0.0000000001333593    0.0000000001351112
1029.0    0.0000000001336903    0.0000000001340063    0.0000000001352453    0.0000000001325185    0.0000000001343042
1031.0    0.0000000001328584    0.0000000001331671    0.0000000001343997    0.0000000001316802    0.0000000001334647
1033.0    0.0000000001320288    0.0000000001323626    0.0000000001335919    0.0000000001308808    0.0000000001326277
1035.0    0.0000000001312020    0.0000000001315604    0.0000000001327863    0.0000000001300476    0.0000000001317933
1037.0    0.0000000001303774    0.0000000001307285    0.0000000001319485    0.0000000001292167    0.0000000001309959
1039.0    0.0000000001295882    0.0000000001298992    0.0000000001311131    0.0000000001284244    0.0000000001302007
1041.0    0.0000000001287685    0.0000000001290722    0.0000000001303148    0.0000000001275986    0.0000000001293736
1043.0    0.0000000001279511    0.0000000001282792    0.0000000001295188    0.0000000001267751    0.0000000001285487
1045.0    0.0000000001271363    0.0000000001274885    0.0000000001286908    0.0000000001259896    0.0000000001277263
1047.0    0.0000000001263238    0.0000000001266682    0.0000000001278651    0.0000000001251708    0.0000000001269062
1049.0    0.0000000001255458    0.0000000001258507    0.0000000001270763    0.0000000001243545    0.0000000001261224
1051.0    0.0000000001247379    0.0000000001250667    0.0000000001262893    0.0000000001235761    0.0000000001253410
1053.0    0.0000000001239325    0.0000000001242848    0.0000000001254707    0.0000000001227645    0.0000000001245278
1055.0    0.0000000001231292    0.0000000001234738    0.0000000001246544    0.0000000001219552    0.0000000001237170
1057.0    0.0000000001223280    0.0000000001226653    0.0000000001238745    0.0000000001211833    0.0000000001229084
1059.0    0.0000000001215297    0.0000000001218591    0.0000000001230967    0.0000000001203788    0.0000000001221356
1061.0    0.0000000001207333    0.0000000001210858    0.0000000001222874    0.0000000001195767    0.0000000001213650
1063.0    0.0000000001199711    0.0000000001203149    0.0000000001215141    0.0000000001188115    0.0000000001205633
1065.0    0.0000000001191793    0.0000000001195153    0.0000000001207428    0.0000000001180141    0.0000000001197638
1067.0    0.0000000001183898    0.0000000001187181    0.0000000001199405    0.0000000001172190    0.0000000001189666
1069.0    0.0000000001176028    0.0000000001179231    0.0000000001191404    0.0000000001164608    0.0000000001182047
1071.0    0.0000000001168180    0.0000000001171608    0.0000000001183759    0.0000000001157048    0.0000000001174451
1073.0    0.0000000001160670    0.0000000001164008    0.0000000001176137    0.0000000001149168    0.0000000001166548
1075.0    0.0000000001152868    0.0000000001156126    0.0000000001168206    0.0000000001141315    0.0000000001158667
1077.0    0.0000000001145093    0.0000000001148268    0.0000000001160298    0.0000000001133821    0.0000000001150808
1079.0    0.0000000001137340    0.0000000001140432    0.0000000001152742    0.0000000001126018    0.0000000001142974
1081.0    0.0000000001129608    0.0000000001132920    0.0000000001145209    0.0000000001118238    0.0000000001135490
1083.0    0.0000000001122212    0.0000000001125431    0.0000000001137373    0.0000000001110818    0.0000000001128026
1085.0    0.0000000001114531    0.0000000001117665    0.0000000001129565    0.0000000001103088    0.0000000001120263
1087.0    0.0000000001106875    0.0000000001109924    0.0000000001122098    0.0000000001095384    0.0000000001112523
1089.0    0.0000000001099243    0.0000000001102207    0.0000000001114658    0.0000000001088041    0.0000000001104807
1091.0    0.0000000001091638    0.0000000001094810    0.0000000001106919    0.0000000001080388    0.0000000001097436
1093.0    0.0000000001084059    0.0000000001087437    0.0000000001099206    0.0000000001072765    0.0000000001090088
1095.0    0.0000000001076507    0.0000000001079794    0.0000000001091840    0.0000000001065500    0.0000000001082447
1097.0    0.0000000001069283    0.0000000001072177    0.0000000001084496    0.0000000001057932    0.0000000001074831
1099.0    0.0000000001061783    0.0000000001064585    0.0000000001076861    0.0000000001050390    0.0000000001067240
1101.0    0.0000000001054310    0.0000000001057312    0.0000000001069251    0.0000000001043207    0.0000000001059992
1103.0    0.0000000001046867    0.0000000001050062    0.0000000001061984    0.0000000001035727    0.0000000001052768
1105.0    0.0000000001039453    0.0000000001042550    0.0000000001054745    0.0000000001028276    0.0000000001045259
1107.0    0.0000000001032365    0.0000000001035066    0.0000000001047218    0.0000000001021179    0.0000000001037777
1109.0    0.0000000001025005    0.0000000001027612    0.0000000001039720    0.0000000001013792    0.0000000001030322
1111.0    0.0000000001017681    0.0000000001020475    0.0000000001032563    0.0000000001006435    0.0000000001022901
1113.0    0.0000000001010386    0.0000000001013359    0.0000000001025434    0.0000000000999432    0.0000000001015815
1115.0    0.0000000001003122    0.0000000001005994    0.0000000001018027    0.0000000000992144    0.0000000001008758
1117.0    0.0000000000995895    0.0000000000998660    0.0000000001010649    0.0000000000984891    0.0000000001001426
1119.0    0.0000000000988700    0.0000000000991358    0.0000000001003611    0.0000000000977987    0.0000000000994125
1121.0    0.0000000000981825    0.0000000000984368    0.0000000000996603    0.0000000000971117    0.0000000000986858
1123.0    0.0000000000974698    0.0000000000977411    0.0000000000989324    0.0000000000963972    0.0000000000979925
1125.0    0.0000000000967608    0.0000000000970209    0.0000000000982080    0.0000000000956866    0.0000000000973026
1127.0    0.0000000000960555    0.0000000000963044    0.0000000000975171    0.0000000000950106    0.0000000000965861
1129.0    0.0000000000953540    0.0000000000955916    0.0000000000968297    0.0000000000943079    0.0000000000958734
1131.0    0.0000000000946843    0.0000000000949098    0.0000000000961160    0.0000000000936093    0.0000000000951644
1133.0    0.0000000000939906    0.0000000000942317    0.0000000000954062    0.0000000000929451    0.0000000000944594
1135.0    0.0000000000933010    0.0000000000935304    0.0000000000947297    0.0000000000922551    0.0000000000937874
1137.0    0.0000000000926156    0.0000000000928333    0.0000000000940570    0.0000000000915695    0.0000000000931194
1139.0    0.0000000000919345    0.0000000000921404    0.0000000000933592    0.0000000000909181    0.0000000000924264
1141.0    0.0000000000912849    0.0000000000914783    0.0000000000926656    0.0000000000902417    0.0000000000917377
1143.0    0.0000000000906126    0.0000000000908204    0.0000000000920049    0.0000000000895700    0.0000000000910535
1145.0    0.0000000000899449    0.0000000000901407    0.0000000000913485    0.0000000000889322    0.0000000000904021
1147.0    0.0000000000892821    0.0000000000894658    0.0000000000906680    0.0000000000882704    0.0000000000897551
1149.0    0.0000000000886240    0.0000000000887957    0.0000000000899923    0.0000000000876136    0.0000000000890846
1151.0    0.0000000000879710    0.0000000000881561    0.0000000000893492    0.0000000000869903    0.0000000000884191
1153.0    0.0000000000873229    0.0000000000875212    0.0000000000887107    0.0000000000863440    0.0000000000877586
1155.0    0.0000000000867057    0.0000000000868661    0.0000000000880494    0.0000000000857030    0.0000000000871305
1157.0    0.0000000000860680    0.0000000000862164    0.0000000000873932    0.0000000000850952    0.0000000000865073
1159.0    0.0000000000854356    0.0000000000855721    0.0000000000867693    0.0000000000844652    0.0000000000858622
1161.0    0.0000000000848087    0.0000000000849579    0.0000000000861504    0.0000000000838410    0.0000000000852227
1163.0    0.0000000000841874    0.0000000000843489    0.0000000000855099    0.0000000000832494    0.0000000000845889
1165.0    0.0000000000835962    0.0000000000837214    0.0000000000848750    0.0000000000826632    0.0000000000839608
1167.0    0.0000000000829862    0.0000000000830998    0.0000000000842719    0.0000000000820562    0.0000000000833643
1169.0    0.0000000000823818    0.0000000000825077    0.0000000000836742    0.0000000000814553    0.0000000000827734
1171.0    0.0000000000817835    0.0000000000819214    0.0000000000830562    0.0000000000808863    0.0000000000821627
1173.0    0.0000000000811912    0.0000000000813178    0.0000000000824441    0.0000000000802975    0.0000000000815582
1175.0    0.0000000000806049    0.0000000000807204    0.0000000000818633    0.0000000000797150    0.0000000000809598
1177.0    0.0000000000800248    0.0000000000801295    0.0000000000812881    0.0000000000791637    0.0000000000803923
1179.0    0.0000000000794737    0.0000000000795674    0.0000000000806940    0.0000000000785937    0.0000000000798308
1181.0    0.0000000000789059    0.0000000000790115    0.0000000000801061    0.0000000000780300    0.0000000000792512
1183.0    0.0000000000783442    0.0000000000784397    0.0000000000795487    0.0000000000774970    0.0000000000786781
1185.0    0.0000000000777890    0.0000000000778747    0.0000000000789973    0.0000000000769461    0.0000000000781116
1187.0    0.0000000000772402    0.0000000000773164    0.0000000000784282    0.0000000000764016    0.0000000000775749
1189.0    0.0000000000767193    0.0000000000767859    0.0000000000778656    0.0000000000758870    0.0000000000770445
1191.0    0.0000000000761831    0.0000000000762618    0.0000000000773325    0.0000000000753555    0.0000000000764975
1193.0    0.0000000000756533    0.0000000000757234    0.0000000000768056    0.0000000000748304    0.0000000000759573
1195.0    0.0000000000751300    0.0000000000751919    0.0000000000762621    0.0000000000743343    0.0000000000754238
1197.0    0.0000000000746132    0.0000000000746672    0.0000000000757254    0.0000000000738221    0.0000000000748971
1199.0    0.0000000000741231    0.0000000000741691    0.0000000000752171    0.0000000000733164    0.0000000000743987
1201.0    0.0000000000736189    0.0000000000736775    0.0000000000747151    0.0000000000728387    0.0000000000739066
1203.0    0.0000000000731211    0.0000000000731728    0.0000000000741976    0.0000000000723457    0.0000000000733997
1205.0    0.0000000000726297    0.0000000000726749    0.0000000000736868    0.0000000000718590    0.0000000000728995
1207.0    0.0000000000721446    0.0000000000721838    0.0000000000732034    0.0000000000713995    0.0000000000724061
1209.0    0.0000000000716659    0.0000000000717179    0.0000000000727262    0.0000000000709254    0.0000000000719393
1211.0    0.0000000000711934    0.0000000000712582    0.0000000000722345    0.0000000000704573    0.0000000000714788
1213.0    0.0000000000707457    0.0000000000707866    0.0000000000717494    0.0000000000700155    0.0000000000710046
1215.0    0.0000000000702854    0.0000000000703215    0.0000000000712904    0.0000000000695792    0.0000000000705369
1217.0    0.0000000000698310    0.0000000000698628    0.0000000000708375    0.0000000000691290    0.0000000000700756
1219.0    0.0000000000693827    0.0000000000694278    0.0000000000703709    0.0000000000686847    0.0000000000696394
1221.0    0.0000000000689403    0.0000000000689986    0.0000000000699106    0.0000000000682652    0.0000000000692091
1223.0    0.0000000000685210    0.0000000000685583    0.0000000000694752    0.0000000000678324    0.0000000000687660
1225.0    0.0000000000680900    0.0000000000681241    0.0000000000690455    0.0000000000674050    0.0000000000683290
1227.0    0.0000000000676645    0.0000000000676958    0.0000000000686029    0.0000000000670015    0.0000000000678979
1229.0    0.0000000000672445    0.0000000000672894    0.0000000000681663    0.0000000000665850    0.0000000000674727
1231.0    0.0000000000668300    0.0000000000668885    0.0000000000677532    0.0000000000661737    0.0000000000670705
1233.0    0.0000000000664370    0.0000000000664769    0.0000000000673455    0.0000000000657853    0.0000000000666736
1235.0    0.0000000000660328    0.0000000000660708    0.0000000000669254    0.0000000000653841    0.0000000000662647
1237.0    0.0000000000656336    0.0000000000656700    0.0000000000665108    0.0000000000649879    0.0000000000658612
1239.0    0.0000000000652394    0.0000000000652895    0.0000000000661185    0.0000000000646134    0.0000000000654629
1241.0    0.0000000000648500    0.0000000000649138    0.0000000000657310    0.0000000000642266    0.0000000000650859
1243.0    0.0000000000644653    0.0000000000645278    0.0000000000653317    0.0000000000638443    0.0000000000647135
1245.0    0.0000000000640852    0.0000000000641465    0.0000000000649373    0.0000000000634828    0.0000000000643297
1247.0    0.0000000000637244    0.0000000000637700    0.0000000000645639    0.0000000000631091    0.0000000000639504
1249.0    0.0000000000633529    0.0000000000634120    0.0000000000641949    0.0000000000627395    0.0000000000635758
1251.0    0.0000000000629856    0.0000000000630582    0.0000000000638143    0.0000000000623899    0.0000000000632208
1253.0    0.0000000000626224    0.0000000000626943    0.0000000000634382    0.0000000000620283    0.0000000000628698
1255.0    0.0000000000622630    0.0000000000623344    0.0000000000630818    0.0000000000616704    0.0000000000625076
1257.0    0.0000000000619217    0.0000000000619785    0.0000000000627293    0.0000000000613315    0.0000000000621493
1259.0    0.0000000000615698    0.0000000000616398    0.0000000000623654    0.0000000000609959    0.0000000000617948
1261.0    0.0000000000612214    0.0000000000613045    0.0000000000620055    0.0000000000606485    0.0000000000614441
1263.0    0.0000000000608764    0.0000000000609591    0.0000000000616640    0.0000000000603043    0.0000000000611112
1265.0    0.0000000000605348    0.0000000000606172    0.0000000000613261    0.0000000000599781    0.0000000000607816
1267.0    0.0000000000601964    0.0000000000602785    0.0000000000609768    0.0000000000596402    0.0000000000604409
1269.0    0.0000000000598610    0.0000000000599557    0.0000000000606311    0.0000000000593052    0.0000000000601033
1271.0    0.0000000000595419    0.0000000000596357    0.0000000000603028    0.0000000000589874    0.0000000000597688
1273.0    0.0000000000592123    0.0000000000593057    0.0000000000599774    0.0000000000586579    0.0000000000594509
1275.0    0.0000000000588854    0.0000000000589784    0.0000000000596409    0.0000000000583310    0.0000000000591357
1277.0    0.0000000000585612    0.0000000000586538    0.0000000000593073    0.0000000000580208    0.0000000000588094
1279.0    0.0000000000582395    0.0000000000583440    0.0000000000589903    0.0000000000576988    0.0000000000584857
1281.0    0.0000000000579330    0.0000000000580365    0.0000000000586758    0.0000000000573792    0.0000000000581645
1283.0    0.0000000000576160    0.0000000000577189    0.0000000000583502    0.0000000000570756    0.0000000000578588
1285.0    0.0000000000573013    0.0000000000574035    0.0000000000580271    0.0000000000567604    0.0000000000575553
1287.0    0.0000000000569887    0.0000000000571023    0.0000000000577198    0.0000000000564472    0.0000000000572408
1289.0    0.0000000000566782    0.0000000000568030    0.0000000000574146    0.0000000000561496    0.0000000000569282
1291.0    0.0000000000563821    0.0000000000564935    0.0000000000570982    0.0000000000558403    0.0000000000566178
1293.0    0.0000000000560754    0.0000000000561860    0.0000000000567841    0.0000000000555328    0.0000000000563092
1295.0    0.0000000000557706    0.0000000000558802    0.0000000000564849    0.0000000000552404    0.0000000000560153
1297.0    0.0000000000554676    0.0000000000555878    0.0000000000561876    0.0000000000549364    0.0000000000557229
1299.0    0.0000000000551663    0.0000000000552970    0.0000000000558792    0.0000000000546341    0.0000000000554196
1301.0    0.0000000000548666    0.0000000000549960    0.0000000000555727    0.0000000000543463    0.0000000000551178
1303.0    0.0000000000545686    0.0000000000546966    0.0000000000552805    0.0000000000540471    0.0000000000548176
1305.0    0.0000000000542838    0.0000000000543986    0.0000000000549899    0.0000000000537493    0.0000000000545313
1307.0    0.0000000000539887    0.0000000000541134    0.0000000000546883    0.0000000000534658    0.0000000000542464
1309.0    0.0000000000536950    0.0000000000538295    0.0000000000543882    0.0000000000531836    0.0000000000539505
1311.0    0.0000000000534026    0.0000000000535355    0.0000000000541020    0.0000000000528899    0.0000000000536559
1313.0    0.0000000000531116    0.0000000000532428    0.0000000000538172    0.0000000000525975    0.0000000000533626
1315.0    0.0000000000528334    0.0000000000529513    0.0000000000535214    0.0000000000523189    0.0000000000530827
1317.0    0.0000000000525449    0.0000000000526721    0.0000000000532269    0.0000000000520290    0.0000000000528039
1319.0    0.0000000000522575    0.0000000000523939    0.0000000000529459    0.0000000000517402    0.0000000000525142
1321.0    0.0000000000519714    0.0000000000521058    0.0000000000526661    0.0000000000514651    0.0000000000522256
1323.0    0.0000000000516864    0.0000000000518187    0.0000000000523754    0.0000000000511786    0.0000000000519381
1325.0    0.0000000000514024    0.0000000000515327    0.0000000000520858    0.0000000000508932    0.0000000000516518
1327.0    0.0000000000511197    0.0000000000512587    0.0000000000518094    0.0000000000506213    0.0000000000513783
1329.0    0.0000000000508492    0.0000000000509856    0.0000000000515341    0.0000000000503380    0.0000000000511058
1331.0    0.0000000000505684    0.0000000000507025    0.0000000000512478    0.0000000000500557    0.0000000000508224
1333.0    0.0000000000502887    0.0000000000504204    0.0000000000509627    0.0000000000497868    0.0000000000505400
1335.0    0.0000000000500100    0.0000000000501393    0.0000000000506904    0.0000000000495066    0.0000000000502586
1337.0    0.0000000000497323    0.0000000000498699    0.0000000000504191    0.0000000000492274    0.0000000000499898
1339.0    0.0000000000494666    0.0000000000496013    0.0000000000501370    0.0000000000489613    0.0000000000497219
1341.0    0.0000000000491908    0.0000000000493230    0.0000000000498676    0.0000000000486841    0.0000000000494433
1343.0    0.0000000000489159    0.0000000000490454    0.0000000000495991    0.0000000000484078    0.0000000000491656
1345.0    0.0000000000486420    0.0000000000487689    0.0000000000493199    0.0000000000481445    0.0000000000488888
1347.0    0.0000000000483690    0.0000000000485038    0.0000000000490417    0.0000000000478701    0.0000000000486129
1349.0    0.0000000000481079    0.0000000000482395    0.0000000000487760    0.0000000000475968    0.0000000000483493
1351.0    0.0000000000478368    0.0000000000479655    0.0000000000485111    0.0000000000473362    0.0000000000480866
1353.0    0.0000000000475666    0.0000000000476924    0.0000000000482357    0.0000000000470765    0.0000000000478133
1355.0    0.0000000000472973    0.0000000000474203    0.0000000000479611    0.0000000000468060    0.0000000000475409
1357.0    0.0000000000470290    0.0000000000471594    0.0000000000476990    0.0000000000465365    0.0000000000472694
1359.0    0.0000000000467617    0.0000000000468993    0.0000000000474377    0.0000000000462796    0.0000000000470101
1361.0    0.0000000000464952    0.0000000000466298    0.0000000000471659    0.0000000000460120    0.0000000000467516
1363.0    0.0000000000462403    0.0000000000463611    0.0000000000468951    0.0000000000457454    0.0000000000464827
1365.0    0.0000000000459758    0.0000000000460933    0.0000000000466365    0.0000000000454913    0.0000000000462148
1367.0    0.0000000000457122    0.0000000000458367    0.0000000000463787    0.0000000000452267    0.0000000000459477
1369.0    0.0000000000454495    0.0000000000455810    0.0000000000461107    0.0000000000449631    0.0000000000456927
1371.0    0.0000000000451879    0.0000000000453160    0.0000000000458436    0.0000000000447120    0.0000000000454385
1373.0    0.0000000000449376    0.0000000000450519    0.0000000000455886    0.0000000000444505    0.0000000000451742
1375.0    0.0000000000446779    0.0000000000447887    0.0000000000453345    0.0000000000441900    0.0000000000449108
1377.0    0.0000000000444193    0.0000000000445366    0.0000000000450704    0.0000000000439419    0.0000000000446484
1379.0    0.0000000000441616    0.0000000000442855    0.0000000000448072    0.0000000000436836    0.0000000000443870
1381.0    0.0000000000439050    0.0000000000440252    0.0000000000445559    0.0000000000434264    0.0000000000441374
1383.0    0.0000000000436597    0.0000000000437660    0.0000000000443056    0.0000000000431815    0.0000000000438888
1385.0    0.0000000000434052    0.0000000000435078    0.0000000000440455    0.0000000000429266    0.0000000000436304
1387.0    0.0000000000431519    0.0000000000432605    0.0000000000437864    0.0000000000426728    0.0000000000433730
1389.0    0.0000000000428996    0.0000000000430143    0.0000000000435391    0.0000000000424312    0.0000000000431167
1391.0    0.0000000000426485    0.0000000000427593    0.0000000000432929    0.0000000000421799    0.0000000000428721
1393.0    0.0000000000423986    0.0000000000425054    0.0000000000430370    0.0000000000419298    0.0000000000426285
1395.0    0.0000000000421498    0.0000000000422526    0.0000000000427823    0.0000000000416917    0.0000000000423754
1397.0    0.0000000000419122    0.0000000000420107    0.0000000000425393    0.0000000000414549    0.0000000000421235
1399.0    0.0000000000416658    0.0000000000417699    0.0000000000422974    0.0000000000412086    0.0000000000418728
1401.0    0.0000000000414207    0.0000000000415207    0.0000000000420462    0.0000000000409636    0.0000000000416336
1403.0    0.0000000000411769    0.0000000000412727    0.0000000000417962    0.0000000000407306    0.0000000000413957
1405.0    0.0000000000409344    0.0000000000410354    0.0000000000415578    0.0000000000404883    0.0000000000411486
1407.0    0.0000000000407029    0.0000000000407994    0.0000000000413206    0.0000000000402475    0.0000000000409027
1409.0    0.0000000000404631    0.0000000000405553    0.0000000000410743    0.0000000000400185    0.0000000000406582
1411.0    0.0000000000402247    0.0000000000403125    0.0000000000408295    0.0000000000397806    0.0000000000404151
1413.0    0.0000000000399876    0.0000000000400711    0.0000000000405960    0.0000000000395442    0.0000000000401834
1415.0    0.0000000000397521    0.0000000000398403    0.0000000000403639    0.0000000000393195    0.0000000000399530
1417.0    0.0000000000395180    0.0000000000396109    0.0000000000401231    0.0000000000390862    0.0000000000397140
1419.0    0.0000000000392854    0.0000000000393738    0.0000000000398837    0.0000000000388545    0.0000000000394765
1421.0    0.0000000000390636    0.0000000000391383    0.0000000000396557    0.0000000000386343    0.0000000000392405
1423.0    0.0000000000388340    0.0000000000389043    0.0000000000394292    0.0000000000384058    0.0000000000390158
1425.0    0.0000000000386061    0.0000000000386808    0.0000000000391942    0.0000000000381790    0.0000000000387925
1427.0    0.0000000000383798    0.0000000000384588    0.0000000000389609    0.0000000000379637    0.0000000000385611
1429.0    0.0000000000381551    0.0000000000382296    0.0000000000387388    0.0000000000377402    0.0000000000383314
1431.0    0.0000000000379411    0.0000000000380020    0.0000000000385182    0.0000000000375186    0.0000000000381033
1433.0    0.0000000000377198    0.0000000000377763    0.0000000000382897    0.0000000000373083    0.0000000000378864
1435.0    0.0000000000375002    0.0000000000375608    0.0000000000380628    0.0000000000370902    0.0000000000376710
1437.0    0.0000000000372824    0.0000000000373470    0.0000000000378470    0.0000000000368740    0.0000000000374481
1439.0    0.0000000000370664    0.0000000000371265    0.0000000000376329    0.0000000000366689    0.0000000000372269
1441.0    0.0000000000368607    0.0000000000369079    0.0000000000374112    0.0000000000364564    0.0000000000370077
1443.0    0.0000000000366483    0.0000000000366912    0.0000000000371913    0.0000000000362458    0.0000000000367902
1445.0    0.0000000000364378    0.0000000000364845    0.0000000000369823    0.0000000000360462    0.0000000000365837
1447.0    0.0000000000362292    0.0000000000362798    0.0000000000367751    0.0000000000358485    0.0000000000363789
1449.0    0.0000000000360225    0.0000000000360688    0.0000000000365607    0.0000000000356437    0.0000000000361672
1451.0    0.0000000000358178    0.0000000000358598    0.0000000000363482    0.0000000000354408    0.0000000000359575
1453.0    0.0000000000356150    0.0000000000356528    0.0000000000361464    0.0000000000352488    0.0000000000357497
1455.0    0.0000000000354222    0.0000000000354558    0.0000000000359465    0.0000000000350500    0.0000000000355526
1457.0    0.0000000000352233    0.0000000000352607    0.0000000000357399    0.0000000000348532    0.0000000000353574
1459.0    0.0000000000350265    0.0000000000350599    0.0000000000355352    0.0000000000346670    0.0000000000351558
1461.0    0.0000000000348317    0.0000000000348612    0.0000000000353410    0.0000000000344744    0.0000000000349562
1463.0    0.0000000000346390    0.0000000000346647    0.0000000000351488    0.0000000000342838    0.0000000000347589
1465.0    0.0000000000344559    0.0000000000344778    0.0000000000349502    0.0000000000341036    0.0000000000345717
1467.0    0.0000000000342673    0.0000000000342930    0.0000000000347537    0.0000000000339172    0.0000000000343866
1469.0    0.0000000000340807    0.0000000000341028    0.0000000000345674    0.0000000000337329    0.0000000000341956
1471.0    0.0000000000338962    0.0000000000339150    0.0000000000343831    0.0000000000335587    0.0000000000340068
1473.0    0.0000000000337139    0.0000000000337293    0.0000000000341928    0.0000000000333786    0.0000000000338202
1475.0    0.0000000000335336    0.0000000000335529    0.0000000000340047    0.0000000000332007    0.0000000000336359
1477.0    0.0000000000333555    0.0000000000333786    0.0000000000338265    0.0000000000330325    0.0000000000334613
1479.0    0.0000000000331865    0.0000000000331995    0.0000000000336503    0.0000000000328588    0.0000000000332888
1481.0    0.0000000000330125    0.0000000000330227    0.0000000000334685    0.0000000000326872    0.0000000000331110
1483.0    0.0000000000328407    0.0000000000328481    0.0000000000332890    0.0000000000325250    0.0000000000329354
1485.0    0.0000000000326709    0.0000000000326824    0.0000000000331189    0.0000000000323576    0.0000000000327621
