9.0    0.0000000000000000    0.0000000000000000    0.0000000000000000    0.0000000000000000    0.0000000000000000
11.0    0.0000000000000000    0.0000000000000000    0.0000000000000000    0.0000000000000000    0.0000000000000000
13.0    0.0000000000000000    0.0000000000000000    0.0000000000000000    0.0000000000000000    0.0000000000000000
15.0    0.0000000000000000    0.0000000000000000    0.0000000000000000    0.0000000000000000    0.0000000000000000
17.0    0.0000000000000000    0.0000000000000000    0.0000000000000000    0.0000000000000000    0.0000000000000000
19.0    0.0000000000000000    0.0000000000000000    0.0000000000000000    0.0000000000000000    0.0000000000000000
21.0    0.0000000000000000    0.0000000000000000    0.0000000000000000    0.0000000000000000    0.0000000000000000
23.0    0.0000000000000000    0.0000000000000000    0.0000000000000000    0.0000000000000000    0.0000000000000000
25.0    0.0000000000000000    0.0000000000000000    0.0000000000000000    0.0000000000000000    0.0000000000000000
27.0    0.0000000000000000    0.0000000000000000    0.0000000000000000    0.0000000000000000    0.0000000000000000
29.0    0.0000000000000000    0.0000000000000000    0.0000000000000000    0.0000000000000000    0.0000000000000000
31.0    0.0000000000000000    0.0000000000000000    0.0000000000000000    0.0000000000000000    0.0000000000000000
33.0    0.0000000000000000    0.0000000000000000    0.0000000000000000    0.0000000000000000    0.0000000000000000
35.0    0.0000000000000000    0.0000000000000000    0.0000000000000000    0.0000000000000000    0.0000000000000000
37.0    0.0000000000000000    0.0000000000000000    0.0000000000000000    0.0000000000000000    0.0000000000000000
39.0    0.0000000000000000    0.0000000000000000    0.0000000000000000    0.0000000000000000    0.0000000000000000
41.0    0.0000000000000000    0.0000000000000000    0.0000000000000000    0.0000000000000000    0.0000000000000000
43.0    0.0000000000000000    0.0000000000000000    0.0000000000000000    0.0000000000000000    0.0000000000000000
45.0    0.0000000000000000    0.0000000000000000    0.0000000000000000    0.0000000000000000    0.0000000000000000
47.0    0.0000000000000000    0.0000000000000000    0.0000000000000000    0.0000000000000000    0.0000000000000000
49.0    0.0000000000000000    0.0000000000000000    0.0000000000000000    0.0000000000000000    0.0000000000000000
51.0    0.0000000000000000    0.0000000000000000    0.0000000000000000    0.0000000000000000    0.0000000000000000
53.0    0.0000000000000000    0.0000000000000000    0.0000000000000000    0.0000000000000000    0.0000000000000000
55.0    0.0000000000000000    0.0000000000000000    0.0000000000000000    0.0000000000000000    0.0000000000000000
57.0    0.0000000000000000    0.0000000000000000    0.0000000000000000    0.0000000000000000    0.0000000000000000
59.0    0.0000000000000000    0.0000000000000000    0.0000000000000000    0.0000000000000000    0.0000000000000000
61.0    0.0000000000000000    0.0000000000000000    0.0000000000000000    0.0000000000000000    0.0000000000000000
63.0    0.0000000000000000    0.0000000000000000    0.0000000000000000    0.0000000000000000    0.0000000000000000
65.0    0.0000000000000000    0.0000000000000000    0.0000000000000000    0.0000000000000000    0.0000000000000000
67.0    0.0000000000000000    0.0000000000000000    0.0000000000000000    0.0000000000000000    0.0000000000000000
69.0    0.0000000000000000    0.0000000000000000    0.0000000000000000    0.0000000000000000    0.0000000000000000
71.0    0.0000000000000000    0.0000000000000000    0.0000000000000000    0.0000000000000000    0.0000000000000000
73.0    0.0000000000000000    0.0000000000000000    0.0000000000000000    0.0000000000000000    0.0000000000000000
75.0    0.0000000000000000    0.0000000000000000    0.0000000000000000    0.0000000000000000    0.0000000000000000
77.0    0.0000000000000000    0.0000000000000000    0.0000000000000000    0.0000000000000000    0.0000000000000000
79.0    0.0000000000000000    0.0000000000000000    0.0000000000000000    0.0000000000000000    0.0000000000000000
81.0    0.0000000000000000    0.0000000000000000    0.0000000000000000    0.0000000000000000    0.0000000000000000
83.0    0.0000000000000000    0.0000000000000000    0.0000000000000000    0.0000000000000000    0.0000000000000000
85.0    0.0000000000000000    0.0000000000000000    0.0000000000000000    0.0000000000000000    0.0000000000000000
87.0    0.0000000000000000    0.0000000000000000    0.0000000000000000    0.0000000000000000    0.0000000000000000
89.0    0.0000000000000000    0.0000000000000000    0.0000000000000000    0.0000000000000000    0.0000000000000000
91.0    0.0000000000000000    0.0000000000000000    0.0000000000000000    0.0000000000000000    0.0000000000000000
93.0    0.0000000000000000    0.0000000000000000    0.0000000000000000    0.0000000000000000    0.0000000000000000
95.0    0.0000000000000000    0.0000000000000000    0.0000000000000000    0.0000000000000000    0.0000000000000000
97.0    0.0000000000000000    0.0000000000000000    0.0000000000000000    0.0000000000000000    0.0000000000000000
99.0    0.0000000000000000    0.0000000000000000    0.0000000000000000    0.0000000000000000    0.0000000000000000
101.0    0.0000000000000000    0.0000000000000000    0.0000000000000000    0.0000000000000000    0.0000000000000000
103.0    0.0000000000000000    0.0000000000000000    0.0000000000000000    0.0000000000000000    0.0000000000000000
105.0    0.0000000000000000    0.0000000000000000    0.0000000000000000    0.0000000000000000    0.0000000000000000
107.0    0.0000000000000000    0.0000000000000000    0.0000000000000000    0.0000000000000000    0.0000000000000000
109.0    0.0000000000000000    0.0000000000000000    0.0000000000000000    0.0000000000000000    0.0000000000000000
111.0    0.0000000000000000    0.0000000000000000    0.0000000000000000    0.0000000000000000    0.0000000000000000
113.0    0.0000000000000000    0.0000000000000000    0.0000000000000000    0.0000000000000000    0.0000000000000000
115.0    0.0000000000000000    0.0000000000000000    0.0000000000000000    0.0000000000000000    0.0000000000000000
117.0    0.0000000000000000    0.0000000000000000    0.0000000000000000    0.0000000000000000    0.0000000000000000
119.0    0.0000000000000000    0.0000000000000000    0.0000000000000000    0.0000000000000000    0.0000000000000000
121.0    0.0000000000000000    0.0000000000000000    0.0000000000000000    0.0000000000000000    0.0000000000000000
123.0    0.0000000000000000    0.0000000000000000    0.0000000000000000    0.0000000000000000    0.0000000000000000
125.0    0.0000000000000000    0.0000000000000000    0.0000000000000000    0.0000000000000000    0.0000000000000000
127.0    0.0000000000000000    0.0000000000000000    0.0000000000000000    0.0000000000000000    0.0000000000000000
129.0    0.0000000000000000    0.0000000000000000    0.0000000000000000    0.0000000000000000    0.0000000000000000
131.0    0.0000000000000000    0.0000000000000000    0.0000000000000000    0.0000000000000000    0.0000000000000000
133.0    0.0000000000000000    0.0000000000000000    0.0000000000000000    0.0000000000000000    0.0000000000000000
135.0    0.0000000000000000    0.0000000000000000    0.0000000000000000    0.0000000000000000    0.0000000000000000
137.0    0.0000000000000000    0.0000000000000000    0.0000000000000000    0.0000000000000000    0.0000000000000000
139.0    0.0000000000000000    0.0000000000000000    0.0000000000000000    0.0000000000000000    0.0000000000000000
141.0    0.0000000000000000    0.0000000000000000    0.0000000000000000    0.0000000000000000    0.0000000000000000
143.0    0.0000000000000000    0.0000000000000000    0.0000000000000000    0.0000000000000000    0.0000000000000000
145.0    0.0000000000000000    0.0000000000000000    0.0000000000000000    0.0000000000000000    0.0000000000000000
147.0    0.0000000000000000    0.0000000000000000    0.0000000000000000    0.0000000000000000    0.0000000000000000
149.0    0.0000000000000000    0.0000000000000000    0.0000000000000000    0.0000000000000000    0.0000000000000000
151.0    0.0000000000000000    0.0000000000000000    0.0000000000000000    0.0000000000000000    0.0000000000000000
153.0    0.0000000000000000    0.0000000000000000    0.0000000000000000    0.0000000000000000    0.0000000000000000
155.0    0.0000000000000000    0.0000000000000000    0.0000000000000000    0.0000000000000000    0.0000000000000000
157.0    0.0000000000000000    0.0000000000000000    0.0000000000000000    0.0000000000000000    0.0000000000000000
159.0    0.0000000000000000    0.0000000000000000    0.0000000000000000    0.0000000000000000    0.0000000000000000
161.0    0.0000000000000000    0.0000000000000000    0.0000000000000000    0.0000000000000000    0.0000000000000000
163.0    0.0000000000000000    0.0000000000000000    0.0000000000000000    0.0000000000000000    0.0000000000000000
165.0    0.0000000000000000    0.0000000000000000    0.0000000000000000    0.0000000000000000    0.0000000000000000
167.0    0.0000000000000000    0.0000000000000000    0.0000000000000000    0.0000000000000000    0.0000000000000000
169.0    0.0000000000000000    0.0000000000000000    0.0000000000000000    0.0000000000000000    0.0000000000000000
171.0    0.0000000000000000    0.0000000000000000    0.0000000000000000    0.0000000000000000    0.0000000000000000
173.0    0.0000000000000000    0.0000000000000000    0.0000000000000000    0.0000000000000000    0.0000000000000000
175.0    0.0000000000000000    0.0000000000000000    0.0000000000000000    0.0000000000000000    0.0000000000000000
177.0    0.0000000000000000    0.0000000000000000    0.0000000000000000    0.0000000000000000    0.0000000000000000
179.0    0.0000000000000000    0.0000000000000000    0.0000000000000000    0.0000000000000000    0.0000000000000000
181.0    0.0000000000000000    0.0000000000000000    0.0000000000000000    0.0000000000000000    0.0000000000000000
183.0    0.0000000000000000    0.0000000000000000    0.0000000000000000    0.0000000000000000    0.0000000000000000
185.0    0.0000000000000000    0.0000000000000000    0.0000000000000000    0.0000000000000000    0.0000000000000000
187.0    0.0000000000000000    0.0000000000000000    0.0000000000000000    0.0000000000000000    0.0000000000000000
189.0    0.0000000000000000    0.0000000000000000    0.0000000000000000    0.0000000000000000    0.0000000000000000
191.0    0.0000000000000000    0.0000000000000000    0.0000000000000000    0.0000000000000000    0.0000000000000000
193.0    0.0000000000000000    0.0000000000000000    0.0000000000000000    0.0000000000000000    0.0000000000000000
195.0    0.0000000000000000    0.0000000000000000    0.0000000000000000    0.0000000000000000    0.0000000000000000
197.0    0.0000000000000000    0.0000000000000000    0.0000000000000000    0.0000000000000000    0.0000000000000000
199.0    0.0000000000000000    0.0000000000000000    0.0000000000000000    0.0000000000000000    0.0000000000000000
201.0    0.0000000000000000    0.0000000000000000    0.0000000000000000    0.0000000000000000    0.0000000000000000
203.0    0.0000000000000000    0.0000000000000000    0.0000000000000000    0.0000000000000000    0.0000000000000000
205.0    0.0000000000000000    0.0000000000000000    0.0000000000000000    0.0000000000000000    0.0000000000000000
207.0    0.0000000000000000    0.0000000000000000    0.0000000000000000    0.0000000000000000    0.0000000000000000
209.0    0.0000000000000000    0.0000000000000000    0.0000000000000000    0.0000000000000000    0.0000000000000000
211.0    0.0000000000000000    0.0000000000000000    0.0000000000000000    0.0000000000000000    0.0000000000000000
213.0    0.0000000000000000    0.0000000000000000    0.0000000000000000    0.0000000000000000    0.0000000000000000
215.0    0.0000000000000000    0.0000000000000000    0.0000000000000000    0.0000000000000000    0.0000000000000000
217.0    0.0000000000000000    0.0000000000000000    0.0000000000000000    0.0000000000000000    0.0000000000000000
219.0    0.0000000000000000    0.0000000000000000    0.0000000000000000    0.0000000000000000    0.0000000000000000
221.0    0.0000000000000000    0.0000000000000000    0.0000000000000000    0.0000000000000000    0.0000000000000000
223.0    0.0000000000000000    0.0000000000000000    0.0000000000000000    0.0000000000000000    0.0000000000000000
225.0    0.0000000000000000    0.0000000000000000    0.0000000000000000    0.0000000000000000    0.0000000000000000
227.0    0.0000000000000000    0.0000000000000000    0.0000000000000000    0.0000000000000000    0.0000000000000000
229.0    0.0000000000000000    0.0000000000000000    0.0000000000000000    0.0000000000000000    0.0000000000000000
231.0    0.0000000000000000    0.0000000000000000    0.0000000000000000    0.0000000000000000    0.0000000000000000
233.0    0.0000000000000000    0.0000000000000000    0.0000000000000000    0.0000000000000000    0.0000000000000000
235.0    0.0000000000000000    0.0000000000000000    0.0000000000000000    0.0000000000000000    0.0000000000000000
237.0    0.0000000000000000    0.0000000000000000    0.0000000000000000    0.0000000000000000    0.0000000000000000
239.0    0.0000000000000000    0.0000000000000000    0.0000000000000000    0.0000000000000000    0.0000000000000000
241.0    0.0000000000000000    0.0000000000000000    0.0000000000000000    0.0000000000000000    0.0000000000000000
243.0    0.0000000000000000    0.0000000000000000    0.0000000000000000    0.0000000000000000    0.0000000000000000
245.0    0.0000000000000000    0.0000000000000000    0.0000000000000000    0.0000000000000000    0.0000000000000000
247.0    0.0000000000000000    0.0000000000000000    0.0000000000000000    0.0000000000000000    0.0000000000000000
249.0    0.0000000000000000    0.0000000000000000    0.0000000000000000    0.0000000000000000    0.0000000000000000
251.0    0.0000000000000000    0.0000000000000000    0.0000000000000000    0.0000000000000000    0.0000000000000000
253.0    0.0000000000000000    0.0000000000000000    0.0000000000000000    0.0000000000000000    0.0000000000000000
255.0    0.0000000000000000    0.0000000000000000    0.0000000000000000    0.0000000000000000    0.0000000000000000
257.0    0.0000000000000000    0.0000000000000000    0.0000000000000000    0.0000000000000000    0.0000000000000000
259.0    0.0000000000000000    0.0000000000000000    0.0000000000000000    0.0000000000000000    0.0000000000000000
261.0    0.0000000000000000    0.0000000000000000    0.0000000000000000    0.0000000000000000    0.0000000000000000
263.0    0.0000000000000000    0.0000000000000000    0.0000000000000000    0.0000000000000000    0.0000000000000000
265.0    0.0000000000000000    0.0000000000000000    0.0000000000000000    0.0000000000000000    0.0000000000000000
267.0    0.0000000000000000    0.0000000000000000    0.0000000000000000    0.0000000000000000    0.0000000000000000
269.0    0.0000000000000000    0.0000000000000000    0.0000000000000000    0.0000000000000000    0.0000000000000000
271.0    0.0000000000000000    0.0000000000000000    0.0000000000000000    0.0000000000000000    0.0000000000000000
273.0    0.0000000000000000    0.0000000000000000    0.0000000000000000    0.0000000000000000    0.0000000000000000
275.0    0.0000000000000000    0.0000000000000000    0.0000000000000000    0.0000000000000000    0.0000000000000000
277.0    0.0000000000000000    0.0000000000000000    0.0000000000000000    0.0000000000000000    0.0000000000000000
279.0    0.0000000000000000    0.0000000000000000    0.0000000000000000    0.0000000000000000    0.0000000000000000
281.0    0.0000000000000000    0.0000000000000000    0.0000000000000000    0.0000000000000000    0.0000000000000000
283.0    0.0000000000000000    0.0000000000000000    0.0000000000000000    0.0000000000000000    0.0000000000000000
285.0    0.0000000000000000    0.0000000000000000    0.0000000000000000    0.0000000000000000    0.0000000000000000
287.0    0.0000000000000000    0.0000000000000000    0.0000000000000000    0.0000000000000000    0.0000000000000000
289.0    0.0000000000000000    0.0000000000000000    0.0000000000000000    0.0000000000000000    0.0000000000000000
291.0    0.0000000000000000    0.0000000000000000    0.0000000000000000    0.0000000000000000    0.0000000000000000
293.0    0.0000000000000000    0.0000000000000000    0.0000000000000000    0.0000000000000000    0.0000000000000000
295.0    0.0000000000000000    0.0000000000000000    0.0000000000000000    0.0000000000000000    0.0000000000000000
297.0    0.0000000000000000    0.0000000000000000    0.0000000000000000    0.0000000000000000    0.0000000000000000
299.0    0.0000000000000000    0.0000000000000000    0.0000000000000000    0.0000000000000000    0.0000000000000000
301.0    0.0000000000000000    0.0000000000000000    0.0000000000000000    0.0000000000000000    0.0000000000000000
303.0    0.0000000000000000    0.0000000000000000    0.0000000000000000    0.0000000000000000    0.0000000000000000
305.0    0.0000000000000000    0.0000000000000000    0.0000000000000000    0.0000000000000000    0.0000000000000000
307.0    0.0000000000000000    0.0000000000000000    0.0000000000000000    0.0000000000000000    0.0000000000000000
309.0    0.0000000000000000    0.0000000000000000    0.0000000000000000    0.0000000000000000    0.0000000000000000
311.0    0.0000000000000000    0.0000000000000000    0.0000000000000000    0.0000000000000000    0.0000000000000000
313.0    0.0000000000000000    0.0000000000000000    0.0000000000000000    0.0000000000000000    0.0000000000000000
315.0    0.0000000000000000    0.0000000000000000    0.0000000000000000    0.0000000000000000    0.0000000000000000
317.0    0.0000000000000000    0.0000000000000000    0.0000000000000000    0.0000000000000000    0.0000000000000000
319.0    0.0000000000000000    0.0000000000000000    0.0000000000000000    0.0000000000000000    0.0000000000000000
321.0    0.0000000000000000    0.0000000000000000    0.0000000000000000    0.0000000000000000    0.0000000000000000
323.0    0.0000000000000000    0.0000000000000000    0.0000000000000000    0.0000000000000000    0.0000000000000000
325.0    0.0000000000000000    0.0000000000000000    0.0000000000000000    0.0000000000000000    0.0000000000000000
327.0    0.0000000000000000    0.0000000000000000    0.0000000000000000    0.0000000000000000    0.0000000000000000
329.0    0.0000000000000000    0.0000000000000000    0.0000000000000000    0.0000000000000000    0.0000000000000000
331.0    0.0000000000000000    0.0000000000000000    0.0000000000000000    0.0000000000000000    0.0000000000000000
333.0    0.0000000000000000    0.0000000000000000    0.0000000000000000    0.0000000000000000    0.0000000000000000
335.0    0.0000000000000000    0.0000000000000000    0.0000000000000000    0.0000000000000000    0.0000000000000000
337.0    0.0000000000000000    0.0000000000000000    0.0000000000000000    0.0000000000000000    0.0000000000000000
339.0    0.0000000000000000    0.0000000000000000    0.0000000000000000    0.0000000000000000    0.0000000000000000
341.0    0.0000000000000000    0.0000000000000000    0.0000000000000000    0.0000000000000000    0.0000000000000000
343.0    0.0000000000000000    0.0000000000000000    0.0000000000000000    0.0000000000000000    0.0000000000000000
345.0    0.0000000000000000    0.0000000000000000    0.0000000000000000    0.0000000000000000    0.0000000000000000
347.0    0.0000000000000000    0.0000000000000000    0.0000000000000000    0.0000000000000000    0.0000000000000000
349.0    0.0000000000000000    0.0000000000000000    0.0000000000000000    0.0000000000000000    0.0000000000000000
351.0    0.0000000000000000    0.0000000000000000    0.0000000000000000    0.0000000000000000    0.0000000000000000
353.0    0.0000000000000000    0.0000000000000000    0.0000000000000000    0.0000000000000000    0.0000000000000000
355.0    0.0000000000000000    0.0000000000000000    0.0000000000000000    0.0000000000000000    0.0000000000000000
357.0    0.0000000000000000    0.0000000000000000    0.0000000000000000    0.0000000000000000    0.0000000000000000
359.0    0.0000000000000000    0.0000000000000000    0.0000000000000000    0.0000000000000000    0.0000000000000000
361.0    0.0000000000000000    0.0000000000000000    0.0000000000000000    0.0000000000000000    0.0000000000000000
363.0    0.0000000000000000    0.0000000000000001    0.0000000000000000    0.0000000000000000    0.0000000000000000
365.0    0.0000000000000000    0.0000000000000001    0.0000000000000000    0.0000000000000000    0.0000000000000000
367.0    0.0000000000000000    0.0000000000000001    0.0000000000000000    0.0000000000000000    0.0000000000000000
369.0    0.0000000000000000    0.0000000000000001    0.0000000000000000    0.0000000000000000    0.0000000000000000
371.0    0.0000000000000000    0.0000000000000001    0.0000000000000000    0.0000000000000000    0.0000000000000000
373.0    0.0000000000000000    0.0000000000000000    0.0000000000000000    0.0000000000000000    0.0000000000000000
375.0    0.0000000000000000    0.0000000000000000    0.0000000000000000    0.0000000000000000    0.0000000000000000
377.0    0.0000000000000000    0.0000000000000000    0.0000000000000000    0.0000000000000000    0.0000000000000000
379.0    0.0000000000000000    0.0000000000000000    0.0000000000000000    0.0000000000000000    0.0000000000000000
381.0    0.0000000000000000    0.0000000000000000    0.0000000000000000    0.0000000000000000    0.0000000000000000
383.0    0.0000000000000000    0.0000000000000000    0.0000000000000000    0.0000000000000000    0.0000000000000000
385.0    0.0000000000000000    0.0000000000000000    0.0000000000000000    0.0000000000000000    0.0000000000000000
387.0    0.0000000000000000    0.0000000000000000    0.0000000000000000    0.0000000000000000    0.0000000000000000
389.0    0.0000000000000000    0.0000000000000000    0.0000000000000000    0.0000000000000000    0.0000000000000000
391.0    0.0000000000000000    0.0000000000000000    0.0000000000000000    0.0000000000000000    0.0000000000000000
393.0    0.0000000000000000    0.0000000000000000    0.0000000000000000    0.0000000000000000    0.0000000000000000
395.0    0.0000000000000000    0.0000000000000000    0.0000000000000000    0.0000000000000000    0.0000000000000000
397.0    0.0000000000000000    0.0000000000000000    0.0000000000000000    0.0000000000000000    0.0000000000000000
399.0    0.0000000000000000    0.0000000000000000    0.0000000000000000    0.0000000000000000    0.0000000000000000
401.0    0.0000000000000000    0.0000000000000000    0.0000000000000000    0.0000000000000000    0.0000000000000000
403.0    0.0000000000000000    0.0000000000000000    0.0000000000000000    0.0000000000000000    0.0000000000000000
405.0    0.0000000000000000    0.0000000000000000    0.0000000000000000    0.0000000000000000    0.0000000000000000
407.0    0.0000000000000000    0.0000000000000000    0.0000000000000000    0.0000000000000000    0.0000000000000000
409.0    0.0000000000000000    0.0000000000000000    0.0000000000000000    0.0000000000000000    0.0000000000000000
411.0    0.0000000000000000    0.0000000000000000    0.0000000000000000    0.0000000000000000    0.0000000000000000
413.0    0.0000000000000000    0.0000000000000000    0.0000000000000000    0.0000000000000000    0.0000000000000000
415.0    0.0000000000000000    0.0000000000000000    0.0000000000000000    0.0000000000000000    0.0000000000000000
417.0    0.0000000000000000    0.0000000000000000    0.0000000000000000    0.0000000000000000    0.0000000000000000
419.0    0.0000000000000000    0.0000000000000000    0.0000000000000000    0.0000000000000000    0.0000000000000000
421.0    0.0000000000000000    0.0000000000000000    0.0000000000000000    0.0000000000000000    0.0000000000000000
423.0    0.0000000000000000    0.0000000000000000    0.0000000000000000    0.0000000000000000    0.0000000000000000
425.0    0.0000000000000000    0.0000000000000000    0.0000000000000000    0.0000000000000000    0.0000000000000000
427.0    0.0000000000000000    0.0000000000000000    0.0000000000000000    0.0000000000000000    0.0000000000000000
429.0    0.0000000000000000    0.0000000000000000    0.0000000000000000    0.0000000000000000    0.0000000000000000
431.0    0.0000000000000000    0.0000000000000000    0.0000000000000000    0.0000000000000000    0.0000000000000000
433.0    0.0000000000000000    0.0000000000000000    0.0000000000000000    0.0000000000000000    0.0000000000000000
435.0    0.0000000000000000    0.0000000000000000    0.0000000000000000    0.0000000000000000    0.0000000000000000
437.0    0.0000000000000000    0.0000000000000000    0.0000000000000000    0.0000000000000000    0.0000000000000000
439.0    0.0000000000000000    0.0000000000000000    0.0000000000000000    0.0000000000000000    0.0000000000000000
441.0    0.0000000000000000    0.0000000000000000    0.0000000000000000    0.0000000000000000    0.0000000000000000
443.0    0.0000000000000000    0.0000000000000000    0.0000000000000000    0.0000000000000000    0.0000000000000000
445.0    0.0000000000000000    0.0000000000000000    0.0000000000000000    0.0000000000000000    0.0000000000000000
447.0    0.0000000000000000    0.0000000000000000    0.0000000000000000    0.0000000000000000    0.0000000000000000
449.0    0.0000000000000000    0.0000000000000000    0.0000000000000000    0.0000000000000000    0.0000000000000000
451.0    0.0000000000000000    0.0000000000000000    0.0000000000000000    0.0000000000000000    0.0000000000000000
453.0    0.0000000000000000    0.0000000000000000    0.0000000000000000    0.0000000000000000    0.0000000000000000
455.0    0.0000000000000000    0.0000000000000000    0.0000000000000000    0.0000000000000000    0.0000000000000000
457.0    0.0000000000000000    0.0000000000000000    0.0000000000000000    0.0000000000000000    0.0000000000000000
459.0    0.0000000000000000    0.0000000000000000    0.0000000000000000    0.0000000000000000    0.0000000000000000
461.0    0.0000000000000000    0.0000000000000000    0.0000000000000000    0.0000000000000000    0.0000000000000000
463.0    0.0000000000000000    0.0000000000000000    0.0000000000000000    0.0000000000000000    0.0000000000000000
465.0    0.0000000000000000    0.0000000000000000    0.0000000000000000    0.0000000000000000    0.0000000000000000
467.0    0.0000000000000000    0.0000000000000000    0.0000000000000000    0.0000000000000000    0.0000000000000000
469.0    0.0000000000000000    0.0000000000000000    0.0000000000000000    0.0000000000000000    0.0000000000000000
471.0    0.0000000000000000    0.0000000000000000    0.0000000000000000    0.0000000000000000    0.0000000000000000
473.0    0.0000000000000000    0.0000000000000000    0.0000000000000000    0.0000000000000000    0.0000000000000000
475.0    0.0000000000000000    0.0000000000000000    0.0000000000000000    0.0000000000000000    0.0000000000000000
477.0    0.0000000000000000    0.0000000000000000    0.0000000000000000    0.0000000000000000    0.0000000000000000
479.0    0.0000000000000000    0.0000000000000000    0.0000000000000000    0.0000000000000000    0.0000000000000000
481.0    0.0000000000000000    0.0000000000000000    0.0000000000000000    0.0000000000000000    0.0000000000000000
483.0    0.0000000000000000    0.0000000000000000    0.0000000000000000    0.0000000000000000    0.0000000000000000
485.0    0.0000000000000000    0.0000000000000000    0.0000000000000000    0.0000000000000000    0.0000000000000000
487.0    0.0000000000000000    0.0000000000000000    0.0000000000000000    0.0000000000000000    0.0000000000000000
489.0    0.0000000000000000    0.0000000000000000    0.0000000000000000    0.0000000000000000    0.0000000000000000
491.0    0.0000000000000000    0.0000000000000000    0.0000000000000000    0.0000000000000000    0.0000000000000000
493.0    0.0000000000000000    0.0000000000000000    0.0000000000000000    0.0000000000000000    0.0000000000000000
495.0    0.0000000000000000    0.0000000000000000    0.0000000000000000    0.0000000000000000    0.0000000000000000
497.0    0.0000000000000000    0.0000000000000000    0.0000000000000000    0.0000000000000000    0.0000000000000000
499.0    0.0000000000000000    0.0000000000000000    0.0000000000000000    0.0000000000000000    0.0000000000000000
501.0    0.0000000000000000    0.0000000000000000    0.0000000000000000    0.0000000000000000    0.0000000000000000
503.0    0.0000000000000000    0.0000000000000000    0.0000000000000000    0.0000000000000000    0.0000000000000000
505.0    0.0000000000000000    0.0000000000000000    0.0000000000000000    0.0000000000000000    0.0000000000000000
507.0    0.0000000000000000    0.0000000000000000    0.0000000000000000    0.0000000000000000    0.0000000000000000
509.0    0.0000000000000000    0.0000000000000000    0.0000000000000000    0.0000000000000000    0.0000000000000000
511.0    0.0000000000000000    0.0000000000000000    0.0000000000000000    0.0000000000000000    0.0000000000000000
513.0    0.0000000000000000    0.0000000000000000    0.0000000000000000    0.0000000000000000    0.0000000000000000
515.0    0.0000000000000000    0.0000000000000000    0.0000000000000000    0.0000000000000000    0.0000000000000000
517.0    0.0000000000000000    0.0000000000000000    0.0000000000000000    0.0000000000000000    0.0000000000000000
519.0    0.0000000000000000    0.0000000000000000    0.0000000000000000    0.0000000000000000    0.0000000000000000
521.0    0.0000000000000000    0.0000000000000000    0.0000000000000000    0.0000000000000001    0.0000000000000000
523.0    0.0000000000000001    0.0000000000000000    0.0000000000000001    0.0000000000000001    0.0000000000000001
525.0    0.0000000000000001    0.0000000000000001    0.0000000000000001    0.0000000000000001    0.0000000000000001
527.0    0.0000000000000001    0.0000000000000001    0.0000000000000001    0.0000000000000001    0.0000000000000001
529.0    0.0000000000000001    0.0000000000000001    0.0000000000000001    0.0000000000000001    0.0000000000000001
531.0    0.0000000000000001    0.0000000000000001    0.0000000000000001    0.0000000000000001    0.0000000000000001
533.0    0.0000000000000001    0.0000000000000001    0.0000000000000001    0.0000000000000001    0.0000000000000001
535.0    0.0000000000000001    0.0000000000000001    0.0000000000000001    0.0000000000000001    0.0000000000000001
537.0    0.0000000000000001    0.0000000000000001    0.0000000000000001    0.0000000000000001    0.0000000000000001
539.0    0.0000000000000001    0.0000000000000001    0.0000000000000001    0.0000000000000002    0.0000000000000001
541.0    0.0000000000000002    0.0000000000000001    0.0000000000000001    0.0000000000000002    0.0000000000000001
543.0    0.0000000000000002    0.0000000000000002    0.0000000000000002    0.0000000000000002    0.0000000000000002
545.0    0.0000000000000002    0.0000000000000002    0.0000000000000002    0.0000000000000002    0.0000000000000002
547.0    0.0000000000000002    0.0000000000000002    0.0000000000000002    0.0000000000000002    0.0000000000000002
549.0    0.0000000000000002    0.0000000000000002    0.0000000000000002    0.0000000000000002    0.0000000000000002
551.0    0.0000000000000003    0.0000000000000002    0.0000000000000002    0.0000000000000003    0.0000000000000002
553.0    0.0000000000000003    0.0000000000000002    0.0000000000000003    0.0000000000000003    0.0000000000000003
555.0    0.0000000000000003    0.0000000000000003    0.0000000000000003    0.0000000000000003    0.0000000000000003
557.0    0.0000000000000003    0.0000000000000003    0.0000000000000003    0.0000000000000003    0.0000000000000003
559.0    0.0000000000000004    0.0000000000000003    0.0000000000000003    0.0000000000000004    0.0000000000000003
561.0    0.0000000000000004    0.0000000000000004    0.0000000000000004    0.0000000000000004    0.0000000000000004
563.0    0.0000000000000004    0.0000000000000004    0.0000000000000004    0.0000000000000004    0.0000000000000004
565.0    0.0000000000000004    0.0000000000000004    0.0000000000000004    0.0000000000000005    0.0000000000000004
567.0    0.0000000000000005    0.0000000000000004    0.0000000000000004    0.0000000000000005    0.0000000000000005
569.0    0.0000000000000005    0.0000000000000005    0.0000000000000005    0.0000000000000005    0.0000000000000005
571.0    0.0000000000000005    0.0000000000000005    0.0000000000000005    0.0000000000000006    0.0000000000000005
573.0    0.0000000000000006    0.0000000000000006    0.0000000000000005    0.0000000000000006    0.0000000000000006
575.0    0.0000000000000006    0.0000000000000006    0.0000000000000006    0.0000000000000007    0.0000000000000006
577.0    0.0000000000000007    0.0000000000000006    0.0000000000000006    0.0000000000000007    0.0000000000000006
579.0    0.0000000000000007    0.0000000000000007    0.0000000000000007    0.0000000000000007    0.0000000000000007
581.0    0.0000000000000007    0.0000000000000007    0.0000000000000007    0.0000000000000008    0.0000000000000007
583.0    0.0000000000000008    0.0000000000000008    0.0000000000000007    0.0000000000000008    0.0000000000000008
585.0    0.0000000000000008    0.0000000000000008    0.0000000000000008    0.0000000000000009    0.0000000000000008
587.0    0.0000000000000009    0.0000000000000009    0.0000000000000008    0.0000000000000009    0.0000000000000009
589.0    0.0000000000000009    0.0000000000000009    0.0000000000000009    0.0000000000000010    0.0000000000000009
591.0    0.0000000000000010    0.0000000000000010    0.0000000000000009    0.0000000000000010    0.0000000000000010
593.0    0.0000000000000010    0.0000000000000010    0.0000000000000010    0.0000000000000011    0.0000000000000010
595.0    0.0000000000000011    0.0000000000000011    0.0000000000000010    0.0000000000000011    0.0000000000000010
597.0    0.0000000000000011    0.0000000000000011    0.0000000000000011    0.0000000000000012    0.0000000000000011
599.0    0.0000000000000012    0.0000000000000012    0.0000000000000011    0.0000000000000012    0.0000000000000011
601.0    0.0000000000000012    0.0000000000000012    0.0000000000000012    0.0000000000000013    0.0000000000000012
603.0    0.0000000000000013    0.0000000000000013    0.0000000000000012    0.0000000000000013    0.0000000000000012
605.0    0.0000000000000013    0.0000000000000013    0.0000000000000013    0.0000000000000014    0.0000000000000013
607.0    0.0000000000000014    0.0000000000000014    0.0000000000000013    0.0000000000000014    0.0000000000000013
609.0    0.0000000000000014    0.0000000000000014    0.0000000000000014    0.0000000000000015    0.0000000000000014
611.0    0.0000000000000015    0.0000000000000015    0.0000000000000014    0.0000000000000015    0.0000000000000014
613.0    0.0000000000000015    0.0000000000000015    0.0000000000000015    0.0000000000000016    0.0000000000000015
615.0    0.0000000000000016    0.0000000000000016    0.0000000000000015    0.0000000000000016    0.0000000000000015
617.0    0.0000000000000016    0.0000000000000016    0.0000000000000016    0.0000000000000017    0.0000000000000016
619.0    0.0000000000000017    0.0000000000000017    0.0000000000000016    0.0000000000000017    0.0000000000000016
621.0    0.0000000000000017    0.0000000000000017    0.0000000000000017    0.0000000000000018    0.0000000000000017
623.0    0.0000000000000018    0.0000000000000018    0.0000000000000017    0.0000000000000018    0.0000000000000017
625.0    0.0000000000000018    0.0000000000000018    0.0000000000000018    0.0000000000000019    0.0000000000000018
627.0    0.0000000000000019    0.0000000000000019    0.0000000000000018    0.0000000000000019    0.0000000000000018
629.0    0.0000000000000019    0.0000000000000019    0.0000000000000018    0.0000000000000019    0.0000000000000019
631.0    0.0000000000000020    0.0000000000000019    0.0000000000000019    0.0000000000000020    0.0000000000000019
633.0    0.0000000000000020    0.0000000000000020    0.0000000000000019    0.0000000000000020    0.0000000000000020
635.0    0.0000000000000020    0.0000000000000020    0.0000000000000020    0.0000000000000021    0.0000000000000020
637.0    0.0000000000000021    0.0000000000000021    0.0000000000000020    0.0000000000000021    0.0000000000000021
639.0    0.0000000000000021    0.0000000000000021    0.0000000000000021    0.0000000000000022    0.0000000000000021
641.0    0.0000000000000022    0.0000000000000022    0.0000000000000021    0.0000000000000022    0.0000000000000022
643.0    0.0000000000000022    0.0000000000000022    0.0000000000000022    0.0000000000000023    0.0000000000000022
645.0    0.0000000000000023    0.0000000000000023    0.0000000000000022    0.0000000000000023    0.0000000000000022
647.0    0.0000000000000023    0.0000000000000023    0.0000000000000023    0.0000000000000023    0.0000000000000023
649.0    0.0000000000000023    0.0000000000000023    0.0000000000000023    0.0000000000000024    0.0000000000000023
651.0    0.0000000000000024    0.0000000000000024    0.0000000000000023    0.0000000000000024    0.0000000000000024
653.0    0.0000000000000024    0.0000000000000024    0.0000000000000024    0.0000000000000025    0.0000000000000024
655.0    0.0000000000000025    0.0000000000000025    0.0000000000000024    0.0000000000000025    0.0000000000000025
657.0    0.0000000000000025    0.0000000000000025    0.0000000000000025    0.0000000000000025    0.0000000000000025
659.0    0.0000000000000026    0.0000000000000025    0.0000000000000025    0.0000000000000026    0.0000000000000025
661.0    0.0000000000000026    0.0000000000000026    0.0000000000000025    0.0000000000000026    0.0000000000000026
663.0    0.0000000000000026    0.0000000000000026    0.0000000000000026    0.0000000000000027    0.0000000000000026
665.0    0.0000000000000027    0.0000000000000027    0.0000000000000026    0.0000000000000027    0.0000000000000027
667.0    0.0000000000000027    0.0000000000000027    0.0000000000000027    0.0000000000000027    0.0000000000000027
669.0    0.0000000000000028    0.0000000000000027    0.0000000000000027    0.0000000000000028    0.0000000000000027
671.0    0.0000000000000028    0.0000000000000028    0.0000000000000027    0.0000000000000028    0.0000000000000028
673.0    0.0000000000000028    0.0000000000000028    0.0000000000000028    0.0000000000000029    0.0000000000000028
675.0    0.0000000000000029    0.0000000000000029    0.0000000000000028    0.0000000000000029    0.0000000000000028
677.0    0.0000000000000029    0.0000000000000029    0.0000000000000029    0.0000000000000029    0.0000000000000029
679.0    0.0000000000000029    0.0000000000000029    0.0000000000000029    0.0000000000000030    0.0000000000000029
681.0    0.0000000000000030    0.0000000000000030    0.0000000000000029    0.0000000000000030    0.0000000000000030
683.0    0.0000000000000030    0.0000000000000030    0.0000000000000030    0.0000000000000030    0.0000000000000030
685.0    0.0000000000000030    0.0000000000000030    0.0000000000000030    0.0000000000000031    0.0000000000000030
687.0    0.0000000000000031    0.0000000000000031    0.0000000000000030    0.0000000000000031    0.0000000000000031
689.0    0.0000000000000031    0.0000000000000031    0.0000000000000031    0.0000000000000032    0.0000000000000031
691.0    0.0000000000000032    0.0000000000000031    0.0000000000000031    0.0000000000000032    0.0000000000000031
693.0    0.0000000000000032    0.0000000000000032    0.0000000000000031    0.0000000000000032    0.0000000000000032
695.0    0.0000000000000032    0.0000000000000032    0.0000000000000032    0.0000000000000033    0.0000000000000032
697.0    0.0000000000000033    0.0000000000000033    0.0000000000000032    0.0000000000000033    0.0000000000000032
699.0    0.0000000000000033    0.0000000000000033    0.0000000000000032    0.0000000000000033    0.0000000000000033
701.0    0.0000000000000033    0.0000000000000033    0.0000000000000033    0.0000000000000033    0.0000000000000033
703.0    0.0000000000000034    0.0000000000000033    0.0000000000000033    0.0000000000000034    0.0000000000000033
705.0    0.0000000000000034    0.0000000000000034    0.0000000000000033    0.0000000000000034    0.0000000000000034
707.0    0.0000000000000034    0.0000000000000034    0.0000000000000034    0.0000000000000034    0.0000000000000034
709.0    0.0000000000000034    0.0000000000000034    0.0000000000000034    0.0000000000000035    0.0000000000000034
711.0    0.0000000000000035    0.0000000000000035    0.0000000000000034    0.0000000000000035    0.0000000000000035
713.0    0.0000000000000035    0.0000000000000035    0.0000000000000035    0.0000000000000035    0.0000000000000035
715.0    0.0000000000000035    0.0000000000000035    0.0000000000000035    0.0000000000000036    0.0000000000000035
717.0    0.0000000000000036    0.0000000000000036    0.0000000000000035    0.0000000000000036    0.0000000000000035
719.0    0.0000000000000036    0.0000000000000036    0.0000000000000036    0.0000000000000036    0.0000000000000036
721.0    0.0000000000000036    0.0000000000000036    0.0000000000000036    0.0000000000000036    0.0000000000000036
723.0    0.0000000000000036    0.0000000000000036    0.0000000000000036    0.0000000000000037    0.0000000000000036
725.0    0.0000000000000037    0.0000000000000037    0.0000000000000036    0.0000000000000037    0.0000000000000037
727.0    0.0000000000000037    0.0000000000000037    0.0000000000000037    0.0000000000000037    0.0000000000000037
729.0    0.0000000000000037    0.0000000000000037    0.0000000000000037    0.0000000000000038    0.0000000000000037
731.0    0.0000000000000038    0.0000000000000037    0.0000000000000037    0.0000000000000038    0.0000000000000037
733.0    0.0000000000000038    0.0000000000000038    0.0000000000000037    0.0000000000000038    0.0000000000000038
735.0    0.0000000000000038    0.0000000000000038    0.0000000000000038    0.0000000000000038    0.0000000000000038
737.0    0.0000000000000038    0.0000000000000038    0.0000000000000038    0.0000000000000039    0.0000000000000038
739.0    0.0000000000000039    0.0000000000000039    0.0000000000000038    0.0000000000000039    0.0000000000000039
741.0    0.0000000000000039    0.0000000000000039    0.0000000000000039    0.0000000000000039    0.0000000000000039
743.0    0.0000000000000039    0.0000000000000039    0.0000000000000039    0.0000000000000040    0.0000000000000039
745.0    0.0000000000000040    0.0000000000000039    0.0000000000000039    0.0000000000000040    0.0000000000000039
747.0    0.0000000000000040    0.0000000000000040    0.0000000000000040    0.0000000000000040    0.0000000000000040
749.0    0.0000000000000040    0.0000000000000040    0.0000000000000040    0.0000000000000041    0.0000000000000040
751.0    0.0000000000000041    0.0000000000000040    0.0000000000000040    0.0000000000000041    0.0000000000000040
753.0    0.0000000000000041    0.0000000000000041    0.0000000000000040    0.0000000000000041    0.0000000000000041
755.0    0.0000000000000041    0.0000000000000041    0.0000000000000041    0.0000000000000042    0.0000000000000041
757.0    0.0000000000000042    0.0000000000000041    0.0000000000000041    0.0000000000000042    0.0000000000000041
759.0    0.0000000000000042    0.0000000000000042    0.0000000000000042    0.0000000000000042    0.0000000000000042
761.0    0.0000000000000042    0.0000000000000042    0.0000000000000042    0.0000000000000043    0.0000000000000042
763.0    0.0000000000000043    0.0000000000000042    0.0000000000000042    0.0000000000000043    0.0000000000000042
765.0    0.0000000000000043    0.0000000000000043    0.0000000000000043    0.0000000000000044    0.0000000000000043
767.0    0.0000000000000044    0.0000000000000043    0.0000000000000043    0.0000000000000044    0.0000000000000043
769.0    0.0000000000000044    0.0000000000000044    0.0000000000000043    0.0000000000000045    0.0000000000000044
771.0    0.0000000000000044    0.0000000000000044    0.0000000000000044    0.0000000000000045    0.0000000000000044
773.0    0.0000000000000045    0.0000000000000044    0.0000000000000044    0.0000000000000046    0.0000000000000045
775.0    0.0000000000000045    0.0000000000000045    0.0000000000000045    0.0000000000000046    0.0000000000000045
777.0    0.0000000000000046    0.0000000000000045    0.0000000000000045    0.0000000000000047    0.0000000000000045
779.0    0.0000000000000046    0.0000000000000046    0.0000000000000046    0.0000000000000047    0.0000000000000046
781.0    0.0000000000000047    0.0000000000000046    0.0000000000000046    0.0000000000000048    0.0000000000000046
783.0    0.0000000000000048    0.0000000000000047    0.0000000000000047    0.0000000000000048    0.0000000000000047
785.0    0.0000000000000048    0.0000000000000047    0.0000000000000047    0.0000000000000049    0.0000000000000048
787.0    0.0000000000000049    0.0000000000000048    0.0000000000000048    0.0000000000000049    0.0000000000000048
789.0    0.0000000000000049    0.0000000000000049    0.0000000000000048    0.0000000000000050    0.0000000000000049
791.0    0.0000000000000050    0.0000000000000049    0.0000000000000049    0.0000000000000051    0.0000000000000049
793.0    0.0000000000000051    0.0000000000000050    0.0000000000000050    0.0000000000000051    0.0000000000000050
795.0    0.0000000000000051    0.0000000000000051    0.0000000000000050    0.0000000000000052    0.0000000000000051
797.0    0.0000000000000052    0.0000000000000051    0.0000000000000051    0.0000000000000053    0.0000000000000051
799.0    0.0000000000000053    0.0000000000000052    0.0000000000000052    0.0000000000000054    0.0000000000000052
801.0    0.0000000000000053    0.0000000000000053    0.0000000000000052    0.0000000000000054    0.0000000000000053
803.0    0.0000000000000054    0.0000000000000053    0.0000000000000053    0.0000000000000055    0.0000000000000053
805.0    0.0000000000000055    0.0000000000000054    0.0000000000000054    0.0000000000000056    0.0000000000000054
807.0    0.0000000000000056    0.0000000000000055    0.0000000000000055    0.0000000000000057    0.0000000000000055
809.0    0.0000000000000057    0.0000000000000056    0.0000000000000055    0.0000000000000058    0.0000000000000056
811.0    0.0000000000000058    0.0000000000000057    0.0000000000000056    0.0000000000000059    0.0000000000000057
813.0    0.0000000000000058    0.0000000000000058    0.0000000000000057    0.0000000000000060    0.0000000000000058
815.0    0.0000000000000059    0.0000000000000058    0.0000000000000058    0.0000000000000061    0.0000000000000058
817.0    0.0000000000000060    0.0000000000000059    0.0000000000000059    0.0000000000000062    0.0000000000000059
819.0    0.0000000000000061    0.0000000000000060    0.0000000000000060    0.0000000000000063    0.0000000000000060
821.0    0.0000000000000062    0.0000000000000061    0.0000000000000061    0.0000000000000064    0.0000000000000061
823.0    0.0000000000000063    0.0000000000000062    0.0000000000000062    0.0000000000000065    0.0000000000000062
825.0    0.0000000000000065    0.0000000000000063    0.0000000000000063    0.0000000000000066    0.0000000000000063
827.0    0.0000000000000066    0.0000000000000064    0.0000000000000064    0.0000000000000067    0.0000000000000065
829.0    0.0000000000000067    0.0000000000000066    0.0000000000000065    0.0000000000000068    0.0000000000000066
831.0    0.0000000000000068    0.0000000000000067    0.0000000000000066    0.0000000000000069    0.0000000000000067
833.0    0.0000000000000069    0.0000000000000068    0.0000000000000067    0.0000000000000071    0.0000000000000068
835.0    0.0000000000000070    0.0000000000000069    0.0000000000000068    0.0000000000000072    0.0000000000000069
837.0    0.0000000000000072    0.0000000000000070    0.0000000000000070    0.0000000000000073    0.0000000000000070
839.0    0.0000000000000073    0.0000000000000072    0.0000000000000071    0.0000000000000075    0.0000000000000072
841.0    0.0000000000000074    0.0000000000000073    0.0000000000000072    0.0000000000000076    0.0000000000000073
843.0    0.0000000000000076    0.0000000000000074    0.0000000000000074    0.0000000000000077    0.0000000000000074
845.0    0.0000000000000077    0.0000000000000076    0.0000000000000075    0.0000000000000079    0.0000000000000076
847.0    0.0000000000000079    0.0000000000000077    0.0000000000000076    0.0000000000000080    0.0000000000000077
849.0    0.0000000000000080    0.0000000000000079    0.0000000000000078    0.0000000000000082    0.0000000000000079
851.0    0.0000000000000082    0.0000000000000080    0.0000000000000079    0.0000000000000084    0.0000000000000080
853.0    0.0000000000000083    0.0000000000000082    0.0000000000000081    0.0000000000000085    0.0000000000000082
855.0    0.0000000000000085    0.0000000000000083    0.0000000000000082    0.0000000000000087    0.0000000000000083
857.0    0.0000000000000086    0.0000000000000085    0.0000000000000084    0.0000000000000088    0.0000000000000085
859.0    0.0000000000000088    0.0000000000000086    0.0000000000000085    0.0000000000000090    0.0000000000000086
861.0    0.0000000000000090    0.0000000000000088    0.0000000000000087    0.0000000000000092    0.0000000000000088
863.0    0.0000000000000092    0.0000000000000090    0.0000000000000089    0.0000000000000094    0.0000000000000090
865.0    0.0000000000000093    0.0000000000000092    0.0000000000000090    0.0000000000000096    0.0000000000000092
867.0    0.0000000000000095    0.0000000000000093    0.0000000000000092    0.0000000000000098    0.0000000000000093
869.0    0.0000000000000097    0.0000000000000095    0.0000000000000094    0.0000000000000099    0.0000000000000095
871.0    0.0000000000000099    0.0000000000000097    0.0000000000000096    0.0000000000000101    0.0000000000000097
873.0    0.0000000000000101    0.0000000000000099    0.0000000000000098    0.0000000000000103    0.0000000000000099
875.0    0.0000000000000103    0.0000000000000101    0.0000000000000100    0.0000000000000105    0.0000000000000101
877.0    0.0000000000000105    0.0000000000000103    0.0000000000000102    0.0000000000000107    0.0000000000000103
879.0    0.0000000000000107    0.0000000000000105    0.0000000000000104    0.0000000000000110    0.0000000000000105
881.0    0.0000000000000109    0.0000000000000107    0.0000000000000106    0.0000000000000112    0.0000000000000107
883.0    0.0000000000000111    0.0000000000000109    0.0000000000000108    0.0000000000000114    0.0000000000000109
885.0    0.0000000000000113    0.0000000000000111    0.0000000000000110    0.0000000000000116    0.0000000000000111
887.0    0.0000000000000115    0.0000000000000114    0.0000000000000112    0.0000000000000118    0.0000000000000113
889.0    0.0000000000000118    0.0000000000000116    0.0000000000000114    0.0000000000000120    0.0000000000000116
891.0    0.0000000000000120    0.0000000000000118    0.0000000000000116    0.0000000000000123    0.0000000000000118
893.0    0.0000000000000122    0.0000000000000120    0.0000000000000118    0.0000000000000125    0.0000000000000120
895.0    0.0000000000000124    0.0000000000000123    0.0000000000000121    0.0000000000000128    0.0000000000000122
897.0    0.0000000000000127    0.0000000000000125    0.0000000000000123    0.0000000000000130    0.0000000000000125
899.0    0.0000000000000129    0.0000000000000127    0.0000000000000125    0.0000000000000132    0.0000000000000127
901.0    0.0000000000000132    0.0000000000000130    0.0000000000000128    0.0000000000000135    0.0000000000000129
903.0    0.0000000000000134    0.0000000000000132    0.0000000000000130    0.0000000000000137    0.0000000000000132
905.0    0.0000000000000137    0.0000000000000135    0.0000000000000132    0.0000000000000140    0.0000000000000134
907.0    0.0000000000000139    0.0000000000000137    0.0000000000000135    0.0000000000000143    0.0000000000000137
909.0    0.0000000000000142    0.0000000000000140    0.0000000000000137    0.0000000000000145    0.0000000000000139
911.0    0.0000000000000144    0.0000000000000142    0.0000000000000140    0.0000000000000148    0.0000000000000142
913.0    0.0000000000000147    0.0000000000000145    0.0000000000000143    0.0000000000000151    0.0000000000000145
915.0    0.0000000000000150    0.0000000000000148    0.0000000000000145    0.0000000000000153    0.0000000000000147
917.0    0.0000000000000152    0.0000000000000150    0.0000000000000148    0.0000000000000156    0.0000000000000150
919.0    0.0000000000000155    0.0000000000000153    0.0000000000000151    0.0000000000000159    0.0000000000000153
921.0    0.0000000000000158    0.0000000000000156    0.0000000000000153    0.0000000000000162    0.0000000000000155
923.0    0.0000000000000161    0.0000000000000159    0.0000000000000156    0.0000000000000165    0.0000000000000158
925.0    0.0000000000000164    0.0000000000000161    0.0000000000000159    0.0000000000000167    0.0000000000000161
927.0    0.0000000000000166    0.0000000000000164    0.0000000000000162    0.0000000000000170    0.0000000000000164
929.0    0.0000000000000169    0.0000000000000167    0.0000000000000164    0.0000000000000173    0.0000000000000167
931.0    0.0000000000000172    0.0000000000000170    0.0000000000000167    0.0000000000000176    0.0000000000000170
933.0    0.0000000000000175    0.0000000000000173    0.0000000000000170    0.0000000000000179    0.0000000000000172
935.0    0.0000000000000178    0.0000000000000176    0.0000000000000173    0.0000000000000183    0.0000000000000175
937.0    0.0000000000000181    0.0000000000000179    0.0000000000000176    0.0000000000000186    0.0000000000000179
939.0    0.0000000000000185    0.0000000000000182    0.0000000000000179    0.0000000000000189    0.0000000000000182
941.0    0.0000000000000188    0.0000000000000185    0.0000000000000182    0.0000000000000192    0.0000000000000185
943.0    0.0000000000000191    0.0000000000000188    0.0000000000000185    0.0000000000000195    0.0000000000000188
945.0    0.0000000000000194    0.0000000000000191    0.0000000000000188    0.0000000000000199    0.0000000000000191
947.0    0.0000000000000197    0.0000000000000195    0.0000000000000192    0.0000000000000202    0.0000000000000194
949.0    0.0000000000000201    0.0000000000000198    0.0000000000000195    0.0000000000000205    0.0000000000000197
951.0    0.0000000000000204    0.0000000000000201    0.0000000000000198    0.0000000000000209    0.0000000000000201
953.0    0.0000000000000208    0.0000000000000205    0.0000000000000201    0.0000000000000212    0.0000000000000204
955.0    0.0000000000000211    0.0000000000000208    0.0000000000000205    0.0000000000000216    0.0000000000000207
957.0    0.0000000000000214    0.0000000000000211    0.0000000000000208    0.0000000000000220    0.0000000000000211
959.0    0.0000000000000218    0.0000000000000215    0.0000000000000212    0.0000000000000223    0.0000000000000214
961.0    0.0000000000000222    0.0000000000000219    0.0000000000000215    0.0000000000000227    0.0000000000000218
963.0    0.0000000000000225    0.0000000000000222    0.0000000000000219    0.0000000000000231    0.0000000000000222
965.0    0.0000000000000229    0.0000000000000226    0.0000000000000222    0.0000000000000235    0.0000000000000225
967.0    0.0000000000000233    0.0000000000000229    0.0000000000000226    0.0000000000000238    0.0000000000000229
969.0    0.0000000000000237    0.0000000000000233    0.0000000000000230    0.0000000000000242    0.0000000000000233
971.0    0.0000000000000241    0.0000000000000237    0.0000000000000233    0.0000000000000246    0.0000000000000237
973.0    0.0000000000000245    0.0000000000000241    0.0000000000000237    0.0000000000000251    0.0000000000000240
975.0    0.0000000000000249    0.0000000000000245    0.0000000000000241    0.0000000000000255    0.0000000000000244
977.0    0.0000000000000253    0.0000000000000249    0.0000000000000245    0.0000000000000259    0.0000000000000248
979.0    0.0000000000000257    0.0000000000000253    0.0000000000000249    0.0000000000000263    0.0000000000000252
981.0    0.0000000000000261    0.0000000000000257    0.0000000000000253    0.0000000000000267    0.0000000000000257
983.0    0.0000000000000265    0.0000000000000261    0.0000000000000258    0.0000000000000272    0.0000000000000261
985.0    0.0000000000000270    0.0000000000000265    0.0000000000000262    0.0000000000000276    0.0000000000000265
987.0    0.0000000000000274    0.0000000000000270    0.0000000000000266    0.0000000000000281    0.0000000000000269
989.0    0.0000000000000279    0.0000000000000274    0.0000000000000270    0.0000000000000285    0.0000000000000274
991.0    0.0000000000000283    0.0000000000000279    0.0000000000000275    0.0000000000000290    0.0000000000000278
993.0    0.0000000000000288    0.0000000000000283    0.0000000000000279    0.0000000000000295    0.0000000000000283
995.0    0.0000000000000293    0.0000000000000288    0.0000000000000284    0.0000000000000300    0.0000000000000287
997.0    0.0000000000000297    0.0000000000000293    0.0000000000000288    0.0000000000000305    0.0000000000000292
999.0    0.0000000000000302    0.0000000000000298    0.0000000000000293    0.0000000000000310    0.0000000000000297
1001.0    0.0000000000000307    0.0000000000000303    0.0000000000000298    0.0000000000000315    0.0000000000000302
1003.0    0.0000000000000313    0.0000000000000307    0.0000000000000303    0.0000000000000320    0.0000000000000307
1005.0    0.0000000000000318    0.0000000000000312    0.0000000000000308    0.0000000000000326    0.0000000000000312
1007.0    0.0000000000000323    0.0000000000000318    0.0000000000000313    0.0000000000000331    0.0000000000000317
1009.0    0.0000000000000328    0.0000000000000323    0.0000000000000318    0.0000000000000337    0.0000000000000322
1011.0    0.0000000000000334    0.0000000000000328    0.0000000000000323    0.0000000000000342    0.0000000000000327
1013.0    0.0000000000000339    0.0000000000000334    0.0000000000000329    0.0000000000000348    0.0000000000000333
1015.0    0.0000000000000345    0.0000000000000339    0.0000000000000334    0.0000000000000354    0.0000000000000339
1017.0    0.0000000000000350    0.0000000000000345    0.0000000000000340    0.0000000000000360    0.0000000000000344
1019.0    0.0000000000000356    0.0000000000000351    0.0000000000000345    0.0000000000000365    0.0000000000000349
1021.0    0.0000000000000362    0.0000000000000356    0.0000000000000351    0.0000000000000372    0.0000000000000355
1023.0    0.0000000000000368    0.0000000000000362    0.0000000000000357    0.0000000000000378    0.0000000000000361
1025.0    0.0000000000000375    0.0000000000000368    0.0000000000000363    0.0000000000000384    0.0000000000000367
1027.0    0.0000000000000381    0.0000000000000374    0.0000000000000368    0.0000000000000390    0.0000000000000373
1029.0    0.0000000000000387    0.0000000000000381    0.0000000000000375    0.0000000000000397    0.0000000000000379
1031.0    0.0000000000000393    0.0000000000000387    0.0000000000000381    0.0000000000000404    0.0000000000000386
1033.0    0.0000000000000400    0.0000000000000393    0.0000000000000387    0.0000000000000410    0.0000000000000392
1035.0    0.0000000000000407    0.0000000000000400    0.0000000000000394    0.0000000000000417    0.0000000000000399
1037.0    0.0000000000000414    0.0000000000000407    0.0000000000000400    0.0000000000000424    0.0000000000000405
1039.0    0.0000000000000420    0.0000000000000413    0.0000000000000407    0.0000000000000431    0.0000000000000412
1041.0    0.0000000000000427    0.0000000000000420    0.0000000000000414    0.0000000000000439    0.0000000000000419
1043.0    0.0000000000000434    0.0000000000000427    0.0000000000000420    0.0000000000000446    0.0000000000000426
1045.0    0.0000000000000442    0.0000000000000434    0.0000000000000427    0.0000000000000453    0.0000000000000433
1047.0    0.0000000000000449    0.0000000000000442    0.0000000000000435    0.0000000000000461    0.0000000000000441
1049.0    0.0000000000000456    0.0000000000000449    0.0000000000000442    0.0000000000000469    0.0000000000000448
1051.0    0.0000000000000464    0.0000000000000456    0.0000000000000449    0.0000000000000476    0.0000000000000455
1053.0    0.0000000000000472    0.0000000000000464    0.0000000000000457    0.0000000000000484    0.0000000000000463
1055.0    0.0000000000000480    0.0000000000000472    0.0000000000000464    0.0000000000000493    0.0000000000000470
1057.0    0.0000000000000488    0.0000000000000480    0.0000000000000472    0.0000000000000501    0.0000000000000478
1059.0    0.0000000000000496    0.0000000000000488    0.0000000000000479    0.0000000000000509    0.0000000000000486
1061.0    0.0000000000000504    0.0000000000000496    0.0000000000000488    0.0000000000000518    0.0000000000000494
1063.0    0.0000000000000512    0.0000000000000504    0.0000000000000496    0.0000000000000526    0.0000000000000502
1065.0    0.0000000000000521    0.0000000000000512    0.0000000000000504    0.0000000000000535    0.0000000000000511
1067.0    0.0000000000000530    0.0000000000000521    0.0000000000000512    0.0000000000000544    0.0000000000000519
1069.0    0.0000000000000538    0.0000000000000530    0.0000000000000521    0.0000000000000553    0.0000000000000528
1071.0    0.0000000000000547    0.0000000000000538    0.0000000000000529    0.0000000000000562    0.0000000000000536
1073.0    0.0000000000000556    0.0000000000000547    0.0000000000000538    0.0000000000000571    0.0000000000000545
1075.0    0.0000000000000565    0.0000000000000556    0.0000000000000547    0.0000000000000581    0.0000000000000554
1077.0    0.0000000000000575    0.0000000000000566    0.0000000000000556    0.0000000000000590    0.0000000000000564
1079.0    0.0000000000000584    0.0000000000000575    0.0000000000000565    0.0000000000000600    0.0000000000000573
1081.0    0.0000000000000594    0.0000000000000584    0.0000000000000574    0.0000000000000610    0.0000000000000582
1083.0    0.0000000000000603    0.0000000000000594    0.0000000000000584    0.0000000000000620    0.0000000000000592
1085.0    0.0000000000000613    0.0000000000000604    0.0000000000000593    0.0000000000000630    0.0000000000000602
1087.0    0.0000000000000623    0.0000000000000614    0.0000000000000603    0.0000000000000640    0.0000000000000612
1089.0    0.0000000000000634    0.0000000000000624    0.0000000000000612    0.0000000000000650    0.0000000000000622
1091.0    0.0000000000000644    0.0000000000000634    0.0000000000000623    0.0000000000000661    0.0000000000000632
1093.0    0.0000000000000655    0.0000000000000644    0.0000000000000633    0.0000000000000672    0.0000000000000642
1095.0    0.0000000000000665    0.0000000000000655    0.0000000000000643    0.0000000000000682    0.0000000000000652
1097.0    0.0000000000000676    0.0000000000000666    0.0000000000000653    0.0000000000000694    0.0000000000000663
1099.0    0.0000000000000686    0.0000000000000676    0.0000000000000664    0.0000000000000705    0.0000000000000674
1101.0    0.0000000000000698    0.0000000000000687    0.0000000000000675    0.0000000000000716    0.0000000000000684
1103.0    0.0000000000000709    0.0000000000000698    0.0000000000000685    0.0000000000000727    0.0000000000000695
1105.0    0.0000000000000720    0.0000000000000709    0.0000000000000696    0.0000000000000739    0.0000000000000706
1107.0    0.0000000000000731    0.0000000000000721    0.0000000000000707    0.0000000000000750    0.0000000000000718
1109.0    0.0000000000000743    0.0000000000000733    0.0000000000000719    0.0000000000000762    0.0000000000000730
1111.0    0.0000000000000755    0.0000000000000744    0.0000000000000730    0.0000000000000775    0.0000000000000741
1113.0    0.0000000000000767    0.0000000000000755    0.0000000000000741    0.0000000000000786    0.0000000000000753
1115.0    0.0000000000000779    0.0000000000000768    0.0000000000000753    0.0000000000000799    0.0000000000000764
1117.0    0.0000000000000791    0.0000000000000780    0.0000000000000765    0.0000000000000811    0.0000000000000776
1119.0    0.0000000000000803    0.0000000000000792    0.0000000000000777    0.0000000000000823    0.0000000000000789
1121.0    0.0000000000000815    0.0000000000000804    0.0000000000000789    0.0000000000000835    0.0000000000000801
1123.0    0.0000000000000828    0.0000000000000816    0.0000000000000801    0.0000000000000848    0.0000000000000813
1125.0    0.0000000000000840    0.0000000000000829    0.0000000000000814    0.0000000000000861    0.0000000000000825
1127.0    0.0000000000000853    0.0000000000000842    0.0000000000000826    0.0000000000000874    0.0000000000000838
1129.0    0.0000000000000866    0.0000000000000855    0.0000000000000838    0.0000000000000887    0.0000000000000851
1131.0    0.0000000000000878    0.0000000000000868    0.0000000000000851    0.0000000000000901    0.0000000000000864
1133.0    0.0000000000000892    0.0000000000000881    0.0000000000000864    0.0000000000000913    0.0000000000000878
1135.0    0.0000000000000905    0.0000000000000894    0.0000000000000877    0.0000000000000927    0.0000000000000890
1137.0    0.0000000000000918    0.0000000000000908    0.0000000000000889    0.0000000000000941    0.0000000000000903
1139.0    0.0000000000000932    0.0000000000000921    0.0000000000000903    0.0000000000000954    0.0000000000000917
1141.0    0.0000000000000945    0.0000000000000934    0.0000000000000916    0.0000000000000968    0.0000000000000930
1143.0    0.0000000000000958    0.0000000000000948    0.0000000000000929    0.0000000000000982    0.0000000000000944
1145.0    0.0000000000000972    0.0000000000000962    0.0000000000000943    0.0000000000000995    0.0000000000000957
1147.0    0.0000000000000986    0.0000000000000976    0.0000000000000956    0.0000000000001009    0.0000000000000971
1149.0    0.0000000000001000    0.0000000000000990    0.0000000000000970    0.0000000000001023    0.0000000000000985
1151.0    0.0000000000001014    0.0000000000001004    0.0000000000000984    0.0000000000001037    0.0000000000000999
1153.0    0.0000000000001028    0.0000000000001017    0.0000000000000997    0.0000000000001052    0.0000000000001013
1155.0    0.0000000000001042    0.0000000000001032    0.0000000000001011    0.0000000000001066    0.0000000000001027
1157.0    0.0000000000001056    0.0000000000001046    0.0000000000001026    0.0000000000001080    0.0000000000001041
1159.0    0.0000000000001070    0.0000000000001061    0.0000000000001039    0.0000000000001094    0.0000000000001055
1161.0    0.0000000000001085    0.0000000000001075    0.0000000000001053    0.0000000000001109    0.0000000000001070
1163.0    0.0000000000001099    0.0000000000001089    0.0000000000001068    0.0000000000001123    0.0000000000001084
1165.0    0.0000000000001113    0.0000000000001104    0.0000000000001082    0.0000000000001137    0.0000000000001099
1167.0    0.0000000000001128    0.0000000000001118    0.0000000000001096    0.0000000000001152    0.0000000000001113
1169.0    0.0000000000001142    0.0000000000001133    0.0000000000001110    0.0000000000001167    0.0000000000001127
1171.0    0.0000000000001157    0.0000000000001147    0.0000000000001125    0.0000000000001181    0.0000000000001142
1173.0    0.0000000000001171    0.0000000000001162    0.0000000000001140    0.0000000000001196    0.0000000000001157
1175.0    0.0000000000001186    0.0000000000001177    0.0000000000001154    0.0000000000001210    0.0000000000001172
1177.0    0.0000000000001201    0.0000000000001192    0.0000000000001168    0.0000000000001225    0.0000000000001186
1179.0    0.0000000000001215    0.0000000000001206    0.0000000000001183    0.0000000000001240    0.0000000000001200
1181.0    0.0000000000001230    0.0000000000001220    0.0000000000001198    0.0000000000001255    0.0000000000001215
1183.0    0.0000000000001244    0.0000000000001235    0.0000000000001212    0.0000000000001269    0.0000000000001230
1185.0    0.0000000000001259    0.0000000000001250    0.0000000000001226    0.0000000000001284    0.0000000000001245
1187.0    0.0000000000001274    0.0000000000001266    0.0000000000001241    0.0000000000001299    0.0000000000001259
1189.0    0.0000000000001288    0.0000000000001280    0.0000000000001256    0.0000000000001313    0.0000000000001274
1191.0    0.0000000000001303    0.0000000000001294    0.0000000000001270    0.0000000000001328    0.0000000000001289
1193.0    0.0000000000001318    0.0000000000001309    0.0000000000001285    0.0000000000001343    0.0000000000001304
1195.0    0.0000000000001333    0.0000000000001324    0.0000000000001300    0.0000000000001357    0.0000000000001319
1197.0    0.0000000000001347    0.0000000000001339    0.0000000000001315    0.0000000000001372    0.0000000000001334
1199.0    0.0000000000001362    0.0000000000001354    0.0000000000001329    0.0000000000001387    0.0000000000001348
1201.0    0.0000000000001376    0.0000000000001368    0.0000000000001343    0.0000000000001401    0.0000000000001362
1203.0    0.0000000000001391    0.0000000000001383    0.0000000000001358    0.0000000000001416    0.0000000000001377
1205.0    0.0000000000001406    0.0000000000001398    0.0000000000001373    0.0000000000001431    0.0000000000001392
1207.0    0.0000000000001421    0.0000000000001413    0.0000000000001387    0.0000000000001445    0.0000000000001407
1209.0    0.0000000000001435    0.0000000000001427    0.0000000000001402    0.0000000000001460    0.0000000000001421
1211.0    0.0000000000001450    0.0000000000001441    0.0000000000001417    0.0000000000001475    0.0000000000001435
1213.0    0.0000000000001464    0.0000000000001456    0.0000000000001431    0.0000000000001489    0.0000000000001450
1215.0    0.0000000000001479    0.0000000000001471    0.0000000000001446    0.0000000000001503    0.0000000000001465
1217.0    0.0000000000001493    0.0000000000001486    0.0000000000001460    0.0000000000001518    0.0000000000001480
1219.0    0.0000000000001508    0.0000000000001500    0.0000000000001475    0.0000000000001533    0.0000000000001494
1221.0    0.0000000000001522    0.0000000000001514    0.0000000000001489    0.0000000000001547    0.0000000000001508
1223.0    0.0000000000001536    0.0000000000001529    0.0000000000001504    0.0000000000001562    0.0000000000001522
1225.0    0.0000000000001551    0.0000000000001543    0.0000000000001518    0.0000000000001576    0.0000000000001537
1227.0    0.0000000000001565    0.0000000000001558    0.0000000000001532    0.0000000000001590    0.0000000000001552
1229.0    0.0000000000001580    0.0000000000001572    0.0000000000001547    0.0000000000001605    0.0000000000001566
1231.0    0.0000000000001594    0.0000000000001586    0.0000000000001561    0.0000000000001620    0.0000000000001580
1233.0    0.0000000000001608    0.0000000000001601    0.0000000000001575    0.0000000000001634    0.0000000000001594
1235.0    0.0000000000001623    0.0000000000001615    0.0000000000001590    0.0000000000001648    0.0000000000001609
1237.0    0.0000000000001637    0.0000000000001630    0.0000000000001604    0.0000000000001663    0.0000000000001623
1239.0    0.0000000000001652    0.0000000000001643    0.0000000000001618    0.0000000000001677    0.0000000000001638
1241.0    0.0000000000001666    0.0000000000001657    0.0000000000001632    0.0000000000001691    0.0000000000001651
1243.0    0.0000000000001680    0.0000000000001672    0.0000000000001647    0.0000000000001706    0.0000000000001665
1245.0    0.0000000000001695    0.0000000000001686    0.0000000000001661    0.0000000000001720    0.0000000000001680
1247.0    0.0000000000001709    0.0000000000001701    0.0000000000001675    0.0000000000001734    0.0000000000001694
1249.0    0.0000000000001723    0.0000000000001714    0.0000000000001689    0.0000000000001749    0.0000000000001708
1251.0    0.0000000000001737    0.0000000000001728    0.0000000000001704    0.0000000000001763    0.0000000000001722
1253.0    0.0000000000001752    0.0000000000001743    0.0000000000001718    0.0000000000001777    0.0000000000001736
1255.0    0.0000000000001766    0.0000000000001757    0.0000000000001732    0.0000000000001792    0.0000000000001750
1257.0    0.0000000000001780    0.0000000000001771    0.0000000000001746    0.0000000000001806    0.0000000000001765
1259.0    0.0000000000001794    0.0000000000001785    0.0000000000001761    0.0000000000001820    0.0000000000001779
1261.0    0.0000000000001809    0.0000000000001799    0.0000000000001775    0.0000000000001834    0.0000000000001794
1263.0    0.0000000000001823    0.0000000000001813    0.0000000000001789    0.0000000000001849    0.0000000000001807
1265.0    0.0000000000001837    0.0000000000001828    0.0000000000001803    0.0000000000001863    0.0000000000001821
1267.0    0.0000000000001852    0.0000000000001842    0.0000000000001817    0.0000000000001878    0.0000000000001836
1269.0    0.0000000000001866    0.0000000000001856    0.0000000000001832    0.0000000000001892    0.0000000000001850
1271.0    0.0000000000001880    0.0000000000001870    0.0000000000001846    0.0000000000001906    0.0000000000001864
1273.0    0.0000000000001895    0.0000000000001885    0.0000000000001860    0.0000000000001921    0.0000000000001878
1275.0    0.0000000000001909    0.0000000000001899    0.0000000000001874    0.0000000000001936    0.0000000000001892
1277.0    0.0000000000001924    0.0000000000001914    0.0000000000001889    0.0000000000001950    0.0000000000001907
1279.0    0.0000000000001938    0.0000000000001928    0.0000000000001903    0.0000000000001965    0.0000000000001921
1281.0    0.0000000000001952    0.0000000000001942    0.0000000000001917    0.0000000000001980    0.0000000000001936
1283.0    0.0000000000001967    0.0000000000001956    0.0000000000001932    0.0000000000001994    0.0000000000001950
1285.0    0.0000000000001982    0.0000000000001971    0.0000000000001947    0.0000000000002009    0.0000000000001964
1287.0    0.0000000000001996    0.0000000000001985    0.0000000000001961    0.0000000000002024    0.0000000000001979
1289.0    0.0000000000002011    0.0000000000001999    0.0000000000001975    0.0000000000002038    0.0000000000001993
1291.0    0.0000000000002025    0.0000000000002014    0.0000000000001990    0.0000000000002053    0.0000000000002008
1293.0    0.0000000000002040    0.0000000000002029    0.0000000000002005    0.0000000000002068    0.0000000000002023
1295.0    0.0000000000002055    0.0000000000002044    0.0000000000002019    0.0000000000002083    0.0000000000002037
1297.0    0.0000000000002070    0.0000000000002058    0.0000000000002033    0.0000000000002098    0.0000000000002052
1299.0    0.0000000000002085    0.0000000000002073    0.0000000000002048    0.0000000000002113    0.0000000000002067
1301.0    0.0000000000002100    0.0000000000002088    0.0000000000002063    0.0000000000002128    0.0000000000002082
1303.0    0.0000000000002115    0.0000000000002103    0.0000000000002078    0.0000000000002143    0.0000000000002097
1305.0    0.0000000000002129    0.0000000000002118    0.0000000000002092    0.0000000000002159    0.0000000000002111
1307.0    0.0000000000002145    0.0000000000002133    0.0000000000002107    0.0000000000002174    0.0000000000002126
1309.0    0.0000000000002160    0.0000000000002147    0.0000000000002123    0.0000000000002189    0.0000000000002141
1311.0    0.0000000000002175    0.0000000000002163    0.0000000000002137    0.0000000000002204    0.0000000000002156
1313.0    0.0000000000002190    0.0000000000002178    0.0000000000002152    0.0000000000002220    0.0000000000002172
1315.0    0.0000000000002205    0.0000000000002193    0.0000000000002167    0.0000000000002235    0.0000000000002186
1317.0    0.0000000000002221    0.0000000000002208    0.0000000000002183    0.0000000000002251    0.0000000000002201
1319.0    0.0000000000002236    0.0000000000002223    0.0000000000002198    0.0000000000002266    0.0000000000002217
1321.0    0.0000000000002252    0.0000000000002239    0.0000000000002213    0.0000000000002282    0.0000000000002232
1323.0    0.0000000000002267    0.0000000000002255    0.0000000000002228    0.0000000000002297    0.0000000000002248
1325.0    0.0000000000002283    0.0000000000002271    0.0000000000002244    0.0000000000002313    0.0000000000002264
1327.0    0.0000000000002299    0.0000000000002286    0.0000000000002259    0.0000000000002329    0.0000000000002279
1329.0    0.0000000000002314    0.0000000000002301    0.0000000000002274    0.0000000000002345    0.0000000000002294
1331.0    0.0000000000002330    0.0000000000002317    0.0000000000002290    0.0000000000002361    0.0000000000002310
1333.0    0.0000000000002346    0.0000000000002333    0.0000000000002306    0.0000000000002377    0.0000000000002326
1335.0    0.0000000000002362    0.0000000000002349    0.0000000000002322    0.0000000000002393    0.0000000000002342
1337.0    0.0000000000002378    0.0000000000002365    0.0000000000002337    0.0000000000002409    0.0000000000002357
1339.0    0.0000000000002393    0.0000000000002380    0.0000000000002353    0.0000000000002425    0.0000000000002373
1341.0    0.0000000000002410    0.0000000000002396    0.0000000000002369    0.0000000000002442    0.0000000000002389
1343.0    0.0000000000002426    0.0000000000002413    0.0000000000002384    0.0000000000002458    0.0000000000002405
1345.0    0.0000000000002442    0.0000000000002429    0.0000000000002401    0.0000000000002474    0.0000000000002422
1347.0    0.0000000000002459    0.0000000000002445    0.0000000000002417    0.0000000000002491    0.0000000000002438
1349.0    0.0000000000002474    0.0000000000002461    0.0000000000002433    0.0000000000002507    0.0000000000002454
1351.0    0.0000000000002491    0.0000000000002478    0.0000000000002449    0.0000000000002523    0.0000000000002470
1353.0    0.0000000000002507    0.0000000000002494    0.0000000000002465    0.0000000000002540    0.0000000000002487
1355.0    0.0000000000002524    0.0000000000002511    0.0000000000002482    0.0000000000002556    0.0000000000002503
1357.0    0.0000000000002541    0.0000000000002527    0.0000000000002498    0.0000000000002573    0.0000000000002520
1359.0    0.0000000000002557    0.0000000000002543    0.0000000000002514    0.0000000000002590    0.0000000000002536
1361.0    0.0000000000002574    0.0000000000002560    0.0000000000002531    0.0000000000002607    0.0000000000002552
1363.0    0.0000000000002590    0.0000000000002577    0.0000000000002547    0.0000000000002624    0.0000000000002569
1365.0    0.0000000000002607    0.0000000000002594    0.0000000000002564    0.0000000000002640    0.0000000000002586
1367.0    0.0000000000002624    0.0000000000002611    0.0000000000002580    0.0000000000002657    0.0000000000002603
1369.0    0.0000000000002641    0.0000000000002627    0.0000000000002597    0.0000000000002675    0.0000000000002619
1371.0    0.0000000000002658    0.0000000000002644    0.0000000000002614    0.0000000000002691    0.0000000000002636
1373.0    0.0000000000002674    0.0000000000002661    0.0000000000002630    0.0000000000002709    0.0000000000002653
1375.0    0.0000000000002692    0.0000000000002679    0.0000000000002647    0.0000000000002726    0.0000000000002670
1377.0    0.0000000000002709    0.0000000000002695    0.0000000000002664    0.0000000000002743    0.0000000000002688
1379.0    0.0000000000002726    0.0000000000002712    0.0000000000002681    0.0000000000002760    0.0000000000002705
1381.0    0.0000000000002743    0.0000000000002729    0.0000000000002698    0.0000000000002778    0.0000000000002722
1383.0    0.0000000000002760    0.0000000000002747    0.0000000000002715    0.0000000000002795    0.0000000000002738
1385.0    0.0000000000002777    0.0000000000002764    0.0000000000002732    0.0000000000002812    0.0000000000002756
1387.0    0.0000000000002794    0.0000000000002781    0.0000000000002750    0.0000000000002830    0.0000000000002773
1389.0    0.0000000000002812    0.0000000000002798    0.0000000000002766    0.0000000000002847    0.0000000000002791
1391.0    0.0000000000002829    0.0000000000002816    0.0000000000002783    0.0000000000002864    0.0000000000002808
1393.0    0.0000000000002847    0.0000000000002834    0.0000000000002801    0.0000000000002882    0.0000000000002825
1395.0    0.0000000000002864    0.0000000000002851    0.0000000000002818    0.0000000000002899    0.0000000000002842
1397.0    0.0000000000002881    0.0000000000002868    0.0000000000002835    0.0000000000002916    0.0000000000002860
1399.0    0.0000000000002899    0.0000000000002885    0.0000000000002852    0.0000000000002934    0.0000000000002878
1401.0    0.0000000000002916    0.0000000000002903    0.0000000000002870    0.0000000000002952    0.0000000000002895
1403.0    0.0000000000002934    0.0000000000002921    0.0000000000002888    0.0000000000002969    0.0000000000002912
1405.0    0.0000000000002952    0.0000000000002938    0.0000000000002905    0.0000000000002987    0.0000000000002930
1407.0    0.0000000000002969    0.0000000000002956    0.0000000000002922    0.0000000000003005    0.0000000000002947
1409.0    0.0000000000002986    0.0000000000002973    0.0000000000002940    0.0000000000003022    0.0000000000002965
1411.0    0.0000000000003004    0.0000000000002991    0.0000000000002958    0.0000000000003040    0.0000000000002983
1413.0    0.0000000000003022    0.0000000000003009    0.0000000000002975    0.0000000000003058    0.0000000000003000
1415.0    0.0000000000003039    0.0000000000003027    0.0000000000002992    0.0000000000003075    0.0000000000003018
1417.0    0.0000000000003057    0.0000000000003044    0.0000000000003010    0.0000000000003093    0.0000000000003036
1419.0    0.0000000000003075    0.0000000000003062    0.0000000000003028    0.0000000000003111    0.0000000000003054
1421.0    0.0000000000003092    0.0000000000003080    0.0000000000003045    0.0000000000003128    0.0000000000003071
1423.0    0.0000000000003110    0.0000000000003098    0.0000000000003062    0.0000000000003146    0.0000000000003089
1425.0    0.0000000000003128    0.0000000000003115    0.0000000000003080    0.0000000000003164    0.0000000000003106
1427.0    0.0000000000003145    0.0000000000003133    0.0000000000003098    0.0000000000003181    0.0000000000003124
1429.0    0.0000000000003163    0.0000000000003151    0.0000000000003115    0.0000000000003199    0.0000000000003142
1431.0    0.0000000000003180    0.0000000000003169    0.0000000000003132    0.0000000000003217    0.0000000000003160
1433.0    0.0000000000003198    0.0000000000003187    0.0000000000003150    0.0000000000003234    0.0000000000003177
1435.0    0.0000000000003216    0.0000000000003204    0.0000000000003168    0.0000000000003252    0.0000000000003194
1437.0    0.0000000000003233    0.0000000000003221    0.0000000000003186    0.0000000000003270    0.0000000000003212
1439.0    0.0000000000003251    0.0000000000003239    0.0000000000003203    0.0000000000003287    0.0000000000003230
1441.0    0.0000000000003268    0.0000000000003257    0.0000000000003221    0.0000000000003305    0.0000000000003248
1443.0    0.0000000000003286    0.0000000000003275    0.0000000000003239    0.0000000000003322    0.0000000000003266
1445.0    0.0000000000003304    0.0000000000003292    0.0000000000003256    0.0000000000003339    0.0000000000003283
1447.0    0.0000000000003321    0.0000000000003310    0.0000000000003273    0.0000000000003357    0.0000000000003301
1449.0    0.0000000000003339    0.0000000000003327    0.0000000000003291    0.0000000000003374    0.0000000000003318
1451.0    0.0000000000003356    0.0000000000003345    0.0000000000003309    0.0000000000003392    0.0000000000003336
1453.0    0.0000000000003374    0.0000000000003363    0.0000000000003326    0.0000000000003409    0.0000000000003354
1455.0    0.0000000000003391    0.0000000000003380    0.0000000000003343    0.0000000000003427    0.0000000000003371
1457.0    0.0000000000003408    0.0000000000003397    0.0000000000003361    0.0000000000003444    0.0000000000003388
1459.0    0.0000000000003426    0.0000000000003415    0.0000000000003379    0.0000000000003461    0.0000000000003406
1461.0    0.0000000000003443    0.0000000000003433    0.0000000000003396    0.0000000000003479    0.0000000000003424
1463.0    0.0000000000003461    0.0000000000003450    0.0000000000003413    0.0000000000003496    0.0000000000003441
1465.0    0.0000000000003477    0.0000000000003467    0.0000000000003430    0.0000000000003513    0.0000000000003458
1467.0    0.0000000000003495    0.0000000000003484    0.0000000000003448    0.0000000000003530    0.0000000000003475
1469.0    0.0000000000003512    0.0000000000003502    0.0000000000003465    0.0000000000003548    0.0000000000003493
1471.0    0.0000000000003529    0.0000000000003519    0.0000000000003482    0.0000000000003564    0.0000000000003510
1473.0    0.0000000000003547    0.0000000000003537    0.0000000000003499    0.0000000000003582    0.0000000000003527
1475.0    0.0000000000003564    0.0000000000003553    0.0000000000003517    0.0000000000003599    0.0000000000003545
1477.0    0.0000000000003581    0.0000000000003570    0.0000000000003533    0.0000000000003615    0.0000000000003561
1479.0    0.0000000000003597    0.0000000000003587    0.0000000000003550    0.0000000000003633    0.0000000000003578
1481.0    0.0000000000003614    0.0000000000003605    0.0000000000003567    0.0000000000003650    0.0000000000003595
1483.0    0.0000000000003631    0.0000000000003622    0.0000000000003585    0.0000000000003666    0.0000000000003612
1485.0    0.0000000000003648    0.0000000000003638    0.0000000000003601    0.0000000000003683    0.0000000000003630
