9.0    0.0000000000000000    0.0000000000000000    0.0000000000000000    0.0000000000000000    0.0000000000000000
11.0    0.0000000000000000    0.0000000000000000    0.0000000000000000    0.0000000000000000    0.0000000000000000
13.0    0.0000000000000000    0.0000000000000000    0.0000000000000000    0.0000000000000000    0.0000000000000000
15.0    0.0000000000000000    0.0000000000000000    0.0000000000000000    0.0000000000000000    0.0000000000000000
17.0    0.0000000000000000    0.0000000000000000    0.0000000000000000    0.0000000000000000    0.0000000000000000
19.0    0.0000000000000000    0.0000000000000000    0.0000000000000000    0.0000000000000000    0.0000000000000000
21.0    0.0000000000000000    0.0000000000000000    0.0000000000000000    0.0000000000000000    0.0000000000000000
23.0    0.0000000000000000    0.0000000000000000    0.0000000000000000    0.0000000000000000    0.0000000000000000
25.0    0.0000000000000000    0.0000000000000000    0.0000000000000000    0.0000000000000000    0.0000000000000000
27.0    0.0000000000000000    0.0000000000000000    0.0000000000000000    0.0000000000000000    0.0000000000000000
29.0    0.0000000000000000    0.0000000000000000    0.0000000000000000    0.0000000000000000    0.0000000000000000
31.0    0.0000000000000000    0.0000000000000000    0.0000000000000000    0.0000000000000000    0.0000000000000000
33.0    0.0000000000000000    0.0000000000000000    0.0000000000000000    0.0000000000000000    0.0000000000000000
35.0    0.0000000000000000    0.0000000000000000    0.0000000000000000    0.0000000000000000    0.0000000000000000
37.0    0.0000000000000000    0.0000000000000000    0.0000000000000000    0.0000000000000000    0.0000000000000000
39.0    0.0000000000000000    0.0000000000000000    0.0000000000000000    0.0000000000000000    0.0000000000000000
41.0    0.0000000000000000    0.0000000000000000    0.0000000000000000    0.0000000000000000    0.0000000000000000
43.0    0.0000000000000000    0.0000000000000000    0.0000000000000000    0.0000000000000000    0.0000000000000000
45.0    0.0000000000000000    0.0000000000000000    0.0000000000000000    0.0000000000000000    0.0000000000000000
47.0    0.0000000000000000    0.0000000000000000    0.0000000000000000    0.0000000000000000    0.0000000000000000
49.0    0.0000000000000000    0.0000000000000000    0.0000000000000000    0.0000000000000000    0.0000000000000000
51.0    0.0000000000000000    0.0000000000000000    0.0000000000000000    0.0000000000000000    0.0000000000000000
53.0    0.0000000000000000    0.0000000000000000    0.0000000000000000    0.0000000000000000    0.0000000000000000
55.0    0.0000000000000000    0.0000000000000000    0.0000000000000000    0.0000000000000000    0.0000000000000000
57.0    0.0000000000000000    0.0000000000000000    0.0000000000000000    0.0000000000000000    0.0000000000000000
59.0    0.0000000000000000    0.0000000000000000    0.0000000000000000    0.0000000000000000    0.0000000000000000
61.0    0.0000000000000000    0.0000000000000000    0.0000000000000000    0.0000000000000000    0.0000000000000000
63.0    0.0000000000000000    0.0000000000000000    0.0000000000000000    0.0000000000000000    0.0000000000000000
65.0    0.0000000000000000    0.0000000000000000    0.0000000000000000    0.0000000000000000    0.0000000000000000
67.0    0.0000000000000000    0.0000000000000000    0.0000000000000000    0.0000000000000000    0.0000000000000000
69.0    0.0000000000000000    0.0000000000000000    0.0000000000000000    0.0000000000000000    0.0000000000000000
71.0    0.0000000000000000    0.0000000000000000    0.0000000000000000    0.0000000000000000    0.0000000000000000
73.0    0.0000000000000000    0.0000000000000000    0.0000000000000000    0.0000000000000000    0.0000000000000000
75.0    0.0000000000000000    0.0000000000000000    0.0000000000000000    0.0000000000000000    0.0000000000000000
77.0    0.0000000000000000    0.0000000000000000    0.0000000000000000    0.0000000000000000    0.0000000000000000
79.0    0.0000000000000000    0.0000000000000000    0.0000000000000000    0.0000000000000000    0.0000000000000000
81.0    0.0000000000000000    0.0000000000000000    0.0000000000000000    0.0000000000000000    0.0000000000000000
83.0    0.0000000000000000    0.0000000000000000    0.0000000000000000    0.0000000000000000    0.0000000000000000
85.0    0.0000000000000000    0.0000000000000000    0.0000000000000000    0.0000000000000000    0.0000000000000000
87.0    0.0000000000000000    0.0000000000000000    0.0000000000000000    0.0000000000000000    0.0000000000000000
89.0    0.0000000000000000    0.0000000000000000    0.0000000000000000    0.0000000000000000    0.0000000000000000
91.0    0.0000000000000000    0.0000000000000000    0.0000000000000000    0.0000000000000000    0.0000000000000000
93.0    0.0000000000000000    0.0000000000000000    0.0000000000000000    0.0000000000000000    0.0000000000000000
95.0    0.0000000000000000    0.0000000000000000    0.0000000000000000    0.0000000000000000    0.0000000000000000
97.0    0.0000000000000000    0.0000000000000000    0.0000000000000000    0.0000000000000000    0.0000000000000000
99.0    0.0000000000000000    0.0000000000000000    0.0000000000000000    0.0000000000000000    0.0000000000000000
101.0    0.0000000000000000    0.0000000000000000    0.0000000000000000    0.0000000000000000    0.0000000000000000
103.0    0.0000000000000000    0.0000000000000000    0.0000000000000000    0.0000000000000000    0.0000000000000000
105.0    0.0000000000000000    0.0000000000000000    0.0000000000000000    0.0000000000000000    0.0000000000000000
107.0    0.0000000000000000    0.0000000000000000    0.0000000000000000    0.0000000000000000    0.0000000000000000
109.0    0.0000000000000000    0.0000000000000000    0.0000000000000000    0.0000000000000000    0.0000000000000000
111.0    0.0000000000000000    0.0000000000000000    0.0000000000000000    0.0000000000000000    0.0000000000000000
113.0    0.0000000000000000    0.0000000000000000    0.0000000000000000    0.0000000000000000    0.0000000000000000
115.0    0.0000000000000000    0.0000000000000000    0.0000000000000000    0.0000000000000000    0.0000000000000000
117.0    0.0000000000000000    0.0000000000000000    0.0000000000000000    0.0000000000000000    0.0000000000000000
119.0    0.0000000000000000    0.0000000000000000    0.0000000000000000    0.0000000000000000    0.0000000000000000
121.0    0.0000000000000000    0.0000000000000000    0.0000000000000000    0.0000000000000000    0.0000000000000000
123.0    0.0000000000000000    0.0000000000000000    0.0000000000000000    0.0000000000000000    0.0000000000000000
125.0    0.0000000000000000    0.0000000000000000    0.0000000000000000    0.0000000000000000    0.0000000000000000
127.0    0.0000000000000000    0.0000000000000000    0.0000000000000000    0.0000000000000000    0.0000000000000000
129.0    0.0000000000000000    0.0000000000000000    0.0000000000000000    0.0000000000000000    0.0000000000000000
131.0    0.0000000000000000    0.0000000000000000    0.0000000000000000    0.0000000000000000    0.0000000000000000
133.0    0.0000000000000000    0.0000000000000000    0.0000000000000000    0.0000000000000000    0.0000000000000000
135.0    0.0000000000000000    0.0000000000000000    0.0000000000000000    0.0000000000000000    0.0000000000000000
137.0    0.0000000000000000    0.0000000000000000    0.0000000000000000    0.0000000000000000    0.0000000000000000
139.0    0.0000000000000000    0.0000000000000000    0.0000000000000000    0.0000000000000000    0.0000000000000000
141.0    0.0000000000000000    0.0000000000000000    0.0000000000000000    0.0000000000000000    0.0000000000000000
143.0    0.0000000000000000    0.0000000000000000    0.0000000000000000    0.0000000000000000    0.0000000000000000
145.0    0.0000000000000000    0.0000000000000000    0.0000000000000000    0.0000000000000000    0.0000000000000000
147.0    0.0000000000000000    0.0000000000000000    0.0000000000000000    0.0000000000000000    0.0000000000000000
149.0    0.0000000000000000    0.0000000000000000    0.0000000000000000    0.0000000000000000    0.0000000000000000
151.0    0.0000000000000000    0.0000000000000000    0.0000000000000000    0.0000000000000000    0.0000000000000000
153.0    0.0000000000000000    0.0000000000000000    0.0000000000000000    0.0000000000000000    0.0000000000000000
155.0    0.0000000000000000    0.0000000000000000    0.0000000000000000    0.0000000000000000    0.0000000000000000
157.0    0.0000000000000000    0.0000000000000000    0.0000000000000000    0.0000000000000000    0.0000000000000000
159.0    0.0000000000000000    0.0000000000000000    0.0000000000000000    0.0000000000000000    0.0000000000000000
161.0    0.0000000000000000    0.0000000000000000    0.0000000000000000    0.0000000000000000    0.0000000000000000
163.0    0.0000000000000000    0.0000000000000000    0.0000000000000000    0.0000000000000000    0.0000000000000000
165.0    0.0000000000000000    0.0000000000000000    0.0000000000000000    0.0000000000000000    0.0000000000000000
167.0    0.0000000000000000    0.0000000000000000    0.0000000000000000    0.0000000000000000    0.0000000000000000
169.0    0.0000000000000000    0.0000000000000000    0.0000000000000000    0.0000000000000000    0.0000000000000000
171.0    0.0000000000000000    0.0000000000000000    0.0000000000000000    0.0000000000000000    0.0000000000000000
173.0    0.0000000000000000    0.0000000000000000    0.0000000000000000    0.0000000000000000    0.0000000000000000
175.0    0.0000000000000000    0.0000000000000000    0.0000000000000000    0.0000000000000000    0.0000000000000000
177.0    0.0000000000000000    0.0000000000000000    0.0000000000000000    0.0000000000000000    0.0000000000000000
179.0    0.0000000000000000    0.0000000000000000    0.0000000000000000    0.0000000000000000    0.0000000000000000
181.0    0.0000000000000000    0.0000000000000000    0.0000000000000000    0.0000000000000000    0.0000000000000000
183.0    0.0000000000000000    0.0000000000000000    0.0000000000000000    0.0000000000000000    0.0000000000000000
185.0    0.0000000000000000    0.0000000000000000    0.0000000000000000    0.0000000000000000    0.0000000000000000
187.0    0.0000000000000000    0.0000000000000000    0.0000000000000000    0.0000000000000000    0.0000000000000000
189.0    0.0000000000000000    0.0000000000000000    0.0000000000000000    0.0000000000000000    0.0000000000000000
191.0    0.0000000000000000    0.0000000000000000    0.0000000000000000    0.0000000000000000    0.0000000000000000
193.0    0.0000000000000000    0.0000000000000000    0.0000000000000000    0.0000000000000000    0.0000000000000000
195.0    0.0000000000000000    0.0000000000000000    0.0000000000000000    0.0000000000000000    0.0000000000000000
197.0    0.0000000000000000    0.0000000000000000    0.0000000000000000    0.0000000000000000    0.0000000000000000
199.0    0.0000000000000000    0.0000000000000000    0.0000000000000000    0.0000000000000000    0.0000000000000000
201.0    0.0000000000000000    0.0000000000000000    0.0000000000000000    0.0000000000000000    0.0000000000000000
203.0    0.0000000000000000    0.0000000000000000    0.0000000000000000    0.0000000000000000    0.0000000000000000
205.0    0.0000000000000000    0.0000000000000000    0.0000000000000000    0.0000000000000000    0.0000000000000000
207.0    0.0000000000000000    0.0000000000000000    0.0000000000000000    0.0000000000000000    0.0000000000000000
209.0    0.0000000000000000    0.0000000000000000    0.0000000000000000    0.0000000000000000    0.0000000000000000
211.0    0.0000000000000000    0.0000000000000000    0.0000000000000000    0.0000000000000000    0.0000000000000000
213.0    0.0000000000000000    0.0000000000000000    0.0000000000000000    0.0000000000000000    0.0000000000000000
215.0    0.0000000000000000    0.0000000000000000    0.0000000000000000    0.0000000000000000    0.0000000000000000
217.0    0.0000000000000000    0.0000000000000000    0.0000000000000000    0.0000000000000000    0.0000000000000000
219.0    0.0000000000000000    0.0000000000000000    0.0000000000000000    0.0000000000000000    0.0000000000000000
221.0    0.0000000000000000    0.0000000000000000    0.0000000000000000    0.0000000000000000    0.0000000000000000
223.0    0.0000000000000000    0.0000000000000000    0.0000000000000000    0.0000000000000000    0.0000000000000000
225.0    0.0000000000000000    0.0000000000000000    0.0000000000000000    0.0000000000000000    0.0000000000000000
227.0    0.0000000000000000    0.0000000000000000    0.0000000000000000    0.0000000000000000    0.0000000000000000
229.0    0.0000000000000000    0.0000000000000000    0.0000000000000000    0.0000000000000000    0.0000000000000000
231.0    0.0000000000000000    0.0000000000000000    0.0000000000000000    0.0000000000000000    0.0000000000000000
233.0    0.0000000000000000    0.0000000000000000    0.0000000000000000    0.0000000000000000    0.0000000000000000
235.0    0.0000000000000000    0.0000000000000000    0.0000000000000000    0.0000000000000000    0.0000000000000000
237.0    0.0000000000000000    0.0000000000000000    0.0000000000000000    0.0000000000000000    0.0000000000000000
239.0    0.0000000000000000    0.0000000000000000    0.0000000000000000    0.0000000000000000    0.0000000000000000
241.0    0.0000000000000000    0.0000000000000000    0.0000000000000000    0.0000000000000000    0.0000000000000000
243.0    0.0000000000000000    0.0000000000000000    0.0000000000000000    0.0000000000000000    0.0000000000000000
245.0    0.0000000000000000    0.0000000000000000    0.0000000000000000    0.0000000000000000    0.0000000000000000
247.0    0.0000000000000000    0.0000000000000000    0.0000000000000000    0.0000000000000000    0.0000000000000000
249.0    0.0000000000000000    0.0000000000000000    0.0000000000000000    0.0000000000000000    0.0000000000000000
251.0    0.0000000000000000    0.0000000000000000    0.0000000000000000    0.0000000000000000    0.0000000000000000
253.0    0.0000000000000000    0.0000000000000000    0.0000000000000000    0.0000000000000000    0.0000000000000000
255.0    0.0000000000000000    0.0000000000000000    0.0000000000000000    0.0000000000000000    0.0000000000000000
257.0    0.0000000000000000    0.0000000000000000    0.0000000000000000    0.0000000000000000    0.0000000000000000
259.0    0.0000000000000000    0.0000000000000000    0.0000000000000000    0.0000000000000000    0.0000000000000000
261.0    0.0000000000000000    0.0000000000000000    0.0000000000000000    0.0000000000000000    0.0000000000000000
263.0    0.0000000000000000    0.0000000000000000    0.0000000000000000    0.0000000000000000    0.0000000000000000
265.0    0.0000000000000000    0.0000000000000000    0.0000000000000000    0.0000000000000000    0.0000000000000000
267.0    0.0000000000000000    0.0000000000000000    0.0000000000000000    0.0000000000000000    0.0000000000000000
269.0    0.0000000000000000    0.0000000000000000    0.0000000000000000    0.0000000000000000    0.0000000000000000
271.0    0.0000000000000000    0.0000000000000000    0.0000000000000000    0.0000000000000000    0.0000000000000000
273.0    0.0000000000000000    0.0000000000000000    0.0000000000000000    0.0000000000000000    0.0000000000000000
275.0    0.0000000000000000    0.0000000000000000    0.0000000000000000    0.0000000000000000    0.0000000000000000
277.0    0.0000000000000000    0.0000000000000000    0.0000000000000000    0.0000000000000000    0.0000000000000000
279.0    0.0000000000000000    0.0000000000000000    0.0000000000000000    0.0000000000000000    0.0000000000000000
281.0    0.0000000000000000    0.0000000000000000    0.0000000000000000    0.0000000000000000    0.0000000000000000
283.0    0.0000000000000000    0.0000000000000000    0.0000000000000000    0.0000000000000000    0.0000000000000000
285.0    0.0000000000000000    0.0000000000000000    0.0000000000000000    0.0000000000000000    0.0000000000000000
287.0    0.0000000000000000    0.0000000000000000    0.0000000000000000    0.0000000000000000    0.0000000000000000
289.0    0.0000000000000000    0.0000000000000000    0.0000000000000000    0.0000000000000000    0.0000000000000000
291.0    0.0000000000000000    0.0000000000000000    0.0000000000000000    0.0000000000000000    0.0000000000000000
293.0    0.0000000000000000    0.0000000000000000    0.0000000000000000    0.0000000000000000    0.0000000000000000
295.0    0.0000000000000000    0.0000000000000000    0.0000000000000000    0.0000000000000000    0.0000000000000000
297.0    0.0000000000000000    0.0000000000000000    0.0000000000000000    0.0000000000000000    0.0000000000000000
299.0    0.0000000000000000    0.0000000000000000    0.0000000000000000    0.0000000000000000    0.0000000000000000
301.0    0.0000000000000000    0.0000000000000000    0.0000000000000000    0.0000000000000000    0.0000000000000000
303.0    0.0000000000000000    0.0000000000000000    0.0000000000000000    0.0000000000000000    0.0000000000000000
305.0    0.0000000000000000    0.0000000000000000    0.0000000000000000    0.0000000000000000    0.0000000000000000
307.0    0.0000000000000000    0.0000000000000000    0.0000000000000000    0.0000000000000000    0.0000000000000000
309.0    0.0000000000000000    0.0000000000000000    0.0000000000000000    0.0000000000000000    0.0000000000000000
311.0    0.0000000000000000    0.0000000000000000    0.0000000000000000    0.0000000000000000    0.0000000000000000
313.0    0.0000000000000000    0.0000000000000000    0.0000000000000000    0.0000000000000000    0.0000000000000000
315.0    0.0000000000000000    0.0000000000000000    0.0000000000000000    0.0000000000000000    0.0000000000000000
317.0    0.0000000000000000    0.0000000000000000    0.0000000000000000    0.0000000000000000    0.0000000000000000
319.0    0.0000000000000000    0.0000000000000000    0.0000000000000000    0.0000000000000000    0.0000000000000000
321.0    0.0000000000000000    0.0000000000000000    0.0000000000000000    0.0000000000000000    0.0000000000000000
323.0    0.0000000000000000    0.0000000000000000    0.0000000000000000    0.0000000000000000    0.0000000000000000
325.0    0.0000000000000000    0.0000000000000000    0.0000000000000000    0.0000000000000000    0.0000000000000000
327.0    0.0000000000000000    0.0000000000000000    0.0000000000000000    0.0000000000000000    0.0000000000000000
329.0    0.0000000000000000    0.0000000000000000    0.0000000000000000    0.0000000000000000    0.0000000000000000
331.0    0.0000000000000000    0.0000000000000000    0.0000000000000000    0.0000000000000000    0.0000000000000000
333.0    0.0000000000000000    0.0000000000000000    0.0000000000000000    0.0000000000000000    0.0000000000000000
335.0    0.0000000000000000    0.0000000000000000    0.0000000000000000    0.0000000000000000    0.0000000000000000
337.0    0.0000000000000000    0.0000000000000000    0.0000000000000000    0.0000000000000000    0.0000000000000000
339.0    0.0000000000000000    0.0000000000000000    0.0000000000000000    0.0000000000000000    0.0000000000000000
341.0    0.0000000000000000    0.0000000000000000    0.0000000000000000    0.0000000000000000    0.0000000000000000
343.0    0.0000000000000000    0.0000000000000000    0.0000000000000000    0.0000000000000000    0.0000000000000000
345.0    0.0000000000000000    0.0000000000000000    0.0000000000000000    0.0000000000000000    0.0000000000000000
347.0    0.0000000000000000    0.0000000000000000    0.0000000000000000    0.0000000000000000    0.0000000000000000
349.0    0.0000000000000000    0.0000000000000000    0.0000000000000000    0.0000000000000000    0.0000000000000000
351.0    0.0000000000000000    0.0000000000000000    0.0000000000000000    0.0000000000000000    0.0000000000000000
353.0    0.0000000000000000    0.0000000000000000    0.0000000000000000    0.0000000000000000    0.0000000000000000
355.0    0.0000000000000000    0.0000000000000000    0.0000000000000000    0.0000000000000000    0.0000000000000000
357.0    0.0000000000000000    0.0000000000000000    0.0000000000000000    0.0000000000000000    0.0000000000000000
359.0    0.0000000000000000    0.0000000000000000    0.0000000000000000    0.0000000000000000    0.0000000000000000
361.0    0.0000000000000000    0.0000000000000000    0.0000000000000000    0.0000000000000000    0.0000000000000000
363.0    0.0000000000000000    0.0000000000000000    0.0000000000000000    0.0000000000000000    0.0000000000000000
365.0    0.0000000000000000    0.0000000000000000    0.0000000000000000    0.0000000000000000    0.0000000000000000
367.0    0.0000000000000000    0.0000000000000000    0.0000000000000000    0.0000000000000000    0.0000000000000000
369.0    0.0000000000000000    0.0000000000000000    0.0000000000000000    0.0000000000000000    0.0000000000000000
371.0    0.0000000000000000    0.0000000000000000    0.0000000000000000    0.0000000000000000    0.0000000000000000
373.0    0.0000000000000000    0.0000000000000000    0.0000000000000000    0.0000000000000000    0.0000000000000000
375.0    0.0000000000000000    0.0000000000000000    0.0000000000000000    0.0000000000000000    0.0000000000000000
377.0    0.0000000000000000    0.0000000000000000    0.0000000000000000    0.0000000000000000    0.0000000000000000
379.0    0.0000000000000000    0.0000000000000000    0.0000000000000000    0.0000000000000000    0.0000000000000000
381.0    0.0000000000000000    0.0000000000000000    0.0000000000000000    0.0000000000000000    0.0000000000000000
383.0    0.0000000000000000    0.0000000000000000    0.0000000000000000    0.0000000000000000    0.0000000000000000
385.0    0.0000000000000000    0.0000000000000000    0.0000000000000000    0.0000000000000000    0.0000000000000000
387.0    0.0000000000000000    0.0000000000000000    0.0000000000000000    0.0000000000000000    0.0000000000000000
389.0    0.0000000000000000    0.0000000000000000    0.0000000000000000    0.0000000000000000    0.0000000000000000
391.0    0.0000000000000000    0.0000000000000000    0.0000000000000000    0.0000000000000000    0.0000000000000000
393.0    0.0000000000000000    0.0000000000000000    0.0000000000000000    0.0000000000000000    0.0000000000000000
395.0    0.0000000000000000    0.0000000000000000    0.0000000000000000    0.0000000000000000    0.0000000000000000
397.0    0.0000000000000000    0.0000000000000000    0.0000000000000000    0.0000000000000000    0.0000000000000000
399.0    0.0000000000000000    0.0000000000000000    0.0000000000000000    0.0000000000000000    0.0000000000000000
401.0    0.0000000000000000    0.0000000000000000    0.0000000000000000    0.0000000000000000    0.0000000000000000
403.0    0.0000000000000000    0.0000000000000000    0.0000000000000000    0.0000000000000000    0.0000000000000000
405.0    0.0000000000000000    0.0000000000000000    0.0000000000000000    0.0000000000000000    0.0000000000000000
407.0    0.0000000000000000    0.0000000000000000    0.0000000000000000    0.0000000000000000    0.0000000000000000
409.0    0.0000000000000000    0.0000000000000000    0.0000000000000000    0.0000000000000000    0.0000000000000000
411.0    0.0000000000000000    0.0000000000000000    0.0000000000000000    0.0000000000000000    0.0000000000000000
413.0    0.0000000000000000    0.0000000000000000    0.0000000000000000    0.0000000000000000    0.0000000000000000
415.0    0.0000000000000000    0.0000000000000000    0.0000000000000000    0.0000000000000000    0.0000000000000000
417.0    0.0000000000000000    0.0000000000000000    0.0000000000000000    0.0000000000000000    0.0000000000000000
419.0    0.0000000000000000    0.0000000000000000    0.0000000000000000    0.0000000000000000    0.0000000000000000
421.0    0.0000000000000000    0.0000000000000000    0.0000000000000000    0.0000000000000000    0.0000000000000000
423.0    0.0000000000000000    0.0000000000000000    0.0000000000000000    0.0000000000000000    0.0000000000000000
425.0    0.0000000000000000    0.0000000000000000    0.0000000000000000    0.0000000000000000    0.0000000000000000
427.0    0.0000000000000000    0.0000000000000000    0.0000000000000000    0.0000000000000000    0.0000000000000000
429.0    0.0000000000000000    0.0000000000000000    0.0000000000000000    0.0000000000000000    0.0000000000000000
431.0    0.0000000000000000    0.0000000000000000    0.0000000000000000    0.0000000000000000    0.0000000000000000
433.0    0.0000000000000000    0.0000000000000000    0.0000000000000000    0.0000000000000000    0.0000000000000000
435.0    0.0000000000000000    0.0000000000000000    0.0000000000000000    0.0000000000000000    0.0000000000000000
437.0    0.0000000000000000    0.0000000000000000    0.0000000000000000    0.0000000000000000    0.0000000000000000
439.0    0.0000000000000000    0.0000000000000000    0.0000000000000000    0.0000000000000000    0.0000000000000000
441.0    0.0000000000000000    0.0000000000000000    0.0000000000000000    0.0000000000000000    0.0000000000000000
443.0    0.0000000000000000    0.0000000000000000    0.0000000000000000    0.0000000000000000    0.0000000000000000
445.0    0.0000000000000000    0.0000000000000000    0.0000000000000000    0.0000000000000000    0.0000000000000000
447.0    0.0000000000000000    0.0000000000000000    0.0000000000000000    0.0000000000000000    0.0000000000000000
449.0    0.0000000000000000    0.0000000000000000    0.0000000000000000    0.0000000000000000    0.0000000000000000
451.0    0.0000000000000000    0.0000000000000000    0.0000000000000000    0.0000000000000000    0.0000000000000000
453.0    0.0000000000000000    0.0000000000000000    0.0000000000000000    0.0000000000000000    0.0000000000000000
455.0    0.0000000000000000    0.0000000000000000    0.0000000000000000    0.0000000000000000    0.0000000000000000
457.0    0.0000000000000000    0.0000000000000000    0.0000000000000000    0.0000000000000000    0.0000000000000000
459.0    0.0000000000000000    0.0000000000000000    0.0000000000000000    0.0000000000000000    0.0000000000000000
461.0    0.0000000000000000    0.0000000000000000    0.0000000000000000    0.0000000000000000    0.0000000000000000
463.0    0.0000000000000000    0.0000000000000000    0.0000000000000000    0.0000000000000000    0.0000000000000000
465.0    0.0000000000000000    0.0000000000000000    0.0000000000000000    0.0000000000000000    0.0000000000000000
467.0    0.0000000000000000    0.0000000000000000    0.0000000000000000    0.0000000000000000    0.0000000000000000
469.0    0.0000000000000000    0.0000000000000000    0.0000000000000000    0.0000000000000000    0.0000000000000000
471.0    0.0000000000000000    0.0000000000000000    0.0000000000000000    0.0000000000000000    0.0000000000000000
473.0    0.0000000000000000    0.0000000000000000    0.0000000000000000    0.0000000000000001    0.0000000000000000
475.0    0.0000000000000001    0.0000000000000000    0.0000000000000000    0.0000000000000001    0.0000000000000001
477.0    0.0000000000000001    0.0000000000000000    0.0000000000000001    0.0000000000000001    0.0000000000000001
479.0    0.0000000000000001    0.0000000000000001    0.0000000000000001    0.0000000000000001    0.0000000000000001
481.0    0.0000000000000001    0.0000000000000001    0.0000000000000001    0.0000000000000001    0.0000000000000001
483.0    0.0000000000000001    0.0000000000000001    0.0000000000000001    0.0000000000000001    0.0000000000000001
485.0    0.0000000000000001    0.0000000000000001    0.0000000000000001    0.0000000000000001    0.0000000000000001
487.0    0.0000000000000001    0.0000000000000001    0.0000000000000001    0.0000000000000001    0.0000000000000001
489.0    0.0000000000000001    0.0000000000000001    0.0000000000000001    0.0000000000000001    0.0000000000000001
491.0    0.0000000000000001    0.0000000000000001    0.0000000000000001    0.0000000000000002    0.0000000000000001
493.0    0.0000000000000002    0.0000000000000001    0.0000000000000002    0.0000000000000002    0.0000000000000002
495.0    0.0000000000000002    0.0000000000000002    0.0000000000000002    0.0000000000000002    0.0000000000000002
497.0    0.0000000000000002    0.0000000000000002    0.0000000000000002    0.0000000000000002    0.0000000000000002
499.0    0.0000000000000002    0.0000000000000002    0.0000000000000002    0.0000000000000002    0.0000000000000002
501.0    0.0000000000000003    0.0000000000000002    0.0000000000000002    0.0000000000000003    0.0000000000000002
503.0    0.0000000000000003    0.0000000000000002    0.0000000000000003    0.0000000000000003    0.0000000000000003
505.0    0.0000000000000003    0.0000000000000003    0.0000000000000003    0.0000000000000003    0.0000000000000003
507.0    0.0000000000000003    0.0000000000000003    0.0000000000000003    0.0000000000000004    0.0000000000000003
509.0    0.0000000000000004    0.0000000000000003    0.0000000000000003    0.0000000000000004    0.0000000000000004
511.0    0.0000000000000004    0.0000000000000004    0.0000000000000004    0.0000000000000004    0.0000000000000004
513.0    0.0000000000000004    0.0000000000000004    0.0000000000000004    0.0000000000000005    0.0000000000000004
515.0    0.0000000000000005    0.0000000000000004    0.0000000000000004    0.0000000000000005    0.0000000000000005
517.0    0.0000000000000005    0.0000000000000005    0.0000000000000005    0.0000000000000006    0.0000000000000005
519.0    0.0000000000000006    0.0000000000000005    0.0000000000000005    0.0000000000000006    0.0000000000000005
521.0    0.0000000000000006    0.0000000000000006    0.0000000000000006    0.0000000000000006    0.0000000000000006
523.0    0.0000000000000007    0.0000000000000006    0.0000000000000006    0.0000000000000007    0.0000000000000006
525.0    0.0000000000000007    0.0000000000000007    0.0000000000000007    0.0000000000000007    0.0000000000000007
527.0    0.0000000000000008    0.0000000000000007    0.0000000000000007    0.0000000000000008    0.0000000000000007
529.0    0.0000000000000008    0.0000000000000008    0.0000000000000008    0.0000000000000009    0.0000000000000008
531.0    0.0000000000000009    0.0000000000000008    0.0000000000000008    0.0000000000000009    0.0000000000000009
533.0    0.0000000000000009    0.0000000000000009    0.0000000000000009    0.0000000000000010    0.0000000000000009
535.0    0.0000000000000010    0.0000000000000010    0.0000000000000009    0.0000000000000010    0.0000000000000010
537.0    0.0000000000000011    0.0000000000000010    0.0000000000000010    0.0000000000000011    0.0000000000000010
539.0    0.0000000000000011    0.0000000000000011    0.0000000000000011    0.0000000000000012    0.0000000000000011
541.0    0.0000000000000012    0.0000000000000012    0.0000000000000011    0.0000000000000012    0.0000000000000012
543.0    0.0000000000000013    0.0000000000000012    0.0000000000000012    0.0000000000000013    0.0000000000000012
545.0    0.0000000000000013    0.0000000000000013    0.0000000000000013    0.0000000000000014    0.0000000000000013
547.0    0.0000000000000014    0.0000000000000014    0.0000000000000013    0.0000000000000015    0.0000000000000014
549.0    0.0000000000000015    0.0000000000000014    0.0000000000000014    0.0000000000000015    0.0000000000000014
551.0    0.0000000000000015    0.0000000000000015    0.0000000000000015    0.0000000000000016    0.0000000000000015
553.0    0.0000000000000016    0.0000000000000016    0.0000000000000015    0.0000000000000017    0.0000000000000016
555.0    0.0000000000000017    0.0000000000000017    0.0000000000000016    0.0000000000000017    0.0000000000000017
557.0    0.0000000000000018    0.0000000000000017    0.0000000000000017    0.0000000000000018    0.0000000000000017
559.0    0.0000000000000018    0.0000000000000018    0.0000000000000018    0.0000000000000019    0.0000000000000018
561.0    0.0000000000000019    0.0000000000000019    0.0000000000000018    0.0000000000000020    0.0000000000000019
563.0    0.0000000000000020    0.0000000000000020    0.0000000000000019    0.0000000000000021    0.0000000000000020
565.0    0.0000000000000021    0.0000000000000020    0.0000000000000020    0.0000000000000021    0.0000000000000020
567.0    0.0000000000000021    0.0000000000000021    0.0000000000000021    0.0000000000000022    0.0000000000000021
569.0    0.0000000000000022    0.0000000000000022    0.0000000000000021    0.0000000000000023    0.0000000000000022
571.0    0.0000000000000023    0.0000000000000023    0.0000000000000022    0.0000000000000024    0.0000000000000023
573.0    0.0000000000000024    0.0000000000000024    0.0000000000000023    0.0000000000000024    0.0000000000000023
575.0    0.0000000000000024    0.0000000000000024    0.0000000000000024    0.0000000000000025    0.0000000000000024
577.0    0.0000000000000025    0.0000000000000025    0.0000000000000024    0.0000000000000026    0.0000000000000025
579.0    0.0000000000000026    0.0000000000000026    0.0000000000000025    0.0000000000000027    0.0000000000000026
581.0    0.0000000000000027    0.0000000000000027    0.0000000000000026    0.0000000000000027    0.0000000000000026
583.0    0.0000000000000027    0.0000000000000027    0.0000000000000027    0.0000000000000028    0.0000000000000027
585.0    0.0000000000000028    0.0000000000000028    0.0000000000000027    0.0000000000000029    0.0000000000000028
587.0    0.0000000000000029    0.0000000000000029    0.0000000000000028    0.0000000000000029    0.0000000000000028
589.0    0.0000000000000029    0.0000000000000029    0.0000000000000029    0.0000000000000030    0.0000000000000029
591.0    0.0000000000000030    0.0000000000000030    0.0000000000000029    0.0000000000000031    0.0000000000000030
593.0    0.0000000000000031    0.0000000000000031    0.0000000000000030    0.0000000000000031    0.0000000000000030
595.0    0.0000000000000031    0.0000000000000031    0.0000000000000031    0.0000000000000032    0.0000000000000031
597.0    0.0000000000000032    0.0000000000000032    0.0000000000000031    0.0000000000000033    0.0000000000000032
599.0    0.0000000000000033    0.0000000000000033    0.0000000000000032    0.0000000000000033    0.0000000000000032
601.0    0.0000000000000033    0.0000000000000033    0.0000000000000033    0.0000000000000034    0.0000000000000033
603.0    0.0000000000000034    0.0000000000000034    0.0000000000000033    0.0000000000000035    0.0000000000000034
605.0    0.0000000000000035    0.0000000000000035    0.0000000000000034    0.0000000000000035    0.0000000000000034
607.0    0.0000000000000035    0.0000000000000035    0.0000000000000035    0.0000000000000036    0.0000000000000035
609.0    0.0000000000000036    0.0000000000000036    0.0000000000000035    0.0000000000000037    0.0000000000000036
611.0    0.0000000000000037    0.0000000000000036    0.0000000000000036    0.0000000000000037    0.0000000000000036
613.0    0.0000000000000037    0.0000000000000037    0.0000000000000037    0.0000000000000038    0.0000000000000037
615.0    0.0000000000000038    0.0000000000000038    0.0000000000000037    0.0000000000000039    0.0000000000000038
617.0    0.0000000000000039    0.0000000000000038    0.0000000000000038    0.0000000000000039    0.0000000000000038
619.0    0.0000000000000039    0.0000000000000039    0.0000000000000039    0.0000000000000040    0.0000000000000039
621.0    0.0000000000000040    0.0000000000000040    0.0000000000000039    0.0000000000000041    0.0000000000000040
623.0    0.0000000000000041    0.0000000000000040    0.0000000000000040    0.0000000000000041    0.0000000000000040
625.0    0.0000000000000041    0.0000000000000041    0.0000000000000041    0.0000000000000042    0.0000000000000041
627.0    0.0000000000000042    0.0000000000000042    0.0000000000000041    0.0000000000000043    0.0000000000000042
629.0    0.0000000000000043    0.0000000000000042    0.0000000000000042    0.0000000000000043    0.0000000000000042
631.0    0.0000000000000044    0.0000000000000043    0.0000000000000043    0.0000000000000044    0.0000000000000043
633.0    0.0000000000000044    0.0000000000000044    0.0000000000000043    0.0000000000000045    0.0000000000000044
635.0    0.0000000000000045    0.0000000000000045    0.0000000000000044    0.0000000000000046    0.0000000000000045
637.0    0.0000000000000046    0.0000000000000045    0.0000000000000045    0.0000000000000047    0.0000000000000045
639.0    0.0000000000000047    0.0000000000000046    0.0000000000000046    0.0000000000000047    0.0000000000000046
641.0    0.0000000000000047    0.0000000000000047    0.0000000000000047    0.0000000000000048    0.0000000000000047
643.0    0.0000000000000048    0.0000000000000048    0.0000000000000047    0.0000000000000049    0.0000000000000048
645.0    0.0000000000000049    0.0000000000000048    0.0000000000000048    0.0000000000000050    0.0000000000000049
647.0    0.0000000000000050    0.0000000000000049    0.0000000000000049    0.0000000000000051    0.0000000000000049
649.0    0.0000000000000051    0.0000000000000050    0.0000000000000050    0.0000000000000052    0.0000000000000050
651.0    0.0000000000000052    0.0000000000000051    0.0000000000000051    0.0000000000000053    0.0000000000000051
653.0    0.0000000000000053    0.0000000000000052    0.0000000000000052    0.0000000000000054    0.0000000000000052
655.0    0.0000000000000054    0.0000000000000053    0.0000000000000052    0.0000000000000054    0.0000000000000053
657.0    0.0000000000000055    0.0000000000000054    0.0000000000000053    0.0000000000000055    0.0000000000000054
659.0    0.0000000000000056    0.0000000000000055    0.0000000000000054    0.0000000000000056    0.0000000000000055
661.0    0.0000000000000057    0.0000000000000056    0.0000000000000055    0.0000000000000058    0.0000000000000056
663.0    0.0000000000000058    0.0000000000000057    0.0000000000000056    0.0000000000000059    0.0000000000000057
665.0    0.0000000000000059    0.0000000000000058    0.0000000000000057    0.0000000000000060    0.0000000000000058
667.0    0.0000000000000060    0.0000000000000059    0.0000000000000058    0.0000000000000061    0.0000000000000059
669.0    0.0000000000000061    0.0000000000000060    0.0000000000000060    0.0000000000000062    0.0000000000000060
671.0    0.0000000000000062    0.0000000000000061    0.0000000000000061    0.0000000000000063    0.0000000000000061
673.0    0.0000000000000063    0.0000000000000062    0.0000000000000062    0.0000000000000064    0.0000000000000062
675.0    0.0000000000000064    0.0000000000000064    0.0000000000000063    0.0000000000000066    0.0000000000000064
677.0    0.0000000000000066    0.0000000000000065    0.0000000000000064    0.0000000000000067    0.0000000000000065
679.0    0.0000000000000067    0.0000000000000066    0.0000000000000065    0.0000000000000068    0.0000000000000066
681.0    0.0000000000000068    0.0000000000000067    0.0000000000000067    0.0000000000000069    0.0000000000000067
683.0    0.0000000000000069    0.0000000000000069    0.0000000000000068    0.0000000000000071    0.0000000000000069
685.0    0.0000000000000071    0.0000000000000070    0.0000000000000069    0.0000000000000072    0.0000000000000070
687.0    0.0000000000000072    0.0000000000000071    0.0000000000000070    0.0000000000000073    0.0000000000000071
689.0    0.0000000000000074    0.0000000000000073    0.0000000000000072    0.0000000000000075    0.0000000000000073
691.0    0.0000000000000075    0.0000000000000074    0.0000000000000073    0.0000000000000076    0.0000000000000074
693.0    0.0000000000000076    0.0000000000000075    0.0000000000000075    0.0000000000000078    0.0000000000000075
695.0    0.0000000000000078    0.0000000000000077    0.0000000000000076    0.0000000000000079    0.0000000000000077
697.0    0.0000000000000079    0.0000000000000078    0.0000000000000078    0.0000000000000081    0.0000000000000078
699.0    0.0000000000000081    0.0000000000000080    0.0000000000000079    0.0000000000000082    0.0000000000000080
701.0    0.0000000000000082    0.0000000000000081    0.0000000000000080    0.0000000000000084    0.0000000000000081
703.0    0.0000000000000084    0.0000000000000083    0.0000000000000082    0.0000000000000086    0.0000000000000083
705.0    0.0000000000000086    0.0000000000000085    0.0000000000000084    0.0000000000000087    0.0000000000000085
707.0    0.0000000000000087    0.0000000000000086    0.0000000000000085    0.0000000000000089    0.0000000000000086
709.0    0.0000000000000089    0.0000000000000088    0.0000000000000087    0.0000000000000091    0.0000000000000088
711.0    0.0000000000000091    0.0000000000000090    0.0000000000000088    0.0000000000000092    0.0000000000000090
713.0    0.0000000000000092    0.0000000000000091    0.0000000000000090    0.0000000000000094    0.0000000000000091
715.0    0.0000000000000094    0.0000000000000093    0.0000000000000092    0.0000000000000096    0.0000000000000093
717.0    0.0000000000000096    0.0000000000000095    0.0000000000000094    0.0000000000000098    0.0000000000000095
719.0    0.0000000000000098    0.0000000000000097    0.0000000000000095    0.0000000000000100    0.0000000000000096
721.0    0.0000000000000100    0.0000000000000098    0.0000000000000097    0.0000000000000101    0.0000000000000098
723.0    0.0000000000000101    0.0000000000000100    0.0000000000000099    0.0000000000000103    0.0000000000000100
725.0    0.0000000000000103    0.0000000000000102    0.0000000000000101    0.0000000000000105    0.0000000000000102
727.0    0.0000000000000105    0.0000000000000104    0.0000000000000103    0.0000000000000107    0.0000000000000104
729.0    0.0000000000000107    0.0000000000000106    0.0000000000000105    0.0000000000000109    0.0000000000000106
731.0    0.0000000000000109    0.0000000000000108    0.0000000000000106    0.0000000000000111    0.0000000000000108
733.0    0.0000000000000111    0.0000000000000110    0.0000000000000108    0.0000000000000113    0.0000000000000110
735.0    0.0000000000000113    0.0000000000000112    0.0000000000000110    0.0000000000000115    0.0000000000000112
737.0    0.0000000000000115    0.0000000000000114    0.0000000000000112    0.0000000000000117    0.0000000000000114
739.0    0.0000000000000117    0.0000000000000116    0.0000000000000114    0.0000000000000119    0.0000000000000116
741.0    0.0000000000000119    0.0000000000000118    0.0000000000000116    0.0000000000000121    0.0000000000000118
743.0    0.0000000000000121    0.0000000000000120    0.0000000000000118    0.0000000000000123    0.0000000000000120
745.0    0.0000000000000123    0.0000000000000122    0.0000000000000120    0.0000000000000126    0.0000000000000122
747.0    0.0000000000000125    0.0000000000000124    0.0000000000000123    0.0000000000000128    0.0000000000000124
749.0    0.0000000000000128    0.0000000000000126    0.0000000000000125    0.0000000000000130    0.0000000000000126
751.0    0.0000000000000130    0.0000000000000128    0.0000000000000127    0.0000000000000132    0.0000000000000128
753.0    0.0000000000000132    0.0000000000000131    0.0000000000000129    0.0000000000000134    0.0000000000000130
755.0    0.0000000000000134    0.0000000000000133    0.0000000000000131    0.0000000000000137    0.0000000000000133
757.0    0.0000000000000136    0.0000000000000135    0.0000000000000133    0.0000000000000139    0.0000000000000135
759.0    0.0000000000000139    0.0000000000000137    0.0000000000000136    0.0000000000000141    0.0000000000000137
761.0    0.0000000000000141    0.0000000000000140    0.0000000000000138    0.0000000000000143    0.0000000000000139
763.0    0.0000000000000143    0.0000000000000142    0.0000000000000140    0.0000000000000146    0.0000000000000142
765.0    0.0000000000000146    0.0000000000000144    0.0000000000000142    0.0000000000000148    0.0000000000000144
767.0    0.0000000000000148    0.0000000000000147    0.0000000000000145    0.0000000000000151    0.0000000000000146
769.0    0.0000000000000150    0.0000000000000149    0.0000000000000147    0.0000000000000153    0.0000000000000149
771.0    0.0000000000000153    0.0000000000000151    0.0000000000000149    0.0000000000000156    0.0000000000000151
773.0    0.0000000000000155    0.0000000000000154    0.0000000000000152    0.0000000000000158    0.0000000000000153
775.0    0.0000000000000158    0.0000000000000156    0.0000000000000154    0.0000000000000161    0.0000000000000156
777.0    0.0000000000000160    0.0000000000000159    0.0000000000000157    0.0000000000000163    0.0000000000000158
779.0    0.0000000000000163    0.0000000000000161    0.0000000000000159    0.0000000000000166    0.0000000000000161
781.0    0.0000000000000165    0.0000000000000164    0.0000000000000162    0.0000000000000168    0.0000000000000163
783.0    0.0000000000000168    0.0000000000000166    0.0000000000000164    0.0000000000000171    0.0000000000000166
785.0    0.0000000000000171    0.0000000000000169    0.0000000000000167    0.0000000000000174    0.0000000000000169
787.0    0.0000000000000173    0.0000000000000171    0.0000000000000170    0.0000000000000176    0.0000000000000171
789.0    0.0000000000000176    0.0000000000000174    0.0000000000000172    0.0000000000000179    0.0000000000000174
791.0    0.0000000000000179    0.0000000000000177    0.0000000000000175    0.0000000000000182    0.0000000000000177
793.0    0.0000000000000182    0.0000000000000180    0.0000000000000178    0.0000000000000185    0.0000000000000179
795.0    0.0000000000000185    0.0000000000000183    0.0000000000000180    0.0000000000000188    0.0000000000000182
797.0    0.0000000000000187    0.0000000000000185    0.0000000000000183    0.0000000000000191    0.0000000000000185
799.0    0.0000000000000190    0.0000000000000188    0.0000000000000186    0.0000000000000194    0.0000000000000188
801.0    0.0000000000000193    0.0000000000000191    0.0000000000000189    0.0000000000000197    0.0000000000000191
803.0    0.0000000000000196    0.0000000000000194    0.0000000000000192    0.0000000000000200    0.0000000000000194
805.0    0.0000000000000200    0.0000000000000197    0.0000000000000195    0.0000000000000203    0.0000000000000197
807.0    0.0000000000000203    0.0000000000000200    0.0000000000000198    0.0000000000000206    0.0000000000000200
809.0    0.0000000000000206    0.0000000000000203    0.0000000000000201    0.0000000000000210    0.0000000000000203
811.0    0.0000000000000209    0.0000000000000207    0.0000000000000204    0.0000000000000213    0.0000000000000207
813.0    0.0000000000000212    0.0000000000000210    0.0000000000000208    0.0000000000000216    0.0000000000000210
815.0    0.0000000000000216    0.0000000000000213    0.0000000000000211    0.0000000000000220    0.0000000000000213
817.0    0.0000000000000219    0.0000000000000217    0.0000000000000214    0.0000000000000223    0.0000000000000216
819.0    0.0000000000000223    0.0000000000000220    0.0000000000000218    0.0000000000000227    0.0000000000000220
821.0    0.0000000000000226    0.0000000000000224    0.0000000000000221    0.0000000000000230    0.0000000000000223
823.0    0.0000000000000230    0.0000000000000227    0.0000000000000224    0.0000000000000234    0.0000000000000227
825.0    0.0000000000000233    0.0000000000000231    0.0000000000000228    0.0000000000000238    0.0000000000000230
827.0    0.0000000000000237    0.0000000000000234    0.0000000000000231    0.0000000000000242    0.0000000000000234
829.0    0.0000000000000241    0.0000000000000238    0.0000000000000235    0.0000000000000245    0.0000000000000238
831.0    0.0000000000000245    0.0000000000000242    0.0000000000000239    0.0000000000000249    0.0000000000000242
833.0    0.0000000000000248    0.0000000000000246    0.0000000000000243    0.0000000000000253    0.0000000000000245
835.0    0.0000000000000252    0.0000000000000250    0.0000000000000246    0.0000000000000257    0.0000000000000249
837.0    0.0000000000000256    0.0000000000000253    0.0000000000000250    0.0000000000000261    0.0000000000000253
839.0    0.0000000000000260    0.0000000000000257    0.0000000000000254    0.0000000000000265    0.0000000000000257
841.0    0.0000000000000264    0.0000000000000262    0.0000000000000258    0.0000000000000269    0.0000000000000261
843.0    0.0000000000000269    0.0000000000000266    0.0000000000000262    0.0000000000000273    0.0000000000000265
845.0    0.0000000000000273    0.0000000000000270    0.0000000000000266    0.0000000000000278    0.0000000000000269
847.0    0.0000000000000277    0.0000000000000274    0.0000000000000270    0.0000000000000282    0.0000000000000273
849.0    0.0000000000000281    0.0000000000000278    0.0000000000000274    0.0000000000000286    0.0000000000000278
851.0    0.0000000000000285    0.0000000000000283    0.0000000000000278    0.0000000000000291    0.0000000000000282
853.0    0.0000000000000290    0.0000000000000287    0.0000000000000283    0.0000000000000295    0.0000000000000286
855.0    0.0000000000000294    0.0000000000000291    0.0000000000000287    0.0000000000000300    0.0000000000000291
857.0    0.0000000000000298    0.0000000000000296    0.0000000000000291    0.0000000000000304    0.0000000000000295
859.0    0.0000000000000303    0.0000000000000300    0.0000000000000296    0.0000000000000308    0.0000000000000299
861.0    0.0000000000000307    0.0000000000000305    0.0000000000000300    0.0000000000000313    0.0000000000000304
863.0    0.0000000000000312    0.0000000000000309    0.0000000000000305    0.0000000000000318    0.0000000000000309
865.0    0.0000000000000316    0.0000000000000314    0.0000000000000309    0.0000000000000322    0.0000000000000313
867.0    0.0000000000000321    0.0000000000000318    0.0000000000000314    0.0000000000000327    0.0000000000000318
869.0    0.0000000000000326    0.0000000000000323    0.0000000000000318    0.0000000000000331    0.0000000000000322
871.0    0.0000000000000330    0.0000000000000328    0.0000000000000323    0.0000000000000336    0.0000000000000327
873.0    0.0000000000000335    0.0000000000000333    0.0000000000000328    0.0000000000000341    0.0000000000000332
875.0    0.0000000000000340    0.0000000000000337    0.0000000000000332    0.0000000000000346    0.0000000000000336
877.0    0.0000000000000345    0.0000000000000342    0.0000000000000337    0.0000000000000351    0.0000000000000341
879.0    0.0000000000000349    0.0000000000000347    0.0000000000000342    0.0000000000000355    0.0000000000000346
881.0    0.0000000000000354    0.0000000000000352    0.0000000000000346    0.0000000000000360    0.0000000000000350
883.0    0.0000000000000359    0.0000000000000357    0.0000000000000351    0.0000000000000365    0.0000000000000355
885.0    0.0000000000000364    0.0000000000000361    0.0000000000000356    0.0000000000000370    0.0000000000000360
887.0    0.0000000000000369    0.0000000000000366    0.0000000000000361    0.0000000000000375    0.0000000000000365
889.0    0.0000000000000373    0.0000000000000371    0.0000000000000365    0.0000000000000379    0.0000000000000370
891.0    0.0000000000000378    0.0000000000000376    0.0000000000000370    0.0000000000000384    0.0000000000000374
893.0    0.0000000000000383    0.0000000000000381    0.0000000000000375    0.0000000000000389    0.0000000000000379
895.0    0.0000000000000388    0.0000000000000386    0.0000000000000380    0.0000000000000394    0.0000000000000384
897.0    0.0000000000000393    0.0000000000000390    0.0000000000000385    0.0000000000000399    0.0000000000000389
899.0    0.0000000000000397    0.0000000000000395    0.0000000000000389    0.0000000000000404    0.0000000000000394
901.0    0.0000000000000402    0.0000000000000400    0.0000000000000394    0.0000000000000409    0.0000000000000399
903.0    0.0000000000000407    0.0000000000000405    0.0000000000000399    0.0000000000000413    0.0000000000000404
905.0    0.0000000000000412    0.0000000000000410    0.0000000000000404    0.0000000000000418    0.0000000000000409
907.0    0.0000000000000417    0.0000000000000415    0.0000000000000409    0.0000000000000423    0.0000000000000414
909.0    0.0000000000000422    0.0000000000000420    0.0000000000000414    0.0000000000000428    0.0000000000000418
911.0    0.0000000000000427    0.0000000000000425    0.0000000000000419    0.0000000000000433    0.0000000000000423
913.0    0.0000000000000432    0.0000000000000430    0.0000000000000423    0.0000000000000438    0.0000000000000428
915.0    0.0000000000000436    0.0000000000000434    0.0000000000000428    0.0000000000000443    0.0000000000000433
917.0    0.0000000000000441    0.0000000000000439    0.0000000000000433    0.0000000000000448    0.0000000000000438
919.0    0.0000000000000446    0.0000000000000444    0.0000000000000438    0.0000000000000452    0.0000000000000443
921.0    0.0000000000000451    0.0000000000000449    0.0000000000000443    0.0000000000000457    0.0000000000000447
923.0    0.0000000000000456    0.0000000000000454    0.0000000000000447    0.0000000000000462    0.0000000000000452
925.0    0.0000000000000461    0.0000000000000459    0.0000000000000452    0.0000000000000467    0.0000000000000457
927.0    0.0000000000000465    0.0000000000000463    0.0000000000000457    0.0000000000000472    0.0000000000000462
929.0    0.0000000000000470    0.0000000000000468    0.0000000000000462    0.0000000000000477    0.0000000000000467
931.0    0.0000000000000475    0.0000000000000473    0.0000000000000467    0.0000000000000482    0.0000000000000472
933.0    0.0000000000000480    0.0000000000000478    0.0000000000000472    0.0000000000000486    0.0000000000000476
935.0    0.0000000000000485    0.0000000000000483    0.0000000000000477    0.0000000000000491    0.0000000000000481
937.0    0.0000000000000490    0.0000000000000487    0.0000000000000481    0.0000000000000496    0.0000000000000486
939.0    0.0000000000000495    0.0000000000000492    0.0000000000000486    0.0000000000000501    0.0000000000000491
941.0    0.0000000000000499    0.0000000000000497    0.0000000000000491    0.0000000000000506    0.0000000000000496
943.0    0.0000000000000504    0.0000000000000502    0.0000000000000496    0.0000000000000511    0.0000000000000500
945.0    0.0000000000000509    0.0000000000000506    0.0000000000000501    0.0000000000000516    0.0000000000000505
947.0    0.0000000000000514    0.0000000000000511    0.0000000000000505    0.0000000000000520    0.0000000000000510
949.0    0.0000000000000519    0.0000000000000516    0.0000000000000510    0.0000000000000525    0.0000000000000515
951.0    0.0000000000000524    0.0000000000000521    0.0000000000000515    0.0000000000000530    0.0000000000000520
953.0    0.0000000000000529    0.0000000000000526    0.0000000000000520    0.0000000000000535    0.0000000000000525
955.0    0.0000000000000533    0.0000000000000531    0.0000000000000525    0.0000000000000540    0.0000000000000529
957.0    0.0000000000000538    0.0000000000000536    0.0000000000000530    0.0000000000000545    0.0000000000000534
959.0    0.0000000000000543    0.0000000000000540    0.0000000000000535    0.0000000000000550    0.0000000000000539
961.0    0.0000000000000548    0.0000000000000545    0.0000000000000539    0.0000000000000555    0.0000000000000544
963.0    0.0000000000000553    0.0000000000000550    0.0000000000000544    0.0000000000000560    0.0000000000000549
965.0    0.0000000000000558    0.0000000000000555    0.0000000000000549    0.0000000000000565    0.0000000000000554
967.0    0.0000000000000563    0.0000000000000560    0.0000000000000554    0.0000000000000570    0.0000000000000559
969.0    0.0000000000000568    0.0000000000000565    0.0000000000000559    0.0000000000000575    0.0000000000000564
971.0    0.0000000000000573    0.0000000000000570    0.0000000000000564    0.0000000000000580    0.0000000000000569
973.0    0.0000000000000578    0.0000000000000575    0.0000000000000569    0.0000000000000585    0.0000000000000574
975.0    0.0000000000000583    0.0000000000000580    0.0000000000000574    0.0000000000000590    0.0000000000000578
977.0    0.0000000000000588    0.0000000000000585    0.0000000000000579    0.0000000000000595    0.0000000000000584
979.0    0.0000000000000593    0.0000000000000590    0.0000000000000584    0.0000000000000601    0.0000000000000589
981.0    0.0000000000000598    0.0000000000000595    0.0000000000000589    0.0000000000000606    0.0000000000000594
983.0    0.0000000000000603    0.0000000000000600    0.0000000000000594    0.0000000000000611    0.0000000000000599
985.0    0.0000000000000609    0.0000000000000605    0.0000000000000599    0.0000000000000616    0.0000000000000604
987.0    0.0000000000000614    0.0000000000000610    0.0000000000000604    0.0000000000000621    0.0000000000000609
989.0    0.0000000000000619    0.0000000000000616    0.0000000000000609    0.0000000000000626    0.0000000000000614
991.0    0.0000000000000624    0.0000000000000621    0.0000000000000615    0.0000000000000632    0.0000000000000620
993.0    0.0000000000000630    0.0000000000000626    0.0000000000000620    0.0000000000000637    0.0000000000000625
995.0    0.0000000000000635    0.0000000000000631    0.0000000000000625    0.0000000000000643    0.0000000000000630
997.0    0.0000000000000640    0.0000000000000637    0.0000000000000630    0.0000000000000648    0.0000000000000635
999.0    0.0000000000000646    0.0000000000000642    0.0000000000000636    0.0000000000000654    0.0000000000000641
1001.0    0.0000000000000651    0.0000000000000648    0.0000000000000641    0.0000000000000659    0.0000000000000646
1003.0    0.0000000000000657    0.0000000000000653    0.0000000000000646    0.0000000000000664    0.0000000000000651
1005.0    0.0000000000000662    0.0000000000000658    0.0000000000000652    0.0000000000000670    0.0000000000000657
1007.0    0.0000000000000667    0.0000000000000664    0.0000000000000657    0.0000000000000675    0.0000000000000662
1009.0    0.0000000000000673    0.0000000000000669    0.0000000000000663    0.0000000000000681    0.0000000000000668
1011.0    0.0000000000000679    0.0000000000000675    0.0000000000000668    0.0000000000000687    0.0000000000000673
1013.0    0.0000000000000684    0.0000000000000680    0.0000000000000674    0.0000000000000692    0.0000000000000679
1015.0    0.0000000000000690    0.0000000000000686    0.0000000000000679    0.0000000000000698    0.0000000000000685
1017.0    0.0000000000000695    0.0000000000000691    0.0000000000000685    0.0000000000000704    0.0000000000000690
1019.0    0.0000000000000701    0.0000000000000697    0.0000000000000690    0.0000000000000710    0.0000000000000696
1021.0    0.0000000000000707    0.0000000000000703    0.0000000000000696    0.0000000000000716    0.0000000000000701
1023.0    0.0000000000000713    0.0000000000000709    0.0000000000000702    0.0000000000000721    0.0000000000000707
1025.0    0.0000000000000719    0.0000000000000714    0.0000000000000707    0.0000000000000727    0.0000000000000713
1027.0    0.0000000000000724    0.0000000000000720    0.0000000000000713    0.0000000000000733    0.0000000000000719
1029.0    0.0000000000000730    0.0000000000000726    0.0000000000000719    0.0000000000000739    0.0000000000000724
1031.0    0.0000000000000736    0.0000000000000732    0.0000000000000725    0.0000000000000745    0.0000000000000730
1033.0    0.0000000000000742    0.0000000000000738    0.0000000000000731    0.0000000000000751    0.0000000000000736
1035.0    0.0000000000000748    0.0000000000000744    0.0000000000000736    0.0000000000000757    0.0000000000000742
1037.0    0.0000000000000754    0.0000000000000750    0.0000000000000742    0.0000000000000763    0.0000000000000748
1039.0    0.0000000000000760    0.0000000000000756    0.0000000000000749    0.0000000000000769    0.0000000000000754
1041.0    0.0000000000000766    0.0000000000000762    0.0000000000000754    0.0000000000000776    0.0000000000000760
1043.0    0.0000000000000772    0.0000000000000768    0.0000000000000760    0.0000000000000782    0.0000000000000766
1045.0    0.0000000000000779    0.0000000000000774    0.0000000000000767    0.0000000000000788    0.0000000000000773
1047.0    0.0000000000000785    0.0000000000000781    0.0000000000000773    0.0000000000000794    0.0000000000000779
1049.0    0.0000000000000791    0.0000000000000787    0.0000000000000779    0.0000000000000801    0.0000000000000785
1051.0    0.0000000000000797    0.0000000000000793    0.0000000000000785    0.0000000000000807    0.0000000000000791
1053.0    0.0000000000000804    0.0000000000000799    0.0000000000000791    0.0000000000000813    0.0000000000000797
1055.0    0.0000000000000810    0.0000000000000806    0.0000000000000798    0.0000000000000820    0.0000000000000804
1057.0    0.0000000000000817    0.0000000000000812    0.0000000000000804    0.0000000000000826    0.0000000000000810
1059.0    0.0000000000000823    0.0000000000000819    0.0000000000000810    0.0000000000000833    0.0000000000000817
1061.0    0.0000000000000830    0.0000000000000825    0.0000000000000817    0.0000000000000840    0.0000000000000823
1063.0    0.0000000000000836    0.0000000000000831    0.0000000000000823    0.0000000000000846    0.0000000000000829
1065.0    0.0000000000000842    0.0000000000000838    0.0000000000000829    0.0000000000000853    0.0000000000000836
1067.0    0.0000000000000849    0.0000000000000844    0.0000000000000836    0.0000000000000859    0.0000000000000843
1069.0    0.0000000000000856    0.0000000000000851    0.0000000000000842    0.0000000000000866    0.0000000000000849
1071.0    0.0000000000000862    0.0000000000000858    0.0000000000000849    0.0000000000000872    0.0000000000000855
1073.0    0.0000000000000869    0.0000000000000864    0.0000000000000855    0.0000000000000879    0.0000000000000862
1075.0    0.0000000000000876    0.0000000000000871    0.0000000000000862    0.0000000000000886    0.0000000000000869
1077.0    0.0000000000000882    0.0000000000000878    0.0000000000000869    0.0000000000000893    0.0000000000000876
1079.0    0.0000000000000889    0.0000000000000885    0.0000000000000875    0.0000000000000900    0.0000000000000883
1081.0    0.0000000000000896    0.0000000000000891    0.0000000000000882    0.0000000000000907    0.0000000000000889
1083.0    0.0000000000000903    0.0000000000000898    0.0000000000000889    0.0000000000000913    0.0000000000000896
1085.0    0.0000000000000909    0.0000000000000905    0.0000000000000896    0.0000000000000920    0.0000000000000903
1087.0    0.0000000000000916    0.0000000000000912    0.0000000000000902    0.0000000000000927    0.0000000000000910
1089.0    0.0000000000000923    0.0000000000000919    0.0000000000000909    0.0000000000000934    0.0000000000000917
1091.0    0.0000000000000930    0.0000000000000926    0.0000000000000916    0.0000000000000941    0.0000000000000923
1093.0    0.0000000000000937    0.0000000000000932    0.0000000000000923    0.0000000000000948    0.0000000000000930
1095.0    0.0000000000000944    0.0000000000000940    0.0000000000000930    0.0000000000000955    0.0000000000000937
1097.0    0.0000000000000951    0.0000000000000947    0.0000000000000937    0.0000000000000962    0.0000000000000944
1099.0    0.0000000000000958    0.0000000000000954    0.0000000000000944    0.0000000000000970    0.0000000000000952
1101.0    0.0000000000000965    0.0000000000000961    0.0000000000000951    0.0000000000000977    0.0000000000000958
1103.0    0.0000000000000973    0.0000000000000968    0.0000000000000958    0.0000000000000984    0.0000000000000965
1105.0    0.0000000000000980    0.0000000000000975    0.0000000000000965    0.0000000000000991    0.0000000000000972
1107.0    0.0000000000000987    0.0000000000000982    0.0000000000000972    0.0000000000000998    0.0000000000000980
1109.0    0.0000000000000994    0.0000000000000989    0.0000000000000979    0.0000000000001005    0.0000000000000987
1111.0    0.0000000000001001    0.0000000000000997    0.0000000000000986    0.0000000000001013    0.0000000000000994
1113.0    0.0000000000001008    0.0000000000001004    0.0000000000000993    0.0000000000001020    0.0000000000001001
1115.0    0.0000000000001016    0.0000000000001011    0.0000000000001000    0.0000000000001027    0.0000000000001008
1117.0    0.0000000000001023    0.0000000000001018    0.0000000000001008    0.0000000000001035    0.0000000000001016
1119.0    0.0000000000001030    0.0000000000001026    0.0000000000001015    0.0000000000001042    0.0000000000001023
1121.0    0.0000000000001037    0.0000000000001033    0.0000000000001022    0.0000000000001049    0.0000000000001030
1123.0    0.0000000000001044    0.0000000000001040    0.0000000000001029    0.0000000000001056    0.0000000000001037
1125.0    0.0000000000001052    0.0000000000001047    0.0000000000001036    0.0000000000001063    0.0000000000001044
1127.0    0.0000000000001059    0.0000000000001055    0.0000000000001044    0.0000000000001071    0.0000000000001052
1129.0    0.0000000000001066    0.0000000000001062    0.0000000000001051    0.0000000000001078    0.0000000000001059
1131.0    0.0000000000001074    0.0000000000001069    0.0000000000001058    0.0000000000001086    0.0000000000001067
1133.0    0.0000000000001081    0.0000000000001076    0.0000000000001065    0.0000000000001093    0.0000000000001074
1135.0    0.0000000000001088    0.0000000000001084    0.0000000000001073    0.0000000000001100    0.0000000000001081
1137.0    0.0000000000001096    0.0000000000001091    0.0000000000001080    0.0000000000001108    0.0000000000001088
1139.0    0.0000000000001103    0.0000000000001099    0.0000000000001087    0.0000000000001115    0.0000000000001096
1141.0    0.0000000000001110    0.0000000000001106    0.0000000000001095    0.0000000000001122    0.0000000000001103
1143.0    0.0000000000001117    0.0000000000001113    0.0000000000001102    0.0000000000001130    0.0000000000001111
1145.0    0.0000000000001125    0.0000000000001121    0.0000000000001109    0.0000000000001137    0.0000000000001118
1147.0    0.0000000000001132    0.0000000000001128    0.0000000000001116    0.0000000000001144    0.0000000000001125
1149.0    0.0000000000001140    0.0000000000001136    0.0000000000001124    0.0000000000001152    0.0000000000001133
1151.0    0.0000000000001147    0.0000000000001143    0.0000000000001131    0.0000000000001159    0.0000000000001140
1153.0    0.0000000000001154    0.0000000000001150    0.0000000000001138    0.0000000000001166    0.0000000000001148
1155.0    0.0000000000001161    0.0000000000001158    0.0000000000001146    0.0000000000001174    0.0000000000001155
1157.0    0.0000000000001169    0.0000000000001165    0.0000000000001153    0.0000000000001181    0.0000000000001162
1159.0    0.0000000000001176    0.0000000000001173    0.0000000000001160    0.0000000000001188    0.0000000000001169
1161.0    0.0000000000001183    0.0000000000001180    0.0000000000001167    0.0000000000001196    0.0000000000001177
1163.0    0.0000000000001191    0.0000000000001187    0.0000000000001175    0.0000000000001203    0.0000000000001184
1165.0    0.0000000000001198    0.0000000000001194    0.0000000000001182    0.0000000000001210    0.0000000000001191
1167.0    0.0000000000001205    0.0000000000001202    0.0000000000001189    0.0000000000001217    0.0000000000001199
1169.0    0.0000000000001212    0.0000000000001209    0.0000000000001196    0.0000000000001224    0.0000000000001206
1171.0    0.0000000000001220    0.0000000000001216    0.0000000000001204    0.0000000000001231    0.0000000000001213
1173.0    0.0000000000001227    0.0000000000001223    0.0000000000001211    0.0000000000001239    0.0000000000001220
1175.0    0.0000000000001234    0.0000000000001231    0.0000000000001218    0.0000000000001246    0.0000000000001228
1177.0    0.0000000000001241    0.0000000000001238    0.0000000000001225    0.0000000000001253    0.0000000000001235
1179.0    0.0000000000001248    0.0000000000001245    0.0000000000001233    0.0000000000001260    0.0000000000001242
1181.0    0.0000000000001255    0.0000000000001252    0.0000000000001240    0.0000000000001267    0.0000000000001249
1183.0    0.0000000000001263    0.0000000000001259    0.0000000000001247    0.0000000000001274    0.0000000000001256
1185.0    0.0000000000001270    0.0000000000001266    0.0000000000001254    0.0000000000001281    0.0000000000001263
1187.0    0.0000000000001277    0.0000000000001274    0.0000000000001261    0.0000000000001288    0.0000000000001270
1189.0    0.0000000000001284    0.0000000000001280    0.0000000000001268    0.0000000000001295    0.0000000000001277
1191.0    0.0000000000001291    0.0000000000001287    0.0000000000001275    0.0000000000001302    0.0000000000001284
1193.0    0.0000000000001298    0.0000000000001294    0.0000000000001282    0.0000000000001309    0.0000000000001291
1195.0    0.0000000000001305    0.0000000000001302    0.0000000000001289    0.0000000000001316    0.0000000000001299
1197.0    0.0000000000001312    0.0000000000001309    0.0000000000001296    0.0000000000001323    0.0000000000001306
1199.0    0.0000000000001318    0.0000000000001315    0.0000000000001303    0.0000000000001330    0.0000000000001312
1201.0    0.0000000000001325    0.0000000000001322    0.0000000000001310    0.0000000000001337    0.0000000000001319
1203.0    0.0000000000001332    0.0000000000001329    0.0000000000001317    0.0000000000001344    0.0000000000001326
1205.0    0.0000000000001339    0.0000000000001336    0.0000000000001324    0.0000000000001351    0.0000000000001333
1207.0    0.0000000000001346    0.0000000000001343    0.0000000000001330    0.0000000000001357    0.0000000000001340
1209.0    0.0000000000001353    0.0000000000001350    0.0000000000001337    0.0000000000001364    0.0000000000001346
1211.0    0.0000000000001359    0.0000000000001356    0.0000000000001344    0.0000000000001371    0.0000000000001353
1213.0    0.0000000000001366    0.0000000000001363    0.0000000000001351    0.0000000000001377    0.0000000000001360
1215.0    0.0000000000001373    0.0000000000001370    0.0000000000001358    0.0000000000001384    0.0000000000001367
1217.0    0.0000000000001379    0.0000000000001377    0.0000000000001364    0.0000000000001391    0.0000000000001373
1219.0    0.0000000000001386    0.0000000000001383    0.0000000000001371    0.0000000000001397    0.0000000000001380
1221.0    0.0000000000001393    0.0000000000001389    0.0000000000001378    0.0000000000001404    0.0000000000001386
1223.0    0.0000000000001399    0.0000000000001396    0.0000000000001384    0.0000000000001410    0.0000000000001393
1225.0    0.0000000000001406    0.0000000000001403    0.0000000000001391    0.0000000000001417    0.0000000000001400
1227.0    0.0000000000001412    0.0000000000001409    0.0000000000001397    0.0000000000001423    0.0000000000001406
1229.0    0.0000000000001419    0.0000000000001416    0.0000000000001404    0.0000000000001430    0.0000000000001413
1231.0    0.0000000000001425    0.0000000000001422    0.0000000000001410    0.0000000000001436    0.0000000000001419
1233.0    0.0000000000001431    0.0000000000001429    0.0000000000001417    0.0000000000001443    0.0000000000001425
1235.0    0.0000000000001438    0.0000000000001435    0.0000000000001423    0.0000000000001449    0.0000000000001432
1237.0    0.0000000000001444    0.0000000000001442    0.0000000000001430    0.0000000000001456    0.0000000000001438
1239.0    0.0000000000001451    0.0000000000001448    0.0000000000001436    0.0000000000001462    0.0000000000001445
1241.0    0.0000000000001457    0.0000000000001454    0.0000000000001442    0.0000000000001468    0.0000000000001451
1243.0    0.0000000000001463    0.0000000000001460    0.0000000000001449    0.0000000000001474    0.0000000000001457
1245.0    0.0000000000001470    0.0000000000001467    0.0000000000001455    0.0000000000001481    0.0000000000001464
1247.0    0.0000000000001476    0.0000000000001473    0.0000000000001461    0.0000000000001487    0.0000000000001470
1249.0    0.0000000000001482    0.0000000000001479    0.0000000000001467    0.0000000000001493    0.0000000000001476
1251.0    0.0000000000001488    0.0000000000001485    0.0000000000001474    0.0000000000001499    0.0000000000001482
1253.0    0.0000000000001495    0.0000000000001491    0.0000000000001480    0.0000000000001506    0.0000000000001488
1255.0    0.0000000000001501    0.0000000000001498    0.0000000000001486    0.0000000000001512    0.0000000000001495
1257.0    0.0000000000001507    0.0000000000001504    0.0000000000001492    0.0000000000001518    0.0000000000001501
1259.0    0.0000000000001513    0.0000000000001510    0.0000000000001499    0.0000000000001524    0.0000000000001507
1261.0    0.0000000000001519    0.0000000000001516    0.0000000000001505    0.0000000000001530    0.0000000000001513
1263.0    0.0000000000001525    0.0000000000001522    0.0000000000001511    0.0000000000001536    0.0000000000001519
1265.0    0.0000000000001531    0.0000000000001528    0.0000000000001517    0.0000000000001542    0.0000000000001525
1267.0    0.0000000000001537    0.0000000000001534    0.0000000000001523    0.0000000000001548    0.0000000000001531
1269.0    0.0000000000001544    0.0000000000001540    0.0000000000001529    0.0000000000001554    0.0000000000001537
1271.0    0.0000000000001549    0.0000000000001546    0.0000000000001535    0.0000000000001560    0.0000000000001543
1273.0    0.0000000000001555    0.0000000000001552    0.0000000000001541    0.0000000000001566    0.0000000000001549
1275.0    0.0000000000001561    0.0000000000001558    0.0000000000001547    0.0000000000001572    0.0000000000001555
1277.0    0.0000000000001567    0.0000000000001564    0.0000000000001553    0.0000000000001578    0.0000000000001561
1279.0    0.0000000000001573    0.0000000000001570    0.0000000000001559    0.0000000000001584    0.0000000000001567
1281.0    0.0000000000001579    0.0000000000001576    0.0000000000001565    0.0000000000001590    0.0000000000001573
1283.0    0.0000000000001585    0.0000000000001582    0.0000000000001571    0.0000000000001596    0.0000000000001579
1285.0    0.0000000000001591    0.0000000000001588    0.0000000000001577    0.0000000000001602    0.0000000000001585
1287.0    0.0000000000001597    0.0000000000001594    0.0000000000001583    0.0000000000001608    0.0000000000001591
1289.0    0.0000000000001603    0.0000000000001599    0.0000000000001589    0.0000000000001614    0.0000000000001597
1291.0    0.0000000000001609    0.0000000000001605    0.0000000000001595    0.0000000000001620    0.0000000000001603
1293.0    0.0000000000001615    0.0000000000001611    0.0000000000001601    0.0000000000001626    0.0000000000001609
1295.0    0.0000000000001620    0.0000000000001617    0.0000000000001606    0.0000000000001631    0.0000000000001614
1297.0    0.0000000000001626    0.0000000000001623    0.0000000000001612    0.0000000000001637    0.0000000000001620
1299.0    0.0000000000001632    0.0000000000001629    0.0000000000001618    0.0000000000001643    0.0000000000001626
1301.0    0.0000000000001638    0.0000000000001635    0.0000000000001624    0.0000000000001649    0.0000000000001632
1303.0    0.0000000000001644    0.0000000000001640    0.0000000000001630    0.0000000000001655    0.0000000000001638
1305.0    0.0000000000001649    0.0000000000001646    0.0000000000001635    0.0000000000001660    0.0000000000001643
1307.0    0.0000000000001655    0.0000000000001652    0.0000000000001641    0.0000000000001666    0.0000000000001649
1309.0    0.0000000000001661    0.0000000000001658    0.0000000000001647    0.0000000000001672    0.0000000000001655
1311.0    0.0000000000001667    0.0000000000001663    0.0000000000001653    0.0000000000001677    0.0000000000001661
1313.0    0.0000000000001673    0.0000000000001669    0.0000000000001658    0.0000000000001683    0.0000000000001667
1315.0    0.0000000000001678    0.0000000000001675    0.0000000000001664    0.0000000000001689    0.0000000000001672
1317.0    0.0000000000001684    0.0000000000001681    0.0000000000001670    0.0000000000001695    0.0000000000001678
1319.0    0.0000000000001690    0.0000000000001686    0.0000000000001676    0.0000000000001700    0.0000000000001684
1321.0    0.0000000000001695    0.0000000000001692    0.0000000000001681    0.0000000000001706    0.0000000000001689
1323.0    0.0000000000001701    0.0000000000001698    0.0000000000001687    0.0000000000001712    0.0000000000001695
1325.0    0.0000000000001707    0.0000000000001704    0.0000000000001693    0.0000000000001718    0.0000000000001701
1327.0    0.0000000000001713    0.0000000000001709    0.0000000000001698    0.0000000000001723    0.0000000000001706
1329.0    0.0000000000001718    0.0000000000001715    0.0000000000001704    0.0000000000001729    0.0000000000001712
1331.0    0.0000000000001724    0.0000000000001720    0.0000000000001710    0.0000000000001735    0.0000000000001718
1333.0    0.0000000000001729    0.0000000000001726    0.0000000000001715    0.0000000000001740    0.0000000000001723
1335.0    0.0000000000001735    0.0000000000001732    0.0000000000001721    0.0000000000001746    0.0000000000001729
1337.0    0.0000000000001741    0.0000000000001737    0.0000000000001726    0.0000000000001751    0.0000000000001735
1339.0    0.0000000000001746    0.0000000000001743    0.0000000000001732    0.0000000000001757    0.0000000000001740
1341.0    0.0000000000001752    0.0000000000001749    0.0000000000001738    0.0000000000001762    0.0000000000001746
1343.0    0.0000000000001757    0.0000000000001754    0.0000000000001743    0.0000000000001768    0.0000000000001751
1345.0    0.0000000000001763    0.0000000000001760    0.0000000000001749    0.0000000000001773    0.0000000000001757
1347.0    0.0000000000001769    0.0000000000001765    0.0000000000001754    0.0000000000001779    0.0000000000001763
1349.0    0.0000000000001774    0.0000000000001771    0.0000000000001760    0.0000000000001785    0.0000000000001768
1351.0    0.0000000000001779    0.0000000000001776    0.0000000000001765    0.0000000000001790    0.0000000000001773
1353.0    0.0000000000001785    0.0000000000001782    0.0000000000001771    0.0000000000001795    0.0000000000001779
1355.0    0.0000000000001790    0.0000000000001787    0.0000000000001777    0.0000000000001801    0.0000000000001785
1357.0    0.0000000000001796    0.0000000000001793    0.0000000000001782    0.0000000000001807    0.0000000000001790
1359.0    0.0000000000001802    0.0000000000001798    0.0000000000001787    0.0000000000001812    0.0000000000001796
1361.0    0.0000000000001807    0.0000000000001804    0.0000000000001793    0.0000000000001817    0.0000000000001801
1363.0    0.0000000000001812    0.0000000000001809    0.0000000000001798    0.0000000000001823    0.0000000000001806
1365.0    0.0000000000001818    0.0000000000001815    0.0000000000001804    0.0000000000001828    0.0000000000001812
1367.0    0.0000000000001823    0.0000000000001820    0.0000000000001809    0.0000000000001834    0.0000000000001817
1369.0    0.0000000000001829    0.0000000000001825    0.0000000000001815    0.0000000000001839    0.0000000000001823
1371.0    0.0000000000001834    0.0000000000001831    0.0000000000001820    0.0000000000001844    0.0000000000001828
1373.0    0.0000000000001839    0.0000000000001836    0.0000000000001825    0.0000000000001850    0.0000000000001833
1375.0    0.0000000000001845    0.0000000000001842    0.0000000000001831    0.0000000000001855    0.0000000000001839
1377.0    0.0000000000001850    0.0000000000001847    0.0000000000001836    0.0000000000001860    0.0000000000001844
1379.0    0.0000000000001855    0.0000000000001852    0.0000000000001842    0.0000000000001866    0.0000000000001850
1381.0    0.0000000000001861    0.0000000000001858    0.0000000000001847    0.0000000000001871    0.0000000000001855
1383.0    0.0000000000001866    0.0000000000001863    0.0000000000001852    0.0000000000001876    0.0000000000001860
1385.0    0.0000000000001871    0.0000000000001868    0.0000000000001857    0.0000000000001882    0.0000000000001865
1387.0    0.0000000000001876    0.0000000000001873    0.0000000000001863    0.0000000000001887    0.0000000000001871
1389.0    0.0000000000001882    0.0000000000001879    0.0000000000001868    0.0000000000001892    0.0000000000001876
1391.0    0.0000000000001887    0.0000000000001884    0.0000000000001873    0.0000000000001897    0.0000000000001881
1393.0    0.0000000000001892    0.0000000000001889    0.0000000000001878    0.0000000000001903    0.0000000000001886
1395.0    0.0000000000001898    0.0000000000001894    0.0000000000001884    0.0000000000001908    0.0000000000001892
1397.0    0.0000000000001903    0.0000000000001900    0.0000000000001889    0.0000000000001913    0.0000000000001897
1399.0    0.0000000000001908    0.0000000000001905    0.0000000000001894    0.0000000000001918    0.0000000000001902
1401.0    0.0000000000001913    0.0000000000001910    0.0000000000001899    0.0000000000001923    0.0000000000001907
1403.0    0.0000000000001918    0.0000000000001915    0.0000000000001905    0.0000000000001928    0.0000000000001912
1405.0    0.0000000000001923    0.0000000000001920    0.0000000000001910    0.0000000000001934    0.0000000000001917
1407.0    0.0000000000001928    0.0000000000001925    0.0000000000001915    0.0000000000001939    0.0000000000001923
1409.0    0.0000000000001934    0.0000000000001930    0.0000000000001920    0.0000000000001944    0.0000000000001928
1411.0    0.0000000000001939    0.0000000000001936    0.0000000000001925    0.0000000000001949    0.0000000000001933
1413.0    0.0000000000001944    0.0000000000001941    0.0000000000001930    0.0000000000001954    0.0000000000001938
1415.0    0.0000000000001949    0.0000000000001946    0.0000000000001935    0.0000000000001959    0.0000000000001943
1417.0    0.0000000000001954    0.0000000000001951    0.0000000000001940    0.0000000000001964    0.0000000000001948
1419.0    0.0000000000001959    0.0000000000001956    0.0000000000001946    0.0000000000001969    0.0000000000001953
1421.0    0.0000000000001964    0.0000000000001961    0.0000000000001950    0.0000000000001974    0.0000000000001958
1423.0    0.0000000000001969    0.0000000000001966    0.0000000000001955    0.0000000000001980    0.0000000000001963
1425.0    0.0000000000001974    0.0000000000001971    0.0000000000001961    0.0000000000001985    0.0000000000001968
1427.0    0.0000000000001979    0.0000000000001976    0.0000000000001966    0.0000000000001990    0.0000000000001973
1429.0    0.0000000000001984    0.0000000000001981    0.0000000000001971    0.0000000000001995    0.0000000000001978
1431.0    0.0000000000001989    0.0000000000001986    0.0000000000001976    0.0000000000002000    0.0000000000001983
1433.0    0.0000000000001994    0.0000000000001991    0.0000000000001981    0.0000000000002005    0.0000000000001988
1435.0    0.0000000000001999    0.0000000000001996    0.0000000000001986    0.0000000000002010    0.0000000000001993
1437.0    0.0000000000002004    0.0000000000002001    0.0000000000001991    0.0000000000002015    0.0000000000001998
1439.0    0.0000000000002009    0.0000000000002006    0.0000000000001996    0.0000000000002020    0.0000000000002003
1441.0    0.0000000000002014    0.0000000000002011    0.0000000000002001    0.0000000000002025    0.0000000000002008
1443.0    0.0000000000002019    0.0000000000002016    0.0000000000002006    0.0000000000002030    0.0000000000002013
1445.0    0.0000000000002024    0.0000000000002021    0.0000000000002011    0.0000000000002035    0.0000000000002018
1447.0    0.0000000000002029    0.0000000000002026    0.0000000000002016    0.0000000000002040    0.0000000000002023
1449.0    0.0000000000002034    0.0000000000002031    0.0000000000002021    0.0000000000002045    0.0000000000002028
1451.0    0.0000000000002039    0.0000000000002036    0.0000000000002026    0.0000000000002050    0.0000000000002033
1453.0    0.0000000000002044    0.0000000000002041    0.0000000000002031    0.0000000000002055    0.0000000000002038
1455.0    0.0000000000002049    0.0000000000002046    0.0000000000002035    0.0000000000002060    0.0000000000002043
1457.0    0.0000000000002054    0.0000000000002050    0.0000000000002040    0.0000000000002065    0.0000000000002048
1459.0    0.0000000000002059    0.0000000000002056    0.0000000000002046    0.0000000000002070    0.0000000000002053
1461.0    0.0000000000002064    0.0000000000002061    0.0000000000002050    0.0000000000002075    0.0000000000002058
1463.0    0.0000000000002069    0.0000000000002066    0.0000000000002055    0.0000000000002080    0.0000000000002063
1465.0    0.0000000000002074    0.0000000000002070    0.0000000000002060    0.0000000000002085    0.0000000000002068
1467.0    0.0000000000002079    0.0000000000002075    0.0000000000002065    0.0000000000002090    0.0000000000002072
1469.0    0.0000000000002084    0.0000000000002080    0.0000000000002070    0.0000000000002095    0.0000000000002077
1471.0    0.0000000000002089    0.0000000000002085    0.0000000000002075    0.0000000000002100    0.0000000000002082
1473.0    0.0000000000002094    0.0000000000002090    0.0000000000002080    0.0000000000002105    0.0000000000002087
1475.0    0.0000000000002099    0.0000000000002095    0.0000000000002085    0.0000000000002110    0.0000000000002093
1477.0    0.0000000000002104    0.0000000000002100    0.0000000000002090    0.0000000000002115    0.0000000000002097
1479.0    0.0000000000002109    0.0000000000002105    0.0000000000002095    0.0000000000002120    0.0000000000002102
1481.0    0.0000000000002114    0.0000000000002110    0.0000000000002100    0.0000000000002125    0.0000000000002107
1483.0    0.0000000000002119    0.0000000000002115    0.0000000000002105    0.0000000000002130    0.0000000000002112
1485.0    0.0000000000002124    0.0000000000002120    0.0000000000002110    0.0000000000002135    0.0000000000002117
